1073741823,1073741823,1073739775,1073741567,1073741759,1073741807,1073741823,1073184767,1073610751,1073741823,1073676287,1073741823,1073741823,1073741823,1073741823:h10
1073741823,1073741823,1073739775,1073741567,1073741759,1073741807,1073741823,1073184767,1073610751,1073709055,1073676287,1073740799,1073741823,1073741823,1073741823:i8
1073741823,1073741823,1073739775,1073741567,1073741759,1073741807,1073741823,1073184767,1073610751,1073704959,1073676287,1073741823,1073741823,1073741823,1073741823:i8
1073741823,1073741823,1073739775,1073741567,1073741759,1073741807,1073741823,1073184767,1073610751,1073709055,1073676287,1073741823,1073737727,1073741823,1073741823:i8
1073741823,1073741823,1073739775,1073741567,1073741759,1073741807,1073741823,1073184767,1073610751,1073709055,1073676287,1073725439,1073741823,1073741823,1073741823:i8
1073741823,1073741823,1073739775,1073741567,1073741759,1073741807,1073741823,1073184767,1073610751,1073709055,1073659903,1073741823,1073741823,1073741823,1073741823:k7
1073741823,1073741823,1073739775,1073741567,1073741759,1073741807,1073741823,1073184767,1073610751,1073709055,1073414143,1073741823,1073741823,1073741823,1073741823:k7
1073741823,1073741823,1073739775,1073741567,1073741759,1073741807,1073741823,1073184767,1073610751,1073709055,1073676287,1073741823,1072693247,1073741823,1073741823:i8
1073741823,1073741823,1073739775,1073741567,1073741759,1073741807,1073741823,1073184767,1073610751,1073709055,1073676287,1073479679,1073741823,1073741823,1073741823:i8
1073741823,1073741823,1073739775,1073741567,1073741759,1073741807,1073741823,1073184767,1073610751,1073709055,1073676287,1073741823,1073676287,1073741823,1073741823:i8
1073741823,1073741823,1073739775,1073741567,1073741759,1073741807,1073741823,1073184767,1073610751,1073709055,1073676287,1073676287,1073741823,1073741823,1073741823:i8
1073741759,1073741823,1073739775,1073741567,1073741759,1073741807,1073741823,1073184767,1073610751,1073709055,1073676287,1073741823,1073741823,1073741823,1073741823:i8
1073740799,1073741823,1073739775,1073741567,1073741759,1073741807,1073741823,1073184767,1073610751,1073709055,1073676287,1073741823,1073741823,1073741823,1073741823:i8
1073741823,1073740799,1073739775,1073741567,1073741759,1073741807,1073741823,1073184767,1073610751,1073709055,1073676287,1073741823,1073741823,1073741823,1073741823:i8
1073725439,1073741823,1073739775,1073741567,1073741759,1073741807,1073741823,1073184767,1073610751,1073709055,1073676287,1073741823,1073741823,1073741823,1073741823:i8
1073741823,1073741823,1073723391,1073741567,1073741759,1073741807,1073741823,1073184767,1073610751,1073709055,1073676287,1073741823,1073741823,1073741823,1073741823:i8
1073741823,1073741823,1073735679,1073741567,1073741759,1073741807,1073741823,1073184767,1073610751,1073709055,1073676287,1073741823,1073741823,1073741823,1073741823:i8
1073741823,1073741823,1073739775,1073741567,1073725375,1073741807,1073741823,1073184767,1073610751,1073709055,1073676287,1073741823,1073741823,1073741823,1073741823:h9
1073741823,1073741823,1073739775,1073741567,1073741759,1073741807,1073741823,1073184766,1073610751,1073709055,1073676287,1073741823,1073741823,1073741823,1073741823:b7
1073741823,1073741823,1073739775,1073741567,1073741759,1073741807,1073741815,1073184766,1073610687,1073709055,1073676287,1073741823,1073741823,1073741823,1073741823:i8
1073741823,1073741823,1073739775,1073741567,1073741759,1073741807,1073741814,1073184766,1073610751,1073709055,1073676287,1073741823,1073741823,1073741823,1073741823:i8
1073741823,1073741823,1073739775,1073741567,1073741759,1073741807,1073741815,1073184762,1073610751,1073709055,1073676287,1073741823,1073741823,1073741823,1073741823:i8
1073741823,1073741823,1073739775,1073741567,1073741759,1073741807,1073741815,1073184766,1073610751,1073709039,1073676287,1073741823,1073741823,1073741823,1073741823:i8
1073741823,1073741823,1073739775,1073741567,1073741759,1073741807,1073741815,1073184766,1073610747,1073709055,1073676287,1073741823,1073741823,1073741823,1073741823:i8
1073741823,1073741823,1073739775,1073741567,1073741759,1073741807,1073741815,1073184766,1073610751,1073709054,1073676287,1073741823,1073741823,1073741823,1073741823:i8
1073741823,1073741823,1073739775,1073741567,1073741759,1073741807,1073741815,1073184766,1073610750,1073709055,1073676287,1073741823,1073741823,1073741823,1073741823:i8
1073741823,1073741823,1073739775,1073741567,1073741759,1073741807,1073741815,1073184766,1073610751,1073709055,1073676287,1073740799,1073741823,1073741823,1073741823:i8
1073741823,1073741823,1073739775,1073741567,1073741759,1073741807,1073741815,1073184766,1073610751,1073704959,1073676287,1073741823,1073741823,1073741823,1073741823:i8
1073741823,1073741823,1073739775,1073741567,1073741759,1073741807,1073741815,1073184766,1073610751,1073709055,1073676287,1073741823,1073737727,1073741823,1073741823:i8
1073741823,1073741823,1073739775,1073741567,1073741759,1073741807,1073741815,1073184766,1073610751,1073709055,1073676287,1073725439,1073741823,1073741823,1073741823:i8
1073741823,1073741823,1073739775,1073741567,1073741759,1073741807,1073741815,1073184766,1073610751,1073709055,1073659903,1073741823,1073741823,1073741823,1073741823:k7
1073741823,1073741823,1073739775,1073741567,1073741759,1073741807,1073741815,1073184766,1073610751,1073709055,1073414143,1073741823,1073741823,1073741823,1073741823:k7
1073741823,1073741823,1073739775,1073741567,1073741759,1073741807,1073741815,1073184766,1073610751,1073709055,1073676287,1073741823,1072693247,1073741823,1073741823:i8
1073741823,1073741823,1073739775,1073741567,1073741759,1073741807,1073741815,1073184766,1073610751,1073709055,1073676287,1073479679,1073741823,1073741823,1073741823:i8
1073741823,1073741823,1073739775,1073741567,1073741759,1073741807,1073741815,1073184766,1073610751,1073709055,1073676287,1073741823,1073676287,1073741823,1073741823:i8
1073741823,1073741823,1073739775,1073741567,1073741759,1073741807,1073741815,1073184766,1073610751,1073709055,1073676287,1073676287,1073741823,1073741823,1073741823:i8
1073741759,1073741823,1073739775,1073741567,1073741759,1073741807,1073741815,1073184766,1073610751,1073709055,1073676287,1073741823,1073741823,1073741823,1073741823:i8
1073740799,1073741823,1073739775,1073741567,1073741759,1073741807,1073741815,1073184766,1073610751,1073709055,1073676287,1073741823,1073741823,1073741823,1073741823:i8
1073741823,1073740799,1073739775,1073741567,1073741759,1073741807,1073741815,1073184766,1073610751,1073709055,1073676287,1073741823,1073741823,1073741823,1073741823:i8
1073725439,1073741823,1073739775,1073741567,1073741759,1073741807,1073741815,1073184766,1073610751,1073709055,1073676287,1073741823,1073741823,1073741823,1073741823:i8
1073741823,1073741823,1073723391,1073741567,1073741759,1073741807,1073741815,1073184766,1073610751,1073709055,1073676287,1073741823,1073741823,1073741823,1073741823:i8
1073741823,1073741823,1073735679,1073741567,1073741759,1073741807,1073741815,1073184766,1073610751,1073709055,1073676287,1073741823,1073741823,1073741823,1073741823:i8
1073741823,1073741823,1073739775,1073741567,1073725375,1073741807,1073741815,1073184766,1073610751,1073709055,1073676287,1073741823,1073741823,1073741823,1073741823:h9
1073741823,1073741823,1073739775,1073741567,1073741759,1073741806,1073741815,1073184766,1073610751,1073709055,1073676287,1073741823,1073741823,1073741823,1073741823:i8
1073741823,1073741823,1073739775,1073741567,1073741759,1073741803,1073741815,1073184766,1073610751,1073709055,1073676287,1073741823,1073741823,1073741823,1073741823:i8
1073741823,1073741823,1073739775,1073741566,1073741759,1073741807,1073741815,1073184766,1073610751,1073709055,1073676287,1073741823,1073741823,1073741823,1073741823:i8
1073741823,1073741823,1073739775,1073741567,1073741759,1073741807,1073741815,1073184510,1073610751,1073709055,1073676287,1073741823,1073741823,1073741823,1073741823:i8
1073741823,1073741823,1073739775,1073741567,1073741759,1073741807,1073741815,1073184750,1073610751,1073709055,1073676287,1073741823,1073741823,1073741823,1073741823:i8
1073741823,1073741823,1073739775,1073741567,1073741759,1073741807,1073741799,1073184766,1073610751,1073709055,1073676287,1073741823,1073741823,1073741823,1073741823:i8
1073741823,1073741823,1073739775,1073741567,1073741759,1073741807,1073479671,1073184766,1073610751,1073709055,1073676287,1073741823,1073741823,1073741823,1073741823:h9
1073741823,1073741823,1073739775,1073741567,1073741759,1069547503,1073741815,1073184766,1073610751,1073709055,1073676287,1073741823,1073741823,1073741823,1073741823:i8
1073741823,1073741823,1073739775,1073741567,1073741759,1073741807,1073741815,1068990462,1073610751,1073709055,1073676287,1073741823,1073741823,1073741823,1073741823:i8
1073741823,1073741823,1073739775,1073741567,1073741759,1073741807,1073741815,1072136190,1073610751,1073709055,1073676287,1073741823,1073741823,1073741823,1073741823:h9
1073741823,1073741823,1073739775,1073741567,1073741759,1073741807,1073741815,1073184766,1073610751,1069514751,1073676287,1073741823,1073741823,1073741823,1073741823:i8
1073741823,1073741823,1073739775,1073741567,1073741755,1073741807,1073741815,1073184766,1073610751,1073709055,1073676287,1073741823,1073741823,1073741823,1073741823:i8
1073741823,1073741823,1073739775,1073741567,1073741743,1073741807,1073741815,1073184766,1073610751,1073709055,1073676287,1073741823,1073741823,1073741823,1073741823:i8
1073741823,1073741823,1073739771,1073741567,1073741759,1073741807,1073741815,1073184766,1073610751,1073709055,1073676287,1073741823,1073741823,1073741823,1073741823:i8
1073741823,1073741823,1073739775,1073741567,1073741759,1073741807,1073740791,1073184766,1073610751,1073709055,1073676287,1073741823,1073741823,1073741823,1073741823:h9
1073741823,1073741823,1073739775,1073741567,1073741759,1073741807,1073741751,1073184766,1073610751,1073709055,1073676287,1073741823,1073741823,1073741823,1073741823:i8
1073741823,1073741823,1073739775,1073741567,1073741759,1073741743,1073741815,1073184766,1073610751,1073709055,1073676287,1073741823,1073741823,1073741823,1073741823:i8
1073741823,1073741823,1073739775,1073741567,1073741759,1073741807,1073741815,1073184766,1073610751,1073709055,1073672191,1073741823,1073741823,1073741823,1073741823:i8
1073741823,1073741823,1073739775,1073741567,1073741759,1073741807,1072693239,1073184766,1073610751,1073709055,1073676287,1073741823,1073741823,1073741823,1073741823:i8
1073741823,1073741823,1073739775,1073741567,1073741759,1073741807,1073741815,1073184766,1072562175,1073709055,1073676287,1073741823,1073741823,1073741823,1073741823:i8
1073741823,1073741823,1073739775,1073741567,1073741759,1073741807,1073741815,1073184766,1073348607,1073709055,1073676287,1073741823,1073741823,1073741823,1073741823:k7
1073741823,1073741823,1073739775,1073741567,1073741759,1073741807,1073741815,1073184766,1073610751,1073709055,1072627711,1073741823,1073741823,1073741823,1073741823:i8
1073741823,1073741823,1073739775,1073741567,1073741759,1073741807,1073741815,1073184766,1073610751,1073643519,1073676287,1073741823,1073741823,1073741823,1073741823:h9
1073741823,1073741823,1073739775,1073741551,1073741759,1073741807,1073741815,1073184766,1073610751,1073709055,1073676287,1073741823,1073741823,1073741823,1073741823:h9
1073741823,1073741823,1073739775,1073741503,1073741759,1073741807,1073741815,1073184766,1073610751,1073709055,1073676287,1073741823,1073741823,1073741823,1073741823:i8
1073741823,1073741807,1073739775,1073741567,1073741759,1073741807,1073741815,1073184766,1073610751,1073709055,1073676287,1073741823,1073741823,1073741823,1073741823:i8
1073741823,1073741823,1073739711,1073741567,1073741759,1073741807,1073741815,1073184766,1073610751,1073709055,1073676287,1073741823,1073741823,1073741823,1073741823:i8
1073741823,1073741567,1073739775,1073741567,1073741759,1073741807,1073741815,1073184766,1073610751,1073709055,1073676287,1073741823,1073741823,1073741823,1073741823:i8
1073741823,1073741823,1073739519,1073741567,1073741759,1073741807,1073741815,1073184766,1073610751,1073709055,1073676287,1073741823,1073741823,1073741823,1073741823:i8
1073741823,1073737727,1073739775,1073741567,1073741759,1073741807,1073741815,1073184766,1073610751,1073709055,1073676287,1073741823,1073741823,1073741823,1073741823:i8
1073741823,1073741823,1073739775,1073737471,1073741759,1073741807,1073741815,1073184766,1073610751,1073709055,1073676287,1073741823,1073741823,1073741823,1073741823:h9
1073741823,1073741823,1073739775,1073740543,1073741759,1073741807,1073741815,1073184766,1073610751,1073709055,1073676287,1073741823,1073741823,1073741823,1073741823:i8
1073741823,1073741823,1073739775,1073741567,1073741759,1073737711,1073741815,1073184766,1073610751,1073709055,1073676287,1073741823,1073741823,1073741823,1073741823:i8
1073741823,1073741823,1073739775,1073741567,1073740735,1073741807,1073741815,1073184766,1073610751,1073709055,1073676287,1073741823,1073741823,1073741823,1073741823:i8
1073741823,1073741823,1073739775,1073741567,1073741759,1073741551,1073741815,1073184766,1073610751,1073709055,1073676287,1073741823,1073741823,1073741823,1073741823:h9
1073741823,1073741823,1073739775,1073741567,1073741503,1073741807,1073741815,1073184766,1073610751,1073709055,1073676287,1073741823,1073741823,1073741823,1073741823:i8
1073741823,1073741823,1073739775,1073741567,1073741759,1073741807,1073741815,1073184766,1073610751,1073708031,1073676287,1073741823,1073741823,1073741823,1073741823:i8
1073741823,1073741823,1073739775,1073741567,1073741759,1073741807,1073741815,1073184766,1073606655,1073709055,1073676287,1073741823,1073741823,1073741823,1073741823:i8
1073741823,1073741823,1073739775,1073741567,1073741759,1073741807,1073741815,1073183742,1073610751,1073709055,1073676287,1073741823,1073741823,1073741823,1073741823:i8
1073741823,1073741823,1073739775,1073741567,1073741759,1073741807,1073741815,1073180670,1073610751,1073709055,1073676287,1073741823,1073741823,1073741823,1073741823:h9
1073741823,1073741823,1073739775,1073741567,1073741759,1073740783,1073741815,1073184766,1073610751,1073709055,1073676287,1073741823,1073741823,1073741823,1073741823:i8
1073741823,1073741823,1073739775,1073741567,1073741759,1073741807,1073737719,1073184766,1073610751,1073709055,1073676287,1073741823,1073741823,1073741823,1073741823:i8
1073741823,1073741823,1073739775,1073741567,1073741759,1073725423,1073741815,1073184766,1073610751,1073709055,1073676287,1073741823,1073741823,1073741823,1073741823:i8
1073741823,1073741823,1073739775,1073741567,1073741759,1073741807,1073725431,1073184766,1073610751,1073709055,1073676287,1073741823,1073741823,1073741823,1073741823:k7
1073741823,1073741823,1073739775,1073741567,1073741759,1073479663,1073741815,1073184766,1073610751,1073709055,1073676287,1073741823,1073741823,1073741823,1073741823:i8
1073741823,1073741823,1073739775,1073741567,1073741759,1073741807,1073676279,1073184766,1073610751,1073709055,1073676287,1073741823,1073741823,1073741823,1073741823:h9
1073741823,1073741823,1073739775,1073741567,1073741759,1073741807,1073741815,1073119230,1073610751,1073709055,1073676287,1073741823,1073741823,1073741823,1073741823:k7
1073741823,1073741823,1073739775,1073741567,1073741759,1073741807,1073741815,1073184766,1073610751,1073446911,1073676287,1073741823,1073741823,1073741823,1073741823:i8
1073741823,1073741823,1073739775,1073741567,1073741759,1073741807,1073741815,1073184766,1073594367,1073709055,1073676287,1073741823,1073741823,1073741823,1073741823:k7
1073741823,1073741823,1073739775,1073741567,1073741759,1073741806,1073741823,1073184767,1073610751,1073709055,1073676287,1073741823,1073741823,1073741823,1073741823:i8
1073741823,1073741823,1073739775,1073741567,1073741759,1073741803,1073741823,1073184767,1073610751,1073709055,1073676287,1073741823,1073741823,1073741823,1073741823:k7
1073741823,1073741823,1073739775,1073741566,1073741759,1073741807,1073741823,1073184767,1073610751,1073709055,1073676287,1073741823,1073741823,1073741823,1073741823:i8
1073741823,1073741823,1073739775,1073741567,1073741759,1073741807,1073741823,1073184511,1073610751,1073709055,1073676287,1073741823,1073741823,1073741823,1073741823:i8
1073741823,1073741823,1073739775,1073741567,1073741759,1073741807,1073741823,1073184751,1073610751,1073709055,1073676287,1073741823,1073741823,1073741823,1073741823:k7
1073741823,1073741823,1073739775,1073741567,1073741759,1073741807,1073741807,1073184767,1073610751,1073709055,1073676287,1073741823,1073741823,1073741823,1073741823:k7
1073741823,1073741823,1073739775,1073741567,1073741759,1073741807,1073479679,1073184767,1073610751,1073709055,1073676287,1073741823,1073741823,1073741823,1073741823:h9
1073741823,1073741823,1073739775,1073741567,1073741759,1069547503,1073741823,1073184767,1073610751,1073709055,1073676287,1073741823,1073741823,1073741823,1073741823:i8
1073741823,1073741823,1073739775,1073741567,1073741759,1073741807,1073741823,1068990463,1073610751,1073709055,1073676287,1073741823,1073741823,1073741823,1073741823:i8
1073741823,1073741823,1073739775,1073741567,1073741759,1073741807,1073741823,1072136191,1073610751,1073709055,1073676287,1073741823,1073741823,1073741823,1073741823:h9
1073741823,1073741823,1073739775,1073741567,1073741759,1073741807,1073741823,1073184767,1073610751,1069514751,1073676287,1073741823,1073741823,1073741823,1073741823:i8
1073741823,1073741823,1073739775,1073741567,1073741759,1073741807,1073741819,1073184767,1073610751,1073709055,1073676287,1073741823,1073741823,1073741823,1073741823:a8
1073741823,1073741823,1073739775,1073741567,1073741759,1073741807,1073741819,1073184765,1073610751,1073709039,1073676287,1073741823,1073741823,1073741823,1073741823:i8
1073741823,1073741823,1073739775,1073741567,1073741759,1073741807,1073741819,1073184765,1073610751,1073709054,1073676287,1073741823,1073741823,1073741823,1073741823:i8
1073741823,1073741823,1073739775,1073741567,1073741759,1073741807,1073741819,1073184765,1073610750,1073709055,1073676287,1073741823,1073741823,1073741823,1073741823:i8
1073741823,1073741823,1073739775,1073741567,1073741759,1073741807,1073741818,1073184765,1073610751,1073709055,1073676287,1073741823,1073741823,1073741823,1073741823:i8
1073741823,1073741823,1073739775,1073741567,1073741759,1073741807,1073741819,1073184765,1073610687,1073709055,1073676287,1073741823,1073741823,1073741823,1073741823:i8
1073741823,1073741823,1073739775,1073741567,1073741759,1073741807,1073741819,1073184765,1073610747,1073709055,1073676287,1073741823,1073741823,1073741823,1073741823:i8
1073741823,1073741823,1073739775,1073741567,1073741759,1073741807,1073741819,1073184761,1073610751,1073709055,1073676287,1073741823,1073741823,1073741823,1073741823:i8
1073741823,1073741823,1073739775,1073741567,1073741759,1073741807,1073741819,1073184765,1073610751,1073709055,1073676287,1073740799,1073741823,1073741823,1073741823:i8
1073741823,1073741823,1073739775,1073741567,1073741759,1073741807,1073741819,1073184765,1073610751,1073704959,1073676287,1073741823,1073741823,1073741823,1073741823:i8
1073741823,1073741823,1073739775,1073741567,1073741759,1073741807,1073741819,1073184765,1073610751,1073709055,1073676287,1073741823,1073737727,1073741823,1073741823:i8
1073741823,1073741823,1073739775,1073741567,1073741759,1073741807,1073741819,1073184765,1073610751,1073709055,1073676287,1073725439,1073741823,1073741823,1073741823:i8
1073741823,1073741823,1073739775,1073741567,1073741759,1073741807,1073741819,1073184765,1073610751,1073709055,1073659903,1073741823,1073741823,1073741823,1073741823:k7
1073741823,1073741823,1073739775,1073741567,1073741759,1073741807,1073741819,1073184765,1073610751,1073709055,1073414143,1073741823,1073741823,1073741823,1073741823:k7
1073741823,1073741823,1073739775,1073741567,1073741759,1073741807,1073741819,1073184765,1073610751,1073709055,1073676287,1073741823,1072693247,1073741823,1073741823:i8
1073741823,1073741823,1073739775,1073741567,1073741759,1073741807,1073741819,1073184765,1073610751,1073709055,1073676287,1073479679,1073741823,1073741823,1073741823:i8
1073741823,1073741823,1073739775,1073741567,1073741759,1073741807,1073741819,1073184765,1073610751,1073709055,1073676287,1073741823,1073676287,1073741823,1073741823:i8
1073741823,1073741823,1073739775,1073741567,1073741759,1073741807,1073741819,1073184765,1073610751,1073709055,1073676287,1073676287,1073741823,1073741823,1073741823:i8
1073741759,1073741823,1073739775,1073741567,1073741759,1073741807,1073741819,1073184765,1073610751,1073709055,1073676287,1073741823,1073741823,1073741823,1073741823:i8
1073740799,1073741823,1073739775,1073741567,1073741759,1073741807,1073741819,1073184765,1073610751,1073709055,1073676287,1073741823,1073741823,1073741823,1073741823:i8
1073741823,1073740799,1073739775,1073741567,1073741759,1073741807,1073741819,1073184765,1073610751,1073709055,1073676287,1073741823,1073741823,1073741823,1073741823:i8
1073725439,1073741823,1073739775,1073741567,1073741759,1073741807,1073741819,1073184765,1073610751,1073709055,1073676287,1073741823,1073741823,1073741823,1073741823:i8
1073741823,1073741823,1073723391,1073741567,1073741759,1073741807,1073741819,1073184765,1073610751,1073709055,1073676287,1073741823,1073741823,1073741823,1073741823:i8
1073741823,1073741823,1073735679,1073741567,1073741759,1073741807,1073741819,1073184765,1073610751,1073709055,1073676287,1073741823,1073741823,1073741823,1073741823:i8
1073741823,1073741823,1073739775,1073741567,1073725375,1073741807,1073741819,1073184765,1073610751,1073709055,1073676287,1073741823,1073741823,1073741823,1073741823:h9
1073741823,1073741823,1073739775,1073741567,1073741759,1073741806,1073741819,1073184765,1073610751,1073709055,1073676287,1073741823,1073741823,1073741823,1073741823:i8
1073741823,1073741823,1073739775,1073741567,1073741759,1073741803,1073741819,1073184765,1073610751,1073709055,1073676287,1073741823,1073741823,1073741823,1073741823:i8
1073741823,1073741823,1073739775,1073741566,1073741759,1073741807,1073741819,1073184765,1073610751,1073709055,1073676287,1073741823,1073741823,1073741823,1073741823:i8
1073741823,1073741823,1073739775,1073741567,1073741759,1073741807,1073741819,1073184509,1073610751,1073709055,1073676287,1073741823,1073741823,1073741823,1073741823:i8
1073741823,1073741823,1073739775,1073741567,1073741759,1073741807,1073741819,1073184749,1073610751,1073709055,1073676287,1073741823,1073741823,1073741823,1073741823:i8
1073741823,1073741823,1073739775,1073741567,1073741759,1073741807,1073741803,1073184765,1073610751,1073709055,1073676287,1073741823,1073741823,1073741823,1073741823:i8
1073741823,1073741823,1073739775,1073741567,1073741759,1073741807,1073479675,1073184765,1073610751,1073709055,1073676287,1073741823,1073741823,1073741823,1073741823:h9
1073741823,1073741823,1073739775,1073741567,1073741759,1069547503,1073741819,1073184765,1073610751,1073709055,1073676287,1073741823,1073741823,1073741823,1073741823:i8
1073741823,1073741823,1073739775,1073741567,1073741759,1073741807,1073741819,1068990461,1073610751,1073709055,1073676287,1073741823,1073741823,1073741823,1073741823:i8
1073741823,1073741823,1073739775,1073741567,1073741759,1073741807,1073741819,1072136189,1073610751,1073709055,1073676287,1073741823,1073741823,1073741823,1073741823:h9
1073741823,1073741823,1073739775,1073741567,1073741759,1073741807,1073741819,1073184765,1073610751,1069514751,1073676287,1073741823,1073741823,1073741823,1073741823:i8
1073741823,1073741823,1073739775,1073741567,1073741755,1073741807,1073741819,1073184765,1073610751,1073709055,1073676287,1073741823,1073741823,1073741823,1073741823:i8
1073741823,1073741823,1073739775,1073741567,1073741743,1073741807,1073741819,1073184765,1073610751,1073709055,1073676287,1073741823,1073741823,1073741823,1073741823:i8
1073741823,1073741823,1073739771,1073741567,1073741759,1073741807,1073741819,1073184765,1073610751,1073709055,1073676287,1073741823,1073741823,1073741823,1073741823:i8
1073741823,1073741823,1073739775,1073741567,1073741759,1073741807,1073740795,1073184765,1073610751,1073709055,1073676287,1073741823,1073741823,1073741823,1073741823:h9
1073741823,1073741823,1073739775,1073741567,1073741759,1073741807,1073741755,1073184765,1073610751,1073709055,1073676287,1073741823,1073741823,1073741823,1073741823:i8
1073741823,1073741823,1073739775,1073741567,1073741759,1073741743,1073741819,1073184765,1073610751,1073709055,1073676287,1073741823,1073741823,1073741823,1073741823:i8
1073741823,1073741823,1073739775,1073741567,1073741759,1073741807,1073741819,1073184765,1073610751,1073709055,1073672191,1073741823,1073741823,1073741823,1073741823:i8
1073741823,1073741823,1073739775,1073741567,1073741759,1073741807,1072693243,1073184765,1073610751,1073709055,1073676287,1073741823,1073741823,1073741823,1073741823:i8
1073741823,1073741823,1073739775,1073741567,1073741759,1073741807,1073741819,1073184765,1072562175,1073709055,1073676287,1073741823,1073741823,1073741823,1073741823:i8
1073741823,1073741823,1073739775,1073741567,1073741759,1073741807,1073741819,1073184765,1073348607,1073709055,1073676287,1073741823,1073741823,1073741823,1073741823:k7
1073741823,1073741823,1073739775,1073741567,1073741759,1073741807,1073741819,1073184765,1073610751,1073709055,1072627711,1073741823,1073741823,1073741823,1073741823:i8
1073741823,1073741823,1073739775,1073741567,1073741759,1073741807,1073741819,1073184765,1073610751,1073643519,1073676287,1073741823,1073741823,1073741823,1073741823:h9
1073741823,1073741823,1073739775,1073741551,1073741759,1073741807,1073741819,1073184765,1073610751,1073709055,1073676287,1073741823,1073741823,1073741823,1073741823:h9
1073741823,1073741823,1073739775,1073741503,1073741759,1073741807,1073741819,1073184765,1073610751,1073709055,1073676287,1073741823,1073741823,1073741823,1073741823:i8
1073741823,1073741807,1073739775,1073741567,1073741759,1073741807,1073741819,1073184765,1073610751,1073709055,1073676287,1073741823,1073741823,1073741823,1073741823:i8
1073741823,1073741823,1073739711,1073741567,1073741759,1073741807,1073741819,1073184765,1073610751,1073709055,1073676287,1073741823,1073741823,1073741823,1073741823:i8
1073741823,1073741567,1073739775,1073741567,1073741759,1073741807,1073741819,1073184765,1073610751,1073709055,1073676287,1073741823,1073741823,1073741823,1073741823:i8
1073741823,1073741823,1073739519,1073741567,1073741759,1073741807,1073741819,1073184765,1073610751,1073709055,1073676287,1073741823,1073741823,1073741823,1073741823:i8
1073741823,1073737727,1073739775,1073741567,1073741759,1073741807,1073741819,1073184765,1073610751,1073709055,1073676287,1073741823,1073741823,1073741823,1073741823:i8
1073741823,1073741823,1073739775,1073737471,1073741759,1073741807,1073741819,1073184765,1073610751,1073709055,1073676287,1073741823,1073741823,1073741823,1073741823:h9
1073741823,1073741823,1073739775,1073740543,1073741759,1073741807,1073741819,1073184765,1073610751,1073709055,1073676287,1073741823,1073741823,1073741823,1073741823:i8
1073741823,1073741823,1073739775,1073741567,1073741759,1073737711,1073741819,1073184765,1073610751,1073709055,1073676287,1073741823,1073741823,1073741823,1073741823:i8
1073741823,1073741823,1073739775,1073741567,1073740735,1073741807,1073741819,1073184765,1073610751,1073709055,1073676287,1073741823,1073741823,1073741823,1073741823:i8
1073741823,1073741823,1073739775,1073741567,1073741759,1073741551,1073741819,1073184765,1073610751,1073709055,1073676287,1073741823,1073741823,1073741823,1073741823:h9
1073741823,1073741823,1073739775,1073741567,1073741503,1073741807,1073741819,1073184765,1073610751,1073709055,1073676287,1073741823,1073741823,1073741823,1073741823:i8
1073741823,1073741823,1073739775,1073741567,1073741759,1073741807,1073741819,1073184765,1073610751,1073708031,1073676287,1073741823,1073741823,1073741823,1073741823:i8
1073741823,1073741823,1073739775,1073741567,1073741759,1073741807,1073741819,1073184765,1073606655,1073709055,1073676287,1073741823,1073741823,1073741823,1073741823:i8
1073741823,1073741823,1073739775,1073741567,1073741759,1073741807,1073741819,1073183741,1073610751,1073709055,1073676287,1073741823,1073741823,1073741823,1073741823:i8
1073741823,1073741823,1073739775,1073741567,1073741759,1073741807,1073741819,1073180669,1073610751,1073709055,1073676287,1073741823,1073741823,1073741823,1073741823:h9
1073741823,1073741823,1073739775,1073741567,1073741759,1073740783,1073741819,1073184765,1073610751,1073709055,1073676287,1073741823,1073741823,1073741823,1073741823:i8
1073741823,1073741823,1073739775,1073741567,1073741759,1073741807,1073737723,1073184765,1073610751,1073709055,1073676287,1073741823,1073741823,1073741823,1073741823:i8
1073741823,1073741823,1073739775,1073741567,1073741759,1073725423,1073741819,1073184765,1073610751,1073709055,1073676287,1073741823,1073741823,1073741823,1073741823:i8
1073741823,1073741823,1073739775,1073741567,1073741759,1073741807,1073725435,1073184765,1073610751,1073709055,1073676287,1073741823,1073741823,1073741823,1073741823:k7
1073741823,1073741823,1073739775,1073741567,1073741759,1073479663,1073741819,1073184765,1073610751,1073709055,1073676287,1073741823,1073741823,1073741823,1073741823:i8
1073741823,1073741823,1073739775,1073741567,1073741759,1073741807,1073676283,1073184765,1073610751,1073709055,1073676287,1073741823,1073741823,1073741823,1073741823:h9
1073741823,1073741823,1073739775,1073741567,1073741759,1073741807,1073741819,1073119229,1073610751,1073709055,1073676287,1073741823,1073741823,1073741823,1073741823:k7
1073741823,1073741823,1073739775,1073741567,1073741759,1073741807,1073741819,1073184765,1073610751,1073446911,1073676287,1073741823,1073741823,1073741823,1073741823:i8
1073741823,1073741823,1073739775,1073741567,1073741759,1073741807,1073741819,1073184765,1073594367,1073709055,1073676287,1073741823,1073741823,1073741823,1073741823:k7
1073741823,1073741823,1073739775,1073741567,1073741755,1073741807,1073741823,1073184767,1073610751,1073709055,1073676287,1073741823,1073741823,1073741823,1073741823:k7
1073741823,1073741823,1073739775,1073741567,1073741743,1073741807,1073741823,1073184767,1073610751,1073709055,1073676287,1073741823,1073741823,1073741823,1073741823:i8
1073741823,1073741823,1073739771,1073741567,1073741759,1073741807,1073741823,1073184767,1073610751,1073709055,1073676287,1073741823,1073741823,1073741823,1073741823:i8
1073741823,1073741823,1073739775,1073741567,1073741759,1073741807,1073740799,1073184767,1073610751,1073709055,1073676287,1073741823,1073741823,1073741823,1073741823:h9
1073741823,1073741823,1073739775,1073741567,1073741759,1073741807,1073741759,1073184767,1073610751,1073709055,1073676287,1073741823,1073741823,1073741823,1073741823:k7
1073741823,1073741823,1073739775,1073741567,1073741759,1073741743,1073741823,1073184767,1073610751,1073709055,1073676287,1073741823,1073741823,1073741823,1073741823:i8
1073741823,1073741823,1073739775,1073741567,1073741759,1073741807,1073741823,1073184767,1073610751,1073709055,1073672191,1073741823,1073741823,1073741823,1073741823:i8
1073741823,1073741823,1073739775,1073741567,1073741759,1073741807,1072693247,1073184767,1073610751,1073709055,1073676287,1073741823,1073741823,1073741823,1073741823:i8
1073741823,1073741823,1073739775,1073741567,1073741759,1073741807,1073741823,1073184767,1072562175,1073709055,1073676287,1073741823,1073741823,1073741823,1073741823:i8
1073741823,1073741823,1073739775,1073741567,1073741759,1073741807,1073741823,1073184767,1073348607,1073709055,1073676287,1073741823,1073741823,1073741823,1073741823:k7
1073741823,1073741823,1073739775,1073741567,1073741759,1073741807,1073741823,1073184767,1073610751,1073709055,1072627711,1073741823,1073741823,1073741823,1073741823:i8
1073741823,1073741823,1073739775,1073741567,1073741759,1073741807,1073741823,1073184767,1073610751,1073643519,1073676287,1073741823,1073741823,1073741823,1073741823:h9
1073741823,1073741823,1073739775,1073741551,1073741759,1073741807,1073741823,1073184767,1073610751,1073709055,1073676287,1073741823,1073741823,1073741823,1073741823:h9
1073741823,1073741823,1073739775,1073741503,1073741759,1073741807,1073741823,1073184767,1073610751,1073709055,1073676287,1073741823,1073741823,1073741823,1073741823:i8
1073741823,1073741807,1073739775,1073741567,1073741759,1073741807,1073741823,1073184767,1073610751,1073709055,1073676287,1073741823,1073741823,1073741823,1073741823:i8
1073741823,1073741823,1073739711,1073741567,1073741759,1073741807,1073741823,1073184767,1073610751,1073709055,1073676287,1073741823,1073741823,1073741823,1073741823:i8
1073741823,1073741567,1073739775,1073741567,1073741759,1073741807,1073741823,1073184767,1073610751,1073709055,1073676287,1073741823,1073741823,1073741823,1073741823:i8
1073741823,1073741823,1073739519,1073741567,1073741759,1073741807,1073741823,1073184767,1073610751,1073709055,1073676287,1073741823,1073741823,1073741823,1073741823:i8
1073741823,1073737727,1073739775,1073741567,1073741759,1073741807,1073741823,1073184767,1073610751,1073709055,1073676287,1073741823,1073741823,1073741823,1073741823:i8
1073741823,1073741823,1073739775,1073737471,1073741759,1073741807,1073741823,1073184767,1073610751,1073709055,1073676287,1073741823,1073741823,1073741823,1073741823:h9
1073741823,1073741823,1073739775,1073740543,1073741759,1073741807,1073741823,1073184767,1073610751,1073709055,1073676287,1073741823,1073741823,1073741823,1073741823:i8
1073741823,1073741823,1073739775,1073741567,1073741759,1073737711,1073741823,1073184767,1073610751,1073709055,1073676287,1073741823,1073741823,1073741823,1073741823:i8
1073741823,1073741823,1073739775,1073741567,1073740735,1073741807,1073741823,1073184767,1073610751,1073709055,1073676287,1073741823,1073741823,1073741823,1073741823:i8
1073741823,1073741823,1073739775,1073741567,1073741759,1073741551,1073741823,1073184767,1073610751,1073709055,1073676287,1073741823,1073741823,1073741823,1073741823:h9
1073741823,1073741823,1073739775,1073741567,1073741503,1073741807,1073741823,1073184767,1073610751,1073709055,1073676287,1073741823,1073741823,1073741823,1073741823:i8
1073741823,1073741823,1073739775,1073741567,1073741759,1073741807,1073741823,1073184767,1073610751,1073708031,1073676287,1073741823,1073741823,1073741823,1073741823:i8
1073741823,1073741823,1073739775,1073741567,1073741759,1073741807,1073741823,1073184767,1073606655,1073709055,1073676287,1073741823,1073741823,1073741823,1073741823:i8
1073741823,1073741823,1073739775,1073741567,1073741759,1073741807,1073741823,1073183743,1073610751,1073709055,1073676287,1073741823,1073741823,1073741823,1073741823:i8
1073741823,1073741823,1073739775,1073741567,1073741759,1073741807,1073741823,1073180671,1073610751,1073709055,1073676287,1073741823,1073741823,1073741823,1073741823:h9
1073741823,1073741823,1073739775,1073741567,1073741759,1073740783,1073741823,1073184767,1073610751,1073709055,1073676287,1073741823,1073741823,1073741823,1073741823:i8
1073741823,1073741823,1073739775,1073741567,1073741759,1073741807,1073737727,1073184767,1073610751,1073709055,1073676287,1073741823,1073741823,1073741823,1073741823:i8
1073741823,1073741823,1073739775,1073741567,1073741759,1073725423,1073741823,1073184767,1073610751,1073709055,1073676287,1073741823,1073741823,1073741823,1073741823:i8
1073741823,1073741823,1073739775,1073741567,1073741759,1073741807,1073725439,1073184767,1073610751,1073709055,1073676287,1073741823,1073741823,1073741823,1073741823:k7
1073741823,1073741823,1073739775,1073741567,1073741759,1073479663,1073741823,1073184767,1073610751,1073709055,1073676287,1073741823,1073741823,1073741823,1073741823:i8
1073741823,1073741823,1073739775,1073741567,1073741759,1073741807,1073676287,1073184767,1073610751,1073709055,1073676287,1073741823,1073741823,1073741823,1073741823:h9
1073741823,1073741823,1073739775,1073741567,1073741759,1073741807,1073741823,1073119231,1073610751,1073709055,1073676287,1073741823,1073741823,1073741823,1073741823:k7
1073741823,1073741823,1073739775,1073741567,1073741759,1073741807,1073741823,1073184767,1073610751,1073446911,1073676287,1073741823,1073741823,1073741823,1073741823:i8
1073741823,1073741823,1073739775,1073741567,1073741759,1073741807,1073741823,1073184767,1073594367,1073709055,1073676287,1073741823,1073741823,1073741823,1073741823:k7
