1073741823,1073741823,1073741823,1073741823,1055916031,1073217535,1073586175,1073446911,1073741823,1073741823,1073741823,1073741823,1073741823,1073741823,1073741823:g6
1073741823,1073741823,1073741823,1073741823,1055916031,1073209343,1073586175,1073446655,1073741823,1073741823,1073741823,1073741823,1073741823,1073741823,1073741823:h6
1073741823,1073741823,1073741823,1073741823,1055916031,1073209087,1073586175,1073446911,1073741823,1073741823,1073741823,1073741823,1073741823,1073741823,1073741823:h6
1073741823,1073741823,1073741823,1073741567,1055916031,1073209343,1073586175,1073446911,1073741823,1073741823,1073741823,1073741823,1073741823,1073741823,1073741823:h6
1073741823,1073741823,1073741823,1073737727,1055916031,1073209343,1073586175,1073446911,1073741823,1073741823,1073741823,1073741823,1073741823,1073741823,1073741823:g8
1073741823,1073741823,1073741823,1073676287,1055916031,1073209343,1073586175,1073446911,1073741823,1073741823,1073741823,1073741823,1073741823,1073741823,1073741823:g8
1073741823,1073741823,1073741823,1056964607,1055916031,1073209343,1073586175,1073446911,1073741823,1073741823,1073741823,1073741823,1073741823,1073741823,1073741823:h6
1073741823,1073741823,805306367,1073741823,1055916031,1073209343,1073586175,1073446911,1073741823,1073741823,1073741823,1073741823,1073741823,1073741823,1073741823:h6
1073741823,1073741823,1073741823,1006632959,1055916031,1073209343,1073586175,1073446911,1073741823,1073741823,1073741823,1073741823,1073741823,1073741823,1073741823:g9
1073741823,1073741823,1073741823,1073741823,787480575,1073209343,1073586175,1073446911,1073741823,1073741823,1073741823,1073741823,1073741823,1073741823,1073741823:g9
1073741823,1073741823,1073741823,1073741823,988807167,1073209343,1073586175,1073446911,1073741823,1073741823,1073741823,1073741823,1073741823,1073741823,1073741823:g9
1073741823,1073741823,1073741823,1073741823,1055916031,1073209343,805150719,1073446911,1073741823,1073741823,1073741823,1073741823,1073741823,1073741823,1073741823:h6
1073741823,1073741823,1073741823,1073741823,1055916031,1006100479,1073586175,1073446911,1073741823,1073741823,1073741823,1073741823,1073741823,1073741823,1073741823:h6
1073741823,1073741823,1073741823,1073741823,1055916031,1056432127,1073586175,1073446911,1073741823,1073741823,1073741823,1073741823,1073741823,1073741823,1073741823:h6
1073741823,1073741823,1073741823,1073741823,1055916031,1073209343,1073586175,1073446911,1073741567,1073741823,1073741823,1073741823,1073741823,1073741823,1073741823:i6
1073741823,1073741823,1073741823,1073741823,1055916031,1073209343,1073585919,1073446911,1073741823,1073741823,1073741823,1073741823,1073741823,1073741823,1073741823:h6
1073741823,1073741823,1073741823,1073741823,1055915775,1073209343,1073586175,1073446911,1073741823,1073741823,1073741823,1073741823,1073741823,1073741823,1073741823:h6
1073741823,1073741823,1073676287,1073741823,1055916031,1073209343,1073586175,1073446911,1073741823,1073741823,1073741823,1073741823,1073741823,1073741823,1073741823:g8
1073741823,1073741823,1072693247,1073741823,1055916031,1073209343,1073586175,1073446911,1073741823,1073741823,1073741823,1073741823,1073741823,1073741823,1073741823:g8
1073741823,1073741823,1073741823,1072693247,1055916031,1073209343,1073586175,1073446911,1073741823,1073741823,1073741823,1073741823,1073741823,1073741823,1073741823:g8
1073741823,1073741823,1056964607,1073741823,1055916031,1073209343,1073586175,1073446911,1073741823,1073741823,1073741823,1073741823,1073741823,1073741823,1073741823:h6
1073741823,1073741823,1073741823,1073741823,1051721727,1073209343,1073586175,1073446911,1073741823,1073741823,1073741823,1073741823,1073741823,1073741823,1073741823:g9
1073741823,1073741823,1073741823,1073741823,1055916031,1073209343,1056808959,1073446911,1073741823,1073741823,1073741823,1073741823,1073741823,1073741823,1073741823:i6
1073741823,1073741823,1073741823,1073725439,1055916031,1073209343,1073586175,1073446911,1073741823,1073741823,1073741823,1073741823,1073741823,1073741823,1073741823:g9
1073741823,1073741823,1073741823,1073479679,1055916031,1073209343,1073586175,1073446911,1073741823,1073741823,1073741823,1073741823,1073741823,1073741823,1073741823:g8
1073741823,1073741823,1073741823,1069547519,1055916031,1073209343,1073586175,1073446911,1073741823,1073741823,1073741823,1073741823,1073741823,1073741823,1073741823:h6
1073741823,1073741823,1073741823,1073741823,1055916031,1072160767,1073586175,1073446911,1073741823,1073741823,1073741823,1073741823,1073741823,1073741823,1073741823:g8
1073741823,1073741823,1073741823,1073741823,1055916031,1069015039,1073586175,1073446911,1073741823,1073741823,1073741823,1073741823,1073741823,1073741823,1073741823:g9
1073741823,1073741823,1073741823,1073741823,1055916031,1073209343,1073586175,1069252607,1073741823,1073741823,1073741823,1073741823,1073741823,1073741823,1073741823:h6
1073741823,1073741823,1073741823,1073741823,1055916031,1073209343,1073586175,1072398335,1073741823,1073741823,1073741823,1073741823,1073741823,1073741823,1073741823:g9
1073741823,1073741823,1073741823,1073741823,1055916031,1073209343,1073586175,1073446911,1073741823,1069547519,1073741823,1073741823,1073741823,1073741823,1073741823:h6
1073741823,1073741823,1073741823,1073741823,1055911935,1073209343,1073586175,1073446911,1073741823,1073741823,1073741823,1073741823,1073741823,1073741823,1073741823:g9
1073741823,1073741823,1073741823,1073741823,1055850495,1073209343,1073586175,1073446911,1073741823,1073741823,1073741823,1073741823,1073741823,1073741823,1073741823:g9
1073741823,1073741823,1073741823,1073741823,1055916031,1073209343,1072537599,1073446911,1073741823,1073741823,1073741823,1073741823,1073741823,1073741823,1073741823:g9
1073741823,1073741823,1073741823,1073741823,1055916031,1073209343,1073586175,1073446911,1072693247,1073741823,1073741823,1073741823,1073741823,1073741823,1073741823:g8
1073741823,1073741823,1073741823,1073741823,1055916031,1073209343,1073586175,1073446911,1073740799,1073741823,1073741823,1073741823,1073741823,1073741823,1073741823:i6
1073741823,1073741823,1073741823,1073741823,1055916031,1073209343,1073585151,1073446911,1073741823,1073741823,1073741823,1073741823,1073741823,1073741823,1073741823:i6
1073741823,1073741823,1073741823,1073741823,1055915007,1073209343,1073586175,1073446911,1073741823,1073741823,1073741823,1073741823,1073741823,1073741823,1073741823:i6
1073741823,1073741823,1073741823,1073741823,1055899647,1073209343,1073586175,1073446911,1073741823,1073741823,1073741823,1073741823,1073741823,1073741823,1073741823:h6
1073741823,1073741823,1073741823,1073741823,1055653887,1073209343,1073586175,1073446911,1073741823,1073741823,1073741823,1073741823,1073741823,1073741823,1073741823:g9
1073741823,1073741823,1073741823,1073741823,1055916031,1073143807,1073586175,1073446911,1073741823,1073741823,1073741823,1073741823,1073741823,1073741823,1073741823:g9
1073741823,1073741823,1073741823,1073741823,1055916031,1073209343,1073324031,1073446911,1073741823,1073741823,1073741823,1073741823,1073741823,1073741823,1073741823:h6
1073741823,1073741823,1073741823,1073741823,1055916031,1073209343,1073586175,1073446911,1073479679,1073741823,1073741823,1073741823,1073741823,1073741823,1073741823:h6
1073741823,1073741823,1073741823,1073741823,1055916031,1073209343,1073586175,1073446911,1073741823,1073740799,1073741823,1073741823,1073741823,1073741823,1073741823:g8
1073741823,1073741823,1073741823,1073741823,1055916031,1073209343,1073586175,1073446911,1073737727,1073741823,1073741823,1073741823,1073741823,1073741823,1073741823:i6
1073741823,1073741823,1073741823,1073741823,1055916031,1073078271,1073586175,1073446911,1073737727,1073741823,1073741567,1073741823,1073741823,1073741823,1073741823:h6
1073741823,1073741823,1073741823,1073741823,1055916031,1073078271,1073586175,1073446911,1073737727,1073741823,1073676287,1073741823,1073741823,1073741823,1073741823:h6
1073741823,1073741823,1073741823,1073741823,1055916031,1073078271,1073586175,1073446911,1073737727,1073741823,1073737727,1073741823,1073741823,1073741823,1073741823:h6
1073741823,1073741823,1073741823,1073741823,1055916031,1073078271,1073586175,1073446911,1073737727,1073737727,1073741823,1073741823,1073741823,1073741823,1073741823:h6
1073741823,1073741823,1073741823,1073741823,1055916031,1073078271,1073586175,1073446655,1073737727,1073741823,1073741823,1073741823,1073741823,1073741823,1073741823:h6
1073741823,1073741823,1073741823,1073741823,1055916031,1073078015,1073586175,1073446911,1073737727,1073741823,1073741823,1073741823,1073741823,1073741823,1073741823:h6
1073741823,1073741823,1073741823,1073741567,1055916031,1073078271,1073586175,1073446911,1073737727,1073741823,1073741823,1073741823,1073741823,1073741823,1073741823:h6
1073741823,1073741823,1073741823,1073737727,1055916031,1073078271,1073586175,1073446911,1073737727,1073741823,1073741823,1073741823,1073741823,1073741823,1073741823:h6
1073741823,1073741823,1073741823,1073676287,1055916031,1073078271,1073586175,1073446911,1073737727,1073741823,1073741823,1073741823,1073741823,1073741823,1073741823:h6
1073741823,1073741823,1073741823,1056964607,1055916031,1073078271,1073586175,1073446911,1073737727,1073741823,1073741823,1073741823,1073741823,1073741823,1073741823:h6
1073741823,1073741823,805306367,1073741823,1055916031,1073078271,1073586175,1073446911,1073737727,1073741823,1073741823,1073741823,1073741823,1073741823,1073741823:h6
1073741823,1073741823,1073741823,1006632959,1055916031,1073078271,1073586175,1073446911,1073737727,1073741823,1073741823,1073741823,1073741823,1073741823,1073741823:h6
1073741823,1073741823,1073741823,1073741823,787480575,1073078271,1073586175,1073446911,1073737727,1073741823,1073741823,1073741823,1073741823,1073741823,1073741823:h6
1073741823,1073741823,1073741823,1073741823,988807167,1073078271,1073586175,1073446911,1073737727,1073741823,1073741823,1073741823,1073741823,1073741823,1073741823:h6
1073741823,1073741823,1073741823,1073741823,1055916031,1073078271,805150719,1073446911,1073737727,1073741823,1073741823,1073741823,1073741823,1073741823,1073741823:h6
1073741823,1073741823,1073741823,1073741823,1055916031,1005969407,1073586175,1073446911,1073737727,1073741823,1073741823,1073741823,1073741823,1073741823,1073741823:h6
1073741823,1073741823,1073741823,1073741823,1055916031,1056301055,1073586175,1073446911,1073737727,1073741823,1073741823,1073741823,1073741823,1073741823,1073741823:h6
1073741823,1073741823,1073741823,1073741823,1055916031,1073078271,1073586175,1073446911,1073737471,1073741823,1073741823,1073741823,1073741823,1073741823,1073741823:h6
1073741823,1073741823,1073741823,1073741823,1055916031,1073078271,1073585919,1073446911,1073737727,1073741823,1073741823,1073741823,1073741823,1073741823,1073741823:h6
1073741823,1073741823,1073741823,1073741823,1055915775,1073078271,1073586175,1073446911,1073737727,1073741823,1073741823,1073741823,1073741823,1073741823,1073741823:h6
1073741823,1073741823,1073676287,1073741823,1055916031,1073078271,1073586175,1073446911,1073737727,1073741823,1073741823,1073741823,1073741823,1073741823,1073741823:h6
1073741823,1073741823,1072693247,1073741823,1055916031,1073078271,1073586175,1073446911,1073737727,1073741823,1073741823,1073741823,1073741823,1073741823,1073741823:h6
1073741823,1073741823,1073741823,1072693247,1055916031,1073078271,1073586175,1073446911,1073737727,1073741823,1073741823,1073741823,1073741823,1073741823,1073741823:h6
1073741823,1073741823,1056964607,1073741823,1055916031,1073078271,1073586175,1073446911,1073737727,1073741823,1073741823,1073741823,1073741823,1073741823,1073741823:h6
1073741823,1073741823,1073741823,1073741823,1051721727,1073078271,1073586175,1073446911,1073737727,1073741823,1073741823,1073741823,1073741823,1073741823,1073741823:h6
1073741823,1073741823,1073741823,1073741823,1055916031,1073078271,1056808959,1073446911,1073737727,1073741823,1073741823,1073741823,1073741823,1073741823,1073741823:h6
1073741823,1073741823,1073741823,1073725439,1055916031,1073078271,1073586175,1073446911,1073737727,1073741823,1073741823,1073741823,1073741823,1073741823,1073741823:h6
1073741823,1073741823,1073741823,1073479679,1055916031,1073078271,1073586175,1073446911,1073737727,1073741823,1073741823,1073741823,1073741823,1073741823,1073741823:h6
1073741823,1073741823,1073741823,1069547519,1055916031,1073078271,1073586175,1073446911,1073737727,1073741823,1073741823,1073741823,1073741823,1073741823,1073741823:h6
1073741823,1073741823,1073741823,1073741823,1055916031,1072029695,1073586175,1073446911,1073737727,1073741823,1073741823,1073741823,1073741823,1073741823,1073741823:f6
1073741823,1073741823,1073741823,1073741823,1055916031,1068883967,1073586175,1073446911,1073737727,1073741823,1073741823,1073741823,1073741823,1073741823,1073741823:h6
1073741823,1073741823,1073741823,1073741823,1055916031,1073078271,1073586175,1069252607,1073737727,1073741823,1073741823,1073741823,1073741823,1073741823,1073741823:h6
1073741823,1073741823,1073741823,1073741823,1055916031,1073078271,1073586175,1072398335,1073737727,1073741823,1073741823,1073741823,1073741823,1073741823,1073741823:h6
1073741823,1073741823,1073741823,1073741823,1055916031,1073078271,1073586175,1073446911,1073737727,1069547519,1073741823,1073741823,1073741823,1073741823,1073741823:h6
1073741823,1073741823,1073741823,1073741823,1055911935,1073078271,1073586175,1073446911,1073737727,1073741823,1073741823,1073741823,1073741823,1073741823,1073741823:h6
1073741823,1073741823,1073741823,1073741823,1055850495,1073078271,1073586175,1073446911,1073737727,1073741823,1073741823,1073741823,1073741823,1073741823,1073741823:h6
1073741823,1073741823,1073741823,1073741823,1055916031,1073078271,1072537599,1073446911,1073737727,1073741823,1073741823,1073741823,1073741823,1073741823,1073741823:h6
1073741823,1073741823,1073741823,1073741823,1055916031,1073078271,1073586175,1073446911,1072689151,1073741823,1073741823,1073741823,1073741823,1073741823,1073741823:h6
1073741823,1073741823,1073741823,1073741823,1055916031,1073078271,1073586175,1073446911,1073736703,1073741823,1073741823,1073741823,1073741823,1073741823,1073741823:h6
1073741823,1073741823,1073741823,1073741823,1055916031,1073078271,1073585151,1073446911,1073737727,1073741823,1073741823,1073741823,1073741823,1073741823,1073741823:h6
1073741823,1073741823,1073741823,1073741823,1055915007,1073078271,1073586175,1073446911,1073737727,1073741823,1073741823,1073741823,1073741823,1073741823,1073741823:h6
1073741823,1073741823,1073741823,1073741823,1055899647,1073078271,1073586175,1073446911,1073737727,1073741823,1073741823,1073741823,1073741823,1073741823,1073741823:h6
1073741823,1073741823,1073741823,1073741823,1055653887,1073078271,1073586175,1073446911,1073737727,1073741823,1073741823,1073741823,1073741823,1073741823,1073741823:h6
1073741823,1073741823,1073741823,1073741823,1055916031,1073078271,1073324031,1073446911,1073737727,1073741823,1073741823,1073741823,1073741823,1073741823,1073741823:h6
1073741823,1073741823,1073741823,1073741823,1055916031,1073078271,1073586175,1073446911,1073475583,1073741823,1073741823,1073741823,1073741823,1073741823,1073741823:h6
1073741823,1073741823,1073741823,1073741823,1055916031,1073078271,1073586175,1073446911,1073737727,1073740799,1073741823,1073741823,1073741823,1073741823,1073741823:h6
1073741823,1073741823,1073741823,1073741823,1055916031,1073078271,1073586175,1073445887,1073737727,1073741823,1073741823,1073741823,1073741823,1073741823,1073741823:h6
1073741823,1073741823,1073741823,1073741823,1055916031,1073078271,1073586175,1073442815,1073737727,1073741823,1073741823,1073741823,1073741823,1073741823,1073741823:h6
1073741823,1073741823,1073741823,1073741823,1055916031,1073077247,1073586175,1073446911,1073737727,1073741823,1073741823,1073741823,1073741823,1073741823,1073741823:h6
1073741823,1073741823,1073741823,1073741823,1055916031,1073061887,1073586175,1073446911,1073737727,1073741823,1073741823,1073741823,1073741823,1073741823,1073741823:g4
1073741823,1073741823,1073741823,1073741823,1055916031,1073078271,1073586175,1073381375,1073737727,1073741823,1073741823,1073741823,1073741823,1073741823,1073741823:h6
1073741823,1073741823,1073741823,1073741823,1055916031,1073078271,1073586175,1073446911,1073737727,1073479679,1073741823,1073741823,1073741823,1073741823,1073741823:h6
1073741823,1073741823,1073741823,1073741823,1055916031,1073078271,1073586175,1073446911,1073672191,1073741823,1073741823,1073741823,1073741823,1073741823,1073741823:h6
1073741823,1073741823,1073741823,1073741823,1055916031,1073078271,1073586175,1073446911,1073737727,1073725439,1073741823,1073741823,1073741823,1073741823,1073741823:h6
1073741823,1073741823,1073741823,1073741823,1055916031,1073078271,1073586175,1073446911,1073721343,1073741823,1073741823,1073741823,1073741823,1073741823,1073741823:h6
1073741823,1073741823,1073741823,1073741823,1055916031,1073209343,1073586175,1073445887,1073741823,1073741823,1073741823,1073741823,1073741823,1073741823,1073741823:i6
1073741823,1073741823,1073741823,1073741823,1055916031,1073209343,1073586175,1073442815,1073741823,1073741823,1073741823,1073741823,1073741823,1073741823,1073741823:i6
1073741823,1073741823,1073741823,1073741823,1055916031,1073078271,1073586175,1073442815,1073741823,1073741567,1073741823,1073741823,1073741823,1073741823,1073741823:h6
1073741823,1073741823,1073741823,1073741823,1055916031,1073078271,1073586175,1073442815,1073741823,1073676287,1073741823,1073741823,1073741823,1073741823,1073741823:h6
1073741823,1073741823,1073741823,1073741823,1055916031,1073078271,1073586175,1073442815,1073741823,1073737727,1073741823,1073741823,1073741823,1073741823,1073741823:h6
1073741823,1073741823,1073741823,1073741823,1055916031,1073078271,1073586175,1073442559,1073741823,1073741823,1073741823,1073741823,1073741823,1073741823,1073741823:h6
1073741823,1073741823,1073741823,1073741823,1055916031,1073078015,1073586175,1073442815,1073741823,1073741823,1073741823,1073741823,1073741823,1073741823,1073741823:h6
1073741823,1073741823,1073741823,1073741567,1055916031,1073078271,1073586175,1073442815,1073741823,1073741823,1073741823,1073741823,1073741823,1073741823,1073741823:h6
1073741823,1073741823,1073741823,1073737727,1055916031,1073078271,1073586175,1073442815,1073741823,1073741823,1073741823,1073741823,1073741823,1073741823,1073741823:h6
1073741823,1073741823,1073741823,1073676287,1055916031,1073078271,1073586175,1073442815,1073741823,1073741823,1073741823,1073741823,1073741823,1073741823,1073741823:h6
1073741823,1073741823,1073741823,1056964607,1055916031,1073078271,1073586175,1073442815,1073741823,1073741823,1073741823,1073741823,1073741823,1073741823,1073741823:h6
1073741823,1073741823,805306367,1073741823,1055916031,1073078271,1073586175,1073442815,1073741823,1073741823,1073741823,1073741823,1073741823,1073741823,1073741823:h6
1073741823,1073741823,1073741823,1006632959,1055916031,1073078271,1073586175,1073442815,1073741823,1073741823,1073741823,1073741823,1073741823,1073741823,1073741823:h6
1073741823,1073741823,1073741823,1073741823,787480575,1073078271,1073586175,1073442815,1073741823,1073741823,1073741823,1073741823,1073741823,1073741823,1073741823:h6
1073741823,1073741823,1073741823,1073741823,988807167,1073078271,1073586175,1073442815,1073741823,1073741823,1073741823,1073741823,1073741823,1073741823,1073741823:h6
1073741823,1073741823,1073741823,1073741823,1055916031,1073078271,805150719,1073442815,1073741823,1073741823,1073741823,1073741823,1073741823,1073741823,1073741823:h6
1073741823,1073741823,1073741823,1073741823,1055916031,1005969407,1073586175,1073442815,1073741823,1073741823,1073741823,1073741823,1073741823,1073741823,1073741823:h6
1073741823,1073741823,1073741823,1073741823,1055916031,1056301055,1073586175,1073442815,1073741823,1073741823,1073741823,1073741823,1073741823,1073741823,1073741823:h6
1073741823,1073741823,1073741823,1073741823,1055916031,1073078271,1073586175,1073442815,1073741567,1073741823,1073741823,1073741823,1073741823,1073741823,1073741823:h6
1073741823,1073741823,1073741823,1073741823,1055916031,1073078271,1073585919,1073442815,1073741823,1073741823,1073741823,1073741823,1073741823,1073741823,1073741823:h6
1073741823,1073741823,1073741823,1073741823,1055915775,1073078271,1073586175,1073442815,1073741823,1073741823,1073741823,1073741823,1073741823,1073741823,1073741823:h6
1073741823,1073741823,1073676287,1073741823,1055916031,1073078271,1073586175,1073442815,1073741823,1073741823,1073741823,1073741823,1073741823,1073741823,1073741823:h6
1073741823,1073741823,1072693247,1073741823,1055916031,1073078271,1073586175,1073442815,1073741823,1073741823,1073741823,1073741823,1073741823,1073741823,1073741823:h6
1073741823,1073741823,1073741823,1072693247,1055916031,1073078271,1073586175,1073442815,1073741823,1073741823,1073741823,1073741823,1073741823,1073741823,1073741823:h6
1073741823,1073741823,1056964607,1073741823,1055916031,1073078271,1073586175,1073442815,1073741823,1073741823,1073741823,1073741823,1073741823,1073741823,1073741823:h6
1073741823,1073741823,1073741823,1073741823,1051721727,1073078271,1073586175,1073442815,1073741823,1073741823,1073741823,1073741823,1073741823,1073741823,1073741823:h6
1073741823,1073741823,1073741823,1073741823,1055916031,1073078271,1056808959,1073442815,1073741823,1073741823,1073741823,1073741823,1073741823,1073741823,1073741823:h6
1073741823,1073741823,1073741823,1073725439,1055916031,1073078271,1073586175,1073442815,1073741823,1073741823,1073741823,1073741823,1073741823,1073741823,1073741823:h6
1073741823,1073741823,1073741823,1073479679,1055916031,1073078271,1073586175,1073442815,1073741823,1073741823,1073741823,1073741823,1073741823,1073741823,1073741823:h6
1073741823,1073741823,1073741823,1069547519,1055916031,1073078271,1073586175,1073442815,1073741823,1073741823,1073741823,1073741823,1073741823,1073741823,1073741823:h6
1073741823,1073741823,1073741823,1073741823,1055916031,1072029695,1073586175,1073442815,1073741823,1073741823,1073741823,1073741823,1073741823,1073741823,1073741823:f6
1073741823,1073741823,1073741823,1073741823,1055916031,1068883967,1073586175,1073442815,1073741823,1073741823,1073741823,1073741823,1073741823,1073741823,1073741823:h6
1073741823,1073741823,1073741823,1073741823,1055916031,1073078271,1073586175,1069248511,1073741823,1073741823,1073741823,1073741823,1073741823,1073741823,1073741823:h6
1073741823,1073741823,1073741823,1073741823,1055916031,1073078271,1073586175,1072394239,1073741823,1073741823,1073741823,1073741823,1073741823,1073741823,1073741823:h6
1073741823,1073741823,1073741823,1073741823,1055916031,1073078271,1073586175,1073442815,1073741823,1069547519,1073741823,1073741823,1073741823,1073741823,1073741823:h6
1073741823,1073741823,1073741823,1073741823,1055911935,1073078271,1073586175,1073442815,1073741823,1073741823,1073741823,1073741823,1073741823,1073741823,1073741823:h6
1073741823,1073741823,1073741823,1073741823,1055850495,1073078271,1073586175,1073442815,1073741823,1073741823,1073741823,1073741823,1073741823,1073741823,1073741823:h6
1073741823,1073741823,1073741823,1073741823,1055916031,1073078271,1072537599,1073442815,1073741823,1073741823,1073741823,1073741823,1073741823,1073741823,1073741823:h6
1073741823,1073741823,1073741823,1073741823,1055916031,1073078271,1073586175,1073442815,1072693247,1073741823,1073741823,1073741823,1073741823,1073741823,1073741823:h6
1073741823,1073741823,1073741823,1073741823,1055916031,1073078271,1073586175,1073442815,1073740799,1073741823,1073741823,1073741823,1073741823,1073741823,1073741823:h6
1073741823,1073741823,1073741823,1073741823,1055916031,1073078271,1073585151,1073442815,1073741823,1073741823,1073741823,1073741823,1073741823,1073741823,1073741823:h6
1073741823,1073741823,1073741823,1073741823,1055915007,1073078271,1073586175,1073442815,1073741823,1073741823,1073741823,1073741823,1073741823,1073741823,1073741823:h6
1073741823,1073741823,1073741823,1073741823,1055899647,1073078271,1073586175,1073442815,1073741823,1073741823,1073741823,1073741823,1073741823,1073741823,1073741823:h6
1073741823,1073741823,1073741823,1073741823,1055653887,1073078271,1073586175,1073442815,1073741823,1073741823,1073741823,1073741823,1073741823,1073741823,1073741823:h6
1073741823,1073741823,1073741823,1073741823,1055916031,1073078271,1073324031,1073442815,1073741823,1073741823,1073741823,1073741823,1073741823,1073741823,1073741823:h6
1073741823,1073741823,1073741823,1073741823,1055916031,1073078271,1073586175,1073442815,1073479679,1073741823,1073741823,1073741823,1073741823,1073741823,1073741823:h6
1073741823,1073741823,1073741823,1073741823,1055916031,1073078271,1073586175,1073442815,1073741823,1073740799,1073741823,1073741823,1073741823,1073741823,1073741823:h6
1073741823,1073741823,1073741823,1073741823,1055916031,1073078271,1073586175,1073442815,1073737727,1073741823,1073741823,1073741823,1073741823,1073741823,1073741823:h6
1073741823,1073741823,1073741823,1073741823,1055916031,1073078271,1073586175,1073441791,1073741823,1073741823,1073741823,1073741823,1073741823,1073741823,1073741823:h6
1073741823,1073741823,1073741823,1073741823,1055916031,1073077247,1073586175,1073442815,1073741823,1073741823,1073741823,1073741823,1073741823,1073741823,1073741823:h6
1073741823,1073741823,1073741823,1073741823,1055916031,1073061887,1073586175,1073442815,1073741823,1073741823,1073741823,1073741823,1073741823,1073741823,1073741823:i9
1073741823,1073741823,1073741823,1073741823,1055916031,1073078271,1073586175,1073377279,1073741823,1073741823,1073741823,1073741823,1073741823,1073741823,1073741823:h6
1073741823,1073741823,1073741823,1073741823,1055916031,1073078271,1073586175,1073442815,1073741823,1073479679,1073741823,1073741823,1073741823,1073741823,1073741823:h6
1073741823,1073741823,1073741823,1073741823,1055916031,1073078271,1073586175,1073442815,1073676287,1073741823,1073741823,1073741823,1073741823,1073741823,1073741823:h6
1073741823,1073741823,1073741823,1073741823,1055916031,1073078271,1073586175,1073442815,1073741823,1073725439,1073741823,1073741823,1073741823,1073741823,1073741823:h6
1073741823,1073741823,1073741823,1073741823,1055916031,1073078271,1073586175,1073442815,1073725439,1073741823,1073741823,1073741823,1073741823,1073741823,1073741823:h6
1073741823,1073741823,1073741823,1073741823,1055916031,1073208319,1073586175,1073446911,1073741823,1073741823,1073741823,1073741823,1073741823,1073741823,1073741823:g9
1073741823,1073741823,1073741823,1073741823,1055916031,1073192959,1073586175,1073446911,1073741823,1073741823,1073741823,1073741823,1073741823,1073741823,1073741823:g9
1073741823,1073741823,1073741823,1073741823,1055916031,1073209343,1073586175,1073381375,1073741823,1073741823,1073741823,1073741823,1073741823,1073741823,1073741823:h6
1073741823,1073741823,1073741823,1073741823,1055916031,1073209343,1073586175,1073446911,1073741823,1073479679,1073741823,1073741823,1073741823,1073741823,1073741823:h6
1073741823,1073741823,1073741823,1073741823,1055916031,1073209343,1073586175,1073446911,1073676287,1073741823,1073741823,1073741823,1073741823,1073741823,1073741823:g9
1073741823,1073741823,1073741823,1073741823,1055916031,1073209343,1073586175,1073446911,1073741823,1073725439,1073741823,1073741823,1073741823,1073741823,1073741823:h6
1073741823,1073741823,1073741823,1073741823,1055916031,1073209343,1073586175,1073446911,1073725439,1073741823,1073741823,1073741823,1073741823,1073741823,1073741823:h6
