1073741823,1073741823,1073741823,1073741823,1073741823,1073328127,1073594367,1073635327,1073192959,1073733631,1073741823,1073737727,1073741823,1073741823,1073741823:f10
1073741823,1073741823,1073741823,1073741823,1073741823,1073328127,1073594367,1073635327,1073192959,1073731583,1073741823,1073737663,1073741823,1073741823,1073741823:e11
1073741823,1073741823,1073741823,1073741823,1073741823,1073328127,1073594367,1073635327,1073192959,1073731519,1073741823,1073737727,1073741823,1073741823,1073741823:e11
1073741823,1073741823,1073741823,1073741823,1073741823,1073328127,1073594367,1073635263,1073192959,1073731583,1073741823,1073737727,1073741823,1073741823,1073741823:e11
1073741823,1073741823,1073741823,1073741823,1073741823,1073328127,1073594367,1073635327,1073192959,1073731583,1073741823,1073737727,1073741823,1073741567,1073741823:e11
1073741823,1073741823,1073741823,1073741823,1073741823,1073328127,1073594367,1073635327,1073192959,1073731583,1073741823,1073737727,1073740799,1073741823,1073741823:e11
1073741823,1073741823,1073741823,1073741823,1073741823,1073328127,1073594367,1073635327,1073192959,1073731583,1073741823,1073736703,1073741823,1073741823,1073741823:e11
1073741823,1073741823,1073741823,1073741823,1073741823,1073328127,1073594367,1073635327,1073192959,1073731583,1073741823,1073721343,1073741823,1073741823,1073741823:e11
1073741823,1073741823,1073741823,1073741823,1073741823,1073328127,1073594367,1073635327,1073192959,1073731583,1073741823,1073737727,1073741823,1073676287,1073741823:e11
1073741823,1073741823,1073741823,1073741823,1073741823,1073328127,1073594367,1073635327,1073192959,1073731583,1073741823,1073737727,1073725439,1073741823,1073741823:e11
1073741823,1073741823,1073741823,1073741823,1073741823,1073328127,1073594367,1073635327,1073192959,1073731583,1073741823,1073737727,1073741823,1073737727,1073741823:e11
1073741823,1073741823,1073741823,1073741823,1073741823,1073328127,1073594367,1073635327,1073192959,1073731583,1073741823,1073737727,1073737727,1073741823,1073741823:e11
1073741823,1073741823,1073741823,1073741823,1073741823,1073328127,1073594367,1073635327,1073192959,1073731583,1073741823,1073737471,1073741823,1073741823,1073741823:e11
1073741823,1073741823,1073741823,1073741823,1073741823,1073328127,1073594367,1073635327,1073192959,1073731583,1073741823,1073672191,1073741823,1073741823,1073741823:e11
1073741823,1073741823,1073741823,1073741823,1073741823,1073328127,1073594367,1073635327,1073192959,1073731583,1073740799,1073737727,1073741823,1073741823,1073741823:e11
1073741823,1073741823,1073741823,1072693247,1073741823,1073328127,1073594367,1073635327,1073192959,1073731583,1073741823,1073737727,1073741823,1073741823,1073741823:e11
1073741823,1073741823,1073741823,1073740799,1073741823,1073328127,1073594367,1073635327,1073192959,1073731583,1073741823,1073737727,1073741823,1073741823,1073741823:e11
1073741823,1073741823,1073741823,1073741823,1073741823,1073328127,1073594367,1073635327,1073192959,1073731583,1073725439,1073737727,1073741823,1073741823,1073741823:e11
1073741823,1073741823,1073741823,1073741823,1073741823,1073328127,1069400063,1073635327,1073192959,1073731583,1073741823,1073737727,1073741823,1073741823,1073741823:e11
1073741823,1073741823,1073741823,1073741823,1073741823,1073328127,1073594367,1073635327,1068998655,1073731583,1073741823,1073737727,1073741823,1073741823,1073741823:e11
1073741823,1073741823,1073741823,1073741823,1073741823,1073328127,1073594367,1073635327,1073192959,1073731583,1069547519,1073737727,1073741823,1073741823,1073741823:e11
1073741823,1073741823,1073741823,1073741823,1073741823,1073328127,1073594367,1073635327,1073192959,1073731583,1073479679,1073737727,1073741823,1073741823,1073741823:e11
1073741823,1073741823,1073741823,1073741567,1073741823,1073328127,1073594367,1073635327,1073192959,1073731583,1073741823,1073737727,1073741823,1073741823,1073741823:e11
1073741823,1073741823,1073741823,1073737727,1073741823,1073328127,1073594367,1073635327,1073192959,1073731583,1073741823,1073737727,1073741823,1073741823,1073741823:e11
1073741823,1073741823,1073741823,1073676287,1073741823,1073328127,1073594367,1073635327,1073192959,1073731583,1073741823,1073737727,1073741823,1073741823,1073741823:e11
1073741823,1073741823,1073741823,1073741823,1073741823,1073328127,1073594367,1073635327,1073192959,1073731327,1073741823,1073737727,1073741823,1073741823,1073741823:e11
1073741823,1073741823,1073741823,1073741823,1073741823,1073328127,1073594367,1073635071,1073192959,1073731583,1073741823,1073737727,1073741823,1073741823,1073741823:e11
1073741823,1073741823,1073741823,1073741823,1073741823,1073327871,1073594367,1073635327,1073192959,1073731583,1073741823,1073737727,1073741823,1073741823,1073741823:e11
1073741823,1073741823,1073741823,1073741823,1073741823,1073328127,1073594367,1072586751,1073192959,1073731583,1073741823,1073737727,1073741823,1073741823,1073741823:e11
1073741823,1073741823,1073741823,1073741823,1073741823,1073328127,1073594367,1073635327,1073192959,1072683007,1073741823,1073737727,1073741823,1073741823,1073741823:e11
1073741823,1073741823,1073741823,1073741823,1073741823,1073328127,1073594367,1073635327,1073192959,1073666047,1073741823,1073737727,1073741823,1073741823,1073741823:e11
1073741823,1073741823,1073741823,1073741823,1073741823,1073328127,1073594367,1073635327,1073192959,1073731583,1073741567,1073737727,1073741823,1073741823,1073741823:g11
1073741823,1073741823,1073741823,1073741823,1073741823,1073328127,1073594367,1073635327,1073192959,1073731583,1073733375,1073737727,1073676287,1073741823,1073741823:g7
1073741823,1073741823,1073741823,1073741823,1073741823,1073328127,1073594367,1073635327,1073192959,1073731583,1073733375,1073737727,1073741807,1073741823,1073741823:g7
1073741823,1073741823,1073741823,1073741823,1073741823,1073328127,1073594367,1073635327,1073192959,1073731583,1073733359,1073737727,1073741823,1073741823,1073741823:g7
1073741823,1073741823,1073741823,1073741823,1073741823,1073328127,1073594367,1073635327,1073192959,1073731583,1073733311,1073737727,1073741823,1073741823,1073741823:g7
1073741823,1073741823,1073741823,1073741823,1073741823,1073328127,1073594367,1073635327,1073192943,1073731583,1073733375,1073737727,1073741823,1073741823,1073741823:g7
1073741823,1073741823,1073741823,1073741823,1073741823,1073328127,1073594367,1073635327,1073192959,1073731583,1073733375,1073737727,1073741567,1073741823,1073741823:g7
1073741823,1073741823,1073741823,1073741823,1073741823,1073328127,1073594367,1073635327,1073192959,1073731583,1073733375,1073737663,1073741823,1073741823,1073741823:g7
1073741823,1073741823,1073741823,1073741823,1073741823,1073328127,1073594367,1073635327,1073192959,1073731519,1073733375,1073737727,1073741823,1073741823,1073741823:g7
1073741823,1073741823,1073741823,1073741823,1073741823,1073328127,1073594367,1073635263,1073192959,1073731583,1073733375,1073737727,1073741823,1073741823,1073741823:g7
1073741823,1073741823,1073741823,1073741823,1073741823,1073328127,1073594367,1073635327,1073192959,1073731583,1073733375,1073737727,1073741823,1073741567,1073741823:g7
1073741823,1073741823,1073741823,1073741823,1073741823,1073328127,1073594367,1073635327,1073192959,1073731583,1073733375,1073737727,1073740799,1073741823,1073741823:g7
1073741823,1073741823,1073741823,1073741823,1073741823,1073328127,1073594367,1073635327,1073192959,1073731583,1073733375,1073736703,1073741823,1073741823,1073741823:g7
1073741823,1073741823,1073741823,1073741823,1073741823,1073328127,1073594367,1073635327,1073192959,1073731583,1073733375,1073721343,1073741823,1073741823,1073741823:g7
1073741823,1073741823,1073741823,1073741823,1073741823,1073328127,1073594367,1073635327,1073192959,1073731583,1073733375,1073737727,1073741823,1073676287,1073741823:g7
1073741823,1073741823,1073741823,1073741823,1073741823,1073328127,1073594367,1073635327,1073192959,1073731583,1073733375,1073737727,1073725439,1073741823,1073741823:g7
1073741823,1073741823,1073741823,1073741823,1073741823,1073328127,1073594367,1073635327,1073192959,1073731583,1073733375,1073737727,1073741823,1073737727,1073741823:g7
1073741823,1073741823,1073741823,1073741823,1073741823,1073328127,1073594367,1073635327,1073192959,1073731583,1073733375,1073737727,1073737727,1073741823,1073741823:g7
1073741823,1073741823,1073741823,1073741823,1073741823,1073328127,1073594367,1073635327,1073192959,1073731583,1073733375,1073737471,1073741823,1073741823,1073741823:g7
1073741823,1073741823,1073741823,1073741823,1073741823,1073328127,1073594367,1073635327,1073192959,1073731583,1073733375,1073672191,1073741823,1073741823,1073741823:g7
1073741823,1073741823,1073741823,1073741823,1073741823,1073328127,1073594367,1073635327,1073192959,1073731583,1073732351,1073737727,1073741823,1073741823,1073741823:g7
1073741823,1073741823,1073741823,1072693247,1073741823,1073328127,1073594367,1073635327,1073192959,1073731583,1073733375,1073737727,1073741823,1073741823,1073741823:g7
1073741823,1073741823,1073741823,1073740799,1073741823,1073328127,1073594367,1073635327,1073192959,1073731583,1073733375,1073737727,1073741823,1073741823,1073741823:g7
1073741823,1073741823,1073741823,1073741823,1073741823,1073328127,1073594367,1073635327,1073192959,1073731583,1073716991,1073737727,1073741823,1073741823,1073741823:g7
1073741823,1073741823,1073741823,1073741823,1073741823,1073328127,1069400063,1073635327,1073192959,1073731583,1073733375,1073737727,1073741823,1073741823,1073741823:g7
1073741823,1073741823,1073741823,1073741823,1073741823,1073328127,1073594367,1073635327,1068998655,1073731583,1073733375,1073737727,1073741823,1073741823,1073741823:g7
1073741823,1073741823,1073741823,1073741823,1073741823,1073328127,1073594367,1073635327,1073192959,1073731583,1069539071,1073737727,1073741823,1073741823,1073741823:g7
1073741823,1073741823,1073741823,1073741823,1073741823,1073328127,1073594367,1073635327,1073192959,1073731583,1073471231,1073737727,1073741823,1073741823,1073741823:g7
1073741823,1073741823,1073741823,1073741567,1073741823,1073328127,1073594367,1073635327,1073192959,1073731583,1073733375,1073737727,1073741823,1073741823,1073741823:g7
1073741823,1073741823,1073741823,1073737727,1073741823,1073328127,1073594367,1073635327,1073192959,1073731583,1073733375,1073737727,1073741823,1073741823,1073741823:g7
1073741823,1073741823,1073741823,1073676287,1073741823,1073328127,1073594367,1073635327,1073192959,1073731583,1073733375,1073737727,1073741823,1073741823,1073741823:g7
1073741823,1073741823,1073741823,1073741823,1073741823,1073328127,1073594367,1073635327,1073192959,1073731327,1073733375,1073737727,1073741823,1073741823,1073741823:g7
1073741823,1073741823,1073741823,1073741823,1073741823,1073328127,1073594367,1073635071,1073192959,1073731583,1073733375,1073737727,1073741823,1073741823,1073741823:g7
1073741823,1073741823,1073741823,1073741823,1073741823,1073327871,1073594367,1073635327,1073192959,1073731583,1073733375,1073737727,1073741823,1073741823,1073741823:g7
1073741823,1073741823,1073741823,1073741823,1073741823,1073328127,1073594367,1072586751,1073192959,1073731583,1073733375,1073737727,1073741823,1073741823,1073741823:g7
1073741823,1073741823,1073741823,1073741823,1073741823,1073328127,1073594367,1073635327,1073192959,1072683007,1073733375,1073737727,1073741823,1073741823,1073741823:g7
1073741823,1073741823,1073741823,1073741823,1073741823,1073328127,1073594367,1073635327,1073192959,1073666047,1073733375,1073737727,1073741823,1073741823,1073741823:g7
1073741823,1073741823,1073741823,1073741823,1073741823,1073328127,1073594367,1073635327,1073192703,1073731583,1073733375,1073737727,1073741823,1073741823,1073741823:g7
1073741823,1073741823,1073741823,1073741823,1073741823,1073328127,1073594111,1073635327,1073192959,1073731583,1073733375,1073737727,1073741823,1073741823,1073741823:g7
1073741823,1073741823,1073741823,1073741823,1073741823,1073328127,1073594367,1073635327,1073192959,1073731583,1073667839,1073737727,1073741823,1073741823,1073741823:g7
1073741823,1073741823,1073741823,1073725439,1073741823,1073328127,1073594367,1073635327,1073192959,1073731583,1073733375,1073737727,1073741823,1073741823,1073741823:g7
1073741823,1073741823,1073741823,1073479679,1073741823,1073328127,1073594367,1073635327,1073192959,1073731583,1073733375,1073737727,1073741823,1073741823,1073741823:g7
1073741823,1073741823,1073741823,1069547519,1073741823,1073328127,1073594367,1073635327,1073192959,1073731583,1073733375,1073737727,1073741823,1073741823,1073741823:g7
1073741823,1073741823,1073741823,1073741823,1073741823,1069133823,1073594367,1073635327,1073192959,1073731583,1073733375,1073737727,1073741823,1073741823,1073741823:g7
1073741823,1073741823,1073741823,1073741823,1073741823,1072279551,1073594367,1073635327,1073192959,1073731583,1073733375,1073737727,1073741823,1073741823,1073741823:g7
1073741823,1073741823,1073741823,1073741823,1073741823,1073328127,1073594367,1069441023,1073192959,1073731583,1073733375,1073737727,1073741823,1073741823,1073741823:g7
1073741823,1073741823,1073741823,1073741823,1073737727,1073328127,1073594367,1073635327,1073192959,1073731583,1073733375,1073737727,1073741823,1073741823,1073741823:g7
1073741823,1073741823,1073741823,1073741823,1073676287,1073328127,1073594367,1073635327,1073192959,1073731583,1073733375,1073737727,1073741823,1073741823,1073741823:g7
1073741823,1073741823,1073741823,1073741823,1072693247,1073328127,1073594367,1073635327,1073192959,1073731583,1073733375,1073737727,1073741823,1073741823,1073741823:g7
1073741823,1073741823,1073741823,1073741823,1073741823,1073328127,1072545791,1073635327,1073192959,1073731583,1073733375,1073737727,1073741823,1073741823,1073741823:g7
1073741823,1073741823,1073741823,1073741823,1073741823,1073328127,1073594367,1073635327,1072144383,1073731583,1073733375,1073737727,1073741823,1073741823,1073741823:g7
1073741823,1073741823,1073741823,1073741823,1073741823,1073328127,1073594367,1073635327,1073191935,1073731583,1073733375,1073737727,1073741823,1073741823,1073741823:g7
1073741823,1073741823,1073741823,1073741823,1073741823,1073328127,1073593343,1073635327,1073192959,1073731583,1073733375,1073737727,1073741823,1073741823,1073741823:g7
1073741823,1073741823,1073741823,1073741823,1073740799,1073328127,1073594367,1073635327,1073192959,1073731583,1073733375,1073737727,1073741823,1073741823,1073741823:g7
1073741823,1073741823,1073741823,1073741823,1073725439,1073328127,1073594367,1073635327,1073192959,1073731583,1073733375,1073737727,1073741823,1073741823,1073741823:g7
1073741823,1073741823,1073741823,1073741823,1073479679,1073328127,1073594367,1073635327,1073192959,1073731583,1073733375,1073737727,1073741823,1073741823,1073741823:g7
1073741823,1073741823,1073741823,1073741823,1073741823,1073328127,1073332223,1073635327,1073192959,1073731583,1073733375,1073737727,1073741823,1073741823,1073741823:g7
1073741823,1073741823,1073741823,1073741823,1073741823,1073328127,1073594367,1073634303,1073192959,1073731583,1073733375,1073737727,1073741823,1073741823,1073741823:g7
1073741823,1073741823,1073741823,1073741823,1073741823,1073327103,1073594367,1073635327,1073192959,1073731583,1073733375,1073737727,1073741823,1073741823,1073741823:g7
1073741823,1073741823,1073741823,1073741823,1073741823,1073328127,1073590271,1073635327,1073192959,1073731583,1073733375,1073737727,1073741823,1073741823,1073741823:h10
1073741823,1073741823,1073741823,1073741823,1073741823,1073328127,1073594367,1073373183,1073192959,1073731583,1073733375,1073737727,1073741823,1073741823,1073741823:g7
1073741823,1073741823,1073741823,1073741823,1073741823,1073328127,1073594367,1073635327,1073192959,1073469439,1073733375,1073737727,1073741823,1073741823,1073741823:g7
1073741823,1073741823,1073741823,1073741823,1073741823,1073328127,1073594367,1073635327,1073127423,1073731583,1073733375,1073737727,1073741823,1073741823,1073741823:g7
1073741823,1073741823,1073741823,1073741823,1073741823,1073328127,1073594367,1073635327,1073192959,1073715199,1073733375,1073737727,1073741823,1073741823,1073741823:g7
1073741823,1073741823,1073741823,1073741823,1073741823,1073328127,1073594367,1073635327,1073192703,1073731583,1073741823,1073737727,1073741823,1073741823,1073741823:e11
1073741823,1073741823,1073741823,1073741823,1073741823,1073328127,1073594111,1073635327,1073192959,1073731583,1073741823,1073737727,1073741823,1073741823,1073741823:e11
1073741823,1073741823,1073741823,1073741823,1073741823,1073328127,1073594367,1073635327,1073192959,1073731583,1073676287,1073737727,1073741823,1073741823,1073741823:e11
1073741823,1073741823,1073741823,1073741823,1073741823,1073328127,1073594367,1073635327,1073192959,1073731583,1073737727,1073737727,1073741823,1073741823,1073741823:e11
1073741823,1073741823,1073741823,1073725439,1073741823,1073328127,1073594367,1073635327,1073192959,1073731583,1073741823,1073737727,1073741823,1073741823,1073741823:e11
1073741823,1073741823,1073741823,1073479679,1073741823,1073328127,1073594367,1073635327,1073192959,1073731583,1073741823,1073737727,1073741823,1073741823,1073741823:e11
1073741823,1073741823,1073741823,1069547519,1073741823,1073328127,1073594367,1073635327,1073192959,1073731583,1073741823,1073737727,1073741823,1073741823,1073741823:e11
1073741823,1073741823,1073741823,1073741823,1073741823,1069133823,1073594367,1073635327,1073192959,1073731583,1073741823,1073737727,1073741823,1073741823,1073741823:e11
1073741823,1073741823,1073741823,1073741823,1073741823,1072279551,1073594367,1073635327,1073192959,1073731583,1073741823,1073737727,1073741823,1073741823,1073741823:e11
1073741823,1073741823,1073741823,1073741823,1073741823,1073328127,1073594367,1069441023,1073192959,1073731583,1073741823,1073737727,1073741823,1073741823,1073741823:e11
1073741823,1073741823,1073741823,1073741823,1073737727,1073328127,1073594367,1073635327,1073192959,1073731583,1073741823,1073737727,1073741823,1073741823,1073741823:e11
1073741823,1073741823,1073741823,1073741823,1073676287,1073328127,1073594367,1073635327,1073192959,1073731583,1073741823,1073737727,1073741823,1073741823,1073741823:e11
1073741823,1073741823,1073741823,1073741823,1072693247,1073328127,1073594367,1073635327,1073192959,1073731583,1073741823,1073737727,1073741823,1073741823,1073741823:e11
1073741823,1073741823,1073741823,1073741823,1073741823,1073328127,1072545791,1073635327,1073192959,1073731583,1073741823,1073737727,1073741823,1073741823,1073741823:e11
1073741823,1073741823,1073741823,1073741823,1073741823,1073328127,1073594367,1073635327,1072144383,1073731583,1073741823,1073737727,1073741823,1073741823,1073741823:e11
1073741823,1073741823,1073741823,1073741823,1073741823,1073328127,1073594367,1073635327,1073191935,1073731583,1073741823,1073737727,1073741823,1073741823,1073741823:e11
1073741823,1073741823,1073741823,1073741823,1073741823,1073328127,1073593343,1073635327,1073192959,1073731583,1073741823,1073737727,1073741823,1073741823,1073741823:e11
1073741823,1073741823,1073741823,1073741823,1073740799,1073328127,1073594367,1073635327,1073192959,1073731583,1073741823,1073737727,1073741823,1073741823,1073741823:e11
1073741823,1073741823,1073741823,1073741823,1073725439,1073328127,1073594367,1073635327,1073192959,1073731583,1073741823,1073737727,1073741823,1073741823,1073741823:e11
1073741823,1073741823,1073741823,1073741823,1073479679,1073328127,1073594367,1073635327,1073192959,1073731583,1073741823,1073737727,1073741823,1073741823,1073741823:e11
1073741823,1073741823,1073741823,1073741823,1073741823,1073328127,1073332223,1073635327,1073192959,1073731583,1073741823,1073737727,1073741823,1073741823,1073741823:e11
1073741823,1073741823,1073741823,1073741823,1073741823,1073328127,1073594367,1073634303,1073192959,1073731583,1073741823,1073737727,1073741823,1073741823,1073741823:e11
1073741823,1073741823,1073741823,1073741823,1073741823,1073327103,1073594367,1073635327,1073192959,1073731583,1073741823,1073737727,1073741823,1073741823,1073741823:e11
1073741823,1073741823,1073741823,1073741823,1073741823,1073328127,1073590271,1073635327,1073192959,1073731583,1073741823,1073737727,1073741823,1073741823,1073741823:e11
1073741823,1073741823,1073741823,1073741823,1073741823,1073328127,1073594367,1073373183,1073192959,1073731583,1073741823,1073737727,1073741823,1073741823,1073741823:e11
1073741823,1073741823,1073741823,1073741823,1073741823,1073328127,1073594367,1073635327,1073192959,1073469439,1073741823,1073737727,1073741823,1073741823,1073741823:e11
1073741823,1073741823,1073741823,1073741823,1073741823,1073328127,1073594367,1073635327,1073127423,1073731583,1073741823,1073737727,1073741823,1073741823,1073741823:e11
1073741823,1073741823,1073741823,1073741823,1073741823,1073328127,1073594367,1073635327,1073192959,1073715199,1073741823,1073737727,1073741823,1073741823,1073741823:e11
