1073741823,1073741807,1073741823,1073741823,1072693247,1073741823,1073741823,1073709055,1073610751,1073741823,1073741823,1073741823,1073741823,1073741823,1073741823:g7
1073741823,1073741807,1073741823,1073741823,1072693247,1073741823,1073733631,1073709055,1073610495,1073741823,1073741823,1073741823,1073741823,1073741823,1073741823:f6
1073741823,1073741807,1073741823,1073741823,1072693247,1073741823,1073733375,1073709055,1073610751,1073741823,1073741823,1073741823,1073741823,1073741823,1073741823:f6
1073741823,1073741807,1073741823,1073741823,1072693247,1073741823,1073732607,1073709055,1073610751,1073741823,1073741823,1073741823,1073741823,1073741823,1073741823:f6
1073741823,1073741807,1073741823,1073741823,1072692991,1073741823,1073733631,1073709055,1073610751,1073741823,1073741823,1073741823,1073741823,1073741823,1073741823:j10
1073741823,1073741807,1073741823,1073741823,1072689151,1073741823,1073733631,1073709055,1073610751,1073741823,1073741823,1073741823,1073741823,1073741823,1073741823:f6
1073741823,1073741807,1073741823,1073741823,1072693247,1073737727,1073733631,1073709055,1073610751,1073741823,1073741823,1073741823,1073741823,1073741823,1073741823:f6
1073741823,1073741807,1073741823,1073741823,1072627711,1073741823,1073733631,1073709055,1073610751,1073741823,1073741823,1073741823,1073741823,1073741823,1073741823:f6
1073741823,1073741807,1073741823,1073741823,1072431103,1073741823,1073733631,1073709055,1073610751,1073741823,1073741823,1073741823,1073741823,1073741823,1073741823:f6
1073741823,1073741807,1073676287,1073741823,1072693247,1073741823,1073733631,1073709055,1073610751,1073741823,1073741823,1073741823,1073741823,1073741823,1073741823:f6
1073741823,1073741807,1073741823,1073479679,1072693247,1073741823,1073733631,1073709055,1073610751,1073741823,1073741823,1073741823,1073741823,1073741823,1073741823:f6
1073741823,1073741807,1072693247,1073741823,1072693247,1073741823,1073733631,1073709055,1073610751,1073741823,1073741823,1073741823,1073741823,1073741823,1073741823:f6
1073741823,1073741807,1073741823,1072693247,1072693247,1073741823,1073733631,1073709055,1073610751,1073741823,1073741823,1073741823,1073741823,1073741823,1073741823:f6
1073741823,1073741807,1056964607,1073741823,1072693247,1073741823,1073733631,1073709055,1073610751,1073741823,1073741823,1073741823,1073741823,1073741823,1073741823:f6
1073741823,1073741807,1073741823,1069547519,1072693247,1073741823,1073733631,1073709055,1073610751,1073741823,1073741823,1073741823,1073741823,1073741823,1073741823:f6
1073741823,1073741807,1073741823,1073741823,1055916031,1073741823,1073733631,1073709055,1073610751,1073741823,1073741823,1073741823,1073741823,1073741823,1073741823:f6
1073741823,1073741807,1073741823,1073741823,1068498943,1073741823,1073733631,1073709055,1073610751,1073741823,1073741823,1073741823,1073741823,1073741823,1073741823:f6
1073741823,1073741807,1073741823,1073741823,1072693247,1073741823,1056956415,1073709055,1073610751,1073741823,1073741823,1073741823,1073741823,1073741823,1073741823:f6
1073741823,1073741807,1073741823,1073741823,1072693247,1069547519,1073733631,1073709055,1073610751,1073741823,1073741823,1073741823,1073741823,1073741823,1073741823:f6
1073741823,1073741807,1073741823,1073741823,1072693247,1072693247,1073733631,1073709055,1073610751,1073741823,1073741823,1073741823,1073741823,1073741823,1073741823:f6
1073741823,1073741807,1073741823,1073741823,1072693247,1073741823,1073733631,1073709055,1073610751,1073741823,1073737727,1073741823,1073741823,1073741823,1073741823:f6
1073741823,1073741807,1073741823,1073741823,1072693247,1073741823,1072685055,1073709055,1073610751,1073741823,1073741823,1073741823,1073741823,1073741823,1073741823:f6
1073741823,1073741807,1073741823,1073741823,1072693247,1073741823,1073733631,1073709055,1072562175,1073741823,1073741823,1073741823,1073741823,1073741823,1073741823:f6
1073741823,1073741807,1073741823,1073741823,1072693247,1073741823,1073733631,1073709055,1073348607,1073741823,1073741823,1073741823,1073741823,1073741823,1073741823:f6
1073741823,1073741807,1073741823,1073741823,1072693247,1073741823,1073733631,1073709055,1073610751,1073741823,1072693247,1073741823,1073741823,1073741823,1073741823:f6
1073741823,1073741807,1073741823,1073741823,1072693247,1073741823,1073733631,1073709055,1073610751,1073741823,1073676287,1073741823,1073741823,1073741823,1073741823:f6
1073741823,1073741807,1073741823,1073741823,1072693247,1073741823,1073733631,1073709055,1073610751,1073676287,1073741823,1073741823,1073741823,1073741823,1073741823:f6
1073741823,1073741807,1073741823,1073741822,1072693247,1073741823,1073733631,1073709055,1073610751,1073741823,1073741823,1073741823,1073741823,1073741823,1073741823:f6
1073741823,1073741807,1073741819,1073741823,1072693247,1073741823,1073733631,1073709055,1073610751,1073741823,1073741823,1073741823,1073741823,1073741823,1073741823:f6
1073741823,1073741806,1073741823,1073741823,1072693247,1073741823,1073733631,1073709055,1073610751,1073741823,1073741823,1073741823,1073741823,1073741823,1073741823:f6
1073741823,1073741803,1073741823,1073741823,1072693247,1073741823,1073733631,1073709055,1073610751,1073741823,1073741823,1073741823,1073741823,1073741823,1073741823:f6
1073741819,1073741807,1073741823,1073741823,1072693247,1073741823,1073733631,1073709055,1073610751,1073741823,1073741823,1073741823,1073741823,1073741823,1073741823:f6
1073741807,1073741807,1073741823,1073741823,1072693247,1073741823,1073733631,1073709055,1073610751,1073741823,1073741823,1073741823,1073741823,1073741823,1073741823:f6
1073741759,1073741807,1073741823,1073741823,1072693247,1073741823,1073733631,1073709055,1073610751,1073741823,1073741823,1073741823,1073741823,1073741823,1073741823:f6
1073741823,1073741551,1073741823,1073741823,1072693247,1073741823,1073733631,1073709055,1073610751,1073741823,1073741823,1073741823,1073741823,1073741823,1073741823:f6
1073741823,1073741743,1073741823,1073741823,1072693247,1073741823,1073733631,1073709055,1073610751,1073741823,1073741823,1073741823,1073741823,1073741823,1073741823:f6
1073741823,1073741807,1073741823,1073741567,1072693247,1073741823,1073733631,1073709055,1073610751,1073741823,1073741823,1073741823,1073741823,1073741823,1073741823:f6
1073741823,1073741807,1073741759,1073741823,1072693247,1073741823,1073733631,1073709055,1073610751,1073741823,1073741823,1073741823,1073741823,1073741823,1073741823:f6
1073741823,1073741807,1073741823,1073741807,1072693247,1073741823,1073733631,1073709055,1073610751,1073741823,1073741823,1073741823,1073741823,1073741823,1073741823:f6
1073741823,1073741807,1073741807,1073741823,1072693247,1073741823,1073733631,1073709055,1073610751,1073741823,1073741823,1073741823,1073741823,1073741823,1073741823:f6
1073741823,1073741807,1073741823,1073741823,1072693247,1073741823,1073733631,1073709055,1073610751,1073740799,1073741823,1073741823,1073741823,1073741823,1073741823:f6
1073741823,1073741807,1073741823,1073741823,1072693247,1073741823,1073733631,1073709055,1073606655,1073741823,1073741823,1073741823,1073741823,1073741823,1073741823:f6
1073741823,1073741807,1073741823,1073741823,1072693247,1073741823,1073733631,1073708031,1073610751,1073741823,1073741823,1073741823,1073741823,1073741823,1073741823:f6
1073741823,1073741807,1073741823,1073741823,1072693247,1073741823,1073733631,1073704959,1073610751,1073741823,1073741823,1073741823,1073741823,1073741823,1073741823:f6
1073741823,1073741807,1073741823,1073741823,1072693247,1073740799,1073733631,1073709055,1073610751,1073741823,1073741823,1073741823,1073741823,1073741823,1073741823:i10
1073741823,1073741807,1073741823,1073741823,1072693247,1073740799,1073733631,1073709055,1073610751,1073610751,1073741823,1073737727,1073741823,1073741823,1073741823:j10
1073741823,1073741807,1073741823,1073741823,1072693247,1073740799,1073733631,1073709055,1073610751,1073610751,1073725439,1073741823,1073741823,1073741823,1073741823:i8
1073741823,1073741807,1073741823,1073741823,1072693247,1073740799,1073733631,1073709055,1073610751,1073606655,1073741823,1073741823,1073741823,1073741823,1073741823:i8
1073741823,1073741807,1073741823,1073741823,1072693247,1073740799,1073733631,1072660479,1073610751,1073610751,1073741823,1073741823,1073741823,1073741823,1073741823:i8
1073741823,1073741807,1073741823,1073741823,1072693247,1073740799,1073733631,1073709055,1073610751,1072562175,1073741823,1073741823,1073741823,1073741823,1073741823:i8
1073741823,1073741807,1073741823,1073741823,1072693247,1073740799,1073733631,1073709055,1073610751,1073610751,1073741823,1072693247,1073741823,1073741823,1073741823:i7
1073741823,1073741807,1073741823,1073741823,1072693247,1073740799,1073733631,1073709055,1073610751,1073610751,1073479679,1073741823,1073741823,1073741823,1073741823:j10
1073741823,1073741807,1073741823,1073741823,1072693247,1073740799,1073733631,1073709055,1073610751,1073610751,1073741823,1073676287,1073741823,1073741823,1073741823:j10
1073741823,1073741807,1073741823,1073741823,1072693247,1073740799,1073733631,1073708991,1073610751,1073610751,1073741823,1073741823,1073741823,1073741823,1073741823:j10
1073741823,1073741807,1073741823,1073741823,1072693247,1073740735,1073733631,1073709055,1073610751,1073610751,1073741823,1073741823,1073741823,1073741823,1073741823:j10
1073741823,1073741807,1073741823,1073741823,1072693247,1073740543,1073733631,1073709055,1073610751,1073610751,1073741823,1073741823,1073741823,1073741823,1073741823:j10
1073741823,1073741807,1073741823,1073741759,1072693247,1073740799,1073733631,1073709055,1073610751,1073610751,1073741823,1073741823,1073741823,1073741823,1073741823:j10
1073741823,1073741807,1073741823,1073740799,1072693247,1073740799,1073733631,1073709055,1073610751,1073610751,1073741823,1073741823,1073741823,1073741823,1073741823:j10
1073741823,1073741807,1073741823,1073741823,1072692223,1073740799,1073733631,1073709055,1073610751,1073610751,1073741823,1073741823,1073741823,1073741823,1073741823:j10
1073741823,1073741807,1073741823,1073725439,1072693247,1073740799,1073733631,1073709055,1073610751,1073610751,1073741823,1073741823,1073741823,1073741823,1073741823:j10
1073741823,1073741807,1073741823,1073741823,1072693247,1073740799,1073733631,1073709055,1073610495,1073610751,1073741823,1073741823,1073741823,1073741823,1073741823:j10
1073741823,1073741807,1073741823,1073741823,1072693247,1073740799,1073733375,1073709055,1073610751,1073610751,1073741823,1073741823,1073741823,1073741823,1073741823:j10
1073741823,1073741807,1073741823,1073741823,1072693247,1073740799,1073732607,1073709055,1073610751,1073610751,1073741823,1073741823,1073741823,1073741823,1073741823:j10
1073741823,1073741807,1073741823,1073741823,1072692991,1073740799,1073733631,1073709055,1073610751,1073610751,1073741823,1073741823,1073741823,1073741823,1073741823:j10
1073741823,1073741807,1073741823,1073741823,1072689151,1073740799,1073733631,1073709055,1073610751,1073610751,1073741823,1073741823,1073741823,1073741823,1073741823:j10
1073741823,1073741807,1073741823,1073741823,1072693247,1073736703,1073733631,1073709055,1073610751,1073610751,1073741823,1073741823,1073741823,1073741823,1073741823:j10
1073741823,1073741807,1073741823,1073741823,1072627711,1073740799,1073733631,1073709055,1073610751,1073610751,1073741823,1073741823,1073741823,1073741823,1073741823:j10
1073741823,1073741807,1073741823,1073741823,1072431103,1073740799,1073733631,1073709055,1073610751,1073610751,1073741823,1073741823,1073741823,1073741823,1073741823:j10
1073741823,1073741807,1073676287,1073741823,1072693247,1073740799,1073733631,1073709055,1073610751,1073610751,1073741823,1073741823,1073741823,1073741823,1073741823:j10
1073741823,1073741807,1073741823,1073479679,1072693247,1073740799,1073733631,1073709055,1073610751,1073610751,1073741823,1073741823,1073741823,1073741823,1073741823:j10
1073741823,1073741807,1072693247,1073741823,1072693247,1073740799,1073733631,1073709055,1073610751,1073610751,1073741823,1073741823,1073741823,1073741823,1073741823:j10
1073741823,1073741807,1073741823,1072693247,1072693247,1073740799,1073733631,1073709055,1073610751,1073610751,1073741823,1073741823,1073741823,1073741823,1073741823:j10
1073741823,1073741807,1056964607,1073741823,1072693247,1073740799,1073733631,1073709055,1073610751,1073610751,1073741823,1073741823,1073741823,1073741823,1073741823:j10
1073741823,1073741807,1073741823,1069547519,1072693247,1073740799,1073733631,1073709055,1073610751,1073610751,1073741823,1073741823,1073741823,1073741823,1073741823:j10
1073741823,1073741807,1073741823,1073741823,1055916031,1073740799,1073733631,1073709055,1073610751,1073610751,1073741823,1073741823,1073741823,1073741823,1073741823:j10
1073741823,1073741807,1073741823,1073741823,1068498943,1073740799,1073733631,1073709055,1073610751,1073610751,1073741823,1073741823,1073741823,1073741823,1073741823:j10
1073741823,1073741807,1073741823,1073741823,1072693247,1073740799,1056956415,1073709055,1073610751,1073610751,1073741823,1073741823,1073741823,1073741823,1073741823:j10
1073741823,1073741807,1073741823,1073741823,1072693247,1069546495,1073733631,1073709055,1073610751,1073610751,1073741823,1073741823,1073741823,1073741823,1073741823:j10
1073741823,1073741807,1073741823,1073741823,1072693247,1072692223,1073733631,1073709055,1073610751,1073610751,1073741823,1073741823,1073741823,1073741823,1073741823:j10
1073741823,1073741807,1073741823,1073741823,1072693247,1073740799,1073733631,1073709055,1073610751,1073610751,1073737727,1073741823,1073741823,1073741823,1073741823:h10
1073741823,1073741807,1073741823,1073741823,1072693247,1073740799,1073733631,1073709055,1073610751,1073577983,1073737727,1073479679,1073741823,1073741823,1073741823:j10
1073741823,1073741807,1073741823,1073741823,1072693247,1073740799,1073733631,1073709055,1073610751,1073577983,1073737727,1073741823,1073741567,1073741823,1073741823:j10
1073741823,1073741807,1073741823,1073741823,1072693247,1073740799,1073733631,1073709055,1073610751,1073577983,1073737727,1073740799,1073741823,1073741823,1073741823:j10
1073741823,1073741807,1073741823,1073741823,1072693247,1073740799,1073733631,1073709055,1073610751,1073577983,1073737471,1073741823,1073741823,1073741823,1073741823:j10
1073741823,1073741807,1073741823,1073741823,1072693247,1073740799,1073733631,1073709055,1073610751,1073577983,1073736703,1073741823,1073741823,1073741823,1073741823:j10
1073741823,1073741807,1073741823,1073741823,1072693247,1073740799,1073733631,1073709055,1073610751,1073577983,1073737727,1073741823,1073676287,1073741823,1073741823:j10
1073741823,1073741807,1073741823,1073741823,1072693247,1073740799,1073733631,1073709055,1073610751,1073577983,1073737727,1073725439,1073741823,1073741823,1073741823:j10
1073741823,1073741807,1073741823,1073741823,1072693247,1073740799,1073733631,1073709055,1073610751,1073577983,1073737727,1073741823,1073737727,1073741823,1073741823:j10
1073741823,1073741807,1073741823,1073741823,1072693247,1073740799,1073733631,1073709055,1073610751,1073577983,1073737727,1073737727,1073741823,1073741823,1073741823:j10
1073741823,1073741807,1073741823,1073741823,1072693247,1073740799,1073733631,1073709055,1073610751,1073577983,1073721343,1073741823,1073741823,1073741823,1073741823:j10
1073741823,1073741807,1073741823,1073741823,1072693247,1073740799,1073733631,1073709055,1073610751,1073573887,1073737727,1073741823,1073741823,1073741823,1073741823:h7
1073741823,1073741807,1073741823,1073741823,1072693247,1073740799,1073733631,1072660479,1073610751,1073577983,1073737727,1073741823,1073741823,1073741823,1073741823:j10
1073741823,1073741807,1073741823,1073741823,1072693247,1073740799,1073733631,1073709055,1073610751,1072529407,1073737727,1073741823,1073741823,1073741823,1073741823:j10
1073741823,1073741807,1073741823,1073741823,1072693247,1073740799,1073733631,1073709055,1073610751,1073577983,1073737727,1072693247,1073741823,1073741823,1073741823:j10
1073741823,1073741807,1073741823,1073741823,1072693247,1073740799,1073733631,1073709055,1073610751,1073577983,1073475583,1073741823,1073741823,1073741823,1073741823:j10
1073741823,1073741807,1073741823,1073741823,1072693247,1073740799,1073733631,1073709055,1073610751,1073577983,1073737727,1073676287,1073741823,1073741823,1073741823:j10
1073741823,1073741807,1073741823,1073741823,1072693247,1073740799,1073733631,1073708991,1073610751,1073577983,1073737727,1073741823,1073741823,1073741823,1073741823:j10
1073741823,1073741807,1073741823,1073741823,1072693247,1073740735,1073733631,1073709055,1073610751,1073577983,1073737727,1073741823,1073741823,1073741823,1073741823:j10
1073741823,1073741807,1073741823,1073741823,1072693247,1073740543,1073733631,1073709055,1073610751,1073577983,1073737727,1073741823,1073741823,1073741823,1073741823:j10
1073741823,1073741807,1073741823,1073741759,1072693247,1073740799,1073733631,1073709055,1073610751,1073577983,1073737727,1073741823,1073741823,1073741823,1073741823:j10
1073741823,1073741807,1073741823,1073740799,1072693247,1073740799,1073733631,1073709055,1073610751,1073577983,1073737727,1073741823,1073741823,1073741823,1073741823:j10
1073741823,1073741807,1073741823,1073741823,1072692223,1073740799,1073733631,1073709055,1073610751,1073577983,1073737727,1073741823,1073741823,1073741823,1073741823:j10
1073741823,1073741807,1073741823,1073725439,1072693247,1073740799,1073733631,1073709055,1073610751,1073577983,1073737727,1073741823,1073741823,1073741823,1073741823:j10
1073741823,1073741807,1073741823,1073741823,1072693247,1073740799,1073733631,1073709055,1073610495,1073577983,1073737727,1073741823,1073741823,1073741823,1073741823:j10
1073741823,1073741807,1073741823,1073741823,1072693247,1073740799,1073733375,1073709055,1073610751,1073577983,1073737727,1073741823,1073741823,1073741823,1073741823:j10
1073741823,1073741807,1073741823,1073741823,1072693247,1073740799,1073732607,1073709055,1073610751,1073577983,1073737727,1073741823,1073741823,1073741823,1073741823:j10
1073741823,1073741807,1073741823,1073741823,1072692991,1073740799,1073733631,1073709055,1073610751,1073577983,1073737727,1073741823,1073741823,1073741823,1073741823:j10
1073741823,1073741807,1073741823,1073741823,1072689151,1073740799,1073733631,1073709055,1073610751,1073577983,1073737727,1073741823,1073741823,1073741823,1073741823:j10
1073741823,1073741807,1073741823,1073741823,1072693247,1073736703,1073733631,1073709055,1073610751,1073577983,1073737727,1073741823,1073741823,1073741823,1073741823:j10
1073741823,1073741807,1073741823,1073741823,1072627711,1073740799,1073733631,1073709055,1073610751,1073577983,1073737727,1073741823,1073741823,1073741823,1073741823:j10
1073741823,1073741807,1073741823,1073741823,1072431103,1073740799,1073733631,1073709055,1073610751,1073577983,1073737727,1073741823,1073741823,1073741823,1073741823:j10
1073741823,1073741807,1073676287,1073741823,1072693247,1073740799,1073733631,1073709055,1073610751,1073577983,1073737727,1073741823,1073741823,1073741823,1073741823:j10
1073741823,1073741807,1073741823,1073479679,1072693247,1073740799,1073733631,1073709055,1073610751,1073577983,1073737727,1073741823,1073741823,1073741823,1073741823:j10
1073741823,1073741807,1072693247,1073741823,1072693247,1073740799,1073733631,1073709055,1073610751,1073577983,1073737727,1073741823,1073741823,1073741823,1073741823:j10
1073741823,1073741807,1073741823,1072693247,1072693247,1073740799,1073733631,1073709055,1073610751,1073577983,1073737727,1073741823,1073741823,1073741823,1073741823:j10
1073741823,1073741807,1056964607,1073741823,1072693247,1073740799,1073733631,1073709055,1073610751,1073577983,1073737727,1073741823,1073741823,1073741823,1073741823:j10
1073741823,1073741807,1073741823,1069547519,1072693247,1073740799,1073733631,1073709055,1073610751,1073577983,1073737727,1073741823,1073741823,1073741823,1073741823:j10
1073741823,1073741807,1073741823,1073741823,1055916031,1073740799,1073733631,1073709055,1073610751,1073577983,1073737727,1073741823,1073741823,1073741823,1073741823:j10
1073741823,1073741807,1073741823,1073741823,1068498943,1073740799,1073733631,1073709055,1073610751,1073577983,1073737727,1073741823,1073741823,1073741823,1073741823:j10
1073741823,1073741807,1073741823,1073741823,1072693247,1073740799,1056956415,1073709055,1073610751,1073577983,1073737727,1073741823,1073741823,1073741823,1073741823:j10
1073741823,1073741807,1073741823,1073741823,1072693247,1069546495,1073733631,1073709055,1073610751,1073577983,1073737727,1073741823,1073741823,1073741823,1073741823:j10
1073741823,1073741807,1073741823,1073741823,1072693247,1072692223,1073733631,1073709055,1073610751,1073577983,1073737727,1073741823,1073741823,1073741823,1073741823:j10
1073741823,1073741807,1073741823,1073741823,1072693247,1073740799,1072685055,1073709055,1073610751,1073577983,1073737727,1073741823,1073741823,1073741823,1073741823:j10
1073741823,1073741807,1073741823,1073741823,1072693247,1073740799,1073733631,1073709055,1072562175,1073577983,1073737727,1073741823,1073741823,1073741823,1073741823:j10
1073741823,1073741807,1073741823,1073741823,1072693247,1073740799,1073733631,1073709055,1073348607,1073577983,1073737727,1073741823,1073741823,1073741823,1073741823:j10
1073741823,1073741807,1073741823,1073741823,1072693247,1073740799,1073733631,1073709055,1073610751,1073577983,1072689151,1073741823,1073741823,1073741823,1073741823:h11
1073741823,1073741807,1073741823,1073741823,1072693247,1073740799,1073733631,1073709055,1073610751,1073577983,1073672191,1073741823,1073741823,1073741823,1073741823:j10
1073741823,1073741807,1073741823,1073741822,1072693247,1073740799,1073733631,1073709055,1073610751,1073577983,1073737727,1073741823,1073741823,1073741823,1073741823:j10
1073741823,1073741807,1073741819,1073741823,1072693247,1073740799,1073733631,1073709055,1073610751,1073577983,1073737727,1073741823,1073741823,1073741823,1073741823:j10
1073741823,1073741806,1073741823,1073741823,1072693247,1073740799,1073733631,1073709055,1073610751,1073577983,1073737727,1073741823,1073741823,1073741823,1073741823:j10
1073741823,1073741803,1073741823,1073741823,1072693247,1073740799,1073733631,1073709055,1073610751,1073577983,1073737727,1073741823,1073741823,1073741823,1073741823:j10
1073741819,1073741807,1073741823,1073741823,1072693247,1073740799,1073733631,1073709055,1073610751,1073577983,1073737727,1073741823,1073741823,1073741823,1073741823:j10
1073741807,1073741807,1073741823,1073741823,1072693247,1073740799,1073733631,1073709055,1073610751,1073577983,1073737727,1073741823,1073741823,1073741823,1073741823:j10
1073741759,1073741807,1073741823,1073741823,1072693247,1073740799,1073733631,1073709055,1073610751,1073577983,1073737727,1073741823,1073741823,1073741823,1073741823:j10
1073741823,1073741551,1073741823,1073741823,1072693247,1073740799,1073733631,1073709055,1073610751,1073577983,1073737727,1073741823,1073741823,1073741823,1073741823:j10
1073741823,1073741743,1073741823,1073741823,1072693247,1073740799,1073733631,1073709055,1073610751,1073577983,1073737727,1073741823,1073741823,1073741823,1073741823:j10
1073741823,1073741807,1073741823,1073741567,1072693247,1073740799,1073733631,1073709055,1073610751,1073577983,1073737727,1073741823,1073741823,1073741823,1073741823:j10
1073741823,1073741807,1073741759,1073741823,1072693247,1073740799,1073733631,1073709055,1073610751,1073577983,1073737727,1073741823,1073741823,1073741823,1073741823:j10
1073741823,1073741807,1073741823,1073741807,1072693247,1073740799,1073733631,1073709055,1073610751,1073577983,1073737727,1073741823,1073741823,1073741823,1073741823:j10
1073741823,1073741807,1073741807,1073741823,1072693247,1073740799,1073733631,1073709055,1073610751,1073577983,1073737727,1073741823,1073741823,1073741823,1073741823:j10
1073741823,1073741807,1073741823,1073741823,1072693247,1073740799,1073733631,1073709055,1073610751,1073576959,1073737727,1073741823,1073741823,1073741823,1073741823:j10
1073741823,1073741807,1073741823,1073741823,1072693247,1073740799,1073733631,1073709055,1073606655,1073577983,1073737727,1073741823,1073741823,1073741823,1073741823:j10
1073741823,1073741807,1073741823,1073741823,1072693247,1073740799,1073733631,1073708031,1073610751,1073577983,1073737727,1073741823,1073741823,1073741823,1073741823:j10
1073741823,1073741807,1073741823,1073741823,1072693247,1073740799,1073733631,1073704959,1073610751,1073577983,1073737727,1073741823,1073741823,1073741823,1073741823:j10
1073741823,1073741807,1073741823,1073741823,1072693247,1073724415,1073733631,1073709055,1073610751,1073577983,1073737727,1073741823,1073741823,1073741823,1073741823:j10
1073741823,1073741807,1073741823,1073741823,1072693247,1073740799,1073717247,1073709055,1073610751,1073577983,1073737727,1073741823,1073741823,1073741823,1073741823:j10
1073741823,1073741807,1073741823,1073741823,1072693247,1073478655,1073733631,1073709055,1073610751,1073577983,1073737727,1073741823,1073741823,1073741823,1073741823:j10
1073741823,1073741807,1073741823,1073741823,1072693247,1073740799,1073668095,1073709055,1073610751,1073577983,1073737727,1073741823,1073741823,1073741823,1073741823:j10
1073741823,1073741807,1073741823,1073741823,1072693247,1073740799,1073733631,1073446911,1073610751,1073577983,1073737727,1073741823,1073741823,1073741823,1073741823:j10
1073741823,1073741807,1073741823,1073741823,1072693247,1073740799,1073733631,1073643519,1073610751,1073577983,1073737727,1073741823,1073741823,1073741823,1073741823:j10
1073741823,1073741807,1073741823,1073741823,1072693247,1073740799,1073733631,1073709055,1073610751,1073315839,1073737727,1073741823,1073741823,1073741823,1073741823:h7
1073741823,1073741807,1073741823,1073741823,1072693247,1073740799,1073733631,1073709055,1073594367,1073577983,1073737727,1073741823,1073741823,1073741823,1073741823:j10
1073741823,1073741807,1073741823,1073741823,1072693247,1073740799,1072685055,1073709055,1073610751,1073610751,1073741823,1073741823,1073741823,1073741823,1073741823:i7
1073741823,1073741807,1073741823,1073741823,1072693247,1073740799,1073733631,1073709055,1072562175,1073610751,1073741823,1073741823,1073741823,1073741823,1073741823:i7
1073741823,1073741807,1073741823,1073741823,1072693247,1073740799,1073733631,1073709055,1073348607,1073610751,1073741823,1073741823,1073741823,1073741823,1073741823:j10
1073741823,1073741807,1073741823,1073741823,1072693247,1073740799,1073733631,1073709055,1073610751,1073610751,1072693247,1073741823,1073741823,1073741823,1073741823:i8
1073741823,1073741807,1073741823,1073741823,1072693247,1073740799,1073733631,1073709055,1073610751,1073610751,1073676287,1073741823,1073741823,1073741823,1073741823:h10
1073741823,1073741807,1073741823,1073741823,1072693247,1073740799,1073733631,1073709055,1073610751,1073577983,1073676287,1073740799,1073741823,1073741823,1073741823:j10
1073741823,1073741807,1073741823,1073741823,1072693247,1073740799,1073733631,1073709055,1073610751,1073577983,1073676287,1073741823,1073737727,1073741823,1073741823:j10
1073741823,1073741807,1073741823,1073741823,1072693247,1073740799,1073733631,1073709055,1073610751,1073577983,1073676287,1073725439,1073741823,1073741823,1073741823:j10
1073741823,1073741807,1073741823,1073741823,1072693247,1073740799,1073733631,1073709055,1073610751,1073577983,1073676287,1073741823,1072693247,1073741823,1073741823:j10
1073741823,1073741807,1073741823,1073741823,1072693247,1073740799,1073733631,1073709055,1073610751,1073577983,1073676287,1073479679,1073741823,1073741823,1073741823:j10
1073741823,1073741807,1073741823,1073741823,1072693247,1073740799,1073733631,1073709055,1073610751,1073577983,1073676287,1073741823,1073676287,1073741823,1073741823:j10
1073741823,1073741807,1073741823,1073741823,1072693247,1073740799,1073733631,1073709055,1073610751,1073577983,1073676287,1073737727,1073741823,1073741823,1073741823:j10
1073741823,1073741807,1073741823,1073741823,1072693247,1073740799,1073733631,1073709055,1073610751,1073577983,1073659903,1073741823,1073741823,1073741823,1073741823:j10
1073741823,1073741807,1073741823,1073741823,1072693247,1073740799,1073733631,1073709055,1073610751,1073573887,1073676287,1073741823,1073741823,1073741823,1073741823:h11
1073741823,1073741807,1073741823,1073741823,1072693247,1073740799,1073733631,1072660479,1073610751,1073577983,1073676287,1073741823,1073741823,1073741823,1073741823:j10
1073741823,1073741807,1073741823,1073741823,1072693247,1073740799,1073733631,1073709055,1073610751,1072529407,1073676287,1073741823,1073741823,1073741823,1073741823:j10
1073741823,1073741807,1073741823,1073741823,1072693247,1073740799,1073733631,1073709055,1073610751,1073577983,1073676287,1072693247,1073741823,1073741823,1073741823:j10
1073741823,1073741807,1073741823,1073741823,1072693247,1073740799,1073733631,1073709055,1073610751,1073577983,1073414143,1073741823,1073741823,1073741823,1073741823:j10
1073741823,1073741807,1073741823,1073741823,1072693247,1073740799,1073733631,1073709055,1073610751,1073577983,1073676287,1073676287,1073741823,1073741823,1073741823:j10
1073741823,1073741807,1073741823,1073741823,1072693247,1073740799,1073733631,1073708991,1073610751,1073577983,1073676287,1073741823,1073741823,1073741823,1073741823:j10
1073741823,1073741807,1073741823,1073741823,1072693247,1073740735,1073733631,1073709055,1073610751,1073577983,1073676287,1073741823,1073741823,1073741823,1073741823:j10
1073741823,1073741807,1073741823,1073741823,1072693247,1073740543,1073733631,1073709055,1073610751,1073577983,1073676287,1073741823,1073741823,1073741823,1073741823:j10
1073741823,1073741807,1073741823,1073741759,1072693247,1073740799,1073733631,1073709055,1073610751,1073577983,1073676287,1073741823,1073741823,1073741823,1073741823:j10
1073741823,1073741807,1073741823,1073740799,1072693247,1073740799,1073733631,1073709055,1073610751,1073577983,1073676287,1073741823,1073741823,1073741823,1073741823:j10
1073741823,1073741807,1073741823,1073741823,1072692223,1073740799,1073733631,1073709055,1073610751,1073577983,1073676287,1073741823,1073741823,1073741823,1073741823:j10
1073741823,1073741807,1073741823,1073725439,1072693247,1073740799,1073733631,1073709055,1073610751,1073577983,1073676287,1073741823,1073741823,1073741823,1073741823:j10
1073741823,1073741807,1073741823,1073741823,1072693247,1073740799,1073733631,1073709055,1073610495,1073577983,1073676287,1073741823,1073741823,1073741823,1073741823:j10
1073741823,1073741807,1073741823,1073741823,1072693247,1073740799,1073733375,1073709055,1073610751,1073577983,1073676287,1073741823,1073741823,1073741823,1073741823:j10
1073741823,1073741807,1073741823,1073741823,1072693247,1073740799,1073732607,1073709055,1073610751,1073577983,1073676287,1073741823,1073741823,1073741823,1073741823:j10
1073741823,1073741807,1073741823,1073741823,1072692991,1073740799,1073733631,1073709055,1073610751,1073577983,1073676287,1073741823,1073741823,1073741823,1073741823:j10
1073741823,1073741807,1073741823,1073741823,1072689151,1073740799,1073733631,1073709055,1073610751,1073577983,1073676287,1073741823,1073741823,1073741823,1073741823:j10
1073741823,1073741807,1073741823,1073741823,1072693247,1073736703,1073733631,1073709055,1073610751,1073577983,1073676287,1073741823,1073741823,1073741823,1073741823:j10
1073741823,1073741807,1073741823,1073741823,1072627711,1073740799,1073733631,1073709055,1073610751,1073577983,1073676287,1073741823,1073741823,1073741823,1073741823:j10
1073741823,1073741807,1073741823,1073741823,1072431103,1073740799,1073733631,1073709055,1073610751,1073577983,1073676287,1073741823,1073741823,1073741823,1073741823:j10
1073741823,1073741807,1073676287,1073741823,1072693247,1073740799,1073733631,1073709055,1073610751,1073577983,1073676287,1073741823,1073741823,1073741823,1073741823:j10
1073741823,1073741807,1073741823,1073479679,1072693247,1073740799,1073733631,1073709055,1073610751,1073577983,1073676287,1073741823,1073741823,1073741823,1073741823:j10
1073741823,1073741807,1072693247,1073741823,1072693247,1073740799,1073733631,1073709055,1073610751,1073577983,1073676287,1073741823,1073741823,1073741823,1073741823:j10
1073741823,1073741807,1073741823,1072693247,1072693247,1073740799,1073733631,1073709055,1073610751,1073577983,1073676287,1073741823,1073741823,1073741823,1073741823:j10
1073741823,1073741807,1056964607,1073741823,1072693247,1073740799,1073733631,1073709055,1073610751,1073577983,1073676287,1073741823,1073741823,1073741823,1073741823:j10
1073741823,1073741807,1073741823,1069547519,1072693247,1073740799,1073733631,1073709055,1073610751,1073577983,1073676287,1073741823,1073741823,1073741823,1073741823:j10
1073741823,1073741807,1073741823,1073741823,1055916031,1073740799,1073733631,1073709055,1073610751,1073577983,1073676287,1073741823,1073741823,1073741823,1073741823:j10
1073741823,1073741807,1073741823,1073741823,1068498943,1073740799,1073733631,1073709055,1073610751,1073577983,1073676287,1073741823,1073741823,1073741823,1073741823:j10
1073741823,1073741807,1073741823,1073741823,1072693247,1073740799,1056956415,1073709055,1073610751,1073577983,1073676287,1073741823,1073741823,1073741823,1073741823:j10
1073741823,1073741807,1073741823,1073741823,1072693247,1069546495,1073733631,1073709055,1073610751,1073577983,1073676287,1073741823,1073741823,1073741823,1073741823:j10
1073741823,1073741807,1073741823,1073741823,1072693247,1072692223,1073733631,1073709055,1073610751,1073577983,1073676287,1073741823,1073741823,1073741823,1073741823:j10
1073741823,1073741807,1073741823,1073741823,1072693247,1073740799,1073733631,1073709055,1073610751,1073577983,1073672191,1073741823,1073741823,1073741823,1073741823:j10
1073741823,1073741807,1073741823,1073741823,1072693247,1073740799,1072685055,1073709055,1073610751,1073577983,1073676287,1073741823,1073741823,1073741823,1073741823:j10
1073741823,1073741807,1073741823,1073741823,1072693247,1073740799,1073733631,1073709055,1072562175,1073577983,1073676287,1073741823,1073741823,1073741823,1073741823:j10
1073741823,1073741807,1073741823,1073741823,1072693247,1073740799,1073733631,1073709055,1073348607,1073577983,1073676287,1073741823,1073741823,1073741823,1073741823:j10
1073741823,1073741807,1073741823,1073741823,1072693247,1073740799,1073733631,1073709055,1073610751,1073577983,1072627711,1073741823,1073741823,1073741823,1073741823:h11
1073741823,1073741807,1073741823,1073741822,1072693247,1073740799,1073733631,1073709055,1073610751,1073577983,1073676287,1073741823,1073741823,1073741823,1073741823:j10
1073741823,1073741807,1073741819,1073741823,1072693247,1073740799,1073733631,1073709055,1073610751,1073577983,1073676287,1073741823,1073741823,1073741823,1073741823:j10
1073741823,1073741806,1073741823,1073741823,1072693247,1073740799,1073733631,1073709055,1073610751,1073577983,1073676287,1073741823,1073741823,1073741823,1073741823:j10
1073741823,1073741803,1073741823,1073741823,1072693247,1073740799,1073733631,1073709055,1073610751,1073577983,1073676287,1073741823,1073741823,1073741823,1073741823:j10
1073741819,1073741807,1073741823,1073741823,1072693247,1073740799,1073733631,1073709055,1073610751,1073577983,1073676287,1073741823,1073741823,1073741823,1073741823:j10
1073741807,1073741807,1073741823,1073741823,1072693247,1073740799,1073733631,1073709055,1073610751,1073577983,1073676287,1073741823,1073741823,1073741823,1073741823:j10
1073741759,1073741807,1073741823,1073741823,1072693247,1073740799,1073733631,1073709055,1073610751,1073577983,1073676287,1073741823,1073741823,1073741823,1073741823:j10
1073741823,1073741551,1073741823,1073741823,1072693247,1073740799,1073733631,1073709055,1073610751,1073577983,1073676287,1073741823,1073741823,1073741823,1073741823:j10
1073741823,1073741743,1073741823,1073741823,1072693247,1073740799,1073733631,1073709055,1073610751,1073577983,1073676287,1073741823,1073741823,1073741823,1073741823:j10
1073741823,1073741807,1073741823,1073741567,1072693247,1073740799,1073733631,1073709055,1073610751,1073577983,1073676287,1073741823,1073741823,1073741823,1073741823:j10
1073741823,1073741807,1073741759,1073741823,1072693247,1073740799,1073733631,1073709055,1073610751,1073577983,1073676287,1073741823,1073741823,1073741823,1073741823:j10
1073741823,1073741807,1073741823,1073741807,1072693247,1073740799,1073733631,1073709055,1073610751,1073577983,1073676287,1073741823,1073741823,1073741823,1073741823:j10
1073741823,1073741807,1073741807,1073741823,1072693247,1073740799,1073733631,1073709055,1073610751,1073577983,1073676287,1073741823,1073741823,1073741823,1073741823:j10
1073741823,1073741807,1073741823,1073741823,1072693247,1073740799,1073733631,1073709055,1073610751,1073576959,1073676287,1073741823,1073741823,1073741823,1073741823:j10
1073741823,1073741807,1073741823,1073741823,1072693247,1073740799,1073733631,1073709055,1073606655,1073577983,1073676287,1073741823,1073741823,1073741823,1073741823:j10
1073741823,1073741807,1073741823,1073741823,1072693247,1073740799,1073733631,1073708031,1073610751,1073577983,1073676287,1073741823,1073741823,1073741823,1073741823:j10
1073741823,1073741807,1073741823,1073741823,1072693247,1073740799,1073733631,1073704959,1073610751,1073577983,1073676287,1073741823,1073741823,1073741823,1073741823:j10
1073741823,1073741807,1073741823,1073741823,1072693247,1073724415,1073733631,1073709055,1073610751,1073577983,1073676287,1073741823,1073741823,1073741823,1073741823:j10
1073741823,1073741807,1073741823,1073741823,1072693247,1073740799,1073717247,1073709055,1073610751,1073577983,1073676287,1073741823,1073741823,1073741823,1073741823:j10
1073741823,1073741807,1073741823,1073741823,1072693247,1073478655,1073733631,1073709055,1073610751,1073577983,1073676287,1073741823,1073741823,1073741823,1073741823:j10
1073741823,1073741807,1073741823,1073741823,1072693247,1073740799,1073668095,1073709055,1073610751,1073577983,1073676287,1073741823,1073741823,1073741823,1073741823:j10
1073741823,1073741807,1073741823,1073741823,1072693247,1073740799,1073733631,1073446911,1073610751,1073577983,1073676287,1073741823,1073741823,1073741823,1073741823:j10
1073741823,1073741807,1073741823,1073741823,1072693247,1073740799,1073733631,1073643519,1073610751,1073577983,1073676287,1073741823,1073741823,1073741823,1073741823:j10
1073741823,1073741807,1073741823,1073741823,1072693247,1073740799,1073733631,1073709055,1073610751,1073315839,1073676287,1073741823,1073741823,1073741823,1073741823:h9
1073741823,1073741807,1073741823,1073741823,1072693247,1073740799,1073733631,1073709055,1073594367,1073577983,1073676287,1073741823,1073741823,1073741823,1073741823:j10
1073741823,1073741807,1073741823,1073741822,1072693247,1073740799,1073733631,1073709055,1073610751,1073610751,1073741823,1073741823,1073741823,1073741823,1073741823:j10
1073741823,1073741807,1073741819,1073741823,1072693247,1073740799,1073733631,1073709055,1073610751,1073610751,1073741823,1073741823,1073741823,1073741823,1073741823:j10
1073741823,1073741806,1073741823,1073741823,1072693247,1073740799,1073733631,1073709055,1073610751,1073610751,1073741823,1073741823,1073741823,1073741823,1073741823:j10
1073741823,1073741803,1073741823,1073741823,1072693247,1073740799,1073733631,1073709055,1073610751,1073610751,1073741823,1073741823,1073741823,1073741823,1073741823:j10
1073741819,1073741807,1073741823,1073741823,1072693247,1073740799,1073733631,1073709055,1073610751,1073610751,1073741823,1073741823,1073741823,1073741823,1073741823:j10
1073741807,1073741807,1073741823,1073741823,1072693247,1073740799,1073733631,1073709055,1073610751,1073610751,1073741823,1073741823,1073741823,1073741823,1073741823:j10
1073741759,1073741807,1073741823,1073741823,1072693247,1073740799,1073733631,1073709055,1073610751,1073610751,1073741823,1073741823,1073741823,1073741823,1073741823:j10
1073741823,1073741551,1073741823,1073741823,1072693247,1073740799,1073733631,1073709055,1073610751,1073610751,1073741823,1073741823,1073741823,1073741823,1073741823:j10
1073741823,1073741743,1073741823,1073741823,1072693247,1073740799,1073733631,1073709055,1073610751,1073610751,1073741823,1073741823,1073741823,1073741823,1073741823:j10
1073741823,1073741807,1073741823,1073741567,1072693247,1073740799,1073733631,1073709055,1073610751,1073610751,1073741823,1073741823,1073741823,1073741823,1073741823:j10
1073741823,1073741807,1073741759,1073741823,1072693247,1073740799,1073733631,1073709055,1073610751,1073610751,1073741823,1073741823,1073741823,1073741823,1073741823:j10
1073741823,1073741807,1073741823,1073741807,1072693247,1073740799,1073733631,1073709055,1073610751,1073610751,1073741823,1073741823,1073741823,1073741823,1073741823:j10
1073741823,1073741807,1073741807,1073741823,1072693247,1073740799,1073733631,1073709055,1073610751,1073610751,1073741823,1073741823,1073741823,1073741823,1073741823:j10
1073741823,1073741807,1073741823,1073741823,1072693247,1073740799,1073733631,1073709055,1073610751,1073609727,1073741823,1073741823,1073741823,1073741823,1073741823:j10
1073741823,1073741807,1073741823,1073741823,1072693247,1073740799,1073733631,1073709055,1073606655,1073610751,1073741823,1073741823,1073741823,1073741823,1073741823:j10
1073741823,1073741807,1073741823,1073741823,1072693247,1073740799,1073733631,1073708031,1073610751,1073610751,1073741823,1073741823,1073741823,1073741823,1073741823:j10
1073741823,1073741807,1073741823,1073741823,1072693247,1073740799,1073733631,1073704959,1073610751,1073610751,1073741823,1073741823,1073741823,1073741823,1073741823:j10
1073741823,1073741807,1073741823,1073741823,1072693247,1073724415,1073733631,1073709055,1073610751,1073610751,1073741823,1073741823,1073741823,1073741823,1073741823:j10
1073741823,1073741807,1073741823,1073741823,1072693247,1073740799,1073717247,1073709055,1073610751,1073610751,1073741823,1073741823,1073741823,1073741823,1073741823:j10
1073741823,1073741807,1073741823,1073741823,1072693247,1073478655,1073733631,1073709055,1073610751,1073610751,1073741823,1073741823,1073741823,1073741823,1073741823:j10
1073741823,1073741807,1073741823,1073741823,1072693247,1073740799,1073668095,1073709055,1073610751,1073610751,1073741823,1073741823,1073741823,1073741823,1073741823:j10
1073741823,1073741807,1073741823,1073741823,1072693247,1073740799,1073733631,1073446911,1073610751,1073610751,1073741823,1073741823,1073741823,1073741823,1073741823:j10
1073741823,1073741807,1073741823,1073741823,1072693247,1073740799,1073733631,1073643519,1073610751,1073610751,1073741823,1073741823,1073741823,1073741823,1073741823:h9
1073741823,1073741807,1073741823,1073741823,1072693247,1073740799,1073733631,1073643519,1073577983,1073610751,1073740799,1073741823,1073741823,1073741823,1073741823:j10
1073741823,1073741807,1073741823,1073741823,1072693247,1073740799,1073733631,1073643519,1073576959,1073610751,1073741823,1073741823,1073741823,1073741823,1073741823:j10
1073741823,1073741807,1073741823,1073741823,1072693247,1073675263,1073733631,1073643519,1073577983,1073610751,1073741823,1073741823,1073741823,1073741823,1073741823:j10
1073741823,1073741807,1073741823,1073741823,1072693247,1073740799,1073471487,1073643519,1073577983,1073610751,1073741823,1073741823,1073741823,1073741823,1073741823:j10
1073741823,1073741807,1073741823,1073741823,1072693247,1073740799,1073733631,1073643519,1073577983,1073610751,1073741823,1073737727,1073741823,1073741823,1073741823:j10
1073741823,1073741807,1073741823,1073741823,1072693247,1073740799,1073733631,1073643519,1073577983,1073610751,1073725439,1073741823,1073741823,1073741823,1073741823:j10
1073741823,1073741807,1073741823,1073741823,1072693247,1073740799,1073733631,1073643519,1073577983,1073606655,1073741823,1073741823,1073741823,1073741823,1073741823:h7
1073741823,1073741807,1073741823,1073741823,1072693247,1073740799,1073733631,1072594943,1073577983,1073610751,1073741823,1073741823,1073741823,1073741823,1073741823:j10
1073741823,1073741807,1073741823,1073741823,1072693247,1073740799,1073733631,1073643519,1073577983,1072562175,1073741823,1073741823,1073741823,1073741823,1073741823:h7
1073741823,1073741807,1073741823,1073741823,1072693247,1073740799,1073733631,1073643519,1073577983,1073610751,1073741823,1072693247,1073741823,1073741823,1073741823:j10
1073741823,1073741807,1073741823,1073741823,1072693247,1073740799,1073733631,1073643519,1073577983,1073610751,1073479679,1073741823,1073741823,1073741823,1073741823:j10
1073741823,1073741807,1073741823,1073741823,1072693247,1073740799,1073733631,1073643519,1073577983,1073610751,1073741823,1073676287,1073741823,1073741823,1073741823:j10
1073741823,1073741807,1073741823,1073741823,1072693247,1073740799,1073733631,1073643455,1073577983,1073610751,1073741823,1073741823,1073741823,1073741823,1073741823:j10
1073741823,1073741807,1073741823,1073741823,1072693247,1073740735,1073733631,1073643519,1073577983,1073610751,1073741823,1073741823,1073741823,1073741823,1073741823:j10
1073741823,1073741807,1073741823,1073741823,1072693247,1073740543,1073733631,1073643519,1073577983,1073610751,1073741823,1073741823,1073741823,1073741823,1073741823:j10
1073741823,1073741807,1073741823,1073741759,1072693247,1073740799,1073733631,1073643519,1073577983,1073610751,1073741823,1073741823,1073741823,1073741823,1073741823:j10
1073741823,1073741807,1073741823,1073740799,1072693247,1073740799,1073733631,1073643519,1073577983,1073610751,1073741823,1073741823,1073741823,1073741823,1073741823:j10
1073741823,1073741807,1073741823,1073741823,1072692223,1073740799,1073733631,1073643519,1073577983,1073610751,1073741823,1073741823,1073741823,1073741823,1073741823:j10
1073741823,1073741807,1073741823,1073725439,1072693247,1073740799,1073733631,1073643519,1073577983,1073610751,1073741823,1073741823,1073741823,1073741823,1073741823:j10
1073741823,1073741807,1073741823,1073741823,1072693247,1073740799,1073733631,1073643519,1073577727,1073610751,1073741823,1073741823,1073741823,1073741823,1073741823:j10
1073741823,1073741807,1073741823,1073741823,1072693247,1073740799,1073733375,1073643519,1073577983,1073610751,1073741823,1073741823,1073741823,1073741823,1073741823:j10
1073741823,1073741807,1073741823,1073741823,1072693247,1073740799,1073732607,1073643519,1073577983,1073610751,1073741823,1073741823,1073741823,1073741823,1073741823:j10
1073741823,1073741807,1073741823,1073741823,1072692991,1073740799,1073733631,1073643519,1073577983,1073610751,1073741823,1073741823,1073741823,1073741823,1073741823:j10
1073741823,1073741807,1073741823,1073741823,1072689151,1073740799,1073733631,1073643519,1073577983,1073610751,1073741823,1073741823,1073741823,1073741823,1073741823:j10
1073741823,1073741807,1073741823,1073741823,1072693247,1073736703,1073733631,1073643519,1073577983,1073610751,1073741823,1073741823,1073741823,1073741823,1073741823:j10
1073741823,1073741807,1073741823,1073741823,1072627711,1073740799,1073733631,1073643519,1073577983,1073610751,1073741823,1073741823,1073741823,1073741823,1073741823:j10
1073741823,1073741807,1073741823,1073741823,1072431103,1073740799,1073733631,1073643519,1073577983,1073610751,1073741823,1073741823,1073741823,1073741823,1073741823:j10
1073741823,1073741807,1073676287,1073741823,1072693247,1073740799,1073733631,1073643519,1073577983,1073610751,1073741823,1073741823,1073741823,1073741823,1073741823:j10
1073741823,1073741807,1073741823,1073479679,1072693247,1073740799,1073733631,1073643519,1073577983,1073610751,1073741823,1073741823,1073741823,1073741823,1073741823:j10
1073741823,1073741807,1072693247,1073741823,1072693247,1073740799,1073733631,1073643519,1073577983,1073610751,1073741823,1073741823,1073741823,1073741823,1073741823:j10
1073741823,1073741807,1073741823,1072693247,1072693247,1073740799,1073733631,1073643519,1073577983,1073610751,1073741823,1073741823,1073741823,1073741823,1073741823:j10
1073741823,1073741807,1056964607,1073741823,1072693247,1073740799,1073733631,1073643519,1073577983,1073610751,1073741823,1073741823,1073741823,1073741823,1073741823:j10
1073741823,1073741807,1073741823,1069547519,1072693247,1073740799,1073733631,1073643519,1073577983,1073610751,1073741823,1073741823,1073741823,1073741823,1073741823:j10
1073741823,1073741807,1073741823,1073741823,1055916031,1073740799,1073733631,1073643519,1073577983,1073610751,1073741823,1073741823,1073741823,1073741823,1073741823:j10
1073741823,1073741807,1073741823,1073741823,1068498943,1073740799,1073733631,1073643519,1073577983,1073610751,1073741823,1073741823,1073741823,1073741823,1073741823:j10
1073741823,1073741807,1073741823,1073741823,1072693247,1073740799,1056956415,1073643519,1073577983,1073610751,1073741823,1073741823,1073741823,1073741823,1073741823:j10
1073741823,1073741807,1073741823,1073741823,1072693247,1069546495,1073733631,1073643519,1073577983,1073610751,1073741823,1073741823,1073741823,1073741823,1073741823:j10
1073741823,1073741807,1073741823,1073741823,1072693247,1072692223,1073733631,1073643519,1073577983,1073610751,1073741823,1073741823,1073741823,1073741823,1073741823:j10
1073741823,1073741807,1073741823,1073741823,1072693247,1073740799,1073733631,1073643519,1073577983,1073610751,1073737727,1073741823,1073741823,1073741823,1073741823:j10
1073741823,1073741807,1073741823,1073741823,1072693247,1073740799,1072685055,1073643519,1073577983,1073610751,1073741823,1073741823,1073741823,1073741823,1073741823:j10
1073741823,1073741807,1073741823,1073741823,1072693247,1073740799,1073733631,1073643519,1072529407,1073610751,1073741823,1073741823,1073741823,1073741823,1073741823:j10
1073741823,1073741807,1073741823,1073741823,1072693247,1073740799,1073733631,1073643519,1073315839,1073610751,1073741823,1073741823,1073741823,1073741823,1073741823:j10
1073741823,1073741807,1073741823,1073741823,1072693247,1073740799,1073733631,1073643519,1073577983,1073610751,1072693247,1073741823,1073741823,1073741823,1073741823:h7
1073741823,1073741807,1073741823,1073741823,1072693247,1073740799,1073733631,1073643519,1073577983,1073610751,1073676287,1073741823,1073741823,1073741823,1073741823:j10
1073741823,1073741807,1073741823,1073741822,1072693247,1073740799,1073733631,1073643519,1073577983,1073610751,1073741823,1073741823,1073741823,1073741823,1073741823:j10
1073741823,1073741807,1073741819,1073741823,1072693247,1073740799,1073733631,1073643519,1073577983,1073610751,1073741823,1073741823,1073741823,1073741823,1073741823:j10
1073741823,1073741806,1073741823,1073741823,1072693247,1073740799,1073733631,1073643519,1073577983,1073610751,1073741823,1073741823,1073741823,1073741823,1073741823:j10
1073741823,1073741803,1073741823,1073741823,1072693247,1073740799,1073733631,1073643519,1073577983,1073610751,1073741823,1073741823,1073741823,1073741823,1073741823:j10
1073741819,1073741807,1073741823,1073741823,1072693247,1073740799,1073733631,1073643519,1073577983,1073610751,1073741823,1073741823,1073741823,1073741823,1073741823:j10
1073741807,1073741807,1073741823,1073741823,1072693247,1073740799,1073733631,1073643519,1073577983,1073610751,1073741823,1073741823,1073741823,1073741823,1073741823:j10
1073741759,1073741807,1073741823,1073741823,1072693247,1073740799,1073733631,1073643519,1073577983,1073610751,1073741823,1073741823,1073741823,1073741823,1073741823:j10
1073741823,1073741551,1073741823,1073741823,1072693247,1073740799,1073733631,1073643519,1073577983,1073610751,1073741823,1073741823,1073741823,1073741823,1073741823:j10
1073741823,1073741743,1073741823,1073741823,1072693247,1073740799,1073733631,1073643519,1073577983,1073610751,1073741823,1073741823,1073741823,1073741823,1073741823:j10
1073741823,1073741807,1073741823,1073741567,1072693247,1073740799,1073733631,1073643519,1073577983,1073610751,1073741823,1073741823,1073741823,1073741823,1073741823:j10
1073741823,1073741807,1073741759,1073741823,1072693247,1073740799,1073733631,1073643519,1073577983,1073610751,1073741823,1073741823,1073741823,1073741823,1073741823:j10
1073741823,1073741807,1073741823,1073741807,1072693247,1073740799,1073733631,1073643519,1073577983,1073610751,1073741823,1073741823,1073741823,1073741823,1073741823:j10
1073741823,1073741807,1073741807,1073741823,1072693247,1073740799,1073733631,1073643519,1073577983,1073610751,1073741823,1073741823,1073741823,1073741823,1073741823:j10
1073741823,1073741807,1073741823,1073741823,1072693247,1073740799,1073733631,1073643519,1073577983,1073609727,1073741823,1073741823,1073741823,1073741823,1073741823:j10
1073741823,1073741807,1073741823,1073741823,1072693247,1073740799,1073733631,1073643519,1073573887,1073610751,1073741823,1073741823,1073741823,1073741823,1073741823:j10
1073741823,1073741807,1073741823,1073741823,1072693247,1073740799,1073733631,1073642495,1073577983,1073610751,1073741823,1073741823,1073741823,1073741823,1073741823:j10
1073741823,1073741807,1073741823,1073741823,1072693247,1073740799,1073733631,1073639423,1073577983,1073610751,1073741823,1073741823,1073741823,1073741823,1073741823:j10
1073741823,1073741807,1073741823,1073741823,1072693247,1073724415,1073733631,1073643519,1073577983,1073610751,1073741823,1073741823,1073741823,1073741823,1073741823:j10
1073741823,1073741807,1073741823,1073741823,1072693247,1073740799,1073717247,1073643519,1073577983,1073610751,1073741823,1073741823,1073741823,1073741823,1073741823:j10
1073741823,1073741807,1073741823,1073741823,1072693247,1073478655,1073733631,1073643519,1073577983,1073610751,1073741823,1073741823,1073741823,1073741823,1073741823:j10
1073741823,1073741807,1073741823,1073741823,1072693247,1073740799,1073668095,1073643519,1073577983,1073610751,1073741823,1073741823,1073741823,1073741823,1073741823:j10
1073741823,1073741807,1073741823,1073741823,1072693247,1073740799,1073733631,1073381375,1073577983,1073610751,1073741823,1073741823,1073741823,1073741823,1073741823:j10
1073741823,1073741807,1073741823,1073741823,1072693247,1073740799,1073733631,1073643519,1073577983,1073348607,1073741823,1073741823,1073741823,1073741823,1073741823:h7
1073741823,1073741807,1073741823,1073741823,1072693247,1073740799,1073733631,1073643519,1073577983,1073594367,1073741823,1073741823,1073741823,1073741823,1073741823:g9
1073741823,1073741807,1073741823,1073741823,1072693247,1073740799,1073733631,1073709055,1073610751,1073348607,1073741823,1073741823,1073741823,1073741823,1073741823:i8
1073741823,1073741807,1073741823,1073741823,1072693247,1073740799,1073733631,1073709055,1073610751,1073594367,1073741823,1073741823,1073741823,1073741823,1073741823:i8
1073741823,1073741807,1073741823,1073741823,1072693247,1073740799,1073733631,1073709055,1073594367,1073610751,1073741823,1073741823,1073741823,1073741823,1073741823:j10
1073741823,1073741807,1073741823,1073741823,1072693247,1073725439,1073733631,1073709055,1073610751,1073741823,1073741823,1073741823,1073741823,1073741823,1073741823:f6
1073741823,1073741807,1073741823,1073741823,1072693247,1073741823,1073717247,1073709055,1073610751,1073741823,1073741823,1073741823,1073741823,1073741823,1073741823:f6
1073741823,1073741807,1073741823,1073741823,1072693247,1073479679,1073733631,1073709055,1073610751,1073741823,1073741823,1073741823,1073741823,1073741823,1073741823:f6
1073741823,1073741807,1073741823,1073741823,1072693247,1073741823,1073668095,1073709055,1073610751,1073741823,1073741823,1073741823,1073741823,1073741823,1073741823:f6
1073741823,1073741807,1073741823,1073741823,1072693247,1073741823,1073733631,1073446911,1073610751,1073741823,1073741823,1073741823,1073741823,1073741823,1073741823:f6
1073741823,1073741807,1073741823,1073741823,1072693247,1073741823,1073733631,1073643519,1073610751,1073741823,1073741823,1073741823,1073741823,1073741823,1073741823:f6
1073741823,1073741807,1073741823,1073741823,1072693247,1073741823,1073733631,1073709055,1073610751,1073479679,1073741823,1073741823,1073741823,1073741823,1073741823:f6
1073741823,1073741807,1073741823,1073741823,1072693247,1073739775,1073733631,1073708991,1073610751,1073479679,1073741823,1073741823,1073741823,1073741823,1073741823:e5
1073741823,1073741807,1073741823,1073741823,1072693247,1073739711,1073733631,1073709055,1073610751,1073479679,1073741823,1073741823,1073741823,1073741823,1073741823:e5
1073741823,1073741807,1073741823,1073741823,1072693247,1073739519,1073733631,1073709055,1073610751,1073479679,1073741823,1073741823,1073741823,1073741823,1073741823:e5
1073741823,1073741807,1073741823,1073741759,1072693247,1073739775,1073733631,1073709055,1073610751,1073479679,1073741823,1073741823,1073741823,1073741823,1073741823:e5
1073741823,1073741807,1073741823,1073740799,1072693247,1073739775,1073733631,1073709055,1073610751,1073479679,1073741823,1073741823,1073741823,1073741823,1073741823:e5
1073741823,1073741807,1073741823,1073741823,1072692223,1073739775,1073733631,1073709055,1073610751,1073479679,1073741823,1073741823,1073741823,1073741823,1073741823:e5
1073741823,1073741807,1073741823,1073725439,1072693247,1073739775,1073733631,1073709055,1073610751,1073479679,1073741823,1073741823,1073741823,1073741823,1073741823:e5
1073741823,1073741807,1073741823,1073741823,1072693247,1073739775,1073733631,1073709055,1073610751,1073479679,1073741823,1073725439,1073741823,1073741823,1073741823:e5
1073741823,1073741807,1073741823,1073741823,1072693247,1073739775,1073733631,1069514751,1073610751,1073479679,1073741823,1073741823,1073741823,1073741823,1073741823:e5
1073741823,1073741807,1073741823,1073741823,1072693247,1073739775,1073733631,1073709055,1073610751,1069285375,1073741823,1073741823,1073741823,1073741823,1073741823:e5
1073741823,1073741807,1073741823,1073741823,1072693247,1073739775,1073733631,1073709055,1073610751,1072431103,1073741823,1073741823,1073741823,1073741823,1073741823:e5
1073741823,1073741807,1073741823,1073741823,1072693247,1073739775,1073733631,1073709055,1073610751,1073479679,1073741823,1069547519,1073741823,1073741823,1073741823:e5
1073741823,1073741807,1073741823,1073741823,1072693247,1073739775,1073733631,1073709055,1073610751,1073479679,1073741823,1073479679,1073741823,1073741823,1073741823:e5
1073741823,1073741807,1073741823,1073741823,1072693247,1073739775,1073733631,1073709055,1073610751,1073479679,1073479679,1073741823,1073741823,1073741823,1073741823:e5
1073741823,1073741807,1073741823,1073741823,1072693247,1073739775,1073733631,1073709055,1073610495,1073479679,1073741823,1073741823,1073741823,1073741823,1073741823:e5
1073741823,1073741807,1073741823,1073741823,1072693247,1073739775,1073733375,1073709055,1073610751,1073479679,1073741823,1073741823,1073741823,1073741823,1073741823:e5
1073741823,1073741807,1073741823,1073741823,1072693247,1073739775,1073732607,1073709055,1073610751,1073479679,1073741823,1073741823,1073741823,1073741823,1073741823:e5
1073741823,1073741807,1073741823,1073741823,1072692991,1073739775,1073733631,1073709055,1073610751,1073479679,1073741823,1073741823,1073741823,1073741823,1073741823:h7
1073741823,1073741807,1073741823,1073741823,1072692991,1073739775,1073700863,1073709055,1073609727,1073479679,1073741823,1073741823,1073741823,1073741823,1073741823:e7
1073741823,1073741807,1073741823,1073741823,1072676607,1073739775,1073700863,1073709055,1073610751,1073479679,1073741823,1073741823,1073741823,1073741823,1073741823:h9
1073741823,1073741807,1073741823,1073741823,1072692991,1073674239,1073700863,1073709055,1073610751,1073479679,1073741823,1073741823,1073741823,1073741823,1073741823:f7
1073741823,1073741807,1073741823,1073741823,1072692991,1073739775,1073438719,1073709055,1073610751,1073479679,1073741823,1073741823,1073741823,1073741823,1073741823:e7
1073741823,1073741807,1073741823,1073741823,1072692991,1073739775,1073700847,1073709055,1073610751,1073479679,1073741823,1073741823,1073741823,1073741823,1073741823:e7
1073741823,1073741807,1073741823,1073741823,1072692975,1073739775,1073700863,1073709055,1073610751,1073479679,1073741823,1073741823,1073741823,1073741823,1073741823:e7
1073741823,1073741807,1073741823,1073741823,1072692927,1073739775,1073700863,1073709055,1073610751,1073479679,1073741823,1073741823,1073741823,1073741823,1073741823:i7
1073741823,1073741807,1073741567,1073741823,1072692991,1073739775,1073700863,1073709055,1073610751,1073479679,1073741823,1073741823,1073741823,1073741823,1073741823:e7
1073741823,1073741807,1073737727,1073741823,1072692991,1073739775,1073700863,1073709055,1073610751,1073479679,1073741823,1073741823,1073741823,1073741823,1073741823:e7
1073741823,1073741807,1073741823,1073741823,1072692991,1073739775,1073700863,1073708991,1073610751,1073479679,1073741823,1073741823,1073741823,1073741823,1073741823:f7
1073741823,1073741807,1073741823,1073741823,1072692991,1073739711,1073700863,1073709055,1073610751,1073479679,1073741823,1073741823,1073741823,1073741823,1073741823:f7
1073741823,1073741807,1073741823,1073741823,1072692991,1073739519,1073700863,1073709055,1073610751,1073479679,1073741823,1073741823,1073741823,1073741823,1073741823:h9
1073741823,1073741807,1073741823,1073741759,1072692991,1073739775,1073700863,1073709055,1073610751,1073479679,1073741823,1073741823,1073741823,1073741823,1073741823:f7
1073741823,1073741807,1073741823,1073740799,1072692991,1073739775,1073700863,1073709055,1073610751,1073479679,1073741823,1073741823,1073741823,1073741823,1073741823:f7
1073741823,1073741807,1073741823,1073741823,1072691967,1073739775,1073700863,1073709055,1073610751,1073479679,1073741823,1073741823,1073741823,1073741823,1073741823:h9
1073741823,1073741807,1073741823,1073725439,1072692991,1073739775,1073700863,1073709055,1073610751,1073479679,1073741823,1073741823,1073741823,1073741823,1073741823:f7
1073741823,1073741807,1073741823,1073741823,1072692991,1073739775,1073700863,1073709055,1073610751,1073479679,1073741823,1073725439,1073741823,1073741823,1073741823:e7
1073741823,1073741807,1073741823,1073741823,1072692991,1073739775,1073700863,1069514751,1073610751,1073479679,1073741823,1073741823,1073741823,1073741823,1073741823:e7
1073741823,1073741807,1073741823,1073741823,1072692991,1073739775,1073700863,1073709055,1073610751,1069285375,1073741823,1073741823,1073741823,1073741823,1073741823:e7
1073741823,1073741807,1073741823,1073741823,1072692991,1073739775,1073700863,1073709055,1073610751,1072431103,1073741823,1073741823,1073741823,1073741823,1073741823:e7
1073741823,1073741807,1073741823,1073741823,1072692991,1073739775,1073700863,1073709055,1073610751,1073479679,1073741823,1069547519,1073741823,1073741823,1073741823:e7
1073741823,1073741807,1073741823,1073741823,1072692991,1073739775,1073700863,1073709055,1073610751,1073479679,1073741823,1073479679,1073741823,1073741823,1073741823:e7
1073741823,1073741807,1073741823,1073741823,1072692991,1073739775,1073700863,1073709055,1073610751,1073479679,1073479679,1073741823,1073741823,1073741823,1073741823:e7
1073741823,1073741807,1073741823,1073741823,1072692991,1073739775,1073700863,1073709055,1073610495,1073479679,1073741823,1073741823,1073741823,1073741823,1073741823:e7
1073741823,1073741807,1073741823,1073741823,1072692991,1073739775,1073700607,1073709055,1073610751,1073479679,1073741823,1073741823,1073741823,1073741823,1073741823:i7
1073741823,1073741807,1073741823,1073741823,1072692991,1073739775,1073699839,1073709055,1073610751,1073479679,1073741823,1073741823,1073741823,1073741823,1073741823:h9
1073741823,1073741807,1073741823,1073741823,1072688895,1073739775,1073700863,1073709055,1073610751,1073479679,1073741823,1073741823,1073741823,1073741823,1073741823:h9
1073741823,1073741807,1073741823,1073741823,1072692991,1073735679,1073700863,1073709055,1073610751,1073479679,1073741823,1073741823,1073741823,1073741823,1073741823:h9
1073741823,1073741807,1073741823,1073741823,1072627455,1073739775,1073700863,1073709055,1073610751,1073479679,1073741823,1073741823,1073741823,1073741823,1073741823:e7
1073741823,1073741807,1073741823,1073741823,1072430847,1073739775,1073700863,1073709055,1073610751,1073479679,1073741823,1073741823,1073741823,1073741823,1073741823:e7
1073741823,1073741807,1073676287,1073741823,1072692991,1073739775,1073700863,1073709055,1073610751,1073479679,1073741823,1073741823,1073741823,1073741823,1073741823:e7
1073741823,1073741807,1073741823,1073479679,1072692991,1073739775,1073700863,1073709055,1073610751,1073479679,1073741823,1073741823,1073741823,1073741823,1073741823:f7
1073741823,1073741807,1072693247,1073741823,1072692991,1073739775,1073700863,1073709055,1073610751,1073479679,1073741823,1073741823,1073741823,1073741823,1073741823:e7
1073741823,1073741807,1073741823,1072693247,1072692991,1073739775,1073700863,1073709055,1073610751,1073479679,1073741823,1073741823,1073741823,1073741823,1073741823:f7
1073741823,1073741807,1056964607,1073741823,1072692991,1073739775,1073700863,1073709055,1073610751,1073479679,1073741823,1073741823,1073741823,1073741823,1073741823:f7
1073741823,1073741807,1073741823,1069547519,1072692991,1073739775,1073700863,1073709055,1073610751,1073479679,1073741823,1073741823,1073741823,1073741823,1073741823:f7
1073741823,1073741807,1073741823,1073741823,1055915775,1073739775,1073700863,1073709055,1073610751,1073479679,1073741823,1073741823,1073741823,1073741823,1073741823:e7
1073741823,1073741807,1073741823,1073741823,1068498687,1073739775,1073700863,1073709055,1073610751,1073479679,1073741823,1073741823,1073741823,1073741823,1073741823:e7
1073741823,1073741807,1073741823,1073741823,1072692991,1073739775,1056923647,1073709055,1073610751,1073479679,1073741823,1073741823,1073741823,1073741823,1073741823:e7
1073741823,1073741807,1073741823,1073741823,1072692991,1069545471,1073700863,1073709055,1073610751,1073479679,1073741823,1073741823,1073741823,1073741823,1073741823:e7
1073741823,1073741807,1073741823,1073741823,1072692991,1072691199,1073700863,1073709055,1073610751,1073479679,1073741823,1073741823,1073741823,1073741823,1073741823:e7
1073741823,1073741807,1073741823,1073741823,1072692991,1073739775,1073700863,1073709055,1073610751,1073479679,1073737727,1073741823,1073741823,1073741823,1073741823:e7
1073741823,1073741807,1073741823,1073741823,1072692991,1073739775,1072652287,1073709055,1073610751,1073479679,1073741823,1073741823,1073741823,1073741823,1073741823:e7
1073741823,1073741807,1073741823,1073741823,1072692991,1073739775,1073700863,1073709055,1072562175,1073479679,1073741823,1073741823,1073741823,1073741823,1073741823:e7
1073741823,1073741807,1073741823,1073741823,1072692991,1073739775,1073700863,1073709055,1073348607,1073479679,1073741823,1073741823,1073741823,1073741823,1073741823:e7
1073741823,1073741807,1073741823,1073741823,1072692991,1073739775,1073700863,1073709055,1073610751,1073479679,1072693247,1073741823,1073741823,1073741823,1073741823:e7
1073741823,1073741807,1073741823,1073741823,1072692991,1073739775,1073700863,1073709055,1073610751,1073479679,1073676287,1073741823,1073741823,1073741823,1073741823:e7
1073741823,1073741807,1073741823,1073741823,1072692991,1073739775,1073700863,1073709055,1073610751,1073414143,1073741823,1073741823,1073741823,1073741823,1073741823:e7
1073741823,1073741807,1073741823,1073741822,1072692991,1073739775,1073700863,1073709055,1073610751,1073479679,1073741823,1073741823,1073741823,1073741823,1073741823:e7
1073741823,1073741807,1073741819,1073741823,1072692991,1073739775,1073700863,1073709055,1073610751,1073479679,1073741823,1073741823,1073741823,1073741823,1073741823:e7
1073741823,1073741806,1073741823,1073741823,1072692991,1073739775,1073700863,1073709055,1073610751,1073479679,1073741823,1073741823,1073741823,1073741823,1073741823:e7
1073741823,1073741803,1073741823,1073741823,1072692991,1073739775,1073700863,1073709055,1073610751,1073479679,1073741823,1073741823,1073741823,1073741823,1073741823:e7
1073741819,1073741807,1073741823,1073741823,1072692991,1073739775,1073700863,1073709055,1073610751,1073479679,1073741823,1073741823,1073741823,1073741823,1073741823:e7
1073741807,1073741807,1073741823,1073741823,1072692991,1073739775,1073700863,1073709055,1073610751,1073479679,1073741823,1073741823,1073741823,1073741823,1073741823:e7
1073741759,1073741807,1073741823,1073741823,1072692991,1073739775,1073700863,1073709055,1073610751,1073479679,1073741823,1073741823,1073741823,1073741823,1073741823:e7
1073741823,1073741551,1073741823,1073741823,1072692991,1073739775,1073700863,1073709055,1073610751,1073479679,1073741823,1073741823,1073741823,1073741823,1073741823:e7
1073741823,1073741743,1073741823,1073741823,1072692991,1073739775,1073700863,1073709055,1073610751,1073479679,1073741823,1073741823,1073741823,1073741823,1073741823:e7
1073741823,1073741807,1073741823,1073741567,1072692991,1073739775,1073700863,1073709055,1073610751,1073479679,1073741823,1073741823,1073741823,1073741823,1073741823:i7
1073741823,1073741807,1073741759,1073741823,1072692991,1073739775,1073700863,1073709055,1073610751,1073479679,1073741823,1073741823,1073741823,1073741823,1073741823:e7
1073741823,1073741807,1073741823,1073741807,1072692991,1073739775,1073700863,1073709055,1073610751,1073479679,1073741823,1073741823,1073741823,1073741823,1073741823:e7
1073741823,1073741807,1073741807,1073741823,1072692991,1073739775,1073700863,1073709055,1073610751,1073479679,1073741823,1073741823,1073741823,1073741823,1073741823:e7
1073741823,1073741807,1073741823,1073741823,1072692991,1073739775,1073700863,1073709055,1073610751,1073478655,1073741823,1073741823,1073741823,1073741823,1073741823:e7
1073741823,1073741807,1073741823,1073741823,1072692991,1073739775,1073700863,1073709055,1073606655,1073479679,1073741823,1073741823,1073741823,1073741823,1073741823:e7
1073741823,1073741807,1073741823,1073741823,1072692991,1073739775,1073700863,1073708031,1073610751,1073479679,1073741823,1073741823,1073741823,1073741823,1073741823:i7
1073741823,1073741807,1073741823,1073741823,1072692991,1073739775,1073700863,1073704959,1073610751,1073479679,1073741823,1073741823,1073741823,1073741823,1073741823:f7
1073741823,1073741807,1073741823,1073741823,1072692991,1073723391,1073700863,1073709055,1073610751,1073479679,1073741823,1073741823,1073741823,1073741823,1073741823:f7
1073741823,1073741807,1073741823,1073741823,1072692991,1073477631,1073700863,1073709055,1073610751,1073479679,1073741823,1073741823,1073741823,1073741823,1073741823:e7
1073741823,1073741807,1073741823,1073741823,1072692991,1073739775,1073635327,1073709055,1073610751,1073479679,1073741823,1073741823,1073741823,1073741823,1073741823:h9
1073741823,1073741807,1073741823,1073741823,1072692991,1073739775,1073700863,1073446911,1073610751,1073479679,1073741823,1073741823,1073741823,1073741823,1073741823:e7
1073741823,1073741807,1073741823,1073741823,1072692991,1073739775,1073700863,1073643519,1073610751,1073479679,1073741823,1073741823,1073741823,1073741823,1073741823:e7
1073741823,1073741807,1073741823,1073741823,1072692991,1073739775,1073700863,1073709055,1073610751,1073463295,1073741823,1073741823,1073741823,1073741823,1073741823:f7
1073741823,1073741807,1073741823,1073741823,1072692991,1073739775,1073700863,1073709055,1073594367,1073479679,1073741823,1073741823,1073741823,1073741823,1073741823:f7
1073741823,1073741807,1073741823,1073741823,1072689151,1073739775,1073733631,1073709055,1073610751,1073479679,1073741823,1073741823,1073741823,1073741823,1073741823:e5
1073741823,1073741807,1073741823,1073741823,1072693247,1073735679,1073733631,1073709055,1073610751,1073479679,1073741823,1073741823,1073741823,1073741823,1073741823:e5
1073741823,1073741807,1073741823,1073741823,1072627711,1073739775,1073733631,1073709055,1073610751,1073479679,1073741823,1073741823,1073741823,1073741823,1073741823:e5
1073741823,1073741807,1073741823,1073741823,1072431103,1073739775,1073733631,1073709055,1073610751,1073479679,1073741823,1073741823,1073741823,1073741823,1073741823:e5
1073741823,1073741807,1073676287,1073741823,1072693247,1073739775,1073733631,1073709055,1073610751,1073479679,1073741823,1073741823,1073741823,1073741823,1073741823:e5
1073741823,1073741807,1073741823,1073479679,1072693247,1073739775,1073733631,1073709055,1073610751,1073479679,1073741823,1073741823,1073741823,1073741823,1073741823:e5
1073741823,1073741807,1072693247,1073741823,1072693247,1073739775,1073733631,1073709055,1073610751,1073479679,1073741823,1073741823,1073741823,1073741823,1073741823:e5
1073741823,1073741807,1073741823,1072693247,1072693247,1073739775,1073733631,1073709055,1073610751,1073479679,1073741823,1073741823,1073741823,1073741823,1073741823:e5
1073741823,1073741807,1056964607,1073741823,1072693247,1073739775,1073733631,1073709055,1073610751,1073479679,1073741823,1073741823,1073741823,1073741823,1073741823:e5
1073741823,1073741807,1073741823,1069547519,1072693247,1073739775,1073733631,1073709055,1073610751,1073479679,1073741823,1073741823,1073741823,1073741823,1073741823:e5
1073741823,1073741807,1073741823,1073741823,1055916031,1073739775,1073733631,1073709055,1073610751,1073479679,1073741823,1073741823,1073741823,1073741823,1073741823:e5
1073741823,1073741807,1073741823,1073741823,1068498943,1073739775,1073733631,1073709055,1073610751,1073479679,1073741823,1073741823,1073741823,1073741823,1073741823:e5
1073741823,1073741807,1073741823,1073741823,1072693247,1073739775,1056956415,1073709055,1073610751,1073479679,1073741823,1073741823,1073741823,1073741823,1073741823:e5
1073741823,1073741807,1073741823,1073741823,1072693247,1069545471,1073733631,1073709055,1073610751,1073479679,1073741823,1073741823,1073741823,1073741823,1073741823:e5
1073741823,1073741807,1073741823,1073741823,1072693247,1072691199,1073733631,1073709055,1073610751,1073479679,1073741823,1073741823,1073741823,1073741823,1073741823:e5
1073741823,1073741807,1073741823,1073741823,1072693247,1073739775,1073733631,1073709055,1073610751,1073479679,1073737727,1073741823,1073741823,1073741823,1073741823:e5
1073741823,1073741807,1073741823,1073741823,1072693247,1073739775,1072685055,1073709055,1073610751,1073479679,1073741823,1073741823,1073741823,1073741823,1073741823:e5
1073741823,1073741807,1073741823,1073741823,1072693247,1073739775,1073733631,1073709055,1072562175,1073479679,1073741823,1073741823,1073741823,1073741823,1073741823:e5
1073741823,1073741807,1073741823,1073741823,1072693247,1073739775,1073733631,1073709055,1073348607,1073479679,1073741823,1073741823,1073741823,1073741823,1073741823:e5
1073741823,1073741807,1073741823,1073741823,1072693247,1073739775,1073733631,1073709055,1073610751,1073479679,1072693247,1073741823,1073741823,1073741823,1073741823:e5
1073741823,1073741807,1073741823,1073741823,1072693247,1073739775,1073733631,1073709055,1073610751,1073479679,1073676287,1073741823,1073741823,1073741823,1073741823:e5
1073741823,1073741807,1073741823,1073741823,1072693247,1073739775,1073733631,1073709055,1073610751,1073414143,1073741823,1073741823,1073741823,1073741823,1073741823:e5
1073741823,1073741807,1073741823,1073741822,1072693247,1073739775,1073733631,1073709055,1073610751,1073479679,1073741823,1073741823,1073741823,1073741823,1073741823:e5
1073741823,1073741807,1073741819,1073741823,1072693247,1073739775,1073733631,1073709055,1073610751,1073479679,1073741823,1073741823,1073741823,1073741823,1073741823:e5
1073741823,1073741806,1073741823,1073741823,1072693247,1073739775,1073733631,1073709055,1073610751,1073479679,1073741823,1073741823,1073741823,1073741823,1073741823:e5
1073741823,1073741803,1073741823,1073741823,1072693247,1073739775,1073733631,1073709055,1073610751,1073479679,1073741823,1073741823,1073741823,1073741823,1073741823:e5
1073741819,1073741807,1073741823,1073741823,1072693247,1073739775,1073733631,1073709055,1073610751,1073479679,1073741823,1073741823,1073741823,1073741823,1073741823:e5
1073741807,1073741807,1073741823,1073741823,1072693247,1073739775,1073733631,1073709055,1073610751,1073479679,1073741823,1073741823,1073741823,1073741823,1073741823:e5
1073741759,1073741807,1073741823,1073741823,1072693247,1073739775,1073733631,1073709055,1073610751,1073479679,1073741823,1073741823,1073741823,1073741823,1073741823:e5
1073741823,1073741551,1073741823,1073741823,1072693247,1073739775,1073733631,1073709055,1073610751,1073479679,1073741823,1073741823,1073741823,1073741823,1073741823:e5
1073741823,1073741743,1073741823,1073741823,1072693247,1073739775,1073733631,1073709055,1073610751,1073479679,1073741823,1073741823,1073741823,1073741823,1073741823:e5
1073741823,1073741807,1073741823,1073741567,1072693247,1073739775,1073733631,1073709055,1073610751,1073479679,1073741823,1073741823,1073741823,1073741823,1073741823:e5
1073741823,1073741807,1073741759,1073741823,1072693247,1073739775,1073733631,1073709055,1073610751,1073479679,1073741823,1073741823,1073741823,1073741823,1073741823:e5
1073741823,1073741807,1073741823,1073741807,1072693247,1073739775,1073733631,1073709055,1073610751,1073479679,1073741823,1073741823,1073741823,1073741823,1073741823:e5
1073741823,1073741807,1073741807,1073741823,1072693247,1073739775,1073733631,1073709055,1073610751,1073479679,1073741823,1073741823,1073741823,1073741823,1073741823:e5
1073741823,1073741807,1073741823,1073741823,1072693247,1073739775,1073733631,1073709055,1073610751,1073478655,1073741823,1073741823,1073741823,1073741823,1073741823:e5
1073741823,1073741807,1073741823,1073741823,1072693247,1073739775,1073733631,1073709055,1073606655,1073479679,1073741823,1073741823,1073741823,1073741823,1073741823:e5
1073741823,1073741807,1073741823,1073741823,1072693247,1073739775,1073733631,1073708031,1073610751,1073479679,1073741823,1073741823,1073741823,1073741823,1073741823:e5
1073741823,1073741807,1073741823,1073741823,1072693247,1073739775,1073733631,1073704959,1073610751,1073479679,1073741823,1073741823,1073741823,1073741823,1073741823:e5
1073741823,1073741807,1073741823,1073741823,1072693247,1073723391,1073733631,1073709055,1073610751,1073479679,1073741823,1073741823,1073741823,1073741823,1073741823:e5
1073741823,1073741807,1073741823,1073741823,1072693247,1073739775,1073717247,1073709055,1073610751,1073479679,1073741823,1073741823,1073741823,1073741823,1073741823:e5
1073741823,1073741807,1073741823,1073741823,1072693247,1073477631,1073733631,1073709055,1073610751,1073479679,1073741823,1073741823,1073741823,1073741823,1073741823:e5
1073741823,1073741807,1073741823,1073741823,1072693247,1073739775,1073668095,1073709055,1073610751,1073479679,1073741823,1073741823,1073741823,1073741823,1073741823:e5
1073741823,1073741807,1073741823,1073741823,1072693247,1073739775,1073733631,1073446911,1073610751,1073479679,1073741823,1073741823,1073741823,1073741823,1073741823:e5
1073741823,1073741807,1073741823,1073741823,1072693247,1073739775,1073733631,1073643519,1073610751,1073479679,1073741823,1073741823,1073741823,1073741823,1073741823:e5
1073741823,1073741807,1073741823,1073741823,1072693247,1073739775,1073733631,1073709055,1073610751,1073463295,1073741823,1073741823,1073741823,1073741823,1073741823:e5
1073741823,1073741807,1073741823,1073741823,1072693247,1073739775,1073733631,1073709055,1073594367,1073479679,1073741823,1073741823,1073741823,1073741823,1073741823:e5
1073741823,1073741807,1073741823,1073741823,1072693247,1073741823,1073733631,1073709055,1073610751,1073725439,1073741823,1073741823,1073741823,1073741823,1073741823:f6
1073741823,1073741807,1073741823,1073741823,1072693247,1073741823,1073733631,1073709055,1073594367,1073741823,1073741823,1073741823,1073741823,1073741823,1073741823:f6
