1073741823,1073741823,1073741823,1073741823,1073479679,1073741823,1073590271,1073184767,1073733631,1073740799,1073741823,1073741823,1073741823,1073741823,1073741823:i6
1073741823,1073741823,1073741823,1073737727,1073479679,1073610751,1073590271,1073184767,1073733631,1073740799,1073741823,1073741823,1073741823,1073741823,1073741823:i8
1073741823,1073741823,1073725439,1073741823,1073479679,1073610751,1073590271,1073184767,1073733631,1073740799,1073741823,1073741823,1073741823,1073741823,1073741823:i8
1073741823,1073741823,1073741823,1073676287,1073479679,1073610751,1073590271,1073184767,1073733631,1073740799,1073741823,1073741823,1073741823,1073741823,1073741823:i8
1073741823,1073741823,1073479679,1073741823,1073479679,1073610751,1073590271,1073184767,1073733631,1073740799,1073741823,1073741823,1073741823,1073741823,1073741823:i8
1073741823,1073741823,1073741823,1073479679,1073479679,1073610751,1073590271,1073184767,1073733631,1073740799,1073741823,1073741823,1073741823,1073741823,1073741823:i8
1073741823,1073741823,1069547519,1073741823,1073479679,1073610751,1073590271,1073184767,1073733631,1073740799,1073741823,1073741823,1073741823,1073741823,1073741823:i8
1073741823,1073741823,1073741823,1072693247,1073479679,1073610751,1073590271,1073184767,1073733631,1073740799,1073741823,1073741823,1073741823,1073741823,1073741823:i8
1073741823,1073741823,1073741823,1073741823,1069285375,1073610751,1073590271,1073184767,1073733631,1073740799,1073741823,1073741823,1073741823,1073741823,1073741823:i8
1073741823,1073741823,1073741823,1073741823,1073479679,1073610751,1069395967,1073184767,1073733631,1073740799,1073741823,1073741823,1073741823,1073741823,1073741823:i8
1073741823,1073741823,1073741823,1073741823,1073479679,1072562175,1073590271,1073184767,1073733631,1073740799,1073741823,1073741823,1073741823,1073741823,1073741823:i8
1073741823,1073741823,1073741823,1073741823,1073479679,1069416447,1073590271,1073184767,1073733631,1073740799,1073741823,1073741823,1073741823,1073741823,1073741823:i8
1073741823,1073741823,1073741823,1073741823,1073479679,1073610751,1073590271,1068990463,1073733631,1073740799,1073741823,1073741823,1073741823,1073741823,1073741823:i8
1073741823,1073741823,1073741823,1073741823,1073479679,1073610751,1073590271,1072136191,1073733631,1073740799,1073741823,1073741823,1073741823,1073741823,1073741823:h6
1073741823,1073741823,1073741823,1073741823,1073479679,1073610751,1073590271,1073184767,1073733631,1069546495,1073741823,1073741823,1073741823,1073741823,1073741823:i8
1073741823,1073741823,1073741823,1073741823,1073479679,1073610751,1073590271,1073184767,1073733631,1073740799,1073741823,1073741759,1073741823,1073741823,1073741823:i8
1073741823,1073741823,1073741823,1073741823,1073479679,1073610751,1073590271,1073184767,1073733631,1073740735,1073741823,1073741823,1073741823,1073741823,1073741823:i8
1073741823,1073741823,1073741823,1073741823,1073479679,1073610751,1073590271,1073184767,1073733631,1073740543,1073741823,1073741823,1073741823,1073741823,1073741823:i8
1073741823,1073741823,1073741823,1073741823,1073479679,1073610751,1073590271,1073184703,1073733631,1073740799,1073741823,1073741823,1073741823,1073741823,1073741823:i8
1073741823,1073741823,1073741823,1073741823,1073479679,1073610751,1073590271,1073184767,1073733631,1073740799,1073741823,1073725439,1073741823,1073741823,1073741823:i8
1073741823,1073741823,1073741823,1073741823,1073479679,1073610751,1073590271,1073184767,1073733631,1073740799,1073741823,1073740799,1073741823,1073741823,1073741823:i8
1073741823,1073741823,1073741823,1073741823,1073479679,1073610751,1073590271,1073184767,1073733631,1073740799,1073740799,1073741823,1073741823,1073741823,1073741823:i8
1073741823,1073741823,1073741823,1073741823,1073479679,1073610751,1073590271,1073184767,1073733631,1073740799,1073741567,1073741823,1073741823,1073741823,1073741823:i8
1073741823,1073741823,1073741823,1073741823,1073479679,1073610751,1073590271,1073184767,1073733631,1073740799,1073676287,1073741823,1073741823,1073741823,1073741823:i8
1073741823,1073741823,1073741823,1073741823,1073479679,1073610751,1073590271,1073184767,1073733631,1073740799,1073737727,1073741823,1073741823,1073741823,1073741823:i8
1073741823,1073741823,1073741823,1073741823,1073479679,1073610751,1073590271,1073184767,1073733631,1073736703,1073741823,1073741823,1073741823,1073741823,1073741823:i8
1073741823,1073741823,1073741823,1073741823,1073479679,1073610751,1073590271,1073184767,1073733375,1073740799,1073741823,1073741823,1073741823,1073741823,1073741823:i8
1073741823,1073741823,1073741823,1073741823,1073479679,1073610751,1073590015,1073184767,1073733631,1073740799,1073741823,1073741823,1073741823,1073741823,1073741823:h6
1073741823,1073741823,1073741823,1073741823,1073479423,1073610751,1073590271,1073184767,1073733631,1073740799,1073741823,1073741823,1073741823,1073741823,1073741823:i8
1073741823,1073741823,1073741823,1073741823,1073475583,1073610751,1073590271,1073184767,1073733631,1073740799,1073741823,1073741823,1073741823,1073741823,1073741823:i8
1073741823,1073741823,1073741823,1073741823,1073414143,1073610751,1073590271,1073184767,1073733631,1073740799,1073741823,1073741823,1073741823,1073741823,1073741823:k8
1073741823,1073741823,1073741823,1073741823,1073414143,1073610751,1073590271,1071087615,1073733631,1073675263,1073741823,1073741823,1073741823,1073741823,1073741823:k5
1073741823,1073741823,1073741823,1073741823,1073414143,1056833535,1073590271,1071087615,1073733631,1073740799,1073741823,1073741823,1073741823,1073741823,1073741823:k5
1073741823,1073741823,1073741823,1073741823,1073414143,1073610751,1073590271,1054310399,1073733631,1073740799,1073741823,1073741823,1073741823,1073741823,1073741823:i8
1073741823,1073741823,1073741823,1073741823,1073414143,1073610751,1073590271,1071087615,1073733631,1056963583,1073741823,1073741823,1073741823,1073741823,1073741823:k5
1073741823,1073741823,1073741823,1073741823,1073414143,1073610751,1073590271,1071087615,1069539327,1073740799,1073741823,1073741823,1073741823,1073741823,1073741823:k5
1073741823,1073741823,1073741823,1073741823,1073414143,1073610751,1073590271,1071087615,1073733631,1072692223,1073741823,1073741823,1073741823,1073741823,1073741823:k5
1073741823,1073741823,1073737727,1073741823,1073414143,1073610751,1073590271,1071087615,1073733631,1073740799,1073741823,1073741823,1073741823,1073741823,1073741823:i8
1073741823,1073741823,1073741823,1073725439,1073414143,1073610751,1073590271,1071087615,1073733631,1073740799,1073741823,1073741823,1073741823,1073741823,1073741823:k5
1073741823,1073741823,1073676287,1073741823,1073414143,1073610751,1073590271,1071087615,1073733631,1073740799,1073741823,1073741823,1073741823,1073741823,1073741823:k5
1073741823,1073741823,1072693247,1073741823,1073414143,1073610751,1073590271,1071087615,1073733631,1073740799,1073741823,1073741823,1073741823,1073741823,1073741823:i8
1073741823,1073741823,1073741823,1073737727,1073414143,1073610751,1073590271,1071087615,1073733631,1073740799,1073741823,1073741823,1073741823,1073741823,1073741823:k5
1073741823,1073741823,1073725439,1073741823,1073414143,1073610751,1073590271,1071087615,1073733631,1073740799,1073741823,1073741823,1073741823,1073741823,1073741823:i8
1073741823,1073741823,1073741823,1073676287,1073414143,1073610751,1073590271,1071087615,1073733631,1073740799,1073741823,1073741823,1073741823,1073741823,1073741823:i8
1073741823,1073741823,1073479679,1073741823,1073414143,1073610751,1073590271,1071087615,1073733631,1073740799,1073741823,1073741823,1073741823,1073741823,1073741823:i8
1073741823,1073741823,1073741823,1073479679,1073414143,1073610751,1073590271,1071087615,1073733631,1073740799,1073741823,1073741823,1073741823,1073741823,1073741823:i8
1073741823,1073741823,1069547519,1073741823,1073414143,1073610751,1073590271,1071087615,1073733631,1073740799,1073741823,1073741823,1073741823,1073741823,1073741823:k5
1073741823,1073741823,1073741823,1072693247,1073414143,1073610751,1073590271,1071087615,1073733631,1073740799,1073741823,1073741823,1073741823,1073741823,1073741823:i8
1073741823,1073741823,1073741823,1073741823,1069219839,1073610751,1073590271,1071087615,1073733631,1073740799,1073741823,1073741823,1073741823,1073741823,1073741823:k5
1073741823,1073741823,1073741823,1073741823,1073414143,1073610751,1069395967,1071087615,1073733631,1073740799,1073741823,1073741823,1073741823,1073741823,1073741823:i8
1073741823,1073741823,1073741823,1073741823,1073414143,1072562175,1073590271,1071087615,1073733631,1073740799,1073741823,1073741823,1073741823,1073741823,1073741823:i8
1073741823,1073741823,1073741823,1073741823,1073414143,1069416447,1073590271,1071087615,1073733631,1073740799,1073741823,1073741823,1073741823,1073741823,1073741823:i8
1073741823,1073741823,1073741823,1073741823,1073414143,1073610751,1073590271,1066893311,1073733631,1073740799,1073741823,1073741823,1073741823,1073741823,1073741823:k5
1073741823,1073741823,1073741823,1073741823,1073414143,1073610751,1073590271,1071087615,1073733631,1069546495,1073741823,1073741823,1073741823,1073741823,1073741823:k5
1073741823,1073741823,1073741823,1073741823,1073414143,1073610751,1073590271,1071087615,1073733631,1073740799,1073741823,1073741759,1073741823,1073741823,1073741823:k5
1073741823,1073741823,1073741823,1073741823,1073414143,1073610751,1073590271,1071087615,1073733631,1073740735,1073741823,1073741823,1073741823,1073741823,1073741823:k5
1073741823,1073741823,1073741823,1073741823,1073414143,1073610751,1073590271,1071087615,1073733631,1073740543,1073741823,1073741823,1073741823,1073741823,1073741823:k5
1073741823,1073741823,1073741823,1073741823,1073414143,1073610751,1073590271,1071087551,1073733631,1073740799,1073741823,1073741823,1073741823,1073741823,1073741823:k5
1073741823,1073741823,1073741823,1073741823,1073414143,1073610751,1073590271,1071087615,1073733631,1073740799,1073741823,1073725439,1073741823,1073741823,1073741823:k5
1073741823,1073741823,1073741823,1073741823,1073414143,1073610751,1073590271,1071087615,1073733631,1073740799,1073741823,1073740799,1073741823,1073741823,1073741823:k5
1073741823,1073741823,1073741823,1073741823,1073414143,1073610751,1073590271,1071087615,1073733631,1073740799,1073740799,1073741823,1073741823,1073741823,1073741823:k5
1073741823,1073741823,1073741823,1073741823,1073414143,1073610751,1073590271,1071087615,1073733631,1073740799,1073741567,1073741823,1073741823,1073741823,1073741823:k5
1073741823,1073741823,1073741823,1073741823,1073414143,1073610751,1073590271,1071087615,1073733631,1073740799,1073676287,1073741823,1073741823,1073741823,1073741823:k5
1073741823,1073741823,1073741823,1073741823,1073414143,1073610751,1073590271,1071087615,1073733631,1073740799,1073737727,1073741823,1073741823,1073741823,1073741823:k5
1073741823,1073741823,1073741823,1073741823,1073414143,1073610751,1073590271,1071087615,1073733631,1073736703,1073741823,1073741823,1073741823,1073741823,1073741823:k5
1073741823,1073741823,1073741823,1073741823,1073414143,1073610751,1073590271,1071087615,1073733375,1073740799,1073741823,1073741823,1073741823,1073741823,1073741823:i8
1073741823,1073741823,1073741823,1073741823,1073414143,1073610751,1073590015,1071087615,1073733631,1073740799,1073741823,1073741823,1073741823,1073741823,1073741823:i8
1073741823,1073741823,1073741823,1073741823,1073413887,1073610751,1073590271,1071087615,1073733631,1073740799,1073741823,1073741823,1073741823,1073741823,1073741823:k5
1073741823,1073741823,1073741823,1073741823,1073410047,1073610751,1073590271,1071087615,1073733631,1073740799,1073741823,1073741823,1073741823,1073741823,1073741823:i8
1073741823,1073741823,1073741823,1073741823,1072365567,1073610751,1073590271,1071087615,1073733631,1073740799,1073741823,1073741823,1073741823,1073741823,1073741823:i8
1073741823,1073741823,1073741823,1073741823,1073414143,1073610751,1072541695,1071087615,1073733631,1073740799,1073741823,1073741823,1073741823,1073741823,1073741823:i8
1073741823,1073741823,1073741823,1073741823,1073414143,1073610751,1073590271,1071087615,1072685055,1073740799,1073741823,1073741823,1073741823,1073741823,1073741823:i8
1073741823,1073741823,1073741823,1073741823,1073414143,1073610751,1073590271,1071087615,1073732607,1073740799,1073741823,1073741823,1073741823,1073741823,1073741823:k5
1073741823,1073741823,1073741823,1073741823,1073414143,1073610751,1073589247,1071087615,1073733631,1073740799,1073741823,1073741823,1073741823,1073741823,1073741823:k5
1073741823,1073741823,1073741823,1073741823,1073413119,1073610751,1073590271,1071087615,1073733631,1073740799,1073741823,1073741823,1073741823,1073741823,1073741823:i8
1073741823,1073741823,1073741823,1073741823,1073414143,1073606655,1073590271,1071087615,1073733631,1073740799,1073741823,1073741823,1073741823,1073741823,1073741823:k5
1073741823,1073741823,1073741823,1073741823,1073397759,1073610751,1073590271,1071087615,1073733631,1073740799,1073741823,1073741823,1073741823,1073741823,1073741823:i8
1073741823,1073741823,1073741823,1073741823,1073414143,1073610751,1073328127,1071087615,1073733631,1073740799,1073741823,1073741823,1073741823,1073741823,1073741823:i8
1073741823,1073741823,1073741823,1073741823,1073414143,1073610751,1073590271,1071087615,1073471487,1073740799,1073741823,1073741823,1073741823,1073741823,1073741823:k5
1073741823,1073741823,1073741823,1073741823,1073414143,1073610751,1073590271,1071086591,1073733631,1073740799,1073741823,1073741823,1073741823,1073741823,1073741823:i8
1073741823,1073741823,1073741823,1073741823,1073414143,1073610751,1073590271,1071083519,1073733631,1073740799,1073741823,1073741823,1073741823,1073741823,1073741823:k5
1073741823,1073741823,1073741823,1073741823,1073414143,1073609727,1073590271,1071087615,1073733631,1073740799,1073741823,1073741823,1073741823,1073741823,1073741823:k5
1073741823,1073741823,1073741823,1073741823,1073414143,1073594367,1073590271,1071087615,1073733631,1073740799,1073741823,1073741823,1073741823,1073741823,1073741823:i8
1073741823,1073741823,1073741823,1073741823,1073414143,1073348607,1073590271,1071087615,1073733631,1073740799,1073741823,1073741823,1073741823,1073741823,1073741823:i8
1073741823,1073741823,1073741823,1073741823,1073414143,1073610751,1073590271,1071022079,1073733631,1073740799,1073741823,1073741823,1073741823,1073741823,1073741823:k5
1073741823,1073741823,1073741823,1073741823,1073414143,1073610751,1073590271,1071087615,1073733631,1073478655,1073741823,1073741823,1073741823,1073741823,1073741823:k5
1073741823,1073741823,1073741823,1073741823,1073414143,1073610751,1073590271,1071087615,1073668095,1073740799,1073741823,1073741823,1073741823,1073741823,1073741823:i8
1073741823,1073741823,1073741823,1073741823,1073414143,1073610751,1073590271,1071087615,1073733631,1073724415,1073741823,1073741823,1073741823,1073741823,1073741823:k5
1073741823,1073741823,1073741823,1073741823,1073414143,1073610751,1073590271,1071087615,1073717247,1073740799,1073741823,1073741823,1073741823,1073741823,1073741823:k5
1073741823,1073741823,1073741823,1073741823,1072431103,1073610751,1073590271,1073184767,1073733631,1073740799,1073741823,1073741823,1073741823,1073741823,1073741823:i8
1073741823,1073741823,1073741823,1073741823,1073479679,1073610751,1072541695,1073184767,1073733631,1073740799,1073741823,1073741823,1073741823,1073741823,1073741823:i8
1073741823,1073741823,1073741823,1073741823,1073479679,1073610751,1073590271,1073184767,1072685055,1073740799,1073741823,1073741823,1073741823,1073741823,1073741823:i8
1073741823,1073741823,1073741823,1073741823,1073479679,1073610751,1073590271,1073184767,1073732607,1073740799,1073741823,1073741823,1073741823,1073741823,1073741823:i8
1073741823,1073741823,1073741823,1073741823,1073479679,1073610751,1073589247,1073184767,1073733631,1073740799,1073741823,1073741823,1073741823,1073741823,1073741823:i8
1073741823,1073741823,1073741823,1073741823,1073478655,1073610751,1073590271,1073184767,1073733631,1073740799,1073741823,1073741823,1073741823,1073741823,1073741823:i8
1073741823,1073741823,1073741823,1073741823,1073479679,1073606655,1073590271,1073184767,1073733631,1073740799,1073741823,1073741823,1073741823,1073741823,1073741823:i8
1073741823,1073741823,1073741823,1073741823,1073463295,1073610751,1073590271,1073184767,1073733631,1073740799,1073741823,1073741823,1073741823,1073741823,1073741823:i8
1073741823,1073741823,1073741823,1073741823,1073479679,1073610751,1073328127,1073184767,1073733631,1073740799,1073741823,1073741823,1073741823,1073741823,1073741823:i8
1073741823,1073741823,1073741823,1073741823,1073479679,1073610751,1073590271,1073184767,1073471487,1073740799,1073741823,1073741823,1073741823,1073741823,1073741823:i8
1073741823,1073741823,1073741823,1073741823,1073479679,1073610751,1073590271,1073183743,1073733631,1073740799,1073741823,1073741823,1073741823,1073741823,1073741823:i8
1073741823,1073741823,1073741823,1073741823,1073479679,1073610751,1073590271,1073180671,1073733631,1073740799,1073741823,1073741823,1073741823,1073741823,1073741823:h6
1073741823,1073741823,1073741823,1073741823,1073479679,1073609727,1073590271,1073184767,1073733631,1073740799,1073741823,1073741823,1073741823,1073741823,1073741823:i8
1073741823,1073741823,1073741823,1073741823,1073479679,1073594367,1073590271,1073184767,1073733631,1073740799,1073741823,1073741823,1073741823,1073741823,1073741823:i8
1073741823,1073741823,1073741823,1073741823,1073479679,1073348607,1073590271,1073184767,1073733631,1073740799,1073741823,1073741823,1073741823,1073741823,1073741823:i8
1073741823,1073741823,1073741823,1073741823,1073479679,1073610751,1073590271,1073119231,1073733631,1073740799,1073741823,1073741823,1073741823,1073741823,1073741823:h6
1073741823,1073741823,1073741823,1073741823,1073479679,1073610751,1073590271,1073184767,1073733631,1073478655,1073741823,1073741823,1073741823,1073741823,1073741823:i8
1073741823,1073741823,1073741823,1073741823,1073479679,1073610751,1073590271,1073184767,1073668095,1073740799,1073741823,1073741823,1073741823,1073741823,1073741823:h6
1073741823,1073741823,1073741823,1073741823,1073479679,1073610751,1073590271,1073184767,1073733631,1073724415,1073741823,1073741823,1073741823,1073741823,1073741823:i8
1073741823,1073741823,1073741823,1073741823,1073479679,1073610751,1073590271,1073184767,1073717247,1073740799,1073741823,1073741823,1073741823,1073741823,1073741823:i8
