1073741823,1073741823,1073741823,1073741823,1073741823,1073479679,1073594367,1073438719,1073733631,1073741823,1073741567,1073741823,1073741823,1073741823,1073741823:e8
1073741823,1073741823,1073741823,1073741823,1073741823,1073479679,1073594367,1073438207,1073733631,1073741807,1073741567,1073741823,1073741823,1073741823,1073741823:f8
1073741823,1073741823,1073741823,1073741823,1073741823,1073479679,1073594367,1073438207,1073733567,1073741823,1073741567,1073741823,1073741823,1073741823,1073741823:f8
1073741823,1073741823,1073741823,1073741823,1073741823,1073479679,1073594367,1073438191,1073733631,1073741823,1073741567,1073741823,1073741823,1073741823,1073741823:f8
1073741823,1073741823,1073741823,1073741823,1073741823,1073479679,1073594367,1073438143,1073733631,1073741823,1073741567,1073741823,1073741823,1073741823,1073741823:f8
1073741823,1073741823,1073741823,1073741823,1073741823,1073479663,1073594367,1073438207,1073733631,1073741823,1073741567,1073741823,1073741823,1073741823,1073741823:f8
1073741823,1073741823,1073741823,1073741823,1073741823,1073479679,1073594303,1073438207,1073733631,1073741823,1073741567,1073741823,1073741823,1073741823,1073741823:f8
1073741823,1073741823,1073741823,1073741823,1073741823,1073479679,1073594367,1073438207,1073733631,1073741823,1073741567,1073741823,1073741807,1073741823,1073741823:f8
1073741823,1073741823,1073741823,1073741823,1073741823,1073479679,1073594367,1073438207,1073733631,1073741823,1073741567,1073741759,1073741823,1073741823,1073741823:f8
1073741823,1073741823,1073741823,1073741823,1073741823,1073479679,1073594367,1073438207,1073733631,1073741823,1073741551,1073741823,1073741823,1073741823,1073741823:f8
1073741823,1073741823,1073741823,1073741823,1073741823,1073479679,1073594367,1073438207,1073733631,1073741823,1073741503,1073741823,1073741823,1073741823,1073741823:f8
1073741823,1073741823,1073741823,1073741823,1073741823,1073479679,1073594367,1073438207,1073733615,1073741823,1073741567,1073741823,1073741823,1073741823,1073741823:f8
1073741823,1073741823,1073741823,1073741823,1073741823,1073479679,1073594367,1073438207,1073733631,1073741759,1073741567,1073741823,1073741823,1073741823,1073741823:f8
1073741823,1073741823,1073741823,1073741823,1073741823,1073479679,1073594367,1073438207,1073733631,1073741823,1073740543,1073741823,1073741823,1073741823,1073741823:f8
1073741823,1073741823,1073741823,1073741823,1073741823,1073479679,1073594367,1073438207,1073733631,1073741823,1073741567,1073741823,1073737727,1073741823,1073741823:f8
1073741823,1073741823,1073741823,1073741823,1073741823,1073479679,1073594367,1073438207,1073733631,1073741823,1073741567,1073740799,1073741823,1073741823,1073741823:f8
1073741823,1073741823,1073741823,1073741823,1073741823,1073479679,1073594367,1073438207,1073733631,1073741823,1073741567,1073741823,1073741567,1073741823,1073741823:f8
1073741823,1073741823,1073741823,1073741823,1073741823,1073479679,1073594367,1073438207,1073733631,1073741823,1073741567,1073741567,1073741823,1073741823,1073741823:f8
1073741823,1073741823,1073741823,1073741823,1073741823,1073479679,1073594367,1073438207,1073733631,1073741567,1073741567,1073741823,1073741823,1073741823,1073741823:f8
1073741823,1073741823,1073741823,1073741823,1073741823,1073479423,1073594367,1073438207,1073733631,1073741823,1073741567,1073741823,1073741823,1073741823,1073741823:f8
1073741823,1073741823,1073741823,1073741823,1073741823,1073479679,1073594367,1073438207,1073733631,1073676287,1073741567,1073741823,1073741823,1073741823,1073741823:f8
1073741823,1073741823,1073741823,1073741823,1073741823,1073479679,1073594367,1072389631,1073733631,1073741823,1073741567,1073741823,1073741823,1073741823,1073741823:f8
1073741823,1073741823,1073741823,1073741823,1073741823,1073479679,1073594367,1073438207,1073733631,1069547519,1073741567,1073741823,1073741823,1073741823,1073741823:f8
1073741823,1073741823,1073741823,1073741823,1073741823,1073479679,1073594367,1073438207,1073733375,1073741823,1073741567,1073741823,1073741823,1073741823,1073741823:f8
1073741823,1073741823,1073741823,1073741823,1073741823,1073479679,1073594111,1073438207,1073733631,1073741823,1073741567,1073741823,1073741823,1073741823,1073741823:f8
1073741823,1073741823,1073741823,1073741823,1073741823,1073479679,1073594367,1073438207,1073733631,1073741823,1073676031,1073741823,1073741823,1073741823,1073741823:f8
1073741823,1073741823,1073741823,1073741823,1073741823,1073479679,1073594367,1073438207,1073733631,1073741823,1073737471,1073741823,1073741823,1073741823,1073741823:f8
1073741823,1073741823,1073741823,1073741823,1073741823,1073479679,1073594367,1073438207,1073733631,1073737727,1073741567,1073741823,1073741823,1073741823,1073741823:f8
1073741823,1073741823,1073741823,1073725439,1073741823,1073479679,1073594367,1073438207,1073733631,1073741823,1073741567,1073741823,1073741823,1073741823,1073741823:f8
1073741823,1073741823,1073741823,1073479679,1073741823,1073479679,1073594367,1073438207,1073733631,1073741823,1073741567,1073741823,1073741823,1073741823,1073741823:f8
1073741823,1073741823,1073741823,1069547519,1073741823,1073479679,1073594367,1073438207,1073733631,1073741823,1073741567,1073741823,1073741823,1073741823,1073741823:f8
1073741823,1073741823,1073741823,1073741823,1073741823,1069285375,1073594367,1073438207,1073733631,1073741823,1073741567,1073741823,1073741823,1073741823,1073741823:f8
1073741823,1073741823,1073741823,1073741823,1073741823,1072431103,1073594367,1073438207,1073733631,1073741823,1073741567,1073741823,1073741823,1073741823,1073741823:f8
1073741823,1073741823,1073741823,1073741823,1073741823,1073479679,1073594367,1069243903,1073733631,1073741823,1073741567,1073741823,1073741823,1073741823,1073741823:f8
1073741823,1073741823,1073741823,1073741823,1073737727,1073479679,1073594367,1073438207,1073733631,1073741823,1073741567,1073741823,1073741823,1073741823,1073741823:f8
1073741823,1073741823,1073741823,1073741823,1073676287,1073479679,1073594367,1073438207,1073733631,1073741823,1073741567,1073741823,1073741823,1073741823,1073741823:f8
1073741823,1073741823,1073741823,1073741823,1072693247,1073479679,1073594367,1073438207,1073733631,1073741823,1073741567,1073741823,1073741823,1073741823,1073741823:f8
1073741823,1073741823,1073741823,1073741823,1073741823,1073479679,1072545791,1073438207,1073733631,1073741823,1073741567,1073741823,1073741823,1073741823,1073741823:f8
1073741823,1073741823,1073741823,1073741823,1073741823,1073479679,1073594367,1073438207,1072685055,1073741823,1073741567,1073741823,1073741823,1073741823,1073741823:f8
1073741823,1073741823,1073741823,1073741823,1073741823,1073479679,1073594367,1073438207,1073732607,1073741823,1073741567,1073741823,1073741823,1073741823,1073741823:f8
1073741823,1073741823,1073741823,1073741823,1073741823,1073479679,1073593343,1073438207,1073733631,1073741823,1073741567,1073741823,1073741823,1073741823,1073741823:f8
1073741823,1073741823,1073741823,1073741823,1073740799,1073479679,1073594367,1073438207,1073733631,1073741823,1073741567,1073741823,1073741823,1073741823,1073741823:f8
1073741823,1073741823,1073741823,1073741823,1073741823,1073475583,1073594367,1073438207,1073733631,1073741823,1073741567,1073741823,1073741823,1073741823,1073741823:f8
1073741823,1073741823,1073741823,1073741823,1073725439,1073479679,1073594367,1073438207,1073733631,1073741823,1073741567,1073741823,1073741823,1073741823,1073741823:f8
1073741823,1073741823,1073741823,1073741823,1073479679,1073479679,1073594367,1073438207,1073733631,1073741823,1073741567,1073741823,1073741823,1073741823,1073741823:f8
1073741823,1073741823,1073741823,1073741823,1073741823,1073414143,1073594367,1073438207,1073733631,1073741823,1073741567,1073741823,1073741823,1073741823,1073741823:f8
1073741823,1073741823,1073741823,1073741823,1073741823,1073479679,1073332223,1073438207,1073733631,1073741823,1073741567,1073741823,1073741823,1073741823,1073741823:f8
1073741823,1073741823,1073741823,1073741823,1073741823,1073479679,1073594367,1073438207,1073471487,1073741823,1073741567,1073741823,1073741823,1073741823,1073741823:f8
1073741823,1073741823,1073741823,1073741823,1073741823,1073479679,1073594367,1073438207,1073733631,1073740799,1073741567,1073741823,1073741823,1073741823,1073741823:f8
1073741823,1073741823,1073741823,1073741823,1073741823,1073479679,1073594367,1073437183,1073733631,1073741823,1073741567,1073741823,1073741823,1073741823,1073741823:g7
1073741823,1073741823,1073741823,1073741823,1073741567,1073479679,1073586175,1073437183,1073733631,1073741823,1073741567,1073741823,1073741823,1073741823,1073741823:g6
1073741823,1073741823,1073741823,1073741823,1073741823,1073479615,1073586175,1073437183,1073733631,1073741823,1073741567,1073741823,1073741823,1073741823,1073741823:g6
1073741823,1073741823,1073741823,1073741823,1073741823,1073479679,1073586175,1073437183,1073733631,1073741807,1073741567,1073741823,1073741823,1073741823,1073741823:g6
1073741823,1073741823,1073741823,1073741823,1073741823,1073479679,1073586175,1073437183,1073733567,1073741823,1073741567,1073741823,1073741823,1073741823,1073741823:g6
1073741823,1073741823,1073741823,1073741823,1073741823,1073479679,1073586175,1073437167,1073733631,1073741823,1073741567,1073741823,1073741823,1073741823,1073741823:g6
1073741823,1073741823,1073741823,1073741823,1073741823,1073479679,1073586175,1073437119,1073733631,1073741823,1073741567,1073741823,1073741823,1073741823,1073741823:g6
1073741823,1073741823,1073741823,1073741823,1073741823,1073479663,1073586175,1073437183,1073733631,1073741823,1073741567,1073741823,1073741823,1073741823,1073741823:g6
1073741823,1073741823,1073741823,1073741823,1073741823,1073479679,1073586111,1073437183,1073733631,1073741823,1073741567,1073741823,1073741823,1073741823,1073741823:g6
1073741823,1073741823,1073741823,1073741823,1073741823,1073479679,1073586175,1073437183,1073733631,1073741823,1073741567,1073741823,1073741807,1073741823,1073741823:g6
1073741823,1073741823,1073741823,1073741823,1073741823,1073479679,1073586175,1073437183,1073733631,1073741823,1073741567,1073741759,1073741823,1073741823,1073741823:g6
1073741823,1073741823,1073741823,1073741823,1073741823,1073479679,1073586175,1073437183,1073733631,1073741823,1073741551,1073741823,1073741823,1073741823,1073741823:g6
1073741823,1073741823,1073741823,1073741823,1073741823,1073479679,1073586175,1073437183,1073733631,1073741823,1073741503,1073741823,1073741823,1073741823,1073741823:g6
1073741823,1073741823,1073741823,1073741823,1073741823,1073479679,1073586175,1073437183,1073733615,1073741823,1073741567,1073741823,1073741823,1073741823,1073741823:g6
1073741823,1073741823,1073741823,1073741823,1073741823,1073479679,1073586175,1073437183,1073733631,1073741759,1073741567,1073741823,1073741823,1073741823,1073741823:g6
1073741823,1073741823,1073741823,1073741823,1073741823,1073479679,1073586175,1073437183,1073733631,1073741823,1073740543,1073741823,1073741823,1073741823,1073741823:g6
1073741823,1073741823,1073741823,1073741823,1073741823,1073479679,1073586175,1073437183,1073733631,1073741823,1073741567,1073741823,1073737727,1073741823,1073741823:g6
1073741823,1073741823,1073741823,1073741823,1073741823,1073479679,1073586175,1073437183,1073733631,1073741823,1073741567,1073740799,1073741823,1073741823,1073741823:g6
1073741823,1073741823,1073741823,1073741823,1073741823,1073479679,1073586175,1073437183,1073733631,1073741823,1073741567,1073741823,1073741567,1073741823,1073741823:g6
1073741823,1073741823,1073741823,1073741823,1073741823,1073479679,1073586175,1073437183,1073733631,1073741823,1073741567,1073741567,1073741823,1073741823,1073741823:g6
1073741823,1073741823,1073741823,1073741823,1073741823,1073479679,1073586175,1073437183,1073733631,1073741567,1073741567,1073741823,1073741823,1073741823,1073741823:g6
1073741823,1073741823,1073741823,1073741823,1073741823,1073479423,1073586175,1073437183,1073733631,1073741823,1073741567,1073741823,1073741823,1073741823,1073741823:g6
1073741823,1073741823,1073741823,1073741823,1073741823,1073479679,1073586175,1073437183,1073733631,1073676287,1073741567,1073741823,1073741823,1073741823,1073741823:g6
1073741823,1073741823,1073741823,1073741823,1073741823,1073479679,1073586175,1072388607,1073733631,1073741823,1073741567,1073741823,1073741823,1073741823,1073741823:g6
1073741823,1073741823,1073741823,1073741823,1073741823,1073479679,1073586175,1073437183,1073733631,1069547519,1073741567,1073741823,1073741823,1073741823,1073741823:g6
1073741823,1073741823,1073741823,1073741823,1073741823,1073479679,1073586175,1073437183,1073733375,1073741823,1073741567,1073741823,1073741823,1073741823,1073741823:g6
1073741823,1073741823,1073741823,1073741823,1073741823,1073479679,1073585919,1073437183,1073733631,1073741823,1073741567,1073741823,1073741823,1073741823,1073741823:g6
1073741823,1073741823,1073741823,1073741823,1073741823,1073479679,1073586175,1073437183,1073733631,1073741823,1073676031,1073741823,1073741823,1073741823,1073741823:g6
1073741823,1073741823,1073741823,1073741823,1073741823,1073479679,1073586175,1073437183,1073733631,1073741823,1073737471,1073741823,1073741823,1073741823,1073741823:g6
1073741823,1073741823,1073741823,1073741823,1073741823,1073479679,1073586175,1073437183,1073733631,1073737727,1073741567,1073741823,1073741823,1073741823,1073741823:g6
1073741823,1073741823,1073741823,1073725439,1073741823,1073479679,1073586175,1073437183,1073733631,1073741823,1073741567,1073741823,1073741823,1073741823,1073741823:g6
1073741823,1073741823,1073741823,1073479679,1073741823,1073479679,1073586175,1073437183,1073733631,1073741823,1073741567,1073741823,1073741823,1073741823,1073741823:g6
1073741823,1073741823,1073741823,1069547519,1073741823,1073479679,1073586175,1073437183,1073733631,1073741823,1073741567,1073741823,1073741823,1073741823,1073741823:g6
1073741823,1073741823,1073741823,1073741823,1073741823,1069285375,1073586175,1073437183,1073733631,1073741823,1073741567,1073741823,1073741823,1073741823,1073741823:g6
1073741823,1073741823,1073741823,1073741823,1073741823,1072431103,1073586175,1073437183,1073733631,1073741823,1073741567,1073741823,1073741823,1073741823,1073741823:g6
1073741823,1073741823,1073741823,1073741823,1073741823,1073479679,1073586175,1069242879,1073733631,1073741823,1073741567,1073741823,1073741823,1073741823,1073741823:g6
1073741823,1073741823,1073741823,1073741823,1073737727,1073479679,1073586175,1073437183,1073733631,1073741823,1073741567,1073741823,1073741823,1073741823,1073741823:g6
1073741823,1073741823,1073741823,1073741823,1073676287,1073479679,1073586175,1073437183,1073733631,1073741823,1073741567,1073741823,1073741823,1073741823,1073741823:g6
1073741823,1073741823,1073741823,1073741823,1072693247,1073479679,1073586175,1073437183,1073733631,1073741823,1073741567,1073741823,1073741823,1073741823,1073741823:g6
1073741823,1073741823,1073741823,1073741823,1073741823,1073479679,1072537599,1073437183,1073733631,1073741823,1073741567,1073741823,1073741823,1073741823,1073741823:g6
1073741823,1073741823,1073741823,1073741823,1073741823,1073479679,1073586175,1073437183,1072685055,1073741823,1073741567,1073741823,1073741823,1073741823,1073741823:g6
1073741823,1073741823,1073741823,1073741823,1073741823,1073479679,1073586175,1073437183,1073732607,1073741823,1073741567,1073741823,1073741823,1073741823,1073741823:g6
1073741823,1073741823,1073741823,1073741823,1073741823,1073479679,1073585151,1073437183,1073733631,1073741823,1073741567,1073741823,1073741823,1073741823,1073741823:g6
1073741823,1073741823,1073741823,1073741823,1073740799,1073479679,1073586175,1073437183,1073733631,1073741823,1073741567,1073741823,1073741823,1073741823,1073741823:g6
1073741823,1073741823,1073741823,1073741823,1073741823,1073475583,1073586175,1073437183,1073733631,1073741823,1073741567,1073741823,1073741823,1073741823,1073741823:f9
1073741823,1073741823,1073741823,1073741823,1073741823,1073475583,1073586175,1073437183,1073731583,1073741823,1073725183,1073741823,1073741823,1073741823,1073741823:i9
1073741823,1073741823,1073741823,1073741567,1073741823,1073475583,1073586175,1073437183,1073731583,1073741823,1073741567,1073741823,1073741823,1073741823,1073741823:g10
1073741823,1073741823,1073741823,1073737727,1073741823,1073475583,1073586175,1073437183,1073731583,1073741823,1073741567,1073741823,1073741823,1073741823,1073741823:g10
1073741823,1073741823,1073741823,1073676287,1073741823,1073475583,1073586175,1073437183,1073731583,1073741823,1073741567,1073741823,1073741823,1073741823,1073741823:g10
1073741823,1073741823,1073741823,1073741823,1073741567,1073475583,1073586175,1073437183,1073731583,1073741823,1073741567,1073741823,1073741823,1073741823,1073741823:g10
1073741823,1073741823,1073741823,1073741823,1073741823,1073475519,1073586175,1073437183,1073731583,1073741823,1073741567,1073741823,1073741823,1073741823,1073741823:g10
1073741823,1073741823,1073741823,1073741823,1073741823,1073475583,1073586175,1073437183,1073731583,1073741807,1073741567,1073741823,1073741823,1073741823,1073741823:g10
1073741823,1073741823,1073741823,1073741823,1073741823,1073475583,1073586175,1073437183,1073731519,1073741823,1073741567,1073741823,1073741823,1073741823,1073741823:g10
1073741823,1073741823,1073741823,1073741823,1073741823,1073475583,1073586175,1073437167,1073731583,1073741823,1073741567,1073741823,1073741823,1073741823,1073741823:g10
1073741823,1073741823,1073741823,1073741823,1073741823,1073475583,1073586175,1073437119,1073731583,1073741823,1073741567,1073741823,1073741823,1073741823,1073741823:g10
1073741823,1073741823,1073741823,1073741823,1073741823,1073475567,1073586175,1073437183,1073731583,1073741823,1073741567,1073741823,1073741823,1073741823,1073741823:g10
1073741823,1073741823,1073741823,1073741823,1073741823,1073475583,1073586111,1073437183,1073731583,1073741823,1073741567,1073741823,1073741823,1073741823,1073741823:i9
1073741823,1073741823,1073741823,1073741823,1073741823,1073475583,1073586175,1073437183,1073731583,1073741823,1073741567,1073741823,1073741807,1073741823,1073741823:g10
1073741823,1073741823,1073741823,1073741823,1073741823,1073475583,1073586175,1073437183,1073731583,1073741823,1073741567,1073741759,1073741823,1073741823,1073741823:g10
1073741823,1073741823,1073741823,1073741823,1073741823,1073475583,1073586175,1073437183,1073731583,1073741823,1073741551,1073741823,1073741823,1073741823,1073741823:g10
1073741823,1073741823,1073741823,1073741823,1073741823,1073475583,1073586175,1073437183,1073731583,1073741823,1073741503,1073741823,1073741823,1073741823,1073741823:g10
1073741823,1073741823,1073741823,1073741823,1073741823,1073475583,1073586175,1073437183,1073731567,1073741823,1073741567,1073741823,1073741823,1073741823,1073741823:g10
1073741823,1073741823,1073741823,1073741823,1073741823,1073475583,1073586175,1073437183,1073731583,1073741759,1073741567,1073741823,1073741823,1073741823,1073741823:g10
1073741823,1073741823,1073741823,1073741823,1073741823,1073475583,1073586175,1073437183,1073731583,1073741823,1073740543,1073741823,1073741823,1073741823,1073741823:g10
1073741823,1073741823,1073741823,1073741823,1073741823,1073475583,1073586175,1073437183,1073731583,1073741823,1073741567,1073741823,1073737727,1073741823,1073741823:g10
1073741823,1073741823,1073741823,1073741823,1073741823,1073475583,1073586175,1073437183,1073731583,1073741823,1073741567,1073740799,1073741823,1073741823,1073741823:g10
1073741823,1073741823,1073741823,1073741823,1073741823,1073475583,1073586175,1073437183,1073731583,1073741823,1073741567,1073741823,1073741567,1073741823,1073741823:g10
1073741823,1073741823,1073741823,1073741823,1073741823,1073475583,1073586175,1073437183,1073731583,1073741823,1073741567,1073741567,1073741823,1073741823,1073741823:g10
1073741823,1073741823,1073741823,1073741823,1073741823,1073475583,1073586175,1073437183,1073731583,1073741567,1073741567,1073741823,1073741823,1073741823,1073741823:g10
1073741823,1073741823,1073741823,1073741823,1073741823,1073475327,1073586175,1073437183,1073731583,1073741823,1073741567,1073741823,1073741823,1073741823,1073741823:g10
1073741823,1073741823,1073741823,1073741823,1073741823,1073475583,1073586175,1073437183,1073731583,1073676287,1073741567,1073741823,1073741823,1073741823,1073741823:g10
1073741823,1073741823,1073741823,1073741823,1073741823,1073475583,1073586175,1072388607,1073731583,1073741823,1073741567,1073741823,1073741823,1073741823,1073741823:g10
1073741823,1073741823,1073741823,1073741823,1073741823,1073475583,1073586175,1073437183,1073731583,1069547519,1073741567,1073741823,1073741823,1073741823,1073741823:g10
1073741823,1073741823,1073741823,1073741823,1073741823,1073475583,1073586175,1073437183,1073731327,1073741823,1073741567,1073741823,1073741823,1073741823,1073741823:g10
1073741823,1073741823,1073741823,1073741823,1073741823,1073475583,1073585919,1073437183,1073731583,1073741823,1073741567,1073741823,1073741823,1073741823,1073741823:g10
1073741823,1073741823,1073741823,1073741823,1073741823,1073475583,1073586175,1073437183,1073731583,1073741823,1073676031,1073741823,1073741823,1073741823,1073741823:g10
1073741823,1073741823,1073741823,1073741823,1073741823,1073475583,1073586175,1073437183,1073731583,1073741823,1073737471,1073741823,1073741823,1073741823,1073741823:i9
1073741823,1073741823,1073741823,1073741823,1073741823,1073475583,1073586175,1073437183,1073731583,1073737727,1073741567,1073741823,1073741823,1073741823,1073741823:i9
1073741823,1073741823,1073741823,1073725439,1073741823,1073475583,1073586175,1073437183,1073731583,1073741823,1073741567,1073741823,1073741823,1073741823,1073741823:g10
1073741823,1073741823,1073741823,1073479679,1073741823,1073475583,1073586175,1073437183,1073731583,1073741823,1073741567,1073741823,1073741823,1073741823,1073741823:g10
1073741823,1073741823,1073741823,1069547519,1073741823,1073475583,1073586175,1073437183,1073731583,1073741823,1073741567,1073741823,1073741823,1073741823,1073741823:g10
1073741823,1073741823,1073741823,1073741823,1073741823,1069281279,1073586175,1073437183,1073731583,1073741823,1073741567,1073741823,1073741823,1073741823,1073741823:g10
1073741823,1073741823,1073741823,1073741823,1073741823,1072427007,1073586175,1073437183,1073731583,1073741823,1073741567,1073741823,1073741823,1073741823,1073741823:g10
1073741823,1073741823,1073741823,1073741823,1073741823,1073475583,1073586175,1069242879,1073731583,1073741823,1073741567,1073741823,1073741823,1073741823,1073741823:g10
1073741823,1073741823,1073741823,1073741823,1073737727,1073475583,1073586175,1073437183,1073731583,1073741823,1073741567,1073741823,1073741823,1073741823,1073741823:g10
1073741823,1073741823,1073741823,1073741823,1073676287,1073475583,1073586175,1073437183,1073731583,1073741823,1073741567,1073741823,1073741823,1073741823,1073741823:g10
1073741823,1073741823,1073741823,1073741823,1072693247,1073475583,1073586175,1073437183,1073731583,1073741823,1073741567,1073741823,1073741823,1073741823,1073741823:g10
1073741823,1073741823,1073741823,1073741823,1073741823,1073475583,1072537599,1073437183,1073731583,1073741823,1073741567,1073741823,1073741823,1073741823,1073741823:g10
1073741823,1073741823,1073741823,1073741823,1073741823,1073475583,1073586175,1073437183,1072683007,1073741823,1073741567,1073741823,1073741823,1073741823,1073741823:g10
1073741823,1073741823,1073741823,1073741823,1073741823,1073475583,1073585151,1073437183,1073731583,1073741823,1073741567,1073741823,1073741823,1073741823,1073741823:g10
1073741823,1073741823,1073741823,1073741823,1073740799,1073475583,1073586175,1073437183,1073731583,1073741823,1073741567,1073741823,1073741823,1073741823,1073741823:g10
1073741823,1073741823,1073741823,1073741823,1073725439,1073475583,1073586175,1073437183,1073731583,1073741823,1073741567,1073741823,1073741823,1073741823,1073741823:g10
1073741823,1073741823,1073741823,1073741823,1073479679,1073475583,1073586175,1073437183,1073731583,1073741823,1073741567,1073741823,1073741823,1073741823,1073741823:g10
1073741823,1073741823,1073741823,1073741823,1073741823,1073410047,1073586175,1073437183,1073731583,1073741823,1073741567,1073741823,1073741823,1073741823,1073741823:g10
1073741823,1073741823,1073741823,1073741823,1073741823,1073475583,1073324031,1073437183,1073731583,1073741823,1073741567,1073741823,1073741823,1073741823,1073741823:g10
1073741823,1073741823,1073741823,1073741823,1073741823,1073475583,1073586175,1073437183,1073469439,1073741823,1073741567,1073741823,1073741823,1073741823,1073741823:g10
1073741823,1073741823,1073741823,1073741823,1073741823,1073475583,1073586175,1073437183,1073731583,1073740799,1073741567,1073741823,1073741823,1073741823,1073741823:g10
1073741823,1073741823,1073741823,1073741823,1073741823,1073474559,1073586175,1073437183,1073731583,1073741823,1073741567,1073741823,1073741823,1073741823,1073741823:g10
1073741823,1073741823,1073741823,1073741823,1073741823,1073459199,1073586175,1073437183,1073731583,1073741823,1073741567,1073741823,1073741823,1073741823,1073741823:g10
1073741823,1073741823,1073741823,1073741823,1073741823,1073475583,1073586175,1073371647,1073731583,1073741823,1073741567,1073741823,1073741823,1073741823,1073741823:g10
1073741823,1073741823,1073741823,1073741823,1073741823,1073475583,1073586175,1073437183,1073731583,1073479679,1073741567,1073741823,1073741823,1073741823,1073741823:g10
1073741823,1073741823,1073741823,1073741823,1073741823,1073475583,1073586175,1073437183,1073666047,1073741823,1073741567,1073741823,1073741823,1073741823,1073741823:g10
1073741823,1073741823,1073741823,1073741823,1073741823,1073475583,1073586175,1073437183,1073731583,1073725439,1073741567,1073741823,1073741823,1073741823,1073741823:g10
1073741823,1073741823,1073741823,1073741823,1073741823,1073475583,1073586175,1073437183,1073715199,1073741823,1073741567,1073741823,1073741823,1073741823,1073741823:g10
1073741823,1073741823,1073741823,1073741823,1073725439,1073479679,1073586175,1073437183,1073733631,1073741823,1073741567,1073741823,1073741823,1073741823,1073741823:g6
1073741823,1073741823,1073741823,1073741823,1073479679,1073479679,1073586175,1073437183,1073733631,1073741823,1073741567,1073741823,1073741823,1073741823,1073741823:g6
1073741823,1073741823,1073741823,1073741823,1073741823,1073414143,1073586175,1073437183,1073733631,1073741823,1073741567,1073741823,1073741823,1073741823,1073741823:g6
1073741823,1073741823,1073741823,1073741823,1073741823,1073479679,1073324031,1073437183,1073733631,1073741823,1073741567,1073741823,1073741823,1073741823,1073741823:g6
1073741823,1073741823,1073741823,1073741823,1073741823,1073479679,1073586175,1073437183,1073471487,1073741823,1073741567,1073741823,1073741823,1073741823,1073741823:g6
1073741823,1073741823,1073741823,1073741823,1073741823,1073479679,1073586175,1073437183,1073733631,1073740799,1073741567,1073741823,1073741823,1073741823,1073741823:g6
1073741823,1073741823,1073741823,1073741823,1073741823,1073478655,1073586175,1073437183,1073733631,1073741823,1073741567,1073741823,1073741823,1073741823,1073741823:g6
1073741823,1073741823,1073741823,1073741823,1073741823,1073463295,1073586175,1073437183,1073733631,1073741823,1073741567,1073741823,1073741823,1073741823,1073741823:g6
1073741823,1073741823,1073741823,1073741823,1073741823,1073479679,1073586175,1073371647,1073733631,1073741823,1073741567,1073741823,1073741823,1073741823,1073741823:g6
1073741823,1073741823,1073741823,1073741823,1073741823,1073479679,1073586175,1073437183,1073733631,1073479679,1073741567,1073741823,1073741823,1073741823,1073741823:g6
1073741823,1073741823,1073741823,1073741823,1073741823,1073479679,1073586175,1073437183,1073668095,1073741823,1073741567,1073741823,1073741823,1073741823,1073741823:g6
1073741823,1073741823,1073741823,1073741823,1073741823,1073479679,1073586175,1073437183,1073733631,1073725439,1073741567,1073741823,1073741823,1073741823,1073741823:g6
1073741823,1073741823,1073741823,1073741823,1073741823,1073479679,1073586175,1073437183,1073717247,1073741823,1073741567,1073741823,1073741823,1073741823,1073741823:g6
1073741823,1073741823,1073741823,1073741823,1073741823,1073478655,1073594367,1073438207,1073733631,1073741823,1073741567,1073741823,1073741823,1073741823,1073741823:f8
1073741823,1073741823,1073741823,1073741823,1073741823,1073479679,1073590271,1073438207,1073733631,1073741823,1073741567,1073741823,1073741823,1073741823,1073741823:f8
1073741823,1073741823,1073741823,1073741823,1073741823,1073463295,1073594367,1073438207,1073733631,1073741823,1073741567,1073741823,1073741823,1073741823,1073741823:f8
1073741823,1073741823,1073741823,1073741823,1073741823,1073479679,1073594367,1073372671,1073733631,1073741823,1073741567,1073741823,1073741823,1073741823,1073741823:f8
1073741823,1073741823,1073741823,1073741823,1073741823,1073479679,1073594367,1073438207,1073733631,1073479679,1073741567,1073741823,1073741823,1073741823,1073741823:f8
1073741823,1073741823,1073741823,1073741823,1073741823,1073479679,1073594367,1073438207,1073668095,1073741823,1073741567,1073741823,1073741823,1073741823,1073741823:f8
1073741823,1073741823,1073741823,1073741823,1073741823,1073479679,1073594367,1073438207,1073733631,1073725439,1073741567,1073741823,1073741823,1073741823,1073741823:f8
1073741823,1073741823,1073741823,1073741823,1073741823,1073479679,1073594367,1073438207,1073717247,1073741823,1073741567,1073741823,1073741823,1073741823,1073741823:f8
