1073741823,1073741823,1073741823,1073741823,1073708991,1073733115,1073719295,1073635071,1073741823,1073741823,1073741823,1073741823,1073741823,1073741823,1073741823:f6
1073741823,1073741823,1073741823,1073740799,1073708991,1073731067,1073719295,1073635071,1073741823,1073741823,1073741823,1073741823,1073741823,1073741823,1073741823:d6
1073741823,1073741823,1073741823,1073741823,1073708991,1073731067,1073719294,1073635071,1073741823,1073741823,1073741823,1073741823,1073741823,1073741823,1073741823:d6
1073741823,1073741823,1073741823,1073741823,1073708991,1073731066,1073719295,1073635071,1073741823,1073741823,1073741823,1073741823,1073741823,1073741823,1073741823:d6
1073741823,1073741823,1073741823,1073741823,1073708990,1073731067,1073719295,1073635071,1073741823,1073741823,1073741823,1073741823,1073741823,1073741823,1073741823:d6
1073741823,1073741823,1073741823,1073741819,1073708991,1073731067,1073719295,1073635071,1073741823,1073741823,1073741823,1073741823,1073741823,1073741823,1073741823:d6
1073741823,1073741823,1073741823,1073741823,1073708991,1073731067,1073719279,1073635071,1073741823,1073741823,1073741823,1073741823,1073741823,1073741823,1073741823:d6
1073741823,1073741823,1073741823,1073741823,1073708991,1073731067,1073719295,1073635067,1073741823,1073741823,1073741823,1073741823,1073741823,1073741823,1073741823:d6
1073741823,1073741823,1073725439,1073741823,1073708991,1073731067,1073719295,1073635071,1073741823,1073741823,1073741823,1073741823,1073741823,1073741823,1073741823:d6
1073741823,1073741823,1073741823,1073725439,1073708991,1073731067,1073719295,1073635071,1073741823,1073741823,1073741823,1073741823,1073741823,1073741823,1073741823:d6
1073741823,1073741823,1073479679,1073741823,1073708991,1073731067,1073719295,1073635071,1073741823,1073741823,1073741823,1073741823,1073741823,1073741823,1073741823:d6
1073741823,1073741823,1073741823,1073741823,1073708991,1073731067,1073719291,1073635071,1073741823,1073741823,1073741823,1073741823,1073741823,1073741823,1073741823:d6
1073741823,1073741823,1073741823,1073741823,1073708987,1073731067,1073719295,1073635071,1073741823,1073741823,1073741823,1073741823,1073741823,1073741823,1073741823:d6
1073741823,1073741823,1073741823,1073741823,1073708975,1073731067,1073719295,1073635071,1073741823,1073741823,1073741823,1073741823,1073741823,1073741823,1073741823:d6
1073741823,1073741823,1073741819,1073741823,1073708991,1073731067,1073719295,1073635071,1073741823,1073741823,1073741823,1073741823,1073741823,1073741823,1073741823:d6
1073741823,1073741823,1073741759,1073741823,1073708991,1073731067,1073719295,1073635071,1073741823,1073741823,1073741823,1073741823,1073741823,1073741823,1073741823:d6
1073741823,1073741823,1073741823,1073741759,1073708991,1073731067,1073719295,1073635071,1073741823,1073741823,1073741823,1073741823,1073741823,1073741823,1073741823:d6
1073741823,1073741823,1073740799,1073741823,1073708991,1073731067,1073719295,1073635071,1073741823,1073741823,1073741823,1073741823,1073741823,1073741823,1073741823:d6
1073741823,1073741823,1073741823,1073741823,1073708991,1073731003,1073719295,1073635071,1073741823,1073741823,1073741823,1073741823,1073741823,1073741823,1073741823:f5
1073741823,1073741823,1073741823,1073740799,1073706943,1073731003,1073719295,1073635071,1073741823,1073741823,1073741823,1073741823,1073741823,1073741823,1073741823:i6
1073741823,1073741823,1073741823,1073741823,1073706943,1073731003,1073719294,1073635071,1073741823,1073741823,1073741823,1073741823,1073741823,1073741823,1073741823:g5
1073741823,1073741823,1073741823,1073741823,1073706943,1073731002,1073719295,1073635071,1073741823,1073741823,1073741823,1073741823,1073741823,1073741823,1073741823:g5
1073741823,1073741823,1073741823,1073741823,1073706942,1073731003,1073719295,1073635071,1073741823,1073741823,1073741823,1073741823,1073741823,1073741823,1073741823:f4
1073741823,1073741823,1073741823,1073741819,1073706943,1073731003,1073719295,1073635071,1073741823,1073741823,1073741823,1073741823,1073741823,1073741823,1073741823:f4
1073741823,1073741823,1073741823,1073741823,1073706943,1073731003,1073719279,1073635071,1073741823,1073741823,1073741823,1073741823,1073741823,1073741823,1073741823:f4
1073741823,1073741823,1073741823,1073741823,1073706943,1073731003,1073719295,1073635067,1073741823,1073741823,1073741823,1073741823,1073741823,1073741823,1073741823:f4
1073741823,1073741823,1073725439,1073741823,1073706943,1073731003,1073719295,1073635071,1073741823,1073741823,1073741823,1073741823,1073741823,1073741823,1073741823:f4
1073741823,1073741823,1073741823,1073725439,1073706943,1073731003,1073719295,1073635071,1073741823,1073741823,1073741823,1073741823,1073741823,1073741823,1073741823:f4
1073741823,1073741823,1073479679,1073741823,1073706943,1073731003,1073719295,1073635071,1073741823,1073741823,1073741823,1073741823,1073741823,1073741823,1073741823:g5
1073741823,1073741823,1073741823,1073741823,1073706943,1073731003,1073719291,1073635071,1073741823,1073741823,1073741823,1073741823,1073741823,1073741823,1073741823:g5
1073741823,1073741823,1073741823,1073741823,1073706939,1073731003,1073719295,1073635071,1073741823,1073741823,1073741823,1073741823,1073741823,1073741823,1073741823:f4
1073741823,1073741823,1073741823,1073741823,1073706927,1073731003,1073719295,1073635071,1073741823,1073741823,1073741823,1073741823,1073741823,1073741823,1073741823:f4
1073741823,1073741823,1073741819,1073741823,1073706943,1073731003,1073719295,1073635071,1073741823,1073741823,1073741823,1073741823,1073741823,1073741823,1073741823:g5
1073741823,1073741823,1073741759,1073741823,1073706943,1073731003,1073719295,1073635071,1073741823,1073741823,1073741823,1073741823,1073741823,1073741823,1073741823:f4
1073741823,1073741823,1073741823,1073741759,1073706943,1073731003,1073719295,1073635071,1073741823,1073741823,1073741823,1073741823,1073741823,1073741823,1073741823:f4
1073741823,1073741823,1073740799,1073741823,1073706943,1073731003,1073719295,1073635071,1073741823,1073741823,1073741823,1073741823,1073741823,1073741823,1073741823:g5
1073741823,1073741823,1073741823,1073741807,1073706943,1073731003,1073719295,1073635071,1073741823,1073741823,1073741823,1073741823,1073741823,1073741823,1073741823:g5
1073741823,1073741823,1073741823,1073741823,1073706943,1073731003,1073719295,1073635071,1073741823,1073741807,1073741823,1073741823,1073741823,1073741823,1073741823:g5
1073741823,1073741823,1073741823,1073741823,1073706943,1073731003,1073719295,1073635055,1073741823,1073741823,1073741823,1073741823,1073741823,1073741823,1073741823:g5
1073741823,1073741823,1073741823,1073741823,1073706943,1073731003,1073719295,1073635007,1073741823,1073741823,1073741823,1073741823,1073741823,1073741823,1073741823:f4
1073741823,1073741823,1073741823,1073741823,1073706943,1073730987,1073719295,1073635071,1073741823,1073741823,1073741823,1073741823,1073741823,1073741823,1073741823:g5
1073741823,1073741823,1073741823,1073741823,1073706943,1073731003,1073719295,1073635071,1073741759,1073741823,1073741823,1073741823,1073741823,1073741823,1073741823:f4
1073741823,1073741823,1073741823,1073741823,1073706943,1073731003,1073719231,1073635071,1073741823,1073741823,1073741823,1073741823,1073741823,1073741823,1073741823:f4
1073741823,1073741823,1073741823,1073741823,1073706943,1073731003,1073719295,1073635071,1073741567,1073741823,1073741823,1073741823,1073741823,1073741823,1073741823:f4
1073741823,1073741823,1073741823,1073741823,1073706943,1073731003,1073719039,1073635071,1073741823,1073741823,1073741823,1073741823,1073741823,1073741823,1073741823:f4
1073741823,1073741823,1073741823,1073741823,1073706687,1073731003,1073719295,1073635071,1073741823,1073741823,1073741823,1073741823,1073741823,1073741823,1073741823:f4
1073741823,1073741823,1073741823,1073741823,1073641407,1073731003,1073719295,1073635071,1073741823,1073741823,1073741823,1073741823,1073741823,1073741823,1073741823:f4
1073741823,1073741823,1073741823,1073741567,1073706943,1073731003,1073719295,1073635071,1073741823,1073741823,1073741823,1073741823,1073741823,1073741823,1073741823:g5
1073741823,1073741823,1073741823,1073737727,1073706943,1073731003,1073719295,1073635071,1073741823,1073741823,1073741823,1073741823,1073741823,1073741823,1073741823:f4
1073741823,1073741823,1073741823,1073741823,1073702847,1073731003,1073719295,1073635071,1073741823,1073741823,1073741823,1073741823,1073741823,1073741823,1073741823:f4
1073741823,1073741823,1073741823,1073676287,1073706943,1073731003,1073719295,1073635071,1073741823,1073741823,1073741823,1073741823,1073741823,1073741823,1073741823:f4
1073741823,1073741823,1073741823,1073741823,1073706943,1072682427,1073719295,1073635071,1073741823,1073741823,1073741823,1073741823,1073741823,1073741823,1073741823:g5
1073741823,1073741823,1073741823,1073741823,1073706943,1073731003,1073719295,1072586495,1073741823,1073741823,1073741823,1073741823,1073741823,1073741823,1073741823:g5
1073741823,1073741823,1073741823,1073741823,1073706943,1073731003,1073719295,1073635071,1073741823,1072693247,1073741823,1073741823,1073741823,1073741823,1073741823:g5
1073741823,1073741823,1073741823,1073741823,1073706943,1073731003,1073719295,1073635071,1073741823,1073741567,1073741823,1073741823,1073741823,1073741823,1073741823:f4
1073741823,1073741823,1073741823,1073741823,1073706943,1073731003,1073719295,1073635071,1073741823,1073676287,1073741823,1073741823,1073741823,1073741823,1073741823:g5
1073741823,1073741823,1073741823,1073741823,1073706943,1073731003,1073719295,1073635071,1073741823,1073737727,1073741823,1073741823,1073741823,1073741823,1073741823:g5
1073741823,1073741823,1073741823,1073741823,1073706943,1073731003,1073719295,1073635071,1073740799,1073741823,1073741823,1073741823,1073741823,1073741823,1073741823:g5
1073741823,1073741823,1073741823,1073741823,1073444799,1073731003,1073719295,1073635071,1073741823,1073741823,1073741823,1073741823,1073741823,1073741823,1073741823:f4
1073741823,1073741823,1073741823,1073741823,1073706943,1073665467,1073719295,1073635071,1073741823,1073741823,1073741823,1073741823,1073741823,1073741823,1073741823:f4
1073741823,1073741823,1073741823,1073741823,1073706943,1073731003,1073457151,1073635071,1073741823,1073741823,1073741823,1073741823,1073741823,1073741823,1073741823:f4
1073741823,1073741823,1073741823,1073741823,1073706943,1073731003,1073719295,1073635071,1073479679,1073741823,1073741823,1073741823,1073741823,1073741823,1073741823:g5
1073741823,1073741823,1073741823,1073741823,1073706943,1073731003,1073719295,1073635071,1073741823,1073740799,1073741823,1073741823,1073741823,1073741823,1073741823:g5
1073741823,1073741823,1073741823,1073741823,1073706943,1073731003,1073719295,1073635071,1073737727,1073741823,1073741823,1073741823,1073741823,1073741823,1073741823:f4
1073741823,1073741823,1073741823,1073741823,1073706943,1073731003,1073719295,1073634047,1073741823,1073741823,1073741823,1073741823,1073741823,1073741823,1073741823:f3
1073741823,1073741823,1073741823,1073741823,1073706943,1073714619,1073719295,1073635071,1073741823,1073741823,1073741823,1073741823,1073741823,1073741823,1073741823:f4
1073741823,1073741823,1073741823,1073741823,1073706943,1073468859,1073719295,1073635071,1073741823,1073741823,1073741823,1073741823,1073741823,1073741823,1073741823:g5
1073741823,1073741823,1073741823,1073741823,1073706943,1073731003,1073653759,1073635071,1073741823,1073741823,1073741823,1073741823,1073741823,1073741823,1073741823:f4
1073741823,1073741823,1073741823,1073741823,1073706943,1073731003,1073719295,1073372927,1073741823,1073741823,1073741823,1073741823,1073741823,1073741823,1073741823:g5
1073741823,1073741823,1073741823,1073741823,1073706943,1073731003,1073719295,1073635071,1073741823,1073479679,1073741823,1073741823,1073741823,1073741823,1073741823:g5
1073741823,1073741823,1073741823,1073741823,1073706943,1073731003,1073719295,1073635071,1073676287,1073741823,1073741823,1073741823,1073741823,1073741823,1073741823:f4
1073741823,1073741823,1073741823,1073741823,1073706943,1073731003,1073719295,1073635071,1073741823,1073725439,1073741823,1073741823,1073741823,1073741823,1073741823:f4
1073741823,1073741823,1073741823,1073741823,1073706943,1073731003,1073719295,1073635071,1073725439,1073741823,1073741823,1073741823,1073741823,1073741823,1073741823:g5
1073741823,1073741823,1073741823,1073741807,1073708991,1073731067,1073719295,1073635071,1073741823,1073741823,1073741823,1073741823,1073741823,1073741823,1073741823:d6
1073741823,1073741823,1073741823,1073741823,1073708991,1073731067,1073719295,1073635071,1073741823,1073741807,1073741823,1073741823,1073741823,1073741823,1073741823:d6
1073741823,1073741823,1073741823,1073741823,1073708991,1073731067,1073719295,1073635055,1073741823,1073741823,1073741823,1073741823,1073741823,1073741823,1073741823:d6
1073741823,1073741823,1073741823,1073741823,1073708991,1073731067,1073719295,1073635007,1073741823,1073741823,1073741823,1073741823,1073741823,1073741823,1073741823:d6
1073741823,1073741823,1073741823,1073741823,1073708991,1073731051,1073719295,1073635071,1073741823,1073741823,1073741823,1073741823,1073741823,1073741823,1073741823:h6
1073741823,1073741823,1073741823,1073741823,1073708991,1073731067,1073719295,1073635071,1073741759,1073741823,1073741823,1073741823,1073741823,1073741823,1073741823:d6
1073741823,1073741823,1073741823,1073741823,1073708991,1073731067,1073719231,1073635071,1073741823,1073741823,1073741823,1073741823,1073741823,1073741823,1073741823:d6
1073741823,1073741823,1073741823,1073741823,1073708991,1073731067,1073719295,1073635071,1073741567,1073741823,1073741823,1073741823,1073741823,1073741823,1073741823:d6
1073741823,1073741823,1073741823,1073741823,1073708991,1073731067,1073719039,1073635071,1073741823,1073741823,1073741823,1073741823,1073741823,1073741823,1073741823:d6
1073741823,1073741823,1073741823,1073741823,1073708735,1073731067,1073719295,1073635071,1073741823,1073741823,1073741823,1073741823,1073741823,1073741823,1073741823:d6
1073741823,1073741823,1073741823,1073741823,1073643455,1073731067,1073719295,1073635071,1073741823,1073741823,1073741823,1073741823,1073741823,1073741823,1073741823:d6
1073741823,1073741823,1073741823,1073741567,1073708991,1073731067,1073719295,1073635071,1073741823,1073741823,1073741823,1073741823,1073741823,1073741823,1073741823:d6
1073741823,1073741823,1073741823,1073737727,1073708991,1073731067,1073719295,1073635071,1073741823,1073741823,1073741823,1073741823,1073741823,1073741823,1073741823:d6
1073741823,1073741823,1073741823,1073741823,1073704895,1073731067,1073719295,1073635071,1073741823,1073741823,1073741823,1073741823,1073741823,1073741823,1073741823:d6
1073741823,1073741823,1073741823,1073676287,1073708991,1073731067,1073719295,1073635071,1073741823,1073741823,1073741823,1073741823,1073741823,1073741823,1073741823:d6
1073741823,1073741823,1073741823,1073741823,1073708991,1072682491,1073719295,1073635071,1073741823,1073741823,1073741823,1073741823,1073741823,1073741823,1073741823:d6
1073741823,1073741823,1073741823,1073741823,1073708991,1073731067,1073719295,1072586495,1073741823,1073741823,1073741823,1073741823,1073741823,1073741823,1073741823:d6
1073741823,1073741823,1073741823,1073741823,1073708991,1073731067,1073719295,1073635071,1073741823,1072693247,1073741823,1073741823,1073741823,1073741823,1073741823:d6
1073741823,1073741823,1073741823,1073741823,1073708991,1073731067,1073719295,1073635071,1073741823,1073741567,1073741823,1073741823,1073741823,1073741823,1073741823:d6
1073741823,1073741823,1073741823,1073741823,1073708991,1073731067,1073719295,1073635071,1073741823,1073676287,1073741823,1073741823,1073741823,1073741823,1073741823:d6
1073741823,1073741823,1073741823,1073741823,1073708991,1073731067,1073719295,1073635071,1073741823,1073737727,1073741823,1073741823,1073741823,1073741823,1073741823:d6
1073741823,1073741823,1073741823,1073741823,1073708991,1073731067,1073719295,1073635071,1073740799,1073741823,1073741823,1073741823,1073741823,1073741823,1073741823:d6
1073741823,1073741823,1073741823,1073741823,1073707967,1073731067,1073719295,1073635071,1073741823,1073741823,1073741823,1073741823,1073741823,1073741823,1073741823:d6
1073741823,1073741823,1073741823,1073741823,1073446847,1073731067,1073719295,1073635071,1073741823,1073741823,1073741823,1073741823,1073741823,1073741823,1073741823:d6
1073741823,1073741823,1073741823,1073741823,1073708991,1073665531,1073719295,1073635071,1073741823,1073741823,1073741823,1073741823,1073741823,1073741823,1073741823:d6
1073741823,1073741823,1073741823,1073741823,1073708991,1073731067,1073457151,1073635071,1073741823,1073741823,1073741823,1073741823,1073741823,1073741823,1073741823:d6
1073741823,1073741823,1073741823,1073741823,1073708991,1073731067,1073719295,1073635071,1073479679,1073741823,1073741823,1073741823,1073741823,1073741823,1073741823:d6
1073741823,1073741823,1073741823,1073741823,1073708991,1073731067,1073719295,1073635071,1073741823,1073740799,1073741823,1073741823,1073741823,1073741823,1073741823:d6
1073741823,1073741823,1073741823,1073741823,1073708991,1073731067,1073719295,1073635071,1073737727,1073741823,1073741823,1073741823,1073741823,1073741823,1073741823:d6
1073741823,1073741823,1073741823,1073741823,1073708991,1073731067,1073719295,1073634047,1073741823,1073741823,1073741823,1073741823,1073741823,1073741823,1073741823:d6
1073741823,1073741823,1073741823,1073741823,1073708991,1073714683,1073719295,1073635071,1073741823,1073741823,1073741823,1073741823,1073741823,1073741823,1073741823:f8
1073741823,1073741823,1073741823,1073741823,1073708991,1073714683,1073719295,1073633023,1073741823,1073741759,1073741823,1073741823,1073741823,1073741823,1073741823:d6
1073741823,1073741823,1073741823,1073479679,1073708991,1073714683,1073719295,1073633023,1073741823,1073741823,1073741823,1073741823,1073741823,1073741823,1073741823:f5
1073741823,1073741823,1073741823,1073740799,1073708991,1073714683,1073719295,1073633023,1073741823,1073741823,1073741823,1073741823,1073741823,1073741823,1073741823:d6
1073741823,1073741823,1073741823,1073741823,1073708991,1073714683,1073719294,1073633023,1073741823,1073741823,1073741823,1073741823,1073741823,1073741823,1073741823:d6
1073741823,1073741823,1073741823,1073741823,1073708991,1073714682,1073719295,1073633023,1073741823,1073741823,1073741823,1073741823,1073741823,1073741823,1073741823:d6
1073741823,1073741823,1073741823,1073741823,1073708990,1073714683,1073719295,1073633023,1073741823,1073741823,1073741823,1073741823,1073741823,1073741823,1073741823:f5
1073741823,1073741823,1073741823,1073741819,1073708991,1073714683,1073719295,1073633023,1073741823,1073741823,1073741823,1073741823,1073741823,1073741823,1073741823:d6
1073741823,1073741823,1073741823,1073741823,1073708991,1073714683,1073719279,1073633023,1073741823,1073741823,1073741823,1073741823,1073741823,1073741823,1073741823:f5
1073741823,1073741823,1073741823,1073741823,1073708991,1073714683,1073719295,1073633019,1073741823,1073741823,1073741823,1073741823,1073741823,1073741823,1073741823:d6
1073741823,1073741823,1073725439,1073741823,1073708991,1073714683,1073719295,1073633023,1073741823,1073741823,1073741823,1073741823,1073741823,1073741823,1073741823:d6
1073741823,1073741823,1073741823,1073725439,1073708991,1073714683,1073719295,1073633023,1073741823,1073741823,1073741823,1073741823,1073741823,1073741823,1073741823:d6
1073741823,1073741823,1073479679,1073741823,1073708991,1073714683,1073719295,1073633023,1073741823,1073741823,1073741823,1073741823,1073741823,1073741823,1073741823:d6
1073741823,1073741823,1073741823,1073741823,1073708991,1073714683,1073719291,1073633023,1073741823,1073741823,1073741823,1073741823,1073741823,1073741823,1073741823:f5
1073741823,1073741823,1073741823,1073741823,1073708987,1073714683,1073719295,1073633023,1073741823,1073741823,1073741823,1073741823,1073741823,1073741823,1073741823:f5
1073741823,1073741823,1073741823,1073741823,1073708975,1073714683,1073719295,1073633023,1073741823,1073741823,1073741823,1073741823,1073741823,1073741823,1073741823:f5
1073741823,1073741823,1073741819,1073741823,1073708991,1073714683,1073719295,1073633023,1073741823,1073741823,1073741823,1073741823,1073741823,1073741823,1073741823:d6
1073741823,1073741823,1073741759,1073741823,1073708991,1073714683,1073719295,1073633023,1073741823,1073741823,1073741823,1073741823,1073741823,1073741823,1073741823:d6
1073741823,1073741823,1073741823,1073741759,1073708991,1073714683,1073719295,1073633023,1073741823,1073741823,1073741823,1073741823,1073741823,1073741823,1073741823:f5
1073741823,1073741823,1073740799,1073741823,1073708991,1073714683,1073719295,1073633023,1073741823,1073741823,1073741823,1073741823,1073741823,1073741823,1073741823:f5
1073741823,1073741823,1073741823,1073741823,1073708991,1073714619,1073719295,1073633023,1073741823,1073741823,1073741823,1073741823,1073741823,1073741823,1073741823:f5
1073741823,1073741823,1073741823,1073741807,1073708991,1073714683,1073719295,1073633023,1073741823,1073741823,1073741823,1073741823,1073741823,1073741823,1073741823:f5
1073741823,1073741823,1073741823,1073741823,1073708991,1073714683,1073719295,1073633023,1073741823,1073741807,1073741823,1073741823,1073741823,1073741823,1073741823:d6
1073741823,1073741823,1073741823,1073741823,1073708991,1073714683,1073719295,1073633007,1073741823,1073741823,1073741823,1073741823,1073741823,1073741823,1073741823:f5
1073741823,1073741823,1073741823,1073741823,1073708991,1073714683,1073719295,1073632959,1073741823,1073741823,1073741823,1073741823,1073741823,1073741823,1073741823:d6
1073741823,1073741823,1073741823,1073741823,1073708991,1073714667,1073719295,1073633023,1073741823,1073741823,1073741823,1073741823,1073741823,1073741823,1073741823:f5
1073741823,1073741823,1073741823,1073741823,1073708991,1073714683,1073719295,1073633023,1073741759,1073741823,1073741823,1073741823,1073741823,1073741823,1073741823:d6
1073741823,1073741823,1073741823,1073741823,1073708991,1073714683,1073719231,1073633023,1073741823,1073741823,1073741823,1073741823,1073741823,1073741823,1073741823:f5
1073741823,1073741823,1073741823,1073741823,1073708991,1073714683,1073719295,1073633023,1073741567,1073741823,1073741823,1073741823,1073741823,1073741823,1073741823:f5
1073741823,1073741823,1073741823,1073741823,1073708991,1073714683,1073719039,1073633023,1073741823,1073741823,1073741823,1073741823,1073741823,1073741823,1073741823:f5
1073741823,1073741823,1073741823,1073741823,1073708735,1073714683,1073719295,1073633023,1073741823,1073741823,1073741823,1073741823,1073741823,1073741823,1073741823:f5
1073741823,1073741823,1073741823,1073741823,1073643455,1073714683,1073719295,1073633023,1073741823,1073741823,1073741823,1073741823,1073741823,1073741823,1073741823:d6
1073741823,1073741823,1073741823,1073741567,1073708991,1073714683,1073719295,1073633023,1073741823,1073741823,1073741823,1073741823,1073741823,1073741823,1073741823:f5
1073741823,1073741823,1073741823,1073737727,1073708991,1073714683,1073719295,1073633023,1073741823,1073741823,1073741823,1073741823,1073741823,1073741823,1073741823:d6
1073741823,1073741823,1073741823,1073741823,1073704895,1073714683,1073719295,1073633023,1073741823,1073741823,1073741823,1073741823,1073741823,1073741823,1073741823:f5
1073741823,1073741823,1073741823,1073676287,1073708991,1073714683,1073719295,1073633023,1073741823,1073741823,1073741823,1073741823,1073741823,1073741823,1073741823:d6
1073741823,1073741823,1073741823,1073741823,1073708991,1072666107,1073719295,1073633023,1073741823,1073741823,1073741823,1073741823,1073741823,1073741823,1073741823:d6
1073741823,1073741823,1073741823,1073741823,1073708991,1073714683,1073719295,1072584447,1073741823,1073741823,1073741823,1073741823,1073741823,1073741823,1073741823:d6
1073741823,1073741823,1073741823,1073741823,1073708991,1073714683,1073719295,1073633023,1073741823,1072693247,1073741823,1073741823,1073741823,1073741823,1073741823:d6
1073741823,1073741823,1073741823,1073741823,1073708991,1073714683,1073719295,1073633023,1073741823,1073741567,1073741823,1073741823,1073741823,1073741823,1073741823:d6
1073741823,1073741823,1073741823,1073741823,1073708991,1073714683,1073719295,1073633023,1073741823,1073676287,1073741823,1073741823,1073741823,1073741823,1073741823:d6
1073741823,1073741823,1073741823,1073741823,1073708991,1073714683,1073719295,1073633023,1073741823,1073737727,1073741823,1073741823,1073741823,1073741823,1073741823:f5
1073741823,1073741823,1073741823,1073741823,1073708991,1073714683,1073719295,1073633023,1073740799,1073741823,1073741823,1073741823,1073741823,1073741823,1073741823:f5
1073741823,1073741823,1073741823,1073741823,1073706943,1073714683,1073719295,1073633023,1073740799,1073741823,1073741759,1073741823,1073741823,1073741823,1073741823:f4
1073741823,1073741823,1073741823,1073741823,1073706943,1073714683,1073719295,1073633023,1073740799,1073741823,1073725439,1073741823,1073741823,1073741823,1073741823:f4
1073741823,1073741823,1073741823,1073741823,1073706943,1073714683,1073719295,1073633023,1073740799,1073741823,1073740799,1073741823,1073741823,1073741823,1073741823:f4
1073741823,1073741823,1073741823,1073741823,1073706943,1073714683,1073719295,1073633023,1073740799,1073741759,1073741823,1073741823,1073741823,1073741823,1073741823:f4
1073741823,1073741823,1073741823,1073479679,1073706943,1073714683,1073719295,1073633023,1073740799,1073741823,1073741823,1073741823,1073741823,1073741823,1073741823:f4
1073741823,1073741823,1073741823,1073740799,1073706943,1073714683,1073719295,1073633023,1073740799,1073741823,1073741823,1073741823,1073741823,1073741823,1073741823:d7
1073741823,1073741823,1073741823,1073740799,1073706943,1073714683,1073719167,1073633023,1073740795,1073741823,1073741823,1073741823,1073741823,1073741823,1073741823:g4
1073741823,1073741759,1073741823,1073740799,1073706943,1073714683,1073719167,1073633023,1073740799,1073741823,1073741823,1073741823,1073741823,1073741823,1073741823:g4
1073741823,1073741823,1073741567,1073740799,1073706943,1073714683,1073719167,1073633023,1073740799,1073741823,1073741823,1073741823,1073741823,1073741823,1073741823:g4
1073741823,1073740799,1073741823,1073740799,1073706943,1073714683,1073719167,1073633023,1073740799,1073741823,1073741823,1073741823,1073741823,1073741823,1073741823:g4
1073741823,1073725439,1073741823,1073740799,1073706943,1073714683,1073719167,1073633023,1073740799,1073741823,1073741823,1073741823,1073741823,1073741823,1073741823:g4
1073741823,1073741823,1073737727,1073740799,1073706943,1073714683,1073719167,1073633023,1073740799,1073741823,1073741823,1073741823,1073741823,1073741823,1073741823:g4
1073741823,1073741823,1073741823,1073740799,1073706943,1073714683,1073719167,1073633023,1073740799,1073741823,1073741759,1073741823,1073741823,1073741823,1073741823:g4
1073741823,1073741823,1073741823,1073740799,1073706943,1073714683,1073719167,1073633023,1073740799,1073741823,1073725439,1073741823,1073741823,1073741823,1073741823:g4
1073741823,1073741823,1073741823,1073740799,1073706943,1073714683,1073719167,1073633023,1073740799,1073741823,1073740799,1073741823,1073741823,1073741823,1073741823:g4
1073741823,1073741823,1073741823,1073740799,1073706943,1073714683,1073719167,1073633023,1073740799,1073741759,1073741823,1073741823,1073741823,1073741823,1073741823:g4
1073741823,1073741823,1073741823,1073478655,1073706943,1073714683,1073719167,1073633023,1073740799,1073741823,1073741823,1073741823,1073741823,1073741823,1073741823:g4
1073741823,1073741823,1073741823,1073740799,1073706943,1073714683,1073719166,1073633023,1073740799,1073741823,1073741823,1073741823,1073741823,1073741823,1073741823:g4
1073741823,1073741823,1073741823,1073740799,1073706943,1073714682,1073719167,1073633023,1073740799,1073741823,1073741823,1073741823,1073741823,1073741823,1073741823:g4
1073741823,1073741823,1073741823,1073740799,1073706942,1073714683,1073719167,1073633023,1073740799,1073741823,1073741823,1073741823,1073741823,1073741823,1073741823:g4
1073741823,1073741823,1073741823,1073740795,1073706943,1073714683,1073719167,1073633023,1073740799,1073741823,1073741823,1073741823,1073741823,1073741823,1073741823:g4
1073741823,1073741823,1073741823,1073740799,1073706943,1073714683,1073719151,1073633023,1073740799,1073741823,1073741823,1073741823,1073741823,1073741823,1073741823:g4
1073741823,1073741823,1073741823,1073740799,1073706943,1073714683,1073719167,1073633019,1073740799,1073741823,1073741823,1073741823,1073741823,1073741823,1073741823:g4
1073741823,1073741823,1073725439,1073740799,1073706943,1073714683,1073719167,1073633023,1073740799,1073741823,1073741823,1073741823,1073741823,1073741823,1073741823:c8
1073741823,1073741823,1073741823,1073724415,1073706943,1073714683,1073719167,1073633023,1073740799,1073741823,1073741823,1073741823,1073741823,1073741823,1073741823:g4
1073741823,1073741823,1073479679,1073740799,1073706943,1073714683,1073719167,1073633023,1073740799,1073741823,1073741823,1073741823,1073741823,1073741823,1073741823:g4
1073741823,1073741823,1073741823,1073740799,1073706943,1073714683,1073719163,1073633023,1073740799,1073741823,1073741823,1073741823,1073741823,1073741823,1073741823:g4
1073741823,1073741823,1073741823,1073740799,1073706939,1073714683,1073719167,1073633023,1073740799,1073741823,1073741823,1073741823,1073741823,1073741823,1073741823:g4
1073741823,1073741823,1073741823,1073740799,1073706927,1073714683,1073719167,1073633023,1073740799,1073741823,1073741823,1073741823,1073741823,1073741823,1073741823:g4
1073741823,1073741823,1073741819,1073740799,1073706943,1073714683,1073719167,1073633023,1073740799,1073741823,1073741823,1073741823,1073741823,1073741823,1073741823:g4
1073741823,1073741823,1073741759,1073740799,1073706943,1073714683,1073719167,1073633023,1073740799,1073741823,1073741823,1073741823,1073741823,1073741823,1073741823:g4
1073741823,1073741823,1073741823,1073740735,1073706943,1073714683,1073719167,1073633023,1073740799,1073741823,1073741823,1073741823,1073741823,1073741823,1073741823:g4
1073741823,1073741823,1073740799,1073740799,1073706943,1073714683,1073719167,1073633023,1073740799,1073741823,1073741823,1073741823,1073741823,1073741823,1073741823:g4
1073741823,1073741823,1073741823,1073740799,1073706943,1073714619,1073719167,1073633023,1073740799,1073741823,1073741823,1073741823,1073741823,1073741823,1073741823:g4
1073741823,1073741823,1073741823,1073740783,1073706943,1073714683,1073719167,1073633023,1073740799,1073741823,1073741823,1073741823,1073741823,1073741823,1073741823:g4
1073741823,1073741823,1073741823,1073740799,1073706943,1073714683,1073719167,1073633023,1073740799,1073741807,1073741823,1073741823,1073741823,1073741823,1073741823:g4
1073741823,1073741823,1073741823,1073740799,1073706943,1073714683,1073719167,1073633007,1073740799,1073741823,1073741823,1073741823,1073741823,1073741823,1073741823:e7
1073741823,1073741823,1073741823,1073740799,1073706943,1073714683,1073718655,1073633007,1073740799,1073741822,1073741823,1073741823,1073741823,1073741823,1073741823:g5
1073741823,1073741823,1073741823,1073740799,1073706943,1073714683,1073718655,1073633006,1073740799,1073741823,1073741823,1073741823,1073741823,1073741823,1073741823:d6
1073741823,1073741823,1073741823,1073740799,1073706943,1073714683,1073718655,1073633007,1073740783,1073741823,1073741823,1073741823,1073741823,1073741823,1073741823:g5
1073741823,1073741823,1073741823,1073740799,1073706943,1073714683,1073718655,1073633007,1073740795,1073741823,1073741823,1073741823,1073741823,1073741823,1073741823:g5
1073741823,1073741759,1073741823,1073740799,1073706943,1073714683,1073718655,1073633007,1073740799,1073741823,1073741823,1073741823,1073741823,1073741823,1073741823:g5
1073741823,1073741823,1073741567,1073740799,1073706943,1073714683,1073718655,1073633007,1073740799,1073741823,1073741823,1073741823,1073741823,1073741823,1073741823:d6
1073741823,1073740799,1073741823,1073740799,1073706943,1073714683,1073718655,1073633007,1073740799,1073741823,1073741823,1073741823,1073741823,1073741823,1073741823:g5
1073741823,1073725439,1073741823,1073740799,1073706943,1073714683,1073718655,1073633007,1073740799,1073741823,1073741823,1073741823,1073741823,1073741823,1073741823:g5
1073741823,1073741823,1073737727,1073740799,1073706943,1073714683,1073718655,1073633007,1073740799,1073741823,1073741823,1073741823,1073741823,1073741823,1073741823:g5
1073741823,1073741823,1073741823,1073740799,1073706943,1073714683,1073718655,1073633007,1073740799,1073741823,1073741759,1073741823,1073741823,1073741823,1073741823:g5
1073741823,1073741823,1073741823,1073740799,1073706943,1073714683,1073718655,1073633007,1073740799,1073741823,1073725439,1073741823,1073741823,1073741823,1073741823:d6
1073741823,1073741823,1073741823,1073740799,1073706943,1073714683,1073718655,1073633007,1073740799,1073741823,1073740799,1073741823,1073741823,1073741823,1073741823:g5
1073741823,1073741823,1073741823,1073740799,1073706943,1073714683,1073718655,1073633007,1073740799,1073741759,1073741823,1073741823,1073741823,1073741823,1073741823:g5
1073741823,1073741823,1073741823,1073478655,1073706943,1073714683,1073718655,1073633007,1073740799,1073741823,1073741823,1073741823,1073741823,1073741823,1073741823:d6
1073741823,1073741823,1073741823,1073740799,1073706943,1073714683,1073718654,1073633007,1073740799,1073741823,1073741823,1073741823,1073741823,1073741823,1073741823:g5
1073741823,1073741823,1073741823,1073740799,1073706943,1073714682,1073718655,1073633007,1073740799,1073741823,1073741823,1073741823,1073741823,1073741823,1073741823:g5
1073741823,1073741823,1073741823,1073740799,1073706942,1073714683,1073718655,1073633007,1073740799,1073741823,1073741823,1073741823,1073741823,1073741823,1073741823:g5
1073741823,1073741823,1073741823,1073740795,1073706943,1073714683,1073718655,1073633007,1073740799,1073741823,1073741823,1073741823,1073741823,1073741823,1073741823:g5
1073741823,1073741823,1073741823,1073740799,1073706943,1073714683,1073718639,1073633007,1073740799,1073741823,1073741823,1073741823,1073741823,1073741823,1073741823:g5
1073741823,1073741823,1073741823,1073740799,1073706943,1073714683,1073718655,1073633003,1073740799,1073741823,1073741823,1073741823,1073741823,1073741823,1073741823:d6
1073741823,1073741823,1073725439,1073740799,1073706943,1073714683,1073718655,1073633007,1073740799,1073741823,1073741823,1073741823,1073741823,1073741823,1073741823:g5
1073741823,1073741823,1073741823,1073724415,1073706943,1073714683,1073718655,1073633007,1073740799,1073741823,1073741823,1073741823,1073741823,1073741823,1073741823:d6
1073741823,1073741823,1073479679,1073740799,1073706943,1073714683,1073718655,1073633007,1073740799,1073741823,1073741823,1073741823,1073741823,1073741823,1073741823:g5
1073741823,1073741823,1073741823,1073740799,1073706943,1073714683,1073718651,1073633007,1073740799,1073741823,1073741823,1073741823,1073741823,1073741823,1073741823:g5
1073741823,1073741823,1073741823,1073740799,1073706939,1073714683,1073718655,1073633007,1073740799,1073741823,1073741823,1073741823,1073741823,1073741823,1073741823:g5
1073741823,1073741823,1073741823,1073740799,1073706927,1073714683,1073718655,1073633007,1073740799,1073741823,1073741823,1073741823,1073741823,1073741823,1073741823:g5
1073741823,1073741823,1073741819,1073740799,1073706943,1073714683,1073718655,1073633007,1073740799,1073741823,1073741823,1073741823,1073741823,1073741823,1073741823:g5
1073741823,1073741823,1073741759,1073740799,1073706943,1073714683,1073718655,1073633007,1073740799,1073741823,1073741823,1073741823,1073741823,1073741823,1073741823:g5
1073741823,1073741823,1073741823,1073740735,1073706943,1073714683,1073718655,1073633007,1073740799,1073741823,1073741823,1073741823,1073741823,1073741823,1073741823:g5
1073741823,1073741823,1073740799,1073740799,1073706943,1073714683,1073718655,1073633007,1073740799,1073741823,1073741823,1073741823,1073741823,1073741823,1073741823:g5
1073741823,1073741823,1073741823,1073740799,1073706943,1073714619,1073718655,1073633007,1073740799,1073741823,1073741823,1073741823,1073741823,1073741823,1073741823:g5
1073741823,1073741823,1073741823,1073740783,1073706943,1073714683,1073718655,1073633007,1073740799,1073741823,1073741823,1073741823,1073741823,1073741823,1073741823:g5
1073741823,1073741823,1073741823,1073740799,1073706943,1073714683,1073718655,1073633007,1073740799,1073741807,1073741823,1073741823,1073741823,1073741823,1073741823:g5
1073741823,1073741823,1073741823,1073740799,1073706943,1073714683,1073718655,1073632943,1073740799,1073741823,1073741823,1073741823,1073741823,1073741823,1073741823:d6
1073741823,1073741823,1073741823,1073740799,1073706943,1073714667,1073718655,1073633007,1073740799,1073741823,1073741823,1073741823,1073741823,1073741823,1073741823:g5
1073741823,1073741823,1073741823,1073740799,1073706943,1073714683,1073718655,1073633007,1073740735,1073741823,1073741823,1073741823,1073741823,1073741823,1073741823:g5
1073741823,1073741823,1073741823,1073740799,1073706943,1073714683,1073718655,1073633007,1073740543,1073741823,1073741823,1073741823,1073741823,1073741823,1073741823:g5
1073741823,1073741823,1073741823,1073740799,1073706687,1073714683,1073718655,1073633007,1073740799,1073741823,1073741823,1073741823,1073741823,1073741823,1073741823:d6
1073741823,1073741823,1073741823,1073740799,1073641407,1073714683,1073718655,1073633007,1073740799,1073741823,1073741823,1073741823,1073741823,1073741823,1073741823:d6
1073741823,1073741823,1073741823,1073740543,1073706943,1073714683,1073718655,1073633007,1073740799,1073741823,1073741823,1073741823,1073741823,1073741823,1073741823:g5
1073741823,1073741823,1073741823,1073736703,1073706943,1073714683,1073718655,1073633007,1073740799,1073741823,1073741823,1073741823,1073741823,1073741823,1073741823:g5
1073741823,1073741823,1073741823,1073740799,1073702847,1073714683,1073718655,1073633007,1073740799,1073741823,1073741823,1073741823,1073741823,1073741823,1073741823:d6
1073741823,1073741823,1073741823,1073675263,1073706943,1073714683,1073718655,1073633007,1073740799,1073741823,1073741823,1073741823,1073741823,1073741823,1073741823:g5
1073741823,1073741823,1073741823,1073740799,1073706943,1072666107,1073718655,1073633007,1073740799,1073741823,1073741823,1073741823,1073741823,1073741823,1073741823:g5
1073741823,1073741823,1073741823,1073740799,1073706943,1073714683,1073718655,1072584431,1073740799,1073741823,1073741823,1073741823,1073741823,1073741823,1073741823:g5
1073741823,1073741823,1073741823,1073740799,1073706943,1073714683,1073718655,1073633007,1073740799,1072693247,1073741823,1073741823,1073741823,1073741823,1073741823:g5
1073741823,1073741823,1073741823,1073740799,1073706943,1073714683,1073718655,1073633007,1073740799,1073741567,1073741823,1073741823,1073741823,1073741823,1073741823:g5
1073741823,1073741823,1073741823,1073740799,1073706943,1073714683,1073718655,1073633007,1073740799,1073676287,1073741823,1073741823,1073741823,1073741823,1073741823:g5
1073741823,1073741823,1073741823,1073740799,1073706943,1073714683,1073718655,1073633007,1073740799,1073737727,1073741823,1073741823,1073741823,1073741823,1073741823:g5
1073741823,1073741823,1073741823,1073740799,1073444799,1073714683,1073718655,1073633007,1073740799,1073741823,1073741823,1073741823,1073741823,1073741823,1073741823:d6
1073741823,1073741823,1073741823,1073740799,1073706943,1073649147,1073718655,1073633007,1073740799,1073741823,1073741823,1073741823,1073741823,1073741823,1073741823:g5
1073741823,1073741823,1073741823,1073740799,1073706943,1073714683,1073456511,1073633007,1073740799,1073741823,1073741823,1073741823,1073741823,1073741823,1073741823:d6
1073741823,1073741823,1073741823,1073740799,1073706943,1073714683,1073718655,1073633007,1073478655,1073741823,1073741823,1073741823,1073741823,1073741823,1073741823:g5
1073741823,1073741823,1073741823,1073740799,1073706943,1073714683,1073718655,1073633007,1073740799,1073740799,1073741823,1073741823,1073741823,1073741823,1073741823:g5
1073741823,1073741823,1073741823,1073740799,1073706943,1073714683,1073718655,1073633007,1073736703,1073741823,1073741823,1073741823,1073741823,1073741823,1073741823:g5
1073741823,1073741823,1073741823,1073740799,1073706943,1073452539,1073718655,1073633007,1073740799,1073741823,1073741823,1073741823,1073741823,1073741823,1073741823:g5
1073741823,1073741823,1073741823,1073740799,1073706943,1073714683,1073653119,1073633007,1073740799,1073741823,1073741823,1073741823,1073741823,1073741823,1073741823:d6
1073741823,1073741823,1073741823,1073740799,1073706943,1073714683,1073718655,1073370863,1073740799,1073741823,1073741823,1073741823,1073741823,1073741823,1073741823:g5
1073741823,1073741823,1073741823,1073740799,1073706943,1073714683,1073718655,1073633007,1073740799,1073479679,1073741823,1073741823,1073741823,1073741823,1073741823:g5
1073741823,1073741823,1073741823,1073740799,1073706943,1073714683,1073718655,1073633007,1073675263,1073741823,1073741823,1073741823,1073741823,1073741823,1073741823:g5
1073741823,1073741823,1073741823,1073740799,1073706943,1073714683,1073718655,1073633007,1073740799,1073725439,1073741823,1073741823,1073741823,1073741823,1073741823:g5
1073741823,1073741823,1073741823,1073740799,1073706943,1073714683,1073718655,1073633007,1073724415,1073741823,1073741823,1073741823,1073741823,1073741823,1073741823:g5
1073741823,1073741823,1073741823,1073740799,1073706943,1073714683,1073719167,1073632959,1073740799,1073741823,1073741823,1073741823,1073741823,1073741823,1073741823:g4
1073741823,1073741823,1073741823,1073740799,1073706943,1073714667,1073719167,1073633023,1073740799,1073741823,1073741823,1073741823,1073741823,1073741823,1073741823:g4
1073741823,1073741823,1073741823,1073740799,1073706943,1073714683,1073719167,1073633023,1073740735,1073741823,1073741823,1073741823,1073741823,1073741823,1073741823:g4
1073741823,1073741823,1073741823,1073740799,1073706943,1073714683,1073719167,1073633023,1073740543,1073741823,1073741823,1073741823,1073741823,1073741823,1073741823:g4
1073741823,1073741823,1073741823,1073740799,1073706943,1073714683,1073718911,1073633023,1073740799,1073741823,1073741823,1073741823,1073741823,1073741823,1073741823:g4
1073741823,1073741823,1073741823,1073740799,1073706687,1073714683,1073719167,1073633023,1073740799,1073741823,1073741823,1073741823,1073741823,1073741823,1073741823:g4
1073741823,1073741823,1073741823,1073740799,1073641407,1073714683,1073719167,1073633023,1073740799,1073741823,1073741823,1073741823,1073741823,1073741823,1073741823:g4
1073741823,1073741823,1073741823,1073740543,1073706943,1073714683,1073719167,1073633023,1073740799,1073741823,1073741823,1073741823,1073741823,1073741823,1073741823:g4
1073741823,1073741823,1073741823,1073736703,1073706943,1073714683,1073719167,1073633023,1073740799,1073741823,1073741823,1073741823,1073741823,1073741823,1073741823:d6
1073741823,1073741823,1073741823,1073740799,1073702847,1073714683,1073719167,1073633023,1073740799,1073741823,1073741823,1073741823,1073741823,1073741823,1073741823:g4
1073741823,1073741823,1073741823,1073675263,1073706943,1073714683,1073719167,1073633023,1073740799,1073741823,1073741823,1073741823,1073741823,1073741823,1073741823:g4
1073741823,1073741823,1073741823,1073740799,1073706943,1072666107,1073719167,1073633023,1073740799,1073741823,1073741823,1073741823,1073741823,1073741823,1073741823:g4
1073741823,1073741823,1073741823,1073740799,1073706943,1073714683,1073719167,1072584447,1073740799,1073741823,1073741823,1073741823,1073741823,1073741823,1073741823:g4
1073741823,1073741823,1073741823,1073740799,1073706943,1073714683,1073719167,1073633023,1073740799,1072693247,1073741823,1073741823,1073741823,1073741823,1073741823:g4
1073741823,1073741823,1073741823,1073740799,1073706943,1073714683,1073719167,1073633023,1073740799,1073741567,1073741823,1073741823,1073741823,1073741823,1073741823:g4
1073741823,1073741823,1073741823,1073740799,1073706943,1073714683,1073719167,1073633023,1073740799,1073676287,1073741823,1073741823,1073741823,1073741823,1073741823:g4
1073741823,1073741823,1073741823,1073740799,1073706943,1073714683,1073719167,1073633023,1073740799,1073737727,1073741823,1073741823,1073741823,1073741823,1073741823:g4
1073741823,1073741823,1073741823,1073740799,1073444799,1073714683,1073719167,1073633023,1073740799,1073741823,1073741823,1073741823,1073741823,1073741823,1073741823:g4
1073741823,1073741823,1073741823,1073740799,1073706943,1073649147,1073719167,1073633023,1073740799,1073741823,1073741823,1073741823,1073741823,1073741823,1073741823:g4
1073741823,1073741823,1073741823,1073740799,1073706943,1073714683,1073457023,1073633023,1073740799,1073741823,1073741823,1073741823,1073741823,1073741823,1073741823:g4
1073741823,1073741823,1073741823,1073740799,1073706943,1073714683,1073719167,1073633023,1073478655,1073741823,1073741823,1073741823,1073741823,1073741823,1073741823:g4
1073741823,1073741823,1073741823,1073740799,1073706943,1073714683,1073719167,1073633023,1073740799,1073740799,1073741823,1073741823,1073741823,1073741823,1073741823:g4
1073741823,1073741823,1073741823,1073740799,1073706943,1073714683,1073719167,1073633023,1073736703,1073741823,1073741823,1073741823,1073741823,1073741823,1073741823:g4
1073741823,1073741823,1073741823,1073740799,1073706943,1073452539,1073719167,1073633023,1073740799,1073741823,1073741823,1073741823,1073741823,1073741823,1073741823:g4
1073741823,1073741823,1073741823,1073740799,1073706943,1073714683,1073653631,1073633023,1073740799,1073741823,1073741823,1073741823,1073741823,1073741823,1073741823:g4
1073741823,1073741823,1073741823,1073740799,1073706943,1073714683,1073719167,1073370879,1073740799,1073741823,1073741823,1073741823,1073741823,1073741823,1073741823:g4
1073741823,1073741823,1073741823,1073740799,1073706943,1073714683,1073719167,1073633023,1073740799,1073479679,1073741823,1073741823,1073741823,1073741823,1073741823:g4
1073741823,1073741823,1073741823,1073740799,1073706943,1073714683,1073719167,1073633023,1073675263,1073741823,1073741823,1073741823,1073741823,1073741823,1073741823:g4
1073741823,1073741823,1073741823,1073740799,1073706943,1073714683,1073719167,1073633023,1073740799,1073725439,1073741823,1073741823,1073741823,1073741823,1073741823:g4
1073741823,1073741823,1073741823,1073740799,1073706943,1073714683,1073719167,1073633023,1073724415,1073741823,1073741823,1073741823,1073741823,1073741823,1073741823:g4
1073741823,1073741823,1073741823,1073741823,1073706943,1073714683,1073719294,1073633023,1073740799,1073741823,1073741823,1073741823,1073741823,1073741823,1073741823:f4
1073741823,1073741823,1073741823,1073741823,1073706943,1073714682,1073719295,1073633023,1073740799,1073741823,1073741823,1073741823,1073741823,1073741823,1073741823:f4
1073741823,1073741823,1073741823,1073741823,1073706942,1073714683,1073719295,1073633023,1073740799,1073741823,1073741823,1073741823,1073741823,1073741823,1073741823:f4
1073741823,1073741823,1073741823,1073741819,1073706943,1073714683,1073719295,1073633023,1073740799,1073741823,1073741823,1073741823,1073741823,1073741823,1073741823:f4
1073741823,1073741823,1073741823,1073741823,1073706943,1073714683,1073719279,1073633023,1073740799,1073741823,1073741823,1073741823,1073741823,1073741823,1073741823:f4
1073741823,1073741823,1073741823,1073741823,1073706943,1073714683,1073719295,1073633019,1073740799,1073741823,1073741823,1073741823,1073741823,1073741823,1073741823:f4
1073741823,1073741823,1073725439,1073741823,1073706943,1073714683,1073719295,1073633023,1073740799,1073741823,1073741823,1073741823,1073741823,1073741823,1073741823:f4
1073741823,1073741823,1073741823,1073725439,1073706943,1073714683,1073719295,1073633023,1073740799,1073741823,1073741823,1073741823,1073741823,1073741823,1073741823:f4
1073741823,1073741823,1073479679,1073741823,1073706943,1073714683,1073719295,1073633023,1073740799,1073741823,1073741823,1073741823,1073741823,1073741823,1073741823:f4
1073741823,1073741823,1073741823,1073741823,1073706943,1073714683,1073719291,1073633023,1073740799,1073741823,1073741823,1073741823,1073741823,1073741823,1073741823:f4
1073741823,1073741823,1073741823,1073741823,1073706939,1073714683,1073719295,1073633023,1073740799,1073741823,1073741823,1073741823,1073741823,1073741823,1073741823:f4
1073741823,1073741823,1073741823,1073741823,1073706927,1073714683,1073719295,1073633023,1073740799,1073741823,1073741823,1073741823,1073741823,1073741823,1073741823:f4
1073741823,1073741823,1073741819,1073741823,1073706943,1073714683,1073719295,1073633023,1073740799,1073741823,1073741823,1073741823,1073741823,1073741823,1073741823:f4
1073741823,1073741823,1073741759,1073741823,1073706943,1073714683,1073719295,1073633023,1073740799,1073741823,1073741823,1073741823,1073741823,1073741823,1073741823:f4
1073741823,1073741823,1073741823,1073741759,1073706943,1073714683,1073719295,1073633023,1073740799,1073741823,1073741823,1073741823,1073741823,1073741823,1073741823:f4
1073741823,1073741823,1073740799,1073741823,1073706943,1073714683,1073719295,1073633023,1073740799,1073741823,1073741823,1073741823,1073741823,1073741823,1073741823:f4
1073741823,1073741823,1073741823,1073741823,1073706943,1073714619,1073719295,1073633023,1073740799,1073741823,1073741823,1073741823,1073741823,1073741823,1073741823:f4
1073741823,1073741823,1073741823,1073741807,1073706943,1073714683,1073719295,1073633023,1073740799,1073741823,1073741823,1073741823,1073741823,1073741823,1073741823:f4
1073741823,1073741823,1073741823,1073741823,1073706943,1073714683,1073719295,1073633023,1073740799,1073741807,1073741823,1073741823,1073741823,1073741823,1073741823:f4
1073741823,1073741823,1073741823,1073741823,1073706943,1073714683,1073719295,1073633007,1073740799,1073741823,1073741823,1073741823,1073741823,1073741823,1073741823:f4
1073741823,1073741823,1073741823,1073741823,1073706943,1073714683,1073719295,1073632959,1073740799,1073741823,1073741823,1073741823,1073741823,1073741823,1073741823:f4
1073741823,1073741823,1073741823,1073741823,1073706943,1073714667,1073719295,1073633023,1073740799,1073741823,1073741823,1073741823,1073741823,1073741823,1073741823:f4
1073741823,1073741823,1073741823,1073741823,1073706943,1073714683,1073719295,1073633023,1073740735,1073741823,1073741823,1073741823,1073741823,1073741823,1073741823:f4
1073741823,1073741823,1073741823,1073741823,1073706943,1073714683,1073719231,1073633023,1073740799,1073741823,1073741823,1073741823,1073741823,1073741823,1073741823:f4
1073741823,1073741823,1073741823,1073741823,1073706943,1073714683,1073719295,1073633023,1073740543,1073741823,1073741823,1073741823,1073741823,1073741823,1073741823:f4
1073741823,1073741823,1073741823,1073741823,1073706943,1073714683,1073719039,1073633023,1073740799,1073741823,1073741823,1073741823,1073741823,1073741823,1073741823:f4
1073741823,1073741823,1073741823,1073741823,1073706687,1073714683,1073719295,1073633023,1073740799,1073741823,1073741823,1073741823,1073741823,1073741823,1073741823:f4
1073741823,1073741823,1073741823,1073741823,1073641407,1073714683,1073719295,1073633023,1073740799,1073741823,1073741823,1073741823,1073741823,1073741823,1073741823:f4
1073741823,1073741823,1073741823,1073741567,1073706943,1073714683,1073719295,1073633023,1073740799,1073741823,1073741823,1073741823,1073741823,1073741823,1073741823:f4
1073741823,1073741823,1073741823,1073737727,1073706943,1073714683,1073719295,1073633023,1073740799,1073741823,1073741823,1073741823,1073741823,1073741823,1073741823:f4
1073741823,1073741823,1073741823,1073741823,1073702847,1073714683,1073719295,1073633023,1073740799,1073741823,1073741823,1073741823,1073741823,1073741823,1073741823:f4
1073741823,1073741823,1073741823,1073676287,1073706943,1073714683,1073719295,1073633023,1073740799,1073741823,1073741823,1073741823,1073741823,1073741823,1073741823:f4
1073741823,1073741823,1073741823,1073741823,1073706943,1072666107,1073719295,1073633023,1073740799,1073741823,1073741823,1073741823,1073741823,1073741823,1073741823:f4
1073741823,1073741823,1073741823,1073741823,1073706943,1073714683,1073719295,1072584447,1073740799,1073741823,1073741823,1073741823,1073741823,1073741823,1073741823:f4
1073741823,1073741823,1073741823,1073741823,1073706943,1073714683,1073719295,1073633023,1073740799,1072693247,1073741823,1073741823,1073741823,1073741823,1073741823:f4
1073741823,1073741823,1073741823,1073741823,1073706943,1073714683,1073719295,1073633023,1073740799,1073741567,1073741823,1073741823,1073741823,1073741823,1073741823:f4
1073741823,1073741823,1073741823,1073741823,1073706943,1073714683,1073719295,1073633023,1073740799,1073676287,1073741823,1073741823,1073741823,1073741823,1073741823:f4
1073741823,1073741823,1073741823,1073741823,1073706943,1073714683,1073719295,1073633023,1073740799,1073737727,1073741823,1073741823,1073741823,1073741823,1073741823:f4
1073741823,1073741823,1073741823,1073741823,1073444799,1073714683,1073719295,1073633023,1073740799,1073741823,1073741823,1073741823,1073741823,1073741823,1073741823:f4
1073741823,1073741823,1073741823,1073741823,1073706943,1073649147,1073719295,1073633023,1073740799,1073741823,1073741823,1073741823,1073741823,1073741823,1073741823:f4
1073741823,1073741823,1073741823,1073741823,1073706943,1073714683,1073457151,1073633023,1073740799,1073741823,1073741823,1073741823,1073741823,1073741823,1073741823:f4
1073741823,1073741823,1073741823,1073741823,1073706943,1073714683,1073719295,1073633023,1073478655,1073741823,1073741823,1073741823,1073741823,1073741823,1073741823:f4
1073741823,1073741823,1073741823,1073741823,1073706943,1073714683,1073719295,1073633023,1073740799,1073740799,1073741823,1073741823,1073741823,1073741823,1073741823:f4
1073741823,1073741823,1073741823,1073741823,1073706943,1073714683,1073719295,1073633023,1073736703,1073741823,1073741823,1073741823,1073741823,1073741823,1073741823:f4
1073741823,1073741823,1073741823,1073741823,1073706943,1073452539,1073719295,1073633023,1073740799,1073741823,1073741823,1073741823,1073741823,1073741823,1073741823:f4
1073741823,1073741823,1073741823,1073741823,1073706943,1073714683,1073653759,1073633023,1073740799,1073741823,1073741823,1073741823,1073741823,1073741823,1073741823:f4
1073741823,1073741823,1073741823,1073741823,1073706943,1073714683,1073719295,1073370879,1073740799,1073741823,1073741823,1073741823,1073741823,1073741823,1073741823:f4
1073741823,1073741823,1073741823,1073741823,1073706943,1073714683,1073719295,1073633023,1073740799,1073479679,1073741823,1073741823,1073741823,1073741823,1073741823:f4
1073741823,1073741823,1073741823,1073741823,1073706943,1073714683,1073719295,1073633023,1073675263,1073741823,1073741823,1073741823,1073741823,1073741823,1073741823:f4
1073741823,1073741823,1073741823,1073741823,1073706943,1073714683,1073719295,1073633023,1073740799,1073725439,1073741823,1073741823,1073741823,1073741823,1073741823:f4
1073741823,1073741823,1073741823,1073741823,1073706943,1073714683,1073719295,1073633023,1073724415,1073741823,1073741823,1073741823,1073741823,1073741823,1073741823:f4
1073741823,1073741823,1073741823,1073741823,1073707967,1073714683,1073719295,1073633023,1073741823,1073741823,1073741823,1073741823,1073741823,1073741823,1073741823:g9
1073741823,1073741823,1073741823,1073741823,1073707967,1073714683,1073719295,1073633023,1073733631,1073741823,1073741567,1073741823,1073741823,1073741823,1073741823:d6
1073741823,1073741823,1073741823,1073741823,1073707967,1073714683,1073719295,1073633023,1073733631,1073741823,1073676287,1073741823,1073741823,1073741823,1073741823:d6
1073741823,1073741823,1073741823,1073741823,1073707967,1073714683,1073719295,1073633023,1073733631,1073741823,1073737727,1073741823,1073741823,1073741823,1073741823:d6
1073741823,1073741823,1073741823,1073741823,1073707967,1073714683,1073719295,1073633023,1073733631,1073741759,1073741823,1073741823,1073741823,1073741823,1073741823:d6
1073741823,1073741823,1073741823,1073479679,1073707967,1073714683,1073719295,1073633023,1073733631,1073741823,1073741823,1073741823,1073741823,1073741823,1073741823:d6
1073741823,1073741823,1073741823,1073740799,1073707967,1073714683,1073719295,1073633023,1073733631,1073741823,1073741823,1073741823,1073741823,1073741823,1073741823:d6
1073741823,1073741823,1073741823,1073741823,1073707967,1073714683,1073719294,1073633023,1073733631,1073741823,1073741823,1073741823,1073741823,1073741823,1073741823:d6
1073741823,1073741823,1073741823,1073741823,1073707967,1073714682,1073719295,1073633023,1073733631,1073741823,1073741823,1073741823,1073741823,1073741823,1073741823:d6
1073741823,1073741823,1073741823,1073741823,1073707966,1073714683,1073719295,1073633023,1073733631,1073741823,1073741823,1073741823,1073741823,1073741823,1073741823:d6
1073741823,1073741823,1073741823,1073741819,1073707967,1073714683,1073719295,1073633023,1073733631,1073741823,1073741823,1073741823,1073741823,1073741823,1073741823:d6
1073741823,1073741823,1073741823,1073741823,1073707967,1073714683,1073719279,1073633023,1073733631,1073741823,1073741823,1073741823,1073741823,1073741823,1073741823:d6
1073741823,1073741823,1073741823,1073741823,1073707967,1073714683,1073719295,1073633019,1073733631,1073741823,1073741823,1073741823,1073741823,1073741823,1073741823:d6
1073741823,1073741823,1073725439,1073741823,1073707967,1073714683,1073719295,1073633023,1073733631,1073741823,1073741823,1073741823,1073741823,1073741823,1073741823:d6
1073741823,1073741823,1073741823,1073725439,1073707967,1073714683,1073719295,1073633023,1073733631,1073741823,1073741823,1073741823,1073741823,1073741823,1073741823:d6
1073741823,1073741823,1073479679,1073741823,1073707967,1073714683,1073719295,1073633023,1073733631,1073741823,1073741823,1073741823,1073741823,1073741823,1073741823:d6
1073741823,1073741823,1073741823,1073741823,1073707967,1073714683,1073719291,1073633023,1073733631,1073741823,1073741823,1073741823,1073741823,1073741823,1073741823:d6
1073741823,1073741823,1073741823,1073741823,1073707963,1073714683,1073719295,1073633023,1073733631,1073741823,1073741823,1073741823,1073741823,1073741823,1073741823:d6
1073741823,1073741823,1073741823,1073741823,1073707951,1073714683,1073719295,1073633023,1073733631,1073741823,1073741823,1073741823,1073741823,1073741823,1073741823:f10
1073741823,1073741823,1073741819,1073741823,1073707967,1073714683,1073719295,1073633023,1073733631,1073741823,1073741823,1073741823,1073741823,1073741823,1073741823:d6
1073741823,1073741823,1073741759,1073741823,1073707967,1073714683,1073719295,1073633023,1073733631,1073741823,1073741823,1073741823,1073741823,1073741823,1073741823:d6
1073741823,1073741823,1073741823,1073741759,1073707967,1073714683,1073719295,1073633023,1073733631,1073741823,1073741823,1073741823,1073741823,1073741823,1073741823:d6
1073741823,1073741823,1073740799,1073741823,1073707967,1073714683,1073719295,1073633023,1073733631,1073741823,1073741823,1073741823,1073741823,1073741823,1073741823:d6
1073741823,1073741823,1073741823,1073741823,1073707967,1073714619,1073719295,1073633023,1073733631,1073741823,1073741823,1073741823,1073741823,1073741823,1073741823:h9
1073741823,1073741823,1073741823,1073741807,1073707967,1073714683,1073719295,1073633023,1073733631,1073741823,1073741823,1073741823,1073741823,1073741823,1073741823:d6
1073741823,1073741823,1073741823,1073741823,1073707967,1073714683,1073719295,1073633023,1073733631,1073741807,1073741823,1073741823,1073741823,1073741823,1073741823:d6
1073741823,1073741823,1073741823,1073741823,1073707967,1073714683,1073719295,1073633007,1073733631,1073741823,1073741823,1073741823,1073741823,1073741823,1073741823:d6
1073741823,1073741823,1073741823,1073741823,1073707967,1073714683,1073719295,1073632959,1073733631,1073741823,1073741823,1073741823,1073741823,1073741823,1073741823:d6
1073741823,1073741823,1073741823,1073741823,1073707967,1073714667,1073719295,1073633023,1073733631,1073741823,1073741823,1073741823,1073741823,1073741823,1073741823:h9
1073741823,1073741823,1073741823,1073741823,1073707967,1073714683,1073719295,1073633023,1073733567,1073741823,1073741823,1073741823,1073741823,1073741823,1073741823:d6
1073741823,1073741823,1073741823,1073741823,1073707967,1073714683,1073719231,1073633023,1073733631,1073741823,1073741823,1073741823,1073741823,1073741823,1073741823:d6
1073741823,1073741823,1073741823,1073741823,1073707967,1073714683,1073719295,1073633023,1073733375,1073741823,1073741823,1073741823,1073741823,1073741823,1073741823:d6
1073741823,1073741823,1073741823,1073741823,1073707967,1073714683,1073719039,1073633023,1073733631,1073741823,1073741823,1073741823,1073741823,1073741823,1073741823:h9
1073741823,1073741823,1073741823,1073741823,1073707711,1073714683,1073719295,1073633023,1073733631,1073741823,1073741823,1073741823,1073741823,1073741823,1073741823:d6
1073741823,1073741823,1073741823,1073741823,1073642431,1073714683,1073719295,1073633023,1073733631,1073741823,1073741823,1073741823,1073741823,1073741823,1073741823:d6
1073741823,1073741823,1073741823,1073741567,1073707967,1073714683,1073719295,1073633023,1073733631,1073741823,1073741823,1073741823,1073741823,1073741823,1073741823:d6
1073741823,1073741823,1073741823,1073737727,1073707967,1073714683,1073719295,1073633023,1073733631,1073741823,1073741823,1073741823,1073741823,1073741823,1073741823:d6
1073741823,1073741823,1073741823,1073741823,1073703871,1073714683,1073719295,1073633023,1073733631,1073741823,1073741823,1073741823,1073741823,1073741823,1073741823:d6
1073741823,1073741823,1073741823,1073676287,1073707967,1073714683,1073719295,1073633023,1073733631,1073741823,1073741823,1073741823,1073741823,1073741823,1073741823:d6
1073741823,1073741823,1073741823,1073741823,1073707967,1072666107,1073719295,1073633023,1073733631,1073741823,1073741823,1073741823,1073741823,1073741823,1073741823:d6
1073741823,1073741823,1073741823,1073741823,1073707967,1073714683,1073719295,1072584447,1073733631,1073741823,1073741823,1073741823,1073741823,1073741823,1073741823:d6
1073741823,1073741823,1073741823,1073741823,1073707967,1073714683,1073719295,1073633023,1073733631,1072693247,1073741823,1073741823,1073741823,1073741823,1073741823:d6
1073741823,1073741823,1073741823,1073741823,1073707967,1073714683,1073719295,1073633023,1073733631,1073741567,1073741823,1073741823,1073741823,1073741823,1073741823:d6
1073741823,1073741823,1073741823,1073741823,1073707967,1073714683,1073719295,1073633023,1073733631,1073676287,1073741823,1073741823,1073741823,1073741823,1073741823:d6
1073741823,1073741823,1073741823,1073741823,1073707967,1073714683,1073719295,1073633023,1073733631,1073737727,1073741823,1073741823,1073741823,1073741823,1073741823:d6
1073741823,1073741823,1073741823,1073741823,1073707967,1073714683,1073719295,1073633023,1073732607,1073741823,1073741823,1073741823,1073741823,1073741823,1073741823:d6
1073741823,1073741823,1073741823,1073741823,1073445823,1073714683,1073719295,1073633023,1073733631,1073741823,1073741823,1073741823,1073741823,1073741823,1073741823:d6
1073741823,1073741823,1073741823,1073741823,1073707967,1073649147,1073719295,1073633023,1073733631,1073741823,1073741823,1073741823,1073741823,1073741823,1073741823:d6
1073741823,1073741823,1073741823,1073741823,1073707967,1073714683,1073457151,1073633023,1073733631,1073741823,1073741823,1073741823,1073741823,1073741823,1073741823:d6
1073741823,1073741823,1073741823,1073741823,1073707967,1073714683,1073719295,1073633023,1073471487,1073741823,1073741823,1073741823,1073741823,1073741823,1073741823:d6
1073741823,1073741823,1073741823,1073741823,1073707967,1073714683,1073719295,1073633023,1073733631,1073740799,1073741823,1073741823,1073741823,1073741823,1073741823:d6
1073741823,1073741823,1073741823,1073741823,1073707967,1073452539,1073719295,1073633023,1073733631,1073741823,1073741823,1073741823,1073741823,1073741823,1073741823:d6
1073741823,1073741823,1073741823,1073741823,1073707967,1073714683,1073653759,1073633023,1073733631,1073741823,1073741823,1073741823,1073741823,1073741823,1073741823:d6
1073741823,1073741823,1073741823,1073741823,1073707967,1073714683,1073719295,1073370879,1073733631,1073741823,1073741823,1073741823,1073741823,1073741823,1073741823:d6
1073741823,1073741823,1073741823,1073741823,1073707967,1073714683,1073719295,1073633023,1073733631,1073479679,1073741823,1073741823,1073741823,1073741823,1073741823:d6
1073741823,1073741823,1073741823,1073741823,1073707967,1073714683,1073719295,1073633023,1073668095,1073741823,1073741823,1073741823,1073741823,1073741823,1073741823:d6
1073741823,1073741823,1073741823,1073741823,1073707967,1073714683,1073719295,1073633023,1073733631,1073725439,1073741823,1073741823,1073741823,1073741823,1073741823:h9
1073741823,1073741823,1073741823,1073741823,1073707967,1073714683,1073719295,1073633023,1073717247,1073741823,1073741823,1073741823,1073741823,1073741823,1073741823:d6
1073741823,1073741823,1073741823,1073741823,1073446847,1073714683,1073719295,1073633023,1073741823,1073741823,1073741823,1073741823,1073741823,1073741823,1073741823:d6
1073741823,1073741823,1073741823,1073741823,1073708991,1073649147,1073719295,1073633023,1073741823,1073741823,1073741823,1073741823,1073741823,1073741823,1073741823:d6
1073741823,1073741823,1073741823,1073741823,1073708991,1073714683,1073457151,1073633023,1073741823,1073741823,1073741823,1073741823,1073741823,1073741823,1073741823:f5
1073741823,1073741823,1073741823,1073741823,1073708991,1073714683,1073719295,1073633023,1073479679,1073741823,1073741823,1073741823,1073741823,1073741823,1073741823:d6
1073741823,1073741823,1073741823,1073741823,1073708991,1073714683,1073719295,1073633023,1073741823,1073740799,1073741823,1073741823,1073741823,1073741823,1073741823:f5
1073741823,1073741823,1073741823,1073741823,1073708991,1073714683,1073719295,1073633023,1073737727,1073741823,1073741823,1073741823,1073741823,1073741823,1073741823:f5
1073741823,1073741823,1073741823,1073741823,1073708991,1073452539,1073719295,1073633023,1073741823,1073741823,1073741823,1073741823,1073741823,1073741823,1073741823:d6
1073741823,1073741823,1073741823,1073741823,1073708991,1073714683,1073653759,1073633023,1073741823,1073741823,1073741823,1073741823,1073741823,1073741823,1073741823:f5
1073741823,1073741823,1073741823,1073741823,1073708991,1073714683,1073719295,1073370879,1073741823,1073741823,1073741823,1073741823,1073741823,1073741823,1073741823:d6
1073741823,1073741823,1073741823,1073741823,1073708991,1073714683,1073719295,1073633023,1073741823,1073479679,1073741823,1073741823,1073741823,1073741823,1073741823:d6
1073741823,1073741823,1073741823,1073741823,1073708991,1073714683,1073719295,1073633023,1073676287,1073741823,1073741823,1073741823,1073741823,1073741823,1073741823:d6
1073741823,1073741823,1073741823,1073741823,1073708991,1073714683,1073719295,1073633023,1073741823,1073725439,1073741823,1073741823,1073741823,1073741823,1073741823:d6
1073741823,1073741823,1073741823,1073741823,1073708991,1073714683,1073719295,1073633023,1073725439,1073741823,1073741823,1073741823,1073741823,1073741823,1073741823:d6
1073741823,1073741823,1073741823,1073741823,1073708991,1073468923,1073719295,1073635071,1073741823,1073741823,1073741823,1073741823,1073741823,1073741823,1073741823:d6
1073741823,1073741823,1073741823,1073741823,1073708991,1073731067,1073653759,1073635071,1073741823,1073741823,1073741823,1073741823,1073741823,1073741823,1073741823:d6
1073741823,1073741823,1073741823,1073741823,1073708991,1073731067,1073719295,1073372927,1073741823,1073741823,1073741823,1073741823,1073741823,1073741823,1073741823:d6
1073741823,1073741823,1073741823,1073741823,1073708991,1073731067,1073719295,1073635071,1073741823,1073479679,1073741823,1073741823,1073741823,1073741823,1073741823:d6
1073741823,1073741823,1073741823,1073741823,1073708991,1073731067,1073719295,1073635071,1073676287,1073741823,1073741823,1073741823,1073741823,1073741823,1073741823:d6
1073741823,1073741823,1073741823,1073741823,1073708991,1073731067,1073719295,1073635071,1073741823,1073725439,1073741823,1073741823,1073741823,1073741823,1073741823:d6
1073741823,1073741823,1073741823,1073741823,1073708991,1073731067,1073719295,1073635071,1073725439,1073741823,1073741823,1073741823,1073741823,1073741823,1073741823:d6
