1073741823,1073741823,1073741823,1073741823,1073741823,1073741823,1073676287,1073709055,1073610751,1073741823,1073741823,1073741823,1006632959,1073741823,1073741823:g7
1073741823,1073741823,1073741823,1073741823,1073741823,1073741823,1073668095,1073709055,1073610495,1073741823,1073741823,1073741823,1006632959,1073741823,1073741823:f6
1073741823,1073741823,1073741823,1073741823,1073741823,1073741823,1073667839,1073709055,1073610751,1073741823,1073741823,1073741823,1006632959,1073741823,1073741823:f6
1073741823,1073741823,1073741823,1073741823,1073741823,1073741823,1073667071,1073709055,1073610751,1073741823,1073741823,1073741823,1006632959,1073741823,1073741823:f6
1073741823,1073741823,1073741823,1073741823,1073741567,1073741823,1073668095,1073709055,1073610751,1073741823,1073741823,1073741823,1006632959,1073741823,1073741823:j10
1073741823,1073741823,1073741823,1073741823,1073741823,1073737727,1073668095,1073709055,1073610751,1073741823,1073741823,1073741823,1006632959,1073741823,1073741823:f6
1073741823,1073741823,1073741823,1073741823,1073741823,1073741823,1073668095,1073709055,1073610751,1073741823,1073741823,1073741823,1006632959,1073741823,1069547519:f6
1073741823,1073741823,1073741823,1073741823,1073741823,1073741823,1073668095,1073709055,1073610751,1073741823,1073741823,1073741823,1006632959,1056964607,1073741823:f6
1073741823,1073741823,1073741823,1073741823,1073741823,1073741823,1073668095,1073709055,1073610751,1073741823,1073741823,1073741823,1002438655,1073741823,1073741823:f6
1073741823,1073741823,1073741823,1073741823,1073741823,1073741823,1073668095,1073709055,1073610751,1073741823,1073741823,1073741823,989855743,1073741823,1073741823:f6
1073741823,1073741823,1073741823,1073741823,1073741823,1073741823,1073668095,1073709055,1073610751,1073741823,1069547519,1073741823,1006632959,1073741823,1073741823:f6
1073741823,1073741823,1073741823,1073741823,1073741823,1073741823,1073668095,1073709055,1073610751,1073741823,1073741823,1056964607,1006632959,1073741823,1073741823:f6
1073741823,1073741823,1073741823,1073741823,1073741823,1073741823,1073668095,1073709055,1073610751,1073741823,1006632959,1073741823,1006632959,1073741823,1073741823:f6
1073741823,1073741823,1073741823,1073741823,1073741823,1073741823,1073668095,1073709055,1073610751,1073741823,1073741823,1006632959,1006632959,1073741823,1073741823:f6
1073741823,1073741823,1073741823,1073741823,1073741823,1073741823,1073668095,1073709055,1073610751,1073741823,1073741823,805306367,1006632959,1073741823,1073741823:f6
1073741823,1073741823,1073741823,1073741823,1073741823,1073741823,1073668095,1073709055,1073610751,1073741823,1073741823,1073741823,738197503,1073741823,1073741823:f6
1073741823,1073741823,1073741823,1073741823,1073741823,1073741823,1073668095,1073709055,1073610751,1073741823,1073741823,1073741823,1006632959,805306367,1073741823:f6
1073741823,1073741823,1073741823,1073741823,1073741823,1073741823,1073668095,1073709055,1073610751,1073741823,1073741823,1073741823,1006632959,1073741823,1006632959:f6
1073741823,1073741823,1073741823,1073741823,1073741823,1073741823,1073668095,1073709055,1073610751,1073741823,1073741823,1073741823,1006632959,1006632959,1073741823:f6
1073741823,1073741823,1073741823,1073741823,1073741823,1073741823,1073668095,1073709055,1073610751,1073741823,1073737727,1073741823,1006632959,1073741823,1073741823:f6
1073741823,1073741823,1073741823,1073741823,1073741823,1073741823,1073668095,1073709055,1073348607,1073741823,1073741823,1073741823,1006632959,1073741823,1073741823:f6
1073741823,1073741823,1073741823,1073741823,1073741823,1073741823,1073668095,1073709055,1073610751,1073741823,1072693247,1073741823,1006632959,1073741823,1073741823:f6
1073741823,1073741823,1073741823,1073741823,1073741823,1073741823,1073668095,1073709055,1073610751,1073741823,1073676287,1073741823,1006632959,1073741823,1073741823:f6
1073741823,1073741823,1073741823,1073741823,1073741823,1073741823,1073668095,1073709055,1073610751,1073676287,1073741823,1073741823,1006632959,1073741823,1073741823:f6
1073741823,1073741823,1073741823,1073741823,1073737727,1073741823,1073668095,1073709055,1073610751,1073741823,1073741823,1073741823,1006632959,1073741823,1073741823:f6
1073741823,1073741823,1073741823,1073741823,1073676287,1073741823,1073668095,1073709055,1073610751,1073741823,1073741823,1073741823,1006632959,1073741823,1073741823:f6
1073741823,1073741823,1073741823,1073741823,1073741823,1073676287,1073668095,1073709055,1073610751,1073741823,1073741823,1073741823,1006632959,1073741823,1073741823:f6
1073741823,1073741823,1073741823,1073741823,1072693247,1073741823,1073668095,1073709055,1073610751,1073741823,1073741823,1073741823,1006632959,1073741823,1073741823:f6
1073741823,1073741823,1073741823,1073741823,1073741823,1073741823,1072619519,1073709055,1073610751,1073741823,1073741823,1073741823,1006632959,1073741823,1073741823:f6
1073741823,1073741823,1073741823,1073741823,1073741823,1073741823,1073405951,1073709055,1073610751,1073741823,1073741823,1073741823,1006632959,1073741823,1073741823:f6
1073741823,1073741823,1073741823,1073741823,1073741823,1073741823,1073668095,1073709055,1072562175,1073741823,1073741823,1073741823,1006632959,1073741823,1073741823:f6
1073741823,1073741823,1073741823,1073741823,1073741823,1073741823,1073668095,1073709055,1073610751,1073740799,1073741823,1073741823,1006632959,1073741823,1073741823:f6
1073741823,1073741823,1073741823,1073741823,1073741823,1073741823,1073668095,1073709055,1073606655,1073741823,1073741823,1073741823,1006632959,1073741823,1073741823:f6
1073741823,1073741823,1073741823,1073741823,1073741823,1073741823,1073668095,1073708031,1073610751,1073741823,1073741823,1073741823,1006632959,1073741823,1073741823:f6
1073741823,1073741823,1073741823,1073741823,1073741823,1073741823,1073668095,1073704959,1073610751,1073741823,1073741823,1073741823,1006632959,1073741823,1073741823:f6
1073741823,1073741823,1073741823,1073741823,1073741823,1073740799,1073668095,1073709055,1073610751,1073741823,1073741823,1073741823,1006632959,1073741823,1073741823:j8
1073741823,1073741823,1073741823,1073741823,1073741823,1073725439,1073668095,1073709055,1073610751,1073741823,1073741823,1073741823,1006632959,1073741823,1073741823:f6
1073741823,1073741823,1073741823,1073741823,1073741823,1073741823,1073651711,1073709055,1073610751,1073741823,1073741823,1073741823,1006632959,1073741823,1073741823:f6
1073741823,1073741823,1073741823,1073741823,1073741823,1073479679,1073668095,1073709055,1073610751,1073741823,1073741823,1073741823,1006632959,1073741823,1073741823:f6
1073741823,1073741823,1073741823,1073741823,1073741823,1073741823,1073668095,1073446911,1073610751,1073741823,1073741823,1073741823,1006632959,1073741823,1073741823:f6
1073741823,1073741823,1073741823,1073741823,1073741823,1073741823,1073668095,1073643519,1073610751,1073741823,1073741823,1073741823,1006632959,1073741823,1073741823:f6
1073741823,1073741823,1073741823,1073741823,1073741823,1073741823,1073668095,1073709055,1073610751,1073479679,1073741823,1073741823,1006632959,1073741823,1073741823:h6
1073741823,1073741823,1073741823,1073741823,1073741823,1073741823,1073668095,1073709055,1073610751,1073725439,1073741823,1073741823,1006632959,1073741823,1073741823:f6
1073741823,1073741823,1073741823,1073741823,1073741823,1073741823,1073668095,1073709055,1073594367,1073741823,1073741823,1073741823,1006632959,1073741823,1073741823:f6
