1073741823,1073741823,1073741823,1073741823,1073741823,1073479679,1073594367,1073704959,1073731583,1073741823,1073676287,1073741823,1073741823,1073741823,1073741823:h9
1073741823,1073741823,1073741823,1073741823,1073741823,1073479679,1073594367,1073704959,1073698815,1073741823,1073676287,1073741823,1073737727,1073741823,1073741823:e9
1073741823,1073741823,1073741823,1073741823,1073741823,1073479679,1073594367,1073704959,1073698815,1073741823,1073676287,1073725439,1073741823,1073741823,1073741823:f10
1073741823,1073741823,1073741823,1073741823,1073741823,1073479679,1073594367,1073704959,1073698815,1073741823,1072627711,1073741823,1073741823,1073741823,1073741823:f10
1073741823,1073741823,1073741823,1073741823,1073741823,1073479679,1073594367,1073704959,1073698815,1073741823,1073414143,1073741823,1073741823,1073741823,1073741823:f10
1073741823,1073741823,1073741823,1073741823,1073741823,1073479679,1073594367,1073704959,1073698815,1073741823,1073676287,1073741823,1072693247,1073741823,1073741823:f10
1073741823,1073741823,1073741823,1073741823,1073741823,1073479679,1073594367,1073704959,1073698815,1073741823,1073676287,1073479679,1073741823,1073741823,1073741823:f10
1073741823,1073741823,1073741823,1073741823,1073741823,1073479679,1073594367,1073704959,1073698815,1073741823,1073676287,1073741823,1073676287,1073741823,1073741823:f10
1073741823,1073741823,1073741823,1073741823,1073741823,1073479679,1073594367,1073704959,1073698815,1073741823,1073676287,1073676287,1073741823,1073741823,1073741823:f10
1073741823,1073741823,1073741823,1073741823,1073741823,1073479679,1073594367,1073704959,1073698815,1073741823,1073676223,1073741823,1073741823,1073741823,1073741823:f10
1073741823,1073741823,1073741823,1073741823,1073741823,1073479679,1073594367,1073704959,1073698751,1073741823,1073676287,1073741823,1073741823,1073741823,1073741823:f10
1073741823,1073741823,1073741823,1073741823,1073741823,1073479679,1073594303,1073704959,1073698815,1073741823,1073676287,1073741823,1073741823,1073741823,1073741823:f10
1073741823,1073741823,1073741823,1073741823,1073741823,1073479679,1073594367,1073704959,1073698815,1073741823,1073659903,1073741823,1073741823,1073741823,1073741823:f10
1073741823,1073741823,1073741823,1073741823,1073741823,1073479679,1073594367,1073704959,1073698815,1073741823,1073675263,1073741823,1073741823,1073741823,1073741823:e9
1073741823,1073741823,1073741823,1073741823,1073741823,1073479679,1073594367,1073704959,1073698815,1073741567,1073676287,1073741823,1073741823,1073741823,1073741823:f10
1073741823,1073741823,1073741823,1073741823,1073741823,1073479679,1073594367,1073704703,1073698815,1073741823,1073676287,1073741823,1073741823,1073741823,1073741823:f10
1073741823,1073741823,1073741823,1073741823,1073741823,1073479423,1073594367,1073704959,1073698815,1073741823,1073676287,1073741823,1073741823,1073741823,1073741823:f10
1073741823,1073741823,1073741823,1073741823,1073741823,1073479679,1073594367,1073704959,1073698815,1073676287,1073676287,1073741823,1073741823,1073741823,1073741823:e9
1073741823,1073741823,1073741823,1073741823,1073741823,1073479679,1073594367,1073704959,1073698815,1073741823,1073676031,1073741823,1073741823,1073741823,1073741823:e9
1073741823,1073741823,1073741823,1073741823,1073741823,1073479679,1073594367,1073704959,1073698559,1073741823,1073676287,1073741823,1073741823,1073741823,1073741823:f10
1073741823,1073741823,1073741823,1073741823,1073741823,1073479679,1073594111,1073704959,1073698815,1073741823,1073676287,1073741823,1073741823,1073741823,1073741823:f10
1073741823,1073741823,1073741823,1073741823,1073741823,1073479679,1073594367,1073704959,1073698815,1073741823,1073672191,1073741823,1073741823,1073741823,1073741823:f10
1073741823,1073741823,1073741823,1073741823,1073741823,1073479679,1073594367,1073704959,1073698815,1073737727,1073676287,1073741823,1073741823,1073741823,1073741823:e9
1073741823,1073741823,1073741823,1073725439,1073741823,1073479679,1073594367,1073704959,1073698815,1073741823,1073676287,1073741823,1073741823,1073741823,1073741823:f10
1073741823,1073741823,1073741823,1073479679,1073741823,1073479679,1073594367,1073704959,1073698815,1073741823,1073676287,1073741823,1073741823,1073741823,1073741823:f10
1073741823,1073741823,1073741823,1069547519,1073741823,1073479679,1073594367,1073704959,1073698815,1073741823,1073676287,1073741823,1073741823,1073741823,1073741823:f10
1073741823,1073741823,1073741823,1073741823,1073741823,1069285375,1073594367,1073704959,1073698815,1073741823,1073676287,1073741823,1073741823,1073741823,1073741823:f10
1073741823,1073741823,1073741823,1073741823,1073741823,1072431103,1073594367,1073704959,1073698815,1073741823,1073676287,1073741823,1073741823,1073741823,1073741823:f10
1073741823,1073741823,1073741823,1073741823,1073741823,1073479679,1073594367,1069510655,1073698815,1073741823,1073676287,1073741823,1073741823,1073741823,1073741823:f10
1073741823,1073741823,1073741823,1073741823,1073737727,1073479679,1073594367,1073704959,1073698815,1073741823,1073676287,1073741823,1073741823,1073741823,1073741823:f10
1073741823,1073741823,1073741823,1073741823,1073676287,1073479679,1073594367,1073704959,1073698815,1073741823,1073676287,1073741823,1073741823,1073741823,1073741823:f10
1073741823,1073741823,1073741823,1073741823,1072693247,1073479679,1073594367,1073704959,1073698815,1073741823,1073676287,1073741823,1073741823,1073741823,1073741823:f10
1073741823,1073741823,1073741823,1073741823,1073741823,1073479679,1072545791,1073704959,1073698815,1073741823,1073676287,1073741823,1073741823,1073741823,1073741823:f10
1073741823,1073741823,1073741823,1073741823,1073741823,1073479679,1073594367,1073704959,1072650239,1073741823,1073676287,1073741823,1073741823,1073741823,1073741823:f10
1073741823,1073741823,1073741823,1073741823,1073741823,1073479679,1073593343,1073704959,1073698815,1073741823,1073676287,1073741823,1073741823,1073741823,1073741823:f10
1073741823,1073741823,1073741823,1073741823,1073740799,1073479679,1073594367,1073704959,1073698815,1073741823,1073676287,1073741823,1073741823,1073741823,1073741823:f10
1073741823,1073741823,1073741823,1073741823,1073741823,1073475583,1073594367,1073704959,1073698815,1073741823,1073676287,1073741823,1073741823,1073741823,1073741823:f10
1073741823,1073741823,1073741823,1073741823,1073725439,1073479679,1073594367,1073704959,1073698815,1073741823,1073676287,1073741823,1073741823,1073741823,1073741823:f10
1073741823,1073741823,1073741823,1073741823,1073479679,1073479679,1073594367,1073704959,1073698815,1073741823,1073676287,1073741823,1073741823,1073741823,1073741823:e9
1073741823,1073741823,1073741823,1073741823,1073741823,1073414143,1073594367,1073704959,1073698815,1073741823,1073676287,1073741823,1073741823,1073741823,1073741823:e9
1073741823,1073741823,1073741823,1073741823,1073741823,1073479679,1073332223,1073704959,1073698815,1073741823,1073676287,1073741823,1073741823,1073741823,1073741823:f10
1073741823,1073741823,1073741823,1073741823,1073741823,1073479679,1073594367,1073704959,1073436671,1073741823,1073676287,1073741823,1073741823,1073741823,1073741823:f10
1073741823,1073741823,1073741823,1073741823,1073741823,1073479679,1073594367,1073704959,1073698815,1073740799,1073676287,1073741823,1073741823,1073741823,1073741823:e9
1073741823,1073741823,1073741823,1073741823,1073741823,1073479679,1073594367,1073703935,1073698815,1073741823,1073676287,1073741823,1073741823,1073741823,1073741823:e9
1073741823,1073741823,1073741823,1073741823,1073741823,1073478655,1073594367,1073704959,1073698815,1073741823,1073676287,1073741823,1073741823,1073741823,1073741823:f10
1073741823,1073741823,1073741823,1073741823,1073741823,1073479679,1073590271,1073704959,1073698815,1073741823,1073676287,1073741823,1073741823,1073741823,1073741823:f10
1073741823,1073741823,1073741823,1073741823,1073741823,1073463295,1073594367,1073704959,1073698815,1073741823,1073676287,1073741823,1073741823,1073741823,1073741823:f10
1073741823,1073741823,1073741823,1073741823,1073741823,1073479679,1073594367,1073442815,1073698815,1073741823,1073676287,1073741823,1073741823,1073741823,1073741823:f10
1073741823,1073741823,1073741823,1073741823,1073741823,1073479679,1073594367,1073639423,1073698815,1073741823,1073676287,1073741823,1073741823,1073741823,1073741823:e9
1073741823,1073741823,1073741823,1073741823,1073741823,1073479679,1073594367,1073704959,1073698815,1073479679,1073676287,1073741823,1073741823,1073741823,1073741823:f10
1073741823,1073741823,1073741823,1073741823,1073741823,1073479679,1073594367,1073704959,1073633279,1073741823,1073676287,1073741823,1073741823,1073741823,1073741823:d9
1073741823,1073741823,1073741823,1073741823,1073741823,1073479679,1073594367,1073704959,1073633151,1073741823,1073676283,1073741823,1073741823,1073741823,1073741823:f10
1073741823,1073741823,1073741823,1073741823,1073741823,1073479679,1073594367,1073704959,1073633151,1073741807,1073676287,1073741823,1073741823,1073741823,1073741823:f10
1073741823,1073741823,1073741823,1073741823,1073741823,1073479679,1073594367,1073704959,1073633147,1073741823,1073676287,1073741823,1073741823,1073741823,1073741823:f10
1073741823,1073741823,1073741823,1073741823,1073741823,1073479679,1073594367,1073704959,1073633135,1073741823,1073676287,1073741823,1073741823,1073741823,1073741823:e9
1073741823,1073741823,1073741823,1073741823,1073741823,1073479679,1073594363,1073704959,1073633151,1073741823,1073676287,1073741823,1073741823,1073741823,1073741823:f10
1073741823,1073741823,1073741823,1073741823,1073741823,1073479679,1073594367,1073704943,1073633151,1073741823,1073676287,1073741823,1073741823,1073741823,1073741823:e9
1073741823,1073741823,1073741823,1073741823,1073741823,1073479679,1073594367,1073704895,1073633151,1073741823,1073676287,1073741823,1073741823,1073741823,1073741823:e9
1073741823,1073741823,1073741823,1073741823,1073741823,1073479679,1073594367,1073704959,1073633151,1073741759,1073676287,1073741823,1073741823,1073741823,1073741823:e9
1073741823,1073741823,1073741823,1073741823,1073741823,1073479679,1073594367,1073704959,1073633151,1073741823,1073676287,1073741823,1073737727,1073741823,1073741823:e9
1073741823,1073741823,1073741823,1073741823,1073741823,1073479679,1073594367,1073704959,1073633151,1073741823,1073676287,1073725439,1073741823,1073741823,1073741823:e9
1073741823,1073741823,1073741823,1073741823,1073741823,1073479679,1073594367,1073704959,1073633151,1073741823,1072627711,1073741823,1073741823,1073741823,1073741823:f10
1073741823,1073741823,1073741823,1073741823,1073741823,1073479679,1073594367,1073704959,1073633151,1073741823,1073414143,1073741823,1073741823,1073741823,1073741823:f10
1073741823,1073741823,1073741823,1073741823,1073741823,1073479679,1073594367,1073704959,1073633151,1073741823,1073676287,1073741823,1072693247,1073741823,1073741823:f10
1073741823,1073741823,1073741823,1073741823,1073741823,1073479679,1073594367,1073704959,1073633151,1073741823,1073676287,1073479679,1073741823,1073741823,1073741823:e9
1073741823,1073741823,1073741823,1073741823,1073741823,1073479679,1073594367,1073704959,1073633151,1073741823,1073676287,1073741823,1073676287,1073741823,1073741823:e9
1073741823,1073741823,1073741823,1073741823,1073741823,1073479679,1073594367,1073704959,1073633151,1073741823,1073676287,1073676287,1073741823,1073741823,1073741823:e9
1073741823,1073741823,1073741823,1073741823,1073741823,1073479679,1073594367,1073704959,1073633151,1073741823,1073676223,1073741823,1073741823,1073741823,1073741823:f10
1073741823,1073741823,1073741823,1073741823,1073741823,1073479679,1073594303,1073704959,1073633151,1073741823,1073676287,1073741823,1073741823,1073741823,1073741823:f10
1073741823,1073741823,1073741823,1073741823,1073741823,1073479679,1073594367,1073704959,1073633151,1073741823,1073659903,1073741823,1073741823,1073741823,1073741823:f10
1073741823,1073741823,1073741823,1073741823,1073741823,1073479679,1073594367,1073704959,1073633151,1073741823,1073675263,1073741823,1073741823,1073741823,1073741823:e9
1073741823,1073741823,1073741823,1073741823,1073741823,1073479679,1073594367,1073704959,1073633151,1073741567,1073676287,1073741823,1073741823,1073741823,1073741823:e9
1073741823,1073741823,1073741823,1073741823,1073741823,1073479679,1073594367,1073704703,1073633151,1073741823,1073676287,1073741823,1073741823,1073741823,1073741823:e9
1073741823,1073741823,1073741823,1073741823,1073741823,1073479423,1073594367,1073704959,1073633151,1073741823,1073676287,1073741823,1073741823,1073741823,1073741823:f10
1073741823,1073741823,1073741823,1073741823,1073741823,1073479679,1073594367,1073704959,1073633151,1073676287,1073676287,1073741823,1073741823,1073741823,1073741823:e9
1073741823,1073741823,1073741823,1073741823,1073741823,1073479679,1073594367,1073704959,1073633151,1073741823,1073676031,1073741823,1073741823,1073741823,1073741823:e9
1073741823,1073741823,1073741823,1073741823,1073741823,1073479679,1073594367,1073704959,1073632895,1073741823,1073676287,1073741823,1073741823,1073741823,1073741823:f10
1073741823,1073741823,1073741823,1073741823,1073741823,1073479679,1073594111,1073704959,1073633151,1073741823,1073676287,1073741823,1073741823,1073741823,1073741823:e9
1073741823,1073741823,1073741823,1073741823,1073741823,1073479679,1073594367,1073704959,1073633151,1073741823,1073672191,1073741823,1073741823,1073741823,1073741823:e9
1073741823,1073741823,1073741823,1073741823,1073741823,1073479679,1073594367,1073704959,1073633151,1073737727,1073676287,1073741823,1073741823,1073741823,1073741823:e9
1073741823,1073741823,1073741823,1073725439,1073741823,1073479679,1073594367,1073704959,1073633151,1073741823,1073676287,1073741823,1073741823,1073741823,1073741823:f10
1073741823,1073741823,1073741823,1073479679,1073741823,1073479679,1073594367,1073704959,1073633151,1073741823,1073676287,1073741823,1073741823,1073741823,1073741823:f10
1073741823,1073741823,1073741823,1069547519,1073741823,1073479679,1073594367,1073704959,1073633151,1073741823,1073676287,1073741823,1073741823,1073741823,1073741823:f10
1073741823,1073741823,1073741823,1073741823,1073741823,1069285375,1073594367,1073704959,1073633151,1073741823,1073676287,1073741823,1073741823,1073741823,1073741823:f10
1073741823,1073741823,1073741823,1073741823,1073741823,1072431103,1073594367,1073704959,1073633151,1073741823,1073676287,1073741823,1073741823,1073741823,1073741823:f10
1073741823,1073741823,1073741823,1073741823,1073741823,1073479679,1073594367,1069510655,1073633151,1073741823,1073676287,1073741823,1073741823,1073741823,1073741823:f10
1073741823,1073741823,1073741823,1073741823,1073737727,1073479679,1073594367,1073704959,1073633151,1073741823,1073676287,1073741823,1073741823,1073741823,1073741823:f10
1073741823,1073741823,1073741823,1073741823,1073676287,1073479679,1073594367,1073704959,1073633151,1073741823,1073676287,1073741823,1073741823,1073741823,1073741823:f10
1073741823,1073741823,1073741823,1073741823,1072693247,1073479679,1073594367,1073704959,1073633151,1073741823,1073676287,1073741823,1073741823,1073741823,1073741823:f10
1073741823,1073741823,1073741823,1073741823,1073741823,1073479679,1072545791,1073704959,1073633151,1073741823,1073676287,1073741823,1073741823,1073741823,1073741823:f10
1073741823,1073741823,1073741823,1073741823,1073741823,1073479679,1073594367,1073704959,1072584575,1073741823,1073676287,1073741823,1073741823,1073741823,1073741823:f10
1073741823,1073741823,1073741823,1073741823,1073741823,1073479679,1073593343,1073704959,1073633151,1073741823,1073676287,1073741823,1073741823,1073741823,1073741823:f10
1073741823,1073741823,1073741823,1073741823,1073740799,1073479679,1073594367,1073704959,1073633151,1073741823,1073676287,1073741823,1073741823,1073741823,1073741823:f10
1073741823,1073741823,1073741823,1073741823,1073741823,1073475583,1073594367,1073704959,1073633151,1073741823,1073676287,1073741823,1073741823,1073741823,1073741823:f10
1073741823,1073741823,1073741823,1073741823,1073725439,1073479679,1073594367,1073704959,1073633151,1073741823,1073676287,1073741823,1073741823,1073741823,1073741823:f10
1073741823,1073741823,1073741823,1073741823,1073479679,1073479679,1073594367,1073704959,1073633151,1073741823,1073676287,1073741823,1073741823,1073741823,1073741823:e9
1073741823,1073741823,1073741823,1073741823,1073741823,1073414143,1073594367,1073704959,1073633151,1073741823,1073676287,1073741823,1073741823,1073741823,1073741823:e9
1073741823,1073741823,1073741823,1073741823,1073741823,1073479679,1073332223,1073704959,1073633151,1073741823,1073676287,1073741823,1073741823,1073741823,1073741823:f10
1073741823,1073741823,1073741823,1073741823,1073741823,1073479679,1073594367,1073704959,1073371007,1073741823,1073676287,1073741823,1073741823,1073741823,1073741823:f10
1073741823,1073741823,1073741823,1073741823,1073741823,1073479679,1073594367,1073704959,1073633151,1073740799,1073676287,1073741823,1073741823,1073741823,1073741823:e9
1073741823,1073741823,1073741823,1073741823,1073741823,1073479679,1073594367,1073703935,1073633151,1073741823,1073676287,1073741823,1073741823,1073741823,1073741823:e9
1073741823,1073741823,1073741823,1073741823,1073741823,1073478655,1073594367,1073704959,1073633151,1073741823,1073676287,1073741823,1073741823,1073741823,1073741823:e9
1073741823,1073741823,1073741823,1073741823,1073741823,1073479679,1073590271,1073704959,1073633151,1073741823,1073676287,1073741823,1073741823,1073741823,1073741823:f10
1073741823,1073741823,1073741823,1073741823,1073741823,1073463295,1073594367,1073704959,1073633151,1073741823,1073676287,1073741823,1073741823,1073741823,1073741823:f10
1073741823,1073741823,1073741823,1073741823,1073741823,1073479679,1073594367,1073442815,1073633151,1073741823,1073676287,1073741823,1073741823,1073741823,1073741823:e9
1073741823,1073741823,1073741823,1073741823,1073741823,1073479679,1073594367,1073639423,1073633151,1073741823,1073676287,1073741823,1073741823,1073741823,1073741823:e9
1073741823,1073741823,1073741823,1073741823,1073741823,1073479679,1073594367,1073704959,1073633151,1073479679,1073676287,1073741823,1073741823,1073741823,1073741823:f10
1073741823,1073741823,1073741823,1073741823,1073741823,1073479679,1073594367,1073704959,1073633151,1073725439,1073676287,1073741823,1073741823,1073741823,1073741823:e9
1073741823,1073741823,1073741823,1073741823,1073741823,1073479679,1073594367,1073704959,1073698815,1073725439,1073676287,1073741823,1073741823,1073741823,1073741823:f10
