1073741823,1073741823,1073741823,1073741823,1073741823,1073479679,1073594111,1073704959,1073731583,1073741823,1073741823,1073741823,1073741823,1073741823,1073741823:h9
1073741823,1073741823,1073741823,1073741823,1073741823,1073479679,1073594111,1073704959,1073698815,1073741823,1073479679,1073741823,1073741823,1073741823,1073741823:f10
1073741823,1073741823,1073741823,1073741823,1073741823,1073479679,1073594111,1073704959,1073698799,1073741823,1073741823,1073741823,1073741823,1073741823,1073741823:e9
1073741823,1073741823,1073741823,1073741823,1073741823,1073479679,1073594111,1073704895,1073698815,1073741823,1073741823,1073741823,1073741823,1073741823,1073741823:e9
1073741823,1073741823,1073741823,1073741823,1073741823,1073479679,1073594095,1073704959,1073698815,1073741823,1073741823,1073741823,1073741823,1073741823,1073741823:f10
1073741823,1073741823,1073741823,1073741823,1073741807,1073479679,1073594111,1073704959,1073698815,1073741823,1073741823,1073741823,1073741823,1073741823,1073741823:f10
1073741823,1073741823,1073741823,1073741823,1073741823,1073479615,1073594111,1073704959,1073698815,1073741823,1073741823,1073741823,1073741823,1073741823,1073741823:f10
1073741823,1073741823,1073741823,1073741823,1073741567,1073479679,1073594111,1073704959,1073698815,1073741823,1073741823,1073741823,1073741823,1073741823,1073741823:f10
1073741823,1073741823,1073741823,1073741823,1073741823,1073479679,1073594111,1073704959,1073698815,1073741823,1073741759,1073741823,1073741823,1073741823,1073741823:f10
1073741823,1073741823,1073741823,1073741823,1073741823,1073479679,1073594111,1073704959,1073698751,1073741823,1073741823,1073741823,1073741823,1073741823,1073741823:f10
1073741823,1073741823,1073741823,1073741823,1073741823,1073479679,1073594047,1073704959,1073698815,1073741823,1073741823,1073741823,1073741823,1073741823,1073741823:e9
1073741823,1073741823,1073741823,1073741823,1073741823,1073479679,1073594111,1073704959,1073698815,1073741823,1073725439,1073741823,1073741823,1073741823,1073741823:f10
1073741823,1073741823,1073741823,1073741823,1073741823,1073479679,1073594111,1073704959,1073698815,1073741823,1073740799,1073741823,1073741823,1073741823,1073741823:e9
1073741823,1073741823,1073741823,1073741823,1073741823,1073479679,1073594111,1073704959,1073698815,1073741567,1073741823,1073741823,1073741823,1073741823,1073741823:e9
1073741823,1073741823,1073741823,1073741823,1073741823,1073479679,1073594111,1073704703,1073698815,1073741823,1073741823,1073741823,1073741823,1073741823,1073741823:e9
1073741823,1073741823,1073741823,1073741823,1073741823,1073479423,1073594111,1073704959,1073698815,1073741823,1073741823,1073741823,1073741823,1073741823,1073741823:f10
1073741823,1073741823,1073741823,1073741823,1073741823,1073479679,1073594111,1073704959,1073698815,1073676287,1073741823,1073741823,1073741823,1073741823,1073741823:f10
1073741823,1073741823,1073741823,1073741823,1073741823,1073479679,1073594111,1073704959,1073698815,1073741823,1073741567,1073741823,1073741823,1073741823,1073741823:e9
1073741823,1073741823,1073741823,1073741823,1073741823,1073479679,1073594111,1073704959,1073698559,1073741823,1073741823,1073741823,1073741823,1073741823,1073741823:i8
1073741823,1073741823,1073741823,1073741823,1073741823,1073479679,1073594111,1072525311,1073698559,1073741823,1073741823,1073741823,1073741823,1073741823,1073741823:i9
1073741823,1073741823,1073741823,1073741823,1073741823,1073479679,1073594111,1073573887,1073698559,1072693247,1073741823,1073741823,1073741823,1073741823,1073741823:i9
1073741823,1073741823,1073741823,1073741823,1073741823,1073479679,1073594111,1073573887,1073698559,1073741823,1073741807,1073741823,1073741823,1073741823,1073741823:i9
1073741823,1073741823,1073741823,1073741823,1073741823,1073479679,1073594111,1073573887,1073698559,1073741759,1073741823,1073741823,1073741823,1073741823,1073741823:i9
1073741823,1073741823,1073741823,1073741823,1073741823,1073479679,1073594111,1073573887,1073698559,1073741823,1073479679,1073741823,1073741823,1073741823,1073741823:i9
1073741823,1073741823,1073741823,1073741823,1073741823,1073479679,1073594111,1073573887,1073698543,1073741823,1073741823,1073741823,1073741823,1073741823,1073741823:i9
1073741823,1073741823,1073741823,1073741823,1073741823,1073479679,1073594111,1073573823,1073698559,1073741823,1073741823,1073741823,1073741823,1073741823,1073741823:i9
1073741823,1073741823,1073741823,1073741823,1073741823,1073479679,1073594095,1073573887,1073698559,1073741823,1073741823,1073741823,1073741823,1073741823,1073741823:i9
1073741823,1073741823,1073741823,1073741823,1073741807,1073479679,1073594111,1073573887,1073698559,1073741823,1073741823,1073741823,1073741823,1073741823,1073741823:i9
1073741823,1073741823,1073741823,1073741823,1073741823,1073479615,1073594111,1073573887,1073698559,1073741823,1073741823,1073741823,1073741823,1073741823,1073741823:i9
1073741823,1073741823,1073741823,1073741823,1073741567,1073479679,1073594111,1073573887,1073698559,1073741823,1073741823,1073741823,1073741823,1073741823,1073741823:i9
1073741823,1073741823,1073741823,1073741823,1073741823,1073479679,1073594111,1073573887,1073698559,1073741823,1073741759,1073741823,1073741823,1073741823,1073741823:i9
1073741823,1073741823,1073741823,1073741823,1073741823,1073479679,1073594111,1073573887,1073698495,1073741823,1073741823,1073741823,1073741823,1073741823,1073741823:i9
1073741823,1073741823,1073741823,1073741823,1073741823,1073479679,1073594047,1073573887,1073698559,1073741823,1073741823,1073741823,1073741823,1073741823,1073741823:i9
1073741823,1073741823,1073741823,1073741823,1073741823,1073479679,1073594111,1073573887,1073698559,1073741823,1073725439,1073741823,1073741823,1073741823,1073741823:i9
1073741823,1073741823,1073741823,1073741823,1073741823,1073479679,1073594111,1073573887,1073698559,1073741823,1073740799,1073741823,1073741823,1073741823,1073741823:i9
1073741823,1073741823,1073741823,1073741823,1073741823,1073479679,1073594111,1073573887,1073698559,1073741567,1073741823,1073741823,1073741823,1073741823,1073741823:i9
1073741823,1073741823,1073741823,1073741823,1073741823,1073479679,1073594111,1073573631,1073698559,1073741823,1073741823,1073741823,1073741823,1073741823,1073741823:i9
1073741823,1073741823,1073741823,1073741823,1073741823,1073479423,1073594111,1073573887,1073698559,1073741823,1073741823,1073741823,1073741823,1073741823,1073741823:i9
1073741823,1073741823,1073741823,1073741823,1073741823,1073479679,1073594111,1073573887,1073698559,1073676287,1073741823,1073741823,1073741823,1073741823,1073741823:f11
1073741823,1073741823,1073741823,1073741823,1073741823,1073479679,1073594111,1073573887,1073698559,1073741823,1073741567,1073741823,1073741823,1073741823,1073741823:i9
1073741823,1073741823,1073741823,1073741823,1073741823,1073479679,1073594111,1073573887,1073698559,1073741823,1073676287,1073741823,1073741823,1073741823,1073741823:i9
1073741823,1073741823,1073741823,1073741823,1073741823,1073479679,1073594111,1073573887,1073698559,1073741823,1073737727,1073741823,1073741823,1073741823,1073741823:i9
1073741823,1073741823,1073741823,1073741823,1073741823,1073479679,1073594111,1073573887,1073698559,1073737727,1073741823,1073741823,1073741823,1073741823,1073741823:i9
1073741823,1073741823,1073741823,1073725439,1073741823,1073479679,1073594111,1073573887,1073698559,1073741823,1073741823,1073741823,1073741823,1073741823,1073741823:i9
1073741823,1073741823,1073741823,1073479679,1073741823,1073479679,1073594111,1073573887,1073698559,1073741823,1073741823,1073741823,1073741823,1073741823,1073741823:i9
1073741823,1073741823,1073741823,1069547519,1073741823,1073479679,1073594111,1073573887,1073698559,1073741823,1073741823,1073741823,1073741823,1073741823,1073741823:i9
1073741823,1073741823,1073741823,1073741823,1073741823,1069285375,1073594111,1073573887,1073698559,1073741823,1073741823,1073741823,1073741823,1073741823,1073741823:i9
1073741823,1073741823,1073741823,1073741823,1073741823,1072431103,1073594111,1073573887,1073698559,1073741823,1073741823,1073741823,1073741823,1073741823,1073741823:i9
1073741823,1073741823,1073741823,1073741823,1073741823,1073479679,1073594111,1069379583,1073698559,1073741823,1073741823,1073741823,1073741823,1073741823,1073741823:i9
1073741823,1073741823,1073741823,1073741823,1073737727,1073479679,1073594111,1073573887,1073698559,1073741823,1073741823,1073741823,1073741823,1073741823,1073741823:i9
1073741823,1073741823,1073741823,1073741823,1073676287,1073479679,1073594111,1073573887,1073698559,1073741823,1073741823,1073741823,1073741823,1073741823,1073741823:i9
1073741823,1073741823,1073741823,1073741823,1072693247,1073479679,1073594111,1073573887,1073698559,1073741823,1073741823,1073741823,1073741823,1073741823,1073741823:i9
1073741823,1073741823,1073741823,1073741823,1073741823,1073479679,1072545535,1073573887,1073698559,1073741823,1073741823,1073741823,1073741823,1073741823,1073741823:i9
1073741823,1073741823,1073741823,1073741823,1073741823,1073479679,1073594111,1073573887,1072649983,1073741823,1073741823,1073741823,1073741823,1073741823,1073741823:i9
1073741823,1073741823,1073741823,1073741823,1073741823,1073479679,1073593087,1073573887,1073698559,1073741823,1073741823,1073741823,1073741823,1073741823,1073741823:i9
1073741823,1073741823,1073741823,1073741823,1073740799,1073479679,1073594111,1073573887,1073698559,1073741823,1073741823,1073741823,1073741823,1073741823,1073741823:i9
1073741823,1073741823,1073741823,1073741823,1073741823,1073475583,1073594111,1073573887,1073698559,1073741823,1073741823,1073741823,1073741823,1073741823,1073741823:i9
1073741823,1073741823,1073741823,1073741823,1073725439,1073479679,1073594111,1073573887,1073698559,1073741823,1073741823,1073741823,1073741823,1073741823,1073741823:i9
1073741823,1073741823,1073741823,1073741823,1073479679,1073479679,1073594111,1073573887,1073698559,1073741823,1073741823,1073741823,1073741823,1073741823,1073741823:i9
1073741823,1073741823,1073741823,1073741823,1073741823,1073414143,1073594111,1073573887,1073698559,1073741823,1073741823,1073741823,1073741823,1073741823,1073741823:j7
1073741823,1073741823,1073741823,1073741823,1069547519,1073414143,1073069823,1073573887,1073698559,1073741823,1073741823,1073741823,1073741823,1073741823,1073741823:f10
1073741823,1073741823,1073741823,1073741823,1073741823,1073414143,1068875519,1073573887,1073698559,1073741823,1073741823,1073741823,1073741823,1073741823,1073741823:f10
1073741823,1073741823,1073741823,1073741823,1073741823,1073414143,1073069823,1073573887,1069504255,1073741823,1073741823,1073741823,1073741823,1073741823,1073741823:f10
1073741823,1073741823,1073741823,1073737727,1073741823,1073414143,1073069823,1073573887,1073698559,1073741823,1073741823,1073741823,1073741823,1073741823,1073741823:f10
1073741823,1073741823,1073741823,1073676287,1073741823,1073414143,1073069823,1073573887,1073698559,1073741823,1073741823,1073741823,1073741823,1073741823,1073741823:f10
1073741823,1073741823,1073741823,1072693247,1073741823,1073414143,1073069823,1073573887,1073698559,1073741823,1073741823,1073741823,1073741823,1073741823,1073741823:j5
1073741823,1073741823,1073725439,1072693247,1073217535,1073414143,1073069823,1073573887,1073698559,1073741823,1073741823,1073741823,1073741823,1073741823,1073741823:f10
1073741823,1073676287,1073741823,1072693247,1073217535,1073414143,1073069823,1073573887,1073698559,1073741823,1073741823,1073741823,1073741823,1073741823,1073741823:f10
1073741823,1073741823,1073479679,1072693247,1073217535,1073414143,1073069823,1073573887,1073698559,1073741823,1073741823,1073741823,1073741823,1073741823,1073741823:f10
1073741823,1072693247,1073741823,1072693247,1073217535,1073414143,1073069823,1073573887,1073698559,1073741823,1073741823,1073741823,1073741823,1073741823,1073741823:f10
1073741823,1073741823,1072693247,1072693247,1073217535,1073414143,1073069823,1073573887,1073698559,1073741823,1073741823,1073741823,1073741823,1073741823,1073741823:f10
1073741823,1056964607,1073741823,1072693247,1073217535,1073414143,1073069823,1073573887,1073698559,1073741823,1073741823,1073741823,1073741823,1073741823,1073741823:f10
1073741823,1073741823,1069547519,1072693247,1073217535,1073414143,1073069823,1073573887,1073698559,1073741823,1073741823,1073741823,1073741823,1073741823,1073741823:f10
1073741823,1073741823,1073741823,1055916031,1073217535,1073414143,1073069823,1073573887,1073698559,1073741823,1073741823,1073741823,1073741823,1073741823,1073741823:f10
1073741823,1073741823,1073741823,1072693247,1073217535,1056636927,1073069823,1073573887,1073698559,1073741823,1073741823,1073741823,1073741823,1073741823,1073741823:f10
1073741823,1073741823,1073741823,1072693247,1069023231,1073414143,1073069823,1073573887,1073698559,1073741823,1073741823,1073741823,1073741823,1073741823,1073741823:f10
1073741823,1073741823,1073741823,1072693247,1073217535,1073414143,1068875519,1073573887,1073698559,1073741823,1073741823,1073741823,1073741823,1073741823,1073741823:f10
1073741823,1073741823,1073741823,1072693247,1073217535,1073414143,1073069823,1073573887,1069504255,1073741823,1073741823,1073741823,1073741823,1073741823,1073741823:f10
1073741823,1073741823,1073741823,1072689151,1073217535,1073414143,1073069823,1073573887,1073698559,1073741823,1073741823,1073741823,1073741823,1073741823,1073741823:f10
1073741823,1073741823,1073741823,1072627711,1073217535,1073414143,1073069823,1073573887,1073698559,1073741823,1073741823,1073741823,1073741823,1073741823,1073741823:f10
1073741823,1073741823,1073741823,1072693247,1073217535,1073414143,1073069823,1072525311,1073698559,1073741823,1073741823,1073741823,1073741823,1073741823,1073741823:f10
1073741823,1073741823,1073741823,1072693247,1073217535,1073414143,1073069823,1073573887,1073698559,1072693247,1073741823,1073741823,1073741823,1073741823,1073741823:f10
1073741823,1073741823,1073741823,1072693247,1073217535,1073414143,1073069823,1073573887,1073698559,1073741823,1073741807,1073741823,1073741823,1073741823,1073741823:f10
1073741823,1073741823,1073741823,1072693247,1073217535,1073414143,1073069823,1073573887,1073698559,1073741759,1073741823,1073741823,1073741823,1073741823,1073741823:f10
1073741823,1073741823,1073741823,1072693247,1073217535,1073414143,1073069823,1073573887,1073698559,1073741823,1073479679,1073741823,1073741823,1073741823,1073741823:f10
1073741823,1073741823,1073741823,1072693247,1073217535,1073414143,1073069823,1073573887,1073698543,1073741823,1073741823,1073741823,1073741823,1073741823,1073741823:f10
1073741823,1073741823,1073741823,1072693247,1073217535,1073414143,1073069823,1073573823,1073698559,1073741823,1073741823,1073741823,1073741823,1073741823,1073741823:f10
1073741823,1073741823,1073741823,1072693247,1073217535,1073414143,1073069807,1073573887,1073698559,1073741823,1073741823,1073741823,1073741823,1073741823,1073741823:f10
1073741823,1073741823,1073741823,1072693247,1073217519,1073414143,1073069823,1073573887,1073698559,1073741823,1073741823,1073741823,1073741823,1073741823,1073741823:f10
1073741823,1073741823,1073741823,1072693247,1073217535,1073414079,1073069823,1073573887,1073698559,1073741823,1073741823,1073741823,1073741823,1073741823,1073741823:f10
1073741823,1073741823,1073741823,1072693247,1073217279,1073414143,1073069823,1073573887,1073698559,1073741823,1073741823,1073741823,1073741823,1073741823,1073741823:f10
1073741823,1073741823,1073741823,1072693247,1073217535,1073414143,1073069823,1073573887,1073698559,1073741823,1073741759,1073741823,1073741823,1073741823,1073741823:f10
1073741823,1073741823,1073741823,1072693247,1073217535,1073414143,1073069823,1073573887,1073698495,1073741823,1073741823,1073741823,1073741823,1073741823,1073741823:f10
1073741823,1073741823,1073741823,1072693247,1073217535,1073414143,1073069759,1073573887,1073698559,1073741823,1073741823,1073741823,1073741823,1073741823,1073741823:f10
1073741823,1073741823,1073741823,1072693247,1073217535,1073414143,1073069823,1073573887,1073698559,1073741823,1073725439,1073741823,1073741823,1073741823,1073741823:f10
1073741823,1073741823,1073741823,1072693247,1073217535,1073414143,1073069823,1073573887,1073698559,1073741823,1073740799,1073741823,1073741823,1073741823,1073741823:k6
1073741823,1073741823,1073741823,1072693247,1073217535,1073414143,1073069823,1073573887,1073698559,1073741567,1073741823,1073741823,1073741823,1073741823,1073741823:k6
1073741823,1073741823,1073741823,1072693247,1073217535,1073414143,1073069823,1073573631,1073698559,1073741823,1073741823,1073741823,1073741823,1073741823,1073741823:k6
1073741823,1073741823,1073741823,1072693247,1073217535,1073413887,1073069823,1073573887,1073698559,1073741823,1073741823,1073741823,1073741823,1073741823,1073741823:f10
1073741823,1073741823,1073741823,1072693247,1073217535,1073414143,1073069823,1073573887,1073698559,1073676287,1073741823,1073741823,1073741823,1073741823,1073741823:f10
1073741823,1073741823,1073741823,1072693247,1073217535,1073414143,1073069823,1073573887,1073698559,1073741823,1073741567,1073741823,1073741823,1073741823,1073741823:k6
1073741823,1073741823,1073741823,1072693247,1073217535,1073414143,1073069823,1073573887,1073698559,1073741823,1073676287,1073741823,1073741823,1073741823,1073741823:f10
1073741823,1073741823,1073741823,1072693247,1073217535,1073414143,1073069823,1073573887,1073698559,1073741823,1073737727,1073741823,1073741823,1073741823,1073741823:f10
1073741823,1073741823,1073741823,1072693247,1073217535,1073414143,1073069823,1073573887,1073698559,1073737727,1073741823,1073741823,1073741823,1073741823,1073741823:k6
1073741823,1073741823,1073741823,1072676863,1073217535,1073414143,1073069823,1073573887,1073698559,1073741823,1073741823,1073741823,1073741823,1073741823,1073741823:f10
1073741823,1073741823,1073741823,1072431103,1073217535,1073414143,1073069823,1073573887,1073698559,1073741823,1073741823,1073741823,1073741823,1073741823,1073741823:f10
1073741823,1073741823,1073741823,1068498943,1073217535,1073414143,1073069823,1073573887,1073698559,1073741823,1073741823,1073741823,1073741823,1073741823,1073741823:f10
1073741823,1073741823,1073741823,1072693247,1073217535,1069219839,1073069823,1073573887,1073698559,1073741823,1073741823,1073741823,1073741823,1073741823,1073741823:f10
1073741823,1073741823,1073741823,1072693247,1073217535,1072365567,1073069823,1073573887,1073698559,1073741823,1073741823,1073741823,1073741823,1073741823,1073741823:f10
1073741823,1073741823,1073741823,1072693247,1073217535,1073414143,1073069823,1069379583,1073698559,1073741823,1073741823,1073741823,1073741823,1073741823,1073741823:f10
1073741823,1073741823,1073741823,1072693247,1073213439,1073414143,1073069823,1073573887,1073698559,1073741823,1073741823,1073741823,1073741823,1073741823,1073741823:f10
1073741823,1073741823,1073741823,1072693247,1073151999,1073414143,1073069823,1073573887,1073698559,1073741823,1073741823,1073741823,1073741823,1073741823,1073741823:f10
1073741823,1073741823,1073741823,1072693247,1072168959,1073414143,1073069823,1073573887,1073698559,1073741823,1073741823,1073741823,1073741823,1073741823,1073741823:f10
1073741823,1073741823,1073741823,1072693247,1073217535,1073414143,1072021247,1073573887,1073698559,1073741823,1073741823,1073741823,1073741823,1073741823,1073741823:f10
1073741823,1073741823,1073741823,1072693247,1073217535,1073414143,1073069823,1073573887,1072649983,1073741823,1073741823,1073741823,1073741823,1073741823,1073741823:f10
1073741823,1073741823,1073741823,1072693247,1073217535,1073414143,1073068799,1073573887,1073698559,1073741823,1073741823,1073741823,1073741823,1073741823,1073741823:f10
1073741823,1073741823,1073741823,1072693247,1073216511,1073414143,1073069823,1073573887,1073698559,1073741823,1073741823,1073741823,1073741823,1073741823,1073741823:f10
1073741823,1073741823,1073741823,1072693247,1073217535,1073410047,1073069823,1073573887,1073698559,1073741823,1073741823,1073741823,1073741823,1073741823,1073741823:f10
1073741823,1073741823,1073741823,1072693247,1073201151,1073414143,1073069823,1073573887,1073698559,1073741823,1073741823,1073741823,1073741823,1073741823,1073741823:f10
1073741823,1073741823,1073741823,1072693247,1073217535,1073414143,1073069823,1073573887,1073436415,1073741823,1073741823,1073741823,1073741823,1073741823,1073741823:f10
1073741823,1073741823,1073741823,1072693247,1073217535,1073414143,1073069823,1073573887,1073698559,1073740799,1073741823,1073741823,1073741823,1073741823,1073741823:k6
1073741823,1073741823,1073741823,1072693247,1073217535,1073414143,1073069823,1073572863,1073698559,1073741823,1073741823,1073741823,1073741823,1073741823,1073741823:k6
1073741823,1073741823,1073741823,1072693247,1073217535,1073413119,1073069823,1073573887,1073698559,1073741823,1073741823,1073741823,1073741823,1073741823,1073741823:f10
1073741823,1073741823,1073741823,1072693247,1073217535,1073414143,1073065727,1073573887,1073698559,1073741823,1073741823,1073741823,1073741823,1073741823,1073741823:f10
1073741823,1073741823,1073741823,1072693247,1073217535,1073397759,1073069823,1073573887,1073698559,1073741823,1073741823,1073741823,1073741823,1073741823,1073741823:f10
1073741823,1073741823,1073741823,1072693247,1073217535,1073414143,1073069823,1073311743,1073698559,1073741823,1073741823,1073741823,1073741823,1073741823,1073741823:f10
1073741823,1073741823,1073741823,1072693247,1073217535,1073414143,1073069823,1073573887,1073698559,1073479679,1073741823,1073741823,1073741823,1073741823,1073741823:f10
1073741823,1073741823,1073741823,1072693247,1073217535,1073414143,1073069823,1073573887,1073633023,1073741823,1073741823,1073741823,1073741823,1073741823,1073741823:f10
1073741823,1073741823,1073741823,1072693247,1073217535,1073414143,1073069823,1073573887,1073698559,1073725439,1073741823,1073741823,1073741823,1073741823,1073741823:f10
1073741823,1073741823,1073741823,1073741823,1073741823,1073414143,1073069823,1072525311,1073698559,1073741823,1073741823,1073741823,1073741823,1073741823,1073741823:f10
1073741823,1073741823,1073741823,1073741823,1073741823,1073414143,1073069823,1073573887,1073698559,1072693247,1073741823,1073741823,1073741823,1073741823,1073741823:f10
1073741823,1073741823,1073741823,1073741823,1073741823,1073414143,1073069823,1073573887,1073698559,1073741823,1073741807,1073741823,1073741823,1073741823,1073741823:f10
1073741823,1073741823,1073741823,1073741823,1073741823,1073414143,1073069823,1073573887,1073698559,1073741759,1073741823,1073741823,1073741823,1073741823,1073741823:f10
1073741823,1073741823,1073741823,1073741823,1073741823,1073414143,1073069823,1073573887,1073698559,1073741823,1073479679,1073741823,1073741823,1073741823,1073741823:f10
1073741823,1073741823,1073741823,1073741823,1073741823,1073414143,1073069823,1073573887,1073698543,1073741823,1073741823,1073741823,1073741823,1073741823,1073741823:f10
1073741823,1073741823,1073741823,1073741823,1073741823,1073414143,1073069823,1073573823,1073698559,1073741823,1073741823,1073741823,1073741823,1073741823,1073741823:f10
1073741823,1073741823,1073741823,1073741823,1073741823,1073414143,1073069807,1073573887,1073698559,1073741823,1073741823,1073741823,1073741823,1073741823,1073741823:f10
1073741823,1073741823,1073741823,1073741823,1073741807,1073414143,1073069823,1073573887,1073698559,1073741823,1073741823,1073741823,1073741823,1073741823,1073741823:f10
1073741823,1073741823,1073741823,1073741823,1073741823,1073414079,1073069823,1073573887,1073698559,1073741823,1073741823,1073741823,1073741823,1073741823,1073741823:f10
1073741823,1073741823,1073741823,1073741823,1073741567,1073414143,1073069823,1073573887,1073698559,1073741823,1073741823,1073741823,1073741823,1073741823,1073741823:f10
1073741823,1073741823,1073741823,1073741823,1073741823,1073414143,1073069823,1073573887,1073698559,1073741823,1073741759,1073741823,1073741823,1073741823,1073741823:f10
1073741823,1073741823,1073741823,1073741823,1073741823,1073414143,1073069823,1073573887,1073698495,1073741823,1073741823,1073741823,1073741823,1073741823,1073741823:f10
1073741823,1073741823,1073741823,1073741823,1073741823,1073414143,1073069759,1073573887,1073698559,1073741823,1073741823,1073741823,1073741823,1073741823,1073741823:f10
1073741823,1073741823,1073741823,1073741823,1073741823,1073414143,1073069823,1073573887,1073698559,1073741823,1073725439,1073741823,1073741823,1073741823,1073741823:f10
1073741823,1073741823,1073741823,1073741823,1073741823,1073414143,1073069823,1073573887,1073698559,1073741823,1073740799,1073741823,1073741823,1073741823,1073741823:k6
1073741823,1073741823,1073741823,1073741823,1073741823,1073414143,1073069823,1073573887,1073698559,1073741567,1073741823,1073741823,1073741823,1073741823,1073741823:k6
1073741823,1073741823,1073741823,1073741823,1073741823,1073414143,1073069823,1073573631,1073698559,1073741823,1073741823,1073741823,1073741823,1073741823,1073741823:k6
1073741823,1073741823,1073741823,1073741823,1073741823,1073413887,1073069823,1073573887,1073698559,1073741823,1073741823,1073741823,1073741823,1073741823,1073741823:f10
1073741823,1073741823,1073741823,1073741823,1073741823,1073414143,1073069823,1073573887,1073698559,1073676287,1073741823,1073741823,1073741823,1073741823,1073741823:f10
1073741823,1073741823,1073741823,1073741823,1073741823,1073414143,1073069823,1073573887,1073698559,1073741823,1073741567,1073741823,1073741823,1073741823,1073741823:k6
1073741823,1073741823,1073741823,1073741823,1073741823,1073414143,1073069823,1073573887,1073698559,1073741823,1073676287,1073741823,1073741823,1073741823,1073741823:f10
1073741823,1073741823,1073741823,1073741823,1073741823,1073414143,1073069823,1073573887,1073698559,1073741823,1073737727,1073741823,1073741823,1073741823,1073741823:f10
1073741823,1073741823,1073741823,1073741823,1073741823,1073414143,1073069823,1073573887,1073698559,1073737727,1073741823,1073741823,1073741823,1073741823,1073741823:i9
1073741823,1073741823,1073741823,1073725439,1073741823,1073414143,1073069823,1073573887,1073698559,1073741823,1073741823,1073741823,1073741823,1073741823,1073741823:f10
1073741823,1073741823,1073741823,1073479679,1073741823,1073414143,1073069823,1073573887,1073698559,1073741823,1073741823,1073741823,1073741823,1073741823,1073741823:f10
1073741823,1073741823,1073741823,1069547519,1073741823,1073414143,1073069823,1073573887,1073698559,1073741823,1073741823,1073741823,1073741823,1073741823,1073741823:f10
1073741823,1073741823,1073741823,1073741823,1073741823,1069219839,1073069823,1073573887,1073698559,1073741823,1073741823,1073741823,1073741823,1073741823,1073741823:f10
1073741823,1073741823,1073741823,1073741823,1073741823,1072365567,1073069823,1073573887,1073698559,1073741823,1073741823,1073741823,1073741823,1073741823,1073741823:f10
1073741823,1073741823,1073741823,1073741823,1073741823,1073414143,1073069823,1069379583,1073698559,1073741823,1073741823,1073741823,1073741823,1073741823,1073741823:f10
1073741823,1073741823,1073741823,1073741823,1073737727,1073414143,1073069823,1073573887,1073698559,1073741823,1073741823,1073741823,1073741823,1073741823,1073741823:f10
1073741823,1073741823,1073741823,1073741823,1073676287,1073414143,1073069823,1073573887,1073698559,1073741823,1073741823,1073741823,1073741823,1073741823,1073741823:f10
1073741823,1073741823,1073741823,1073741823,1072693247,1073414143,1073069823,1073573887,1073698559,1073741823,1073741823,1073741823,1073741823,1073741823,1073741823:f10
1073741823,1073741823,1073741823,1073741823,1073741823,1073414143,1072021247,1073573887,1073698559,1073741823,1073741823,1073741823,1073741823,1073741823,1073741823:f10
1073741823,1073741823,1073741823,1073741823,1073741823,1073414143,1073069823,1073573887,1072649983,1073741823,1073741823,1073741823,1073741823,1073741823,1073741823:f10
1073741823,1073741823,1073741823,1073741823,1073741823,1073414143,1073068799,1073573887,1073698559,1073741823,1073741823,1073741823,1073741823,1073741823,1073741823:f10
1073741823,1073741823,1073741823,1073741823,1073740799,1073414143,1073069823,1073573887,1073698559,1073741823,1073741823,1073741823,1073741823,1073741823,1073741823:f10
1073741823,1073741823,1073741823,1073741823,1073741823,1073410047,1073069823,1073573887,1073698559,1073741823,1073741823,1073741823,1073741823,1073741823,1073741823:f10
1073741823,1073741823,1073741823,1073741823,1073725439,1073414143,1073069823,1073573887,1073698559,1073741823,1073741823,1073741823,1073741823,1073741823,1073741823:f10
1073741823,1073741823,1073741823,1073741823,1073479679,1073414143,1073069823,1073573887,1073698559,1073741823,1073741823,1073741823,1073741823,1073741823,1073741823:k4
1073741823,1073676287,1073741823,1071644671,1073479679,1073414143,1073069823,1073573887,1073698559,1073741823,1073741823,1073741823,1073741823,1073741823,1073741823:f10
1073741823,1072693247,1073741823,1071644671,1073479679,1073414143,1073069823,1073573887,1073698559,1073741823,1073741823,1073741823,1073741823,1073741823,1073741823:f10
1073741823,1073741823,1072693247,1071644671,1073479679,1073414143,1073069823,1073573887,1073698559,1073741823,1073741823,1073741823,1073741823,1073741823,1073741823:f10
1073741823,1056964607,1073741823,1071644671,1073479679,1073414143,1073069823,1073573887,1073698559,1073741823,1073741823,1073741823,1073741823,1073741823,1073741823:f10
1073741823,1073741823,1073741823,1054867455,1073479679,1073414143,1073069823,1073573887,1073698559,1073741823,1073741823,1073741823,1073741823,1073741823,1073741823:f10
1073741823,1073741823,1073741823,1071644671,1073479679,1056636927,1073069823,1073573887,1073698559,1073741823,1073741823,1073741823,1073741823,1073741823,1073741823:f10
1073741823,1073741823,1073725439,1071644671,1073479679,1073414143,1073069823,1073573887,1073698559,1073741823,1073741823,1073741823,1073741823,1073741823,1073741823:f10
1073741823,1073741823,1073479679,1071644671,1073479679,1073414143,1073069823,1073573887,1073698559,1073741823,1073741823,1073741823,1073741823,1073741823,1073741823:f10
1073741823,1073741823,1069547519,1071644671,1073479679,1073414143,1073069823,1073573887,1073698559,1073741823,1073741823,1073741823,1073741823,1073741823,1073741823:f10
1073741823,1073741823,1073741823,1071644671,1069285375,1073414143,1073069823,1073573887,1073698559,1073741823,1073741823,1073741823,1073741823,1073741823,1073741823:f10
1073741823,1073741823,1073741823,1071644671,1073479679,1073414143,1068875519,1073573887,1073698559,1073741823,1073741823,1073741823,1073741823,1073741823,1073741823:f10
1073741823,1073741823,1073741823,1071644671,1073479679,1073414143,1073069823,1073573887,1069504255,1073741823,1073741823,1073741823,1073741823,1073741823,1073741823:f10
1073741823,1073741823,1073741823,1071640575,1073479679,1073414143,1073069823,1073573887,1073698559,1073741823,1073741823,1073741823,1073741823,1073741823,1073741823:f10
1073741823,1073741823,1073741823,1071579135,1073479679,1073414143,1073069823,1073573887,1073698559,1073741823,1073741823,1073741823,1073741823,1073741823,1073741823:f10
1073741823,1073741823,1073741823,1071644671,1073479679,1073414143,1073069823,1072525311,1073698559,1073741823,1073741823,1073741823,1073741823,1073741823,1073741823:f10
1073741823,1073741823,1073741823,1071644671,1073479679,1073414143,1073069823,1073573887,1073698559,1072693247,1073741823,1073741823,1073741823,1073741823,1073741823:f10
1073741823,1073741823,1073741823,1071644671,1073479679,1073414143,1073069823,1073573887,1073698559,1073741823,1073741807,1073741823,1073741823,1073741823,1073741823:f10
1073741823,1073741823,1073741823,1071644671,1073479679,1073414143,1073069823,1073573887,1073698559,1073741759,1073741823,1073741823,1073741823,1073741823,1073741823:f10
1073741823,1073741823,1073741823,1071644671,1073479679,1073414143,1073069823,1073573887,1073698559,1073741823,1073479679,1073741823,1073741823,1073741823,1073741823:f10
1073741823,1073741823,1073741823,1071644671,1073479679,1073414143,1073069823,1073573887,1073698543,1073741823,1073741823,1073741823,1073741823,1073741823,1073741823:f10
1073741823,1073741823,1073741823,1071644671,1073479679,1073414143,1073069823,1073573823,1073698559,1073741823,1073741823,1073741823,1073741823,1073741823,1073741823:f10
1073741823,1073741823,1073741823,1071644671,1073479679,1073414143,1073069807,1073573887,1073698559,1073741823,1073741823,1073741823,1073741823,1073741823,1073741823:f10
1073741823,1073741823,1073741823,1071644671,1073479663,1073414143,1073069823,1073573887,1073698559,1073741823,1073741823,1073741823,1073741823,1073741823,1073741823:f10
1073741823,1073741823,1073741823,1071644671,1073479679,1073414079,1073069823,1073573887,1073698559,1073741823,1073741823,1073741823,1073741823,1073741823,1073741823:f10
1073741823,1073741823,1073741823,1071644671,1073479423,1073414143,1073069823,1073573887,1073698559,1073741823,1073741823,1073741823,1073741823,1073741823,1073741823:f10
1073741823,1073741823,1073741823,1071644671,1073479679,1073414143,1073069823,1073573887,1073698559,1073741823,1073741759,1073741823,1073741823,1073741823,1073741823:f10
1073741823,1073741823,1073741823,1071644671,1073479679,1073414143,1073069823,1073573887,1073698495,1073741823,1073741823,1073741823,1073741823,1073741823,1073741823:f10
1073741823,1073741823,1073741823,1071644671,1073479679,1073414143,1073069759,1073573887,1073698559,1073741823,1073741823,1073741823,1073741823,1073741823,1073741823:f10
1073741823,1073741823,1073741823,1071644671,1073479679,1073414143,1073069823,1073573887,1073698559,1073741823,1073725439,1073741823,1073741823,1073741823,1073741823:f10
1073741823,1073741823,1073741823,1071644671,1073479679,1073414143,1073069823,1073573887,1073698559,1073741823,1073740799,1073741823,1073741823,1073741823,1073741823:k6
1073741823,1073741823,1073741823,1071644671,1073479679,1073414143,1073069823,1073573887,1073698559,1073741567,1073741823,1073741823,1073741823,1073741823,1073741823:k6
1073741823,1073741823,1073741823,1071644671,1073479679,1073414143,1073069823,1073573631,1073698559,1073741823,1073741823,1073741823,1073741823,1073741823,1073741823:k6
1073741823,1073741823,1073741823,1071644671,1073479679,1073413887,1073069823,1073573887,1073698559,1073741823,1073741823,1073741823,1073741823,1073741823,1073741823:f10
1073741823,1073741823,1073741823,1071644671,1073479679,1073414143,1073069823,1073573887,1073698559,1073676287,1073741823,1073741823,1073741823,1073741823,1073741823:f10
1073741823,1073741823,1073741823,1071644671,1073479679,1073414143,1073069823,1073573887,1073698559,1073741823,1073741567,1073741823,1073741823,1073741823,1073741823:k6
1073741823,1073741823,1073741823,1071644671,1073479679,1073414143,1073069823,1073573887,1073698559,1073741823,1073676287,1073741823,1073741823,1073741823,1073741823:f10
1073741823,1073741823,1073741823,1071644671,1073479679,1073414143,1073069823,1073573887,1073698559,1073741823,1073737727,1073741823,1073741823,1073741823,1073741823:f10
1073741823,1073741823,1073741823,1071644671,1073479679,1073414143,1073069823,1073573887,1073698559,1073737727,1073741823,1073741823,1073741823,1073741823,1073741823:i9
1073741823,1073741823,1073741823,1071628287,1073479679,1073414143,1073069823,1073573887,1073698559,1073741823,1073741823,1073741823,1073741823,1073741823,1073741823:f10
1073741823,1073741823,1073741823,1071382527,1073479679,1073414143,1073069823,1073573887,1073698559,1073741823,1073741823,1073741823,1073741823,1073741823,1073741823:f10
1073741823,1073741823,1073741823,1067450367,1073479679,1073414143,1073069823,1073573887,1073698559,1073741823,1073741823,1073741823,1073741823,1073741823,1073741823:f10
1073741823,1073741823,1073741823,1071644671,1073479679,1069219839,1073069823,1073573887,1073698559,1073741823,1073741823,1073741823,1073741823,1073741823,1073741823:f10
1073741823,1073741823,1073741823,1071644671,1073479679,1072365567,1073069823,1073573887,1073698559,1073741823,1073741823,1073741823,1073741823,1073741823,1073741823:f10
1073741823,1073741823,1073741823,1071644671,1073479679,1073414143,1073069823,1069379583,1073698559,1073741823,1073741823,1073741823,1073741823,1073741823,1073741823:f10
1073741823,1073741823,1073741823,1071644671,1073475583,1073414143,1073069823,1073573887,1073698559,1073741823,1073741823,1073741823,1073741823,1073741823,1073741823:f10
1073741823,1073741823,1073741823,1071644671,1073414143,1073414143,1073069823,1073573887,1073698559,1073741823,1073741823,1073741823,1073741823,1073741823,1073741823:f10
1073741823,1073741823,1073741823,1071644671,1072431103,1073414143,1073069823,1073573887,1073698559,1073741823,1073741823,1073741823,1073741823,1073741823,1073741823:f10
1073741823,1073741823,1073741823,1071644671,1073479679,1073414143,1072021247,1073573887,1073698559,1073741823,1073741823,1073741823,1073741823,1073741823,1073741823:f10
1073741823,1073741823,1073741823,1071644671,1073479679,1073414143,1073069823,1073573887,1072649983,1073741823,1073741823,1073741823,1073741823,1073741823,1073741823:f10
1073741823,1073741823,1073741823,1071644671,1073479679,1073414143,1073068799,1073573887,1073698559,1073741823,1073741823,1073741823,1073741823,1073741823,1073741823:f10
1073741823,1073741823,1073741823,1071644671,1073478655,1073414143,1073069823,1073573887,1073698559,1073741823,1073741823,1073741823,1073741823,1073741823,1073741823:f10
1073741823,1073741823,1073741823,1071644671,1073479679,1073410047,1073069823,1073573887,1073698559,1073741823,1073741823,1073741823,1073741823,1073741823,1073741823:f10
1073741823,1073741823,1073741823,1071644671,1073463295,1073414143,1073069823,1073573887,1073698559,1073741823,1073741823,1073741823,1073741823,1073741823,1073741823:f10
1073741823,1073741823,1073741823,1071644671,1073479679,1073414143,1073069823,1073573887,1073436415,1073741823,1073741823,1073741823,1073741823,1073741823,1073741823:f10
1073741823,1073741823,1073741823,1071644671,1073479679,1073414143,1073069823,1073573887,1073698559,1073740799,1073741823,1073741823,1073741823,1073741823,1073741823:k6
1073741823,1073741823,1073741823,1071644671,1073479679,1073414143,1073069823,1073572863,1073698559,1073741823,1073741823,1073741823,1073741823,1073741823,1073741823:k6
1073741823,1073741823,1073741823,1071644671,1073479679,1073413119,1073069823,1073573887,1073698559,1073741823,1073741823,1073741823,1073741823,1073741823,1073741823:f10
1073741823,1073741823,1073741823,1071644671,1073479679,1073414143,1073065727,1073573887,1073698559,1073741823,1073741823,1073741823,1073741823,1073741823,1073741823:f10
1073741823,1073741823,1073741823,1071644671,1073479679,1073397759,1073069823,1073573887,1073698559,1073741823,1073741823,1073741823,1073741823,1073741823,1073741823:f10
1073741823,1073741823,1073741823,1071644671,1073479679,1073414143,1073069823,1073311743,1073698559,1073741823,1073741823,1073741823,1073741823,1073741823,1073741823:f10
1073741823,1073741823,1073741823,1071644671,1073479679,1073414143,1073069823,1073573887,1073698559,1073479679,1073741823,1073741823,1073741823,1073741823,1073741823:f10
1073741823,1073741823,1073741823,1071644671,1073479679,1073414143,1073069823,1073573887,1073633023,1073741823,1073741823,1073741823,1073741823,1073741823,1073741823:f10
1073741823,1073741823,1073741823,1071644671,1073479679,1073414143,1073069823,1073573887,1073698559,1073725439,1073741823,1073741823,1073741823,1073741823,1073741823:f10
1073741823,1073741823,1073741823,1073741823,1073741823,1073414143,1073069823,1073573887,1073436415,1073741823,1073741823,1073741823,1073741823,1073741823,1073741823:f10
1073741823,1073741823,1073741823,1073741823,1073741823,1073414143,1073069823,1073573887,1073698559,1073740799,1073741823,1073741823,1073741823,1073741823,1073741823:k6
1073741823,1073741823,1073741823,1073741823,1073741823,1073414143,1073069823,1073572863,1073698559,1073741823,1073741823,1073741823,1073741823,1073741823,1073741823:k6
1073741823,1073741823,1073741823,1073741823,1073741823,1073413119,1073069823,1073573887,1073698559,1073741823,1073741823,1073741823,1073741823,1073741823,1073741823:f10
1073741823,1073741823,1073741823,1073741823,1073741823,1073414143,1073065727,1073573887,1073698559,1073741823,1073741823,1073741823,1073741823,1073741823,1073741823:f10
1073741823,1073741823,1073741823,1073741823,1073741823,1073397759,1073069823,1073573887,1073698559,1073741823,1073741823,1073741823,1073741823,1073741823,1073741823:f10
1073741823,1073741823,1073741823,1073741823,1073741823,1073414143,1073069823,1073311743,1073698559,1073741823,1073741823,1073741823,1073741823,1073741823,1073741823:f10
1073741823,1073741823,1073741823,1073741823,1073741823,1073414143,1073069823,1073573887,1073698559,1073479679,1073741823,1073741823,1073741823,1073741823,1073741823:f10
1073741823,1073741823,1073741823,1073741823,1073741823,1073414143,1073069823,1073573887,1073633023,1073741823,1073741823,1073741823,1073741823,1073741823,1073741823:f10
1073741823,1073741823,1073741823,1073741823,1073741823,1073414143,1073069823,1073573887,1073698559,1073725439,1073741823,1073741823,1073741823,1073741823,1073741823:f10
1073741823,1073741823,1073741823,1073741823,1073741823,1073479679,1073331967,1073573887,1073698559,1073741823,1073741823,1073741823,1073741823,1073741823,1073741823:i9
1073741823,1073741823,1073741823,1073741823,1073741823,1073479679,1073594111,1073573887,1073436415,1073741823,1073741823,1073741823,1073741823,1073741823,1073741823:f11
1073741823,1073741823,1073741823,1073741823,1073741823,1073479679,1073594111,1073573887,1073698559,1073740799,1073741823,1073741823,1073741823,1073741823,1073741823:i9
1073741823,1073741823,1073741823,1073741823,1073741823,1073479679,1073594111,1073572863,1073698559,1073741823,1073741823,1073741823,1073741823,1073741823,1073741823:i9
1073741823,1073741823,1073741823,1073741823,1073741823,1073478655,1073594111,1073573887,1073698559,1073741823,1073741823,1073741823,1073741823,1073741823,1073741823:i9
1073741823,1073741823,1073741823,1073741823,1073741823,1073479679,1073590015,1073573887,1073698559,1073741823,1073741823,1073741823,1073741823,1073741823,1073741823:i9
1073741823,1073741823,1073741823,1073741823,1073741823,1073463295,1073594111,1073573887,1073698559,1073741823,1073741823,1073741823,1073741823,1073741823,1073741823:i9
1073741823,1073741823,1073741823,1073741823,1073741823,1073479679,1073594111,1073311743,1073698559,1073741823,1073741823,1073741823,1073741823,1073741823,1073741823:i9
1073741823,1073741823,1073741823,1073741823,1073741823,1073479679,1073594111,1073573887,1073698559,1073479679,1073741823,1073741823,1073741823,1073741823,1073741823:i9
1073741823,1073741823,1073741823,1073741823,1073741823,1073479679,1073594111,1073573887,1073633023,1073741823,1073741823,1073741823,1073741823,1073741823,1073741823:g10
1073741823,1073741823,1073741823,1073741823,1073741823,1073479679,1073594111,1073573887,1073698559,1073725439,1073741823,1073741823,1073741823,1073741823,1073741823:i9
1073741823,1073741823,1073741823,1073741823,1073741823,1073479679,1073594111,1073704959,1073698815,1073741823,1073676287,1073741823,1073741823,1073741823,1073741823:f10
1073741823,1073741823,1073741823,1073741823,1073741823,1073479679,1073594111,1073704959,1073698815,1073741823,1073737727,1073741823,1073741823,1073741823,1073741823:f10
1073741823,1073741823,1073741823,1073741823,1073741823,1073479679,1073594111,1073704959,1073698815,1073737727,1073741823,1073741823,1073741823,1073741823,1073741823:e9
1073741823,1073741823,1073741823,1073725439,1073741823,1073479679,1073594111,1073704959,1073698815,1073741823,1073741823,1073741823,1073741823,1073741823,1073741823:f10
1073741823,1073741823,1073741823,1073479679,1073741823,1073479679,1073594111,1073704959,1073698815,1073741823,1073741823,1073741823,1073741823,1073741823,1073741823:f10
1073741823,1073741823,1073741823,1069547519,1073741823,1073479679,1073594111,1073704959,1073698815,1073741823,1073741823,1073741823,1073741823,1073741823,1073741823:f10
1073741823,1073741823,1073741823,1073741823,1073741823,1069285375,1073594111,1073704959,1073698815,1073741823,1073741823,1073741823,1073741823,1073741823,1073741823:f10
1073741823,1073741823,1073741823,1073741823,1073741823,1072431103,1073594111,1073704959,1073698815,1073741823,1073741823,1073741823,1073741823,1073741823,1073741823:f10
1073741823,1073741823,1073741823,1073741823,1073741823,1073479679,1073594111,1069510655,1073698815,1073741823,1073741823,1073741823,1073741823,1073741823,1073741823:f10
1073741823,1073741823,1073741823,1073741823,1073737727,1073479679,1073594111,1073704959,1073698815,1073741823,1073741823,1073741823,1073741823,1073741823,1073741823:f10
1073741823,1073741823,1073741823,1073741823,1073676287,1073479679,1073594111,1073704959,1073698815,1073741823,1073741823,1073741823,1073741823,1073741823,1073741823:f10
1073741823,1073741823,1073741823,1073741823,1072693247,1073479679,1073594111,1073704959,1073698815,1073741823,1073741823,1073741823,1073741823,1073741823,1073741823:f10
1073741823,1073741823,1073741823,1073741823,1073741823,1073479679,1072545535,1073704959,1073698815,1073741823,1073741823,1073741823,1073741823,1073741823,1073741823:f10
1073741823,1073741823,1073741823,1073741823,1073741823,1073479679,1073594111,1073704959,1072650239,1073741823,1073741823,1073741823,1073741823,1073741823,1073741823:f10
1073741823,1073741823,1073741823,1073741823,1073741823,1073479679,1073593087,1073704959,1073698815,1073741823,1073741823,1073741823,1073741823,1073741823,1073741823:e9
1073741823,1073741823,1073741823,1073741823,1073740799,1073479679,1073594111,1073704959,1073698815,1073741823,1073741823,1073741823,1073741823,1073741823,1073741823:f10
1073741823,1073741823,1073741823,1073741823,1073741823,1073475583,1073594111,1073704959,1073698815,1073741823,1073741823,1073741823,1073741823,1073741823,1073741823:f10
1073741823,1073741823,1073741823,1073741823,1073725439,1073479679,1073594111,1073704959,1073698815,1073741823,1073741823,1073741823,1073741823,1073741823,1073741823:f10
1073741823,1073741823,1073741823,1073741823,1073479679,1073479679,1073594111,1073704959,1073698815,1073741823,1073741823,1073741823,1073741823,1073741823,1073741823:e9
1073741823,1073741823,1073741823,1073741823,1073741823,1073414143,1073594111,1073704959,1073698815,1073741823,1073741823,1073741823,1073741823,1073741823,1073741823:e9
1073741823,1073741823,1073741823,1073741823,1073741823,1073479679,1073331967,1073704959,1073698815,1073741823,1073741823,1073741823,1073741823,1073741823,1073741823:f10
1073741823,1073741823,1073741823,1073741823,1073741823,1073479679,1073594111,1073704959,1073436671,1073741823,1073741823,1073741823,1073741823,1073741823,1073741823:f10
1073741823,1073741823,1073741823,1073741823,1073741823,1073479679,1073594111,1073704959,1073698815,1073740799,1073741823,1073741823,1073741823,1073741823,1073741823:e9
1073741823,1073741823,1073741823,1073741823,1073741823,1073479679,1073594111,1073703935,1073698815,1073741823,1073741823,1073741823,1073741823,1073741823,1073741823:e9
1073741823,1073741823,1073741823,1073741823,1073741823,1073478655,1073594111,1073704959,1073698815,1073741823,1073741823,1073741823,1073741823,1073741823,1073741823:f10
1073741823,1073741823,1073741823,1073741823,1073741823,1073479679,1073590015,1073704959,1073698815,1073741823,1073741823,1073741823,1073741823,1073741823,1073741823:f10
1073741823,1073741823,1073741823,1073741823,1073741823,1073463295,1073594111,1073704959,1073698815,1073741823,1073741823,1073741823,1073741823,1073741823,1073741823:f10
1073741823,1073741823,1073741823,1073741823,1073741823,1073479679,1073594111,1073442815,1073698815,1073741823,1073741823,1073741823,1073741823,1073741823,1073741823:f10
1073741823,1073741823,1073741823,1073741823,1073741823,1073479679,1073594111,1073639423,1073698815,1073741823,1073741823,1073741823,1073741823,1073741823,1073741823:e9
1073741823,1073741823,1073741823,1073741823,1073741823,1073479679,1073594111,1073704959,1073698815,1073479679,1073741823,1073741823,1073741823,1073741823,1073741823:f10
1073741823,1073741823,1073741823,1073741823,1073741823,1073479679,1073594111,1073704959,1073633279,1073741823,1073741823,1073741823,1073741823,1073741823,1073741823:f10
1073741823,1073741823,1073741823,1073741823,1073741823,1073479679,1073594111,1073704959,1073698815,1073725439,1073741823,1073741823,1073741823,1073741823,1073741823:f10
