1073741823,1073741823,1073741823,1073741823,1073741823,1073610751,1073594367,1073708799,1073737727,1073741823,1073741823,1073741823,1073741823,1073741823,1073741823:i8
1073741823,1073741823,1073741823,1073741823,1073741823,1073610751,1073594367,1073577727,1073737727,1072693247,1073741823,1073741823,1073741823,1073741823,1073741823:i5
1073741823,1073741823,1073741823,1073741823,1073741823,1073610751,1073594367,1073577727,1073737727,1073676287,1073741823,1073741823,1073741823,1073741823,1073741823:i5
1073741823,1073741823,1073741823,1073741823,1073741823,1073610751,1073594367,1073577727,1073737727,1073741807,1073741823,1073741823,1073741823,1073741823,1073741823:i5
1073741823,1073741823,1073741823,1073741823,1073741823,1073610751,1073594367,1073577727,1073737663,1073741823,1073741823,1073741823,1073741823,1073741823,1073741823:i5
1073741823,1073741823,1073741823,1073741823,1073741823,1073610751,1073594367,1073577711,1073737727,1073741823,1073741823,1073741823,1073741823,1073741823,1073741823:i5
1073741823,1073741823,1073741823,1073741823,1073741823,1073610751,1073594367,1073577663,1073737727,1073741823,1073741823,1073741823,1073741823,1073741823,1073741823:i5
1073741823,1073741823,1073741823,1073741823,1073741823,1073610735,1073594367,1073577727,1073737727,1073741823,1073741823,1073741823,1073741823,1073741823,1073741823:i5
1073741823,1073741823,1073741823,1073741823,1073741823,1073610751,1073594303,1073577727,1073737727,1073741823,1073741823,1073741823,1073741823,1073741823,1073741823:i5
1073741823,1073741823,1073741823,1073741823,1073741823,1073610495,1073594367,1073577727,1073737727,1073741823,1073741823,1073741823,1073741823,1073741823,1073741823:i5
1073741823,1073741823,1073741823,1073741823,1073741823,1073610751,1073594367,1073577727,1073737727,1073741567,1073741823,1073741823,1073741823,1073741823,1073741823:i5
1073741823,1073741823,1073741823,1073737727,1073741823,1073610751,1073594367,1073577727,1073737727,1073741823,1073741823,1073741823,1073741823,1073741823,1073741823:i5
1073741823,1073741823,1073741823,1073676287,1073741823,1073610751,1073594367,1073577727,1073737727,1073741823,1073741823,1073741823,1073741823,1073741823,1073741823:i9
1073741823,1073741823,1073741823,1072693247,1073741823,1073610751,1073594367,1073577727,1073737727,1073741823,1073741823,1073741823,1073741823,1073741823,1073741823:i5
1073741823,1073741823,1073741823,1073741823,1073741823,1072562175,1073594367,1073577727,1073737727,1073741823,1073741823,1073741823,1073741823,1073741823,1073741823:i5
1073741823,1073741823,1073741823,1073741823,1073741823,1073610751,1073594367,1072529151,1073737727,1073741823,1073741823,1073741823,1073741823,1073741823,1073741823:i5
1073741823,1073741823,1073741823,1073741823,1073741823,1073610751,1073594367,1073577727,1073737727,1073741823,1073741567,1073741823,1073741823,1073741823,1073741823:i5
1073741823,1073741823,1073741823,1073741823,1073741823,1073610751,1073594367,1073577727,1073737471,1073741823,1073741823,1073741823,1073741823,1073741823,1073741823:i5
1073741823,1073741823,1073741823,1073741823,1073741823,1073610751,1073594111,1073577727,1073737727,1073741823,1073741823,1073741823,1073741823,1073741823,1073741823:i5
1073741823,1073741823,1073741823,1073741823,1073741823,1073610751,1073594367,1073577727,1073737727,1073741823,1073676287,1073741823,1073741823,1073741823,1073741823:i5
1073741823,1073741823,1073741823,1073741823,1073741823,1073610751,1073594367,1073577727,1073737727,1073741823,1073737727,1073741823,1073741823,1073741823,1073741823:i5
1073741823,1073741823,1073741823,1073741823,1073741823,1073610751,1073594367,1073577727,1073737727,1073737727,1073741823,1073741823,1073741823,1073741823,1073741823:i5
1073741823,1073741823,1073741823,1073741823,1073737727,1073610751,1073594367,1073577727,1073737727,1073741823,1073741823,1073741823,1073741823,1073741823,1073741823:i5
1073741823,1073741823,1073741823,1073741823,1073676287,1073610751,1073594367,1073577727,1073737727,1073741823,1073741823,1073741823,1073741823,1073741823,1073741823:h6
1073741823,1073741823,1073741823,1073740799,1073676287,1073577983,1073594367,1073577727,1073737727,1073741823,1073741823,1073741823,1073741823,1073741823,1073741823:f6
1073741823,1073741823,1073737727,1073741823,1073676287,1073577983,1073594367,1073577727,1073737727,1073741823,1073741823,1073741823,1073741823,1073741823,1073741823:f6
1073741823,1073741823,1073741823,1073725439,1073676287,1073577983,1073594367,1073577727,1073737727,1073741823,1073741823,1073741823,1073741823,1073741823,1073741823:f6
1073741823,1073741823,1073676287,1073741823,1073676287,1073577983,1073594367,1073577727,1073737727,1073741823,1073741823,1073741823,1073741823,1073741823,1073741823:f6
1073741823,1073741823,1072693247,1073741823,1073676287,1073577983,1073594367,1073577727,1073737727,1073741823,1073741823,1073741823,1073741823,1073741823,1073741823:f6
1073741823,1073741823,1073741823,1073479679,1073676287,1073577983,1073594367,1073577727,1073737727,1073741823,1073741823,1073741823,1073741823,1073741823,1073741823:f6
1073741823,1073741823,1073741823,1073741823,1073676287,1073577983,1073594367,1073577727,1073737727,1072693247,1073741823,1073741823,1073741823,1073741823,1073741823:f6
1073741823,1073741823,1073741823,1073741823,1073676287,1073577983,1073594367,1073577727,1073737727,1073676287,1073741823,1073741823,1073741823,1073741823,1073741823:k6
1073741823,1073741823,1073741823,1073741823,1073676287,1073577983,1073594367,1073577727,1073737727,1073741807,1073741823,1073741823,1073741823,1073741823,1073741823:f6
1073741823,1073741823,1073741823,1073741823,1073676287,1073577983,1073594367,1073577727,1073737663,1073741823,1073741823,1073741823,1073741823,1073741823,1073741823:f6
1073741823,1073741823,1073741823,1073741823,1073676287,1073577983,1073594367,1073577711,1073737727,1073741823,1073741823,1073741823,1073741823,1073741823,1073741823:f6
1073741823,1073741823,1073741823,1073741823,1073676287,1073577983,1073594367,1073577663,1073737727,1073741823,1073741823,1073741823,1073741823,1073741823,1073741823:f6
1073741823,1073741823,1073741823,1073741823,1073676287,1073577967,1073594367,1073577727,1073737727,1073741823,1073741823,1073741823,1073741823,1073741823,1073741823:f6
1073741823,1073741823,1073741823,1073741823,1073676287,1073577983,1073594303,1073577727,1073737727,1073741823,1073741823,1073741823,1073741823,1073741823,1073741823:f6
1073741823,1073741823,1073741823,1073741823,1073676287,1073577727,1073594367,1073577727,1073737727,1073741823,1073741823,1073741823,1073741823,1073741823,1073741823:k6
1073741823,1073741823,1073741823,1073741823,1073676287,1073577983,1073594367,1073577727,1073737727,1073741567,1073741823,1073741823,1073741823,1073741823,1073741823:f6
1073741823,1073741823,1073741823,1073737727,1073676287,1073577983,1073594367,1073577727,1073737727,1073741823,1073741823,1073741823,1073741823,1073741823,1073741823:f6
1073741823,1073741823,1073741823,1073676287,1073676287,1073577983,1073594367,1073577727,1073737727,1073741823,1073741823,1073741823,1073741823,1073741823,1073741823:f6
1073741823,1073741823,1073741823,1072693247,1073676287,1073577983,1073594367,1073577727,1073737727,1073741823,1073741823,1073741823,1073741823,1073741823,1073741823:f6
1073741823,1073741823,1073741823,1073741823,1073676287,1072529407,1073594367,1073577727,1073737727,1073741823,1073741823,1073741823,1073741823,1073741823,1073741823:f6
1073741823,1073741823,1073741823,1073741823,1073676287,1073577983,1073594367,1072529151,1073737727,1073741823,1073741823,1073741823,1073741823,1073741823,1073741823:f6
1073741823,1073741823,1073741823,1073741823,1073676287,1073577983,1073594367,1073577727,1073737727,1073741823,1073741567,1073741823,1073741823,1073741823,1073741823:f6
1073741823,1073741823,1073741823,1073741823,1073676287,1073577983,1073594367,1073577727,1073737471,1073741823,1073741823,1073741823,1073741823,1073741823,1073741823:f6
1073741823,1073741823,1073741823,1073741823,1073676287,1073577983,1073594111,1073577727,1073737727,1073741823,1073741823,1073741823,1073741823,1073741823,1073741823:f6
1073741823,1073741823,1073741823,1073741823,1073676287,1073577983,1073594367,1073577727,1073737727,1073741823,1073676287,1073741823,1073741823,1073741823,1073741823:f6
1073741823,1073741823,1073741823,1073741823,1073676287,1073577983,1073594367,1073577727,1073737727,1073741823,1073737727,1073741823,1073741823,1073741823,1073741823:f6
1073741823,1073741823,1073741823,1073741823,1073676287,1073577983,1073594367,1073577727,1073737727,1073737727,1073741823,1073741823,1073741823,1073741823,1073741823:f6
1073741823,1073741823,1073741823,1073741823,1073672191,1073577983,1073594367,1073577727,1073737727,1073741823,1073741823,1073741823,1073741823,1073741823,1073741823:f6
1073741823,1073741823,1073741823,1073741823,1072627711,1073577983,1073594367,1073577727,1073737727,1073741823,1073741823,1073741823,1073741823,1073741823,1073741823:f6
1073741823,1073741823,1073741823,1073741823,1073676287,1073577983,1072545791,1073577727,1073737727,1073741823,1073741823,1073741823,1073741823,1073741823,1073741823:f6
1073741823,1073741823,1073741823,1073741823,1073676287,1073577983,1073594367,1073577727,1072689151,1073741823,1073741823,1073741823,1073741823,1073741823,1073741823:f6
1073741823,1073741823,1073741823,1073741823,1073676287,1073577983,1073594367,1073577727,1073736703,1073741823,1073741823,1073741823,1073741823,1073741823,1073741823:f6
1073741823,1073741823,1073741823,1073741823,1073676287,1073577983,1073593343,1073577727,1073737727,1073741823,1073741823,1073741823,1073741823,1073741823,1073741823:f6
1073741823,1073741823,1073741823,1073741823,1073675263,1073577983,1073594367,1073577727,1073737727,1073741823,1073741823,1073741823,1073741823,1073741823,1073741823:f6
1073741823,1073741823,1073741823,1073741823,1073676287,1073573887,1073594367,1073577727,1073737727,1073741823,1073741823,1073741823,1073741823,1073741823,1073741823:j8
1073741823,1073741823,1073741823,1073741823,1073659903,1073577983,1073594367,1073577727,1073737727,1073741823,1073741823,1073741823,1073741823,1073741823,1073741823:f6
1073741823,1073741823,1073741823,1073741823,1073414143,1073577983,1073594367,1073577727,1073737727,1073741823,1073741823,1073741823,1073741823,1073741823,1073741823:f6
1073741823,1073741823,1073741823,1073741823,1073676287,1073577983,1073332223,1073577727,1073737727,1073741823,1073741823,1073741823,1073741823,1073741823,1073741823:f6
1073741823,1073741823,1073741823,1073741823,1073676287,1073577983,1073594367,1073577727,1073475583,1073741823,1073741823,1073741823,1073741823,1073741823,1073741823:f6
1073741823,1073741823,1073741823,1073741823,1073676287,1073577983,1073594367,1073577727,1073737727,1073740799,1073741823,1073741823,1073741823,1073741823,1073741823:f6
1073741823,1073741823,1073741823,1073741823,1073676287,1073577983,1073594367,1073576703,1073737727,1073741823,1073741823,1073741823,1073741823,1073741823,1073741823:f6
1073741823,1073741823,1073741823,1073741823,1073676287,1073577983,1073594367,1073573631,1073737727,1073741823,1073741823,1073741823,1073741823,1073741823,1073741823:f6
1073741823,1073741823,1073741823,1073741823,1073676287,1073576959,1073594367,1073577727,1073737727,1073741823,1073741823,1073741823,1073741823,1073741823,1073741823:k6
1073741823,1073741823,1073741823,1073741823,1073676287,1073577983,1073590271,1073577727,1073737727,1073741823,1073741823,1073741823,1073741823,1073741823,1073741823:j8
1073741823,1073741823,1073741823,1073741823,1073676287,1073315839,1073594367,1073577727,1073737727,1073741823,1073741823,1073741823,1073741823,1073741823,1073741823:j8
1073741823,1073741823,1073741823,1073741823,1073676287,1073577983,1073594367,1073315583,1073737727,1073741823,1073741823,1073741823,1073741823,1073741823,1073741823:f6
1073741823,1073741823,1073741823,1073741823,1073676287,1073577983,1073594367,1073577727,1073737727,1073479679,1073741823,1073741823,1073741823,1073741823,1073741823:k6
1073741823,1073741823,1073741823,1073741823,1073676287,1073577983,1073594367,1073577727,1073672191,1073741823,1073741823,1073741823,1073741823,1073741823,1073741823:j8
1073741823,1073741823,1073741823,1073741823,1073676287,1073577983,1073594367,1073577727,1073737727,1073725439,1073741823,1073741823,1073741823,1073741823,1073741823:f6
1073741823,1073741823,1073741823,1073741823,1073676287,1073577983,1073594367,1073577727,1073721343,1073741823,1073741823,1073741823,1073741823,1073741823,1073741823:f6
1073741823,1073741823,1073741823,1073741823,1072693247,1073610751,1073594367,1073577727,1073737727,1073741823,1073741823,1073741823,1073741823,1073741823,1073741823:i5
1073741823,1073741823,1073741823,1073741823,1073741823,1073610751,1072545791,1073577727,1073737727,1073741823,1073741823,1073741823,1073741823,1073741823,1073741823:i5
1073741823,1073741823,1073741823,1073741823,1073741823,1073610751,1073594367,1073577727,1072689151,1073741823,1073741823,1073741823,1073741823,1073741823,1073741823:i5
1073741823,1073741823,1073741823,1073741823,1073741823,1073610751,1073594367,1073577727,1073736703,1073741823,1073741823,1073741823,1073741823,1073741823,1073741823:i5
1073741823,1073741823,1073741823,1073741823,1073741823,1073610751,1073593343,1073577727,1073737727,1073741823,1073741823,1073741823,1073741823,1073741823,1073741823:i5
1073741823,1073741823,1073741823,1073741823,1073740799,1073610751,1073594367,1073577727,1073737727,1073741823,1073741823,1073741823,1073741823,1073741823,1073741823:i5
1073741823,1073741823,1073741823,1073741823,1073741823,1073606655,1073594367,1073577727,1073737727,1073741823,1073741823,1073741823,1073741823,1073741823,1073741823:i5
1073741823,1073741823,1073741823,1073741823,1073725439,1073610751,1073594367,1073577727,1073737727,1073741823,1073741823,1073741823,1073741823,1073741823,1073741823:i5
1073741823,1073741823,1073741823,1073741823,1073479679,1073610751,1073594367,1073577727,1073737727,1073741823,1073741823,1073741823,1073741823,1073741823,1073741823:i5
1073741823,1073741823,1073741823,1073741823,1073741823,1073610751,1073332223,1073577727,1073737727,1073741823,1073741823,1073741823,1073741823,1073741823,1073741823:i5
1073741823,1073741823,1073741823,1073741823,1073741823,1073610751,1073594367,1073577727,1073475583,1073741823,1073741823,1073741823,1073741823,1073741823,1073741823:i5
1073741823,1073741823,1073741823,1073741823,1073741823,1073610751,1073594367,1073577727,1073737727,1073740799,1073741823,1073741823,1073741823,1073741823,1073741823:i5
1073741823,1073741823,1073741823,1073741823,1073741823,1073610751,1073594367,1073576703,1073737727,1073741823,1073741823,1073741823,1073741823,1073741823,1073741823:i5
1073741823,1073741823,1073741823,1073741823,1073741823,1073610751,1073594367,1073573631,1073737727,1073741823,1073741823,1073741823,1073741823,1073741823,1073741823:i5
1073741823,1073741823,1073741823,1073741823,1073741823,1073609727,1073594367,1073577727,1073737727,1073741823,1073741823,1073741823,1073741823,1073741823,1073741823:i5
1073741823,1073741823,1073741823,1073741823,1073741823,1073610751,1073590271,1073577727,1073737727,1073741823,1073741823,1073741823,1073741823,1073741823,1073741823:i5
1073741823,1073741823,1073741823,1073741823,1073741823,1073594367,1073594367,1073577727,1073737727,1073741823,1073741823,1073741823,1073741823,1073741823,1073741823:i5
1073741823,1073741823,1073741823,1073741823,1073741823,1073348607,1073594367,1073577727,1073737727,1073741823,1073741823,1073741823,1073741823,1073741823,1073741823:i5
1073741823,1073741823,1073741823,1073741823,1073741823,1073610751,1073594367,1073315583,1073737727,1073741823,1073741823,1073741823,1073741823,1073741823,1073741823:i5
1073741823,1073741823,1073741823,1073741823,1073741823,1073610751,1073594367,1073577727,1073737727,1073479679,1073741823,1073741823,1073741823,1073741823,1073741823:i5
1073741823,1073741823,1073741823,1073741823,1073741823,1073610751,1073594367,1073577727,1073672191,1073741823,1073741823,1073741823,1073741823,1073741823,1073741823:j8
1073741823,1073741823,1073741823,1073741823,1073741823,1073610751,1073594367,1073053439,1073672191,1072693247,1073741823,1073741823,1073741823,1073741823,1073741823:g8
1073741823,1073741823,1073741823,1073741823,1073741823,1073610751,1073594367,1073053439,1073672191,1073741823,1072693247,1073741823,1073741823,1073741823,1073741823:g8
1073741823,1073741823,1073741823,1073741823,1073741823,1073610751,1073594367,1073053439,1073672191,1073676287,1073741823,1073741823,1073741823,1073741823,1073741823:g8
1073741823,1073741823,1073741823,1073741823,1073741823,1069416447,1073594367,1073053439,1073672191,1073741823,1073741823,1073741823,1073741823,1073741823,1073741823:g8
1073741823,1073741823,1073741823,1073741823,1073741823,1073610751,1073594367,1068859135,1073672191,1073741823,1073741823,1073741823,1073741823,1073741823,1073741823:g8
1073741823,1073741823,1073741823,1073741823,1073741823,1073610751,1073594367,1073053439,1073672191,1069547519,1073741823,1073741823,1073741823,1073741823,1073741823:g8
1073741823,1073741823,1073741823,1073741823,1073741823,1073610751,1073594367,1073053439,1073672191,1073741807,1073741823,1073741823,1073741823,1073741823,1073741823:g8
1073741823,1073741823,1073741823,1073741823,1073741823,1073610751,1073594367,1073053439,1073672127,1073741823,1073741823,1073741823,1073741823,1073741823,1073741823:g8
1073741823,1073741823,1073741823,1073741823,1073741823,1073610751,1073594367,1073053423,1073672191,1073741823,1073741823,1073741823,1073741823,1073741823,1073741823:g8
1073741823,1073741823,1073741823,1073741823,1073741823,1073610751,1073594367,1073053375,1073672191,1073741823,1073741823,1073741823,1073741823,1073741823,1073741823:g8
1073741823,1073741823,1073741823,1073741823,1073741823,1073610735,1073594367,1073053439,1073672191,1073741823,1073741823,1073741823,1073741823,1073741823,1073741823:g8
1073741823,1073741823,1073741823,1073741823,1073741823,1073610751,1073594303,1073053439,1073672191,1073741823,1073741823,1073741823,1073741823,1073741823,1073741823:g8
1073741823,1073741823,1073741823,1073741823,1073741823,1073610495,1073594367,1073053439,1073672191,1073741823,1073741823,1073741823,1073741823,1073741823,1073741823:g8
1073741823,1073741823,1073741823,1073741823,1073741823,1073610751,1073594367,1073053439,1073672191,1073741567,1073741823,1073741823,1073741823,1073741823,1073741823:g8
1073741823,1073741823,1073741823,1073737727,1073741823,1073610751,1073594367,1073053439,1073672191,1073741823,1073741823,1073741823,1073741823,1073741823,1073741823:g8
1073741823,1073741823,1073741823,1073676287,1073741823,1073610751,1073594367,1073053439,1073672191,1073741823,1073741823,1073741823,1073741823,1073741823,1073741823:g8
1073741823,1073741823,1073741823,1072693247,1073741823,1073610751,1073594367,1073053439,1073672191,1073741823,1073741823,1073741823,1073741823,1073741823,1073741823:g8
1073741823,1073741823,1073741823,1073741823,1073741823,1072562175,1073594367,1073053439,1073672191,1073741823,1073741823,1073741823,1073741823,1073741823,1073741823:g8
1073741823,1073741823,1073741823,1073741823,1073741823,1073610751,1073594367,1072004863,1073672191,1073741823,1073741823,1073741823,1073741823,1073741823,1073741823:i5
1073741823,1073741823,1073741823,1073741823,1073741823,1073610751,1073594367,1073053439,1073672191,1073741823,1073741567,1073741823,1073741823,1073741823,1073741823:g8
1073741823,1073741823,1073741823,1073741823,1073741823,1073610751,1073594367,1073053439,1073671935,1073741823,1073741823,1073741823,1073741823,1073741823,1073741823:g8
1073741823,1073741823,1073741823,1073741823,1073741823,1073610751,1073594111,1073053439,1073672191,1073741823,1073741823,1073741823,1073741823,1073741823,1073741823:g8
1073741823,1073741823,1073741823,1073741823,1073741823,1073610751,1073594367,1073053439,1073672191,1073741823,1073676287,1073741823,1073741823,1073741823,1073741823:g8
1073741823,1073741823,1073741823,1073741823,1073741823,1073610751,1073594367,1073053439,1073672191,1073741823,1073737727,1073741823,1073741823,1073741823,1073741823:g8
1073741823,1073741823,1073741823,1073741823,1073741823,1073610751,1073594367,1073053439,1073672191,1073737727,1073741823,1073741823,1073741823,1073741823,1073741823:g8
1073741823,1073741823,1073741823,1073741823,1073737727,1073610751,1073594367,1073053439,1073672191,1073741823,1073741823,1073741823,1073741823,1073741823,1073741823:g8
1073741823,1073741823,1073741823,1073741823,1073676287,1073610751,1073594367,1073053439,1073672191,1073741823,1073741823,1073741823,1073741823,1073741823,1073741823:g8
1073741823,1073741823,1073741823,1073741823,1072693247,1073610751,1073594367,1073053439,1073672191,1073741823,1073741823,1073741823,1073741823,1073741823,1073741823:g8
1073741823,1073741823,1073741823,1073741823,1073741823,1073610751,1072545791,1073053439,1073672191,1073741823,1073741823,1073741823,1073741823,1073741823,1073741823:g8
1073741823,1073741823,1073741823,1073741823,1073741823,1073610751,1073594367,1073053439,1072623615,1073741823,1073741823,1073741823,1073741823,1073741823,1073741823:g8
1073741823,1073741823,1073741823,1073741823,1073741823,1073610751,1073594367,1073053439,1073671167,1073741823,1073741823,1073741823,1073741823,1073741823,1073741823:g8
1073741823,1073741823,1073741823,1073741823,1073741823,1073610751,1073593343,1073053439,1073672191,1073741823,1073741823,1073741823,1073741823,1073741823,1073741823:g8
1073741823,1073741823,1073741823,1073741823,1073740799,1073610751,1073594367,1073053439,1073672191,1073741823,1073741823,1073741823,1073741823,1073741823,1073741823:g8
1073741823,1073741823,1073741823,1073741823,1073741823,1073606655,1073594367,1073053439,1073672191,1073741823,1073741823,1073741823,1073741823,1073741823,1073741823:g8
1073741823,1073741823,1073741823,1073741823,1073725439,1073610751,1073594367,1073053439,1073672191,1073741823,1073741823,1073741823,1073741823,1073741823,1073741823:g8
1073741823,1073741823,1073741823,1073741823,1073479679,1073610751,1073594367,1073053439,1073672191,1073741823,1073741823,1073741823,1073741823,1073741823,1073741823:g8
1073741823,1073741823,1073741823,1073741823,1073741823,1073610751,1073332223,1073053439,1073672191,1073741823,1073741823,1073741823,1073741823,1073741823,1073741823:g8
1073741823,1073741823,1073741823,1073741823,1073741823,1073610751,1073594367,1073053439,1073410047,1073741823,1073741823,1073741823,1073741823,1073741823,1073741823:g8
1073741823,1073741823,1073741823,1073741823,1073741823,1073610751,1073594367,1073053439,1073672191,1073740799,1073741823,1073741823,1073741823,1073741823,1073741823:g8
1073741823,1073741823,1073741823,1073741823,1073741823,1073610751,1073594367,1073052415,1073672191,1073741823,1073741823,1073741823,1073741823,1073741823,1073741823:k8
1073741823,1073741823,1073741823,1073741823,1073741823,1073610751,1073594367,1073049343,1073672191,1073741823,1073741823,1073741823,1073741823,1073741823,1073741823:k8
1073741823,1073741823,1073741823,1073741823,1073741823,1073609727,1073594367,1073053439,1073672191,1073741823,1073741823,1073741823,1073741823,1073741823,1073741823:g8
1073741823,1073741823,1073741823,1073741823,1073741823,1073610751,1073590271,1073053439,1073672191,1073741823,1073741823,1073741823,1073741823,1073741823,1073741823:g8
1073741823,1073741823,1073741823,1073741823,1073741823,1073594367,1073594367,1073053439,1073672191,1073741823,1073741823,1073741823,1073741823,1073741823,1073741823:g8
1073741823,1073741823,1073741823,1073741823,1073741823,1073348607,1073594367,1073053439,1073672191,1073741823,1073741823,1073741823,1073741823,1073741823,1073741823:g8
1073741823,1073741823,1073741823,1073741823,1073741823,1073610751,1073594367,1073053439,1073672191,1073479679,1073741823,1073741823,1073741823,1073741823,1073741823:g8
1073741823,1073741823,1073741823,1073741823,1073741823,1073610751,1073594367,1073053439,1073672191,1073725439,1073741823,1073741823,1073741823,1073741823,1073741823:g8
1073741823,1073741823,1073741823,1073741823,1073741823,1073610751,1073594367,1073053439,1073655807,1073741823,1073741823,1073741823,1073741823,1073741823,1073741823:g8
1073741823,1073741823,1073741823,1073741823,1073741823,1073610751,1073594367,1073577727,1073737727,1073725439,1073741823,1073741823,1073741823,1073741823,1073741823:i5
1073741823,1073741823,1073741823,1073741823,1073741823,1073610751,1073594367,1073577727,1073721343,1073741823,1073741823,1073741823,1073741823,1073741823,1073741823:i5
