1073741823,1073741823,1073741823,1073741823,1073741823,1073610751,1073594367,1073709055,1073737727,1073741823,1073676287,1073741823,1073741823,1073741823,1073741823:i8
1073741823,1073741823,1073741823,1073741823,1073741823,1073610751,1073594367,1073577983,1073737727,1072693247,1073676287,1073741823,1073741823,1073741823,1073741823:i5
1073741823,1073741823,1073741823,1073741823,1073741823,1073610751,1073594367,1073577983,1073737727,1073741823,1073676287,1073741823,1073737727,1073741823,1073741823:i5
1073741823,1073741823,1073741823,1073741823,1073741823,1073610751,1073594367,1073577983,1073737727,1073741823,1073676287,1073725439,1073741823,1073741823,1073741823:i5
1073741823,1073741823,1073741823,1073741823,1073741823,1073610751,1073594367,1073577983,1073737727,1073741823,1073659903,1073741823,1073741823,1073741823,1073741823:i5
1073741823,1073741823,1073741823,1073741823,1073741823,1073610751,1073594367,1073577983,1073737727,1073676287,1073676287,1073741823,1073741823,1073741823,1073741823:i5
1073741823,1073741823,1073741823,1073741823,1073741823,1073610751,1073594367,1073577983,1073737727,1073741823,1072627711,1073741823,1073741823,1073741823,1073741823:i5
1073741823,1073741823,1073741823,1073741823,1073741823,1073610751,1073594367,1073577983,1073737727,1073741823,1073414143,1073741823,1073741823,1073741823,1073741823:i5
1073741823,1073741823,1073741823,1073741823,1073741823,1073610751,1073594367,1073577983,1073737727,1073741823,1073676287,1073741823,1072693247,1073741823,1073741823:i5
1073741823,1073741823,1073741823,1073741823,1073741823,1073610751,1073594367,1073577983,1073737727,1073741823,1073676287,1073479679,1073741823,1073741823,1073741823:i5
1073741823,1073741823,1073741823,1073741823,1073741823,1073610751,1073594367,1073577983,1073737727,1073741823,1073676287,1073741823,1073676287,1073741823,1073741823:i5
1073741823,1073741823,1073741823,1073741823,1073741823,1073610751,1073594367,1073577983,1073737727,1073741823,1073676287,1073676287,1073741823,1073741823,1073741823:i5
1073741823,1073741823,1073741823,1073737727,1073741823,1073610751,1073594367,1073577983,1073737727,1073741823,1073676287,1073741823,1073741823,1073741823,1073741823:i5
1073741823,1073741823,1073741823,1073676287,1073741823,1073610751,1073594367,1073577983,1073737727,1073741823,1073676287,1073741823,1073741823,1073741823,1073741823:i9
1073741823,1073741823,1073741823,1072693247,1073741823,1073610751,1073594367,1073577983,1073737727,1073741823,1073676287,1073741823,1073741823,1073741823,1073741823:i5
1073741823,1073741823,1073741823,1073741823,1073741823,1072562175,1073594367,1073577983,1073737727,1073741823,1073676287,1073741823,1073741823,1073741823,1073741823:i5
1073741823,1073741823,1073741823,1073741823,1073741823,1073610751,1073594367,1072529407,1073737727,1073741823,1073676287,1073741823,1073741823,1073741823,1073741823:i5
1073741823,1073741823,1073741823,1073741823,1073741823,1073610751,1073594367,1073577983,1073737727,1073741823,1073676031,1073741823,1073741823,1073741823,1073741823:i5
1073741823,1073741823,1073741823,1073741823,1073741823,1073610751,1073594367,1073577983,1073737471,1073741823,1073676287,1073741823,1073741823,1073741823,1073741823:i5
1073741823,1073741823,1073741823,1073741823,1073741823,1073610751,1073594111,1073577983,1073737727,1073741823,1073676287,1073741823,1073741823,1073741823,1073741823:i5
1073741823,1073741823,1073741823,1073741823,1073741823,1073610751,1073594367,1073577983,1073737727,1073741823,1073672191,1073741823,1073741823,1073741823,1073741823:i5
1073741823,1073741823,1073741823,1073741823,1073741823,1073610751,1073594367,1073577983,1073737727,1073737727,1073676287,1073741823,1073741823,1073741823,1073741823:i5
1073741823,1073741823,1073741823,1073741823,1073737727,1073610751,1073594367,1073577983,1073737727,1073741823,1073676287,1073741823,1073741823,1073741823,1073741823:i5
1073741823,1073741823,1073741823,1073741823,1073676287,1073610751,1073594367,1073577983,1073737727,1073741823,1073676287,1073741823,1073741823,1073741823,1073741823:j8
1073741823,1073741823,1073741823,1073741823,1073676287,1069416447,1073594367,1073053695,1073737727,1073741823,1073676287,1073741823,1073741823,1073741823,1073741823:i9
1073741823,1073741823,1073741823,1073741823,1073676287,1073610751,1073594367,1068859391,1073737727,1073741823,1073676287,1073741823,1073741823,1073741823,1073741823:i9
1073741823,1073741823,1073741823,1073741823,1073676287,1073610751,1073594367,1073053695,1073737727,1069547519,1073676287,1073741823,1073741823,1073741823,1073741823:i9
1073741823,1073741823,1073737727,1073741823,1073676287,1073610751,1073594367,1073053695,1073737727,1073741823,1073676287,1073741823,1073741823,1073741823,1073741823:i9
1073741823,1073741823,1073741823,1073725439,1073676287,1073610751,1073594367,1073053695,1073737727,1073741823,1073676287,1073741823,1073741823,1073741823,1073741823:i9
1073741823,1073741823,1073676287,1073741823,1073676287,1073610751,1073594367,1073053695,1073737727,1073741823,1073676287,1073741823,1073741823,1073741823,1073741823:i9
1073741823,1073741823,1072693247,1073741823,1073676287,1073610751,1073594367,1073053695,1073737727,1073741823,1073676287,1073741823,1073741823,1073741823,1073741823:i9
1073741823,1073741823,1073741823,1073479679,1073676287,1073610751,1073594367,1073053695,1073737727,1073741823,1073676287,1073741823,1073741823,1073741823,1073741823:i9
1073741823,1073741823,1073741823,1073741823,1073676287,1073610751,1073594367,1073053695,1073737727,1072693247,1073676287,1073741823,1073741823,1073741823,1073741823:i9
1073741823,1073741823,1073741823,1073741823,1073676287,1073610751,1073594367,1073053695,1073737727,1073741823,1073676287,1073741823,1073737727,1073741823,1073741823:i9
1073741823,1073741823,1073741823,1073741823,1073676287,1073610751,1073594367,1073053695,1073737727,1073741823,1073676287,1073725439,1073741823,1073741823,1073741823:i9
1073741823,1073741823,1073741823,1073741823,1073676287,1073610751,1073594367,1073053695,1073737727,1073741823,1073659903,1073741823,1073741823,1073741823,1073741823:i9
1073741823,1073741823,1073741823,1073741823,1073676287,1073610751,1073594367,1073053695,1073737727,1073676287,1073676287,1073741823,1073741823,1073741823,1073741823:g8
1073741823,1073741823,1073741823,1073741823,1073676287,1073610751,1073594367,1073053695,1073737727,1073741823,1072627711,1073741823,1073741823,1073741823,1073741823:i9
1073741823,1073741823,1073741823,1073741823,1073676287,1073610751,1073594367,1073053695,1073737727,1073741823,1073414143,1073741823,1073741823,1073741823,1073741823:i9
1073741823,1073741823,1073741823,1073741823,1073676287,1073610751,1073594367,1073053695,1073737727,1073741823,1073676287,1073741823,1072693247,1073741823,1073741823:h6
1073741823,1073741823,1073741823,1073741823,1073676287,1073610751,1073594367,1073053695,1073737727,1073741823,1073676287,1073479679,1073741823,1073741823,1073741823:g8
1073741823,1073741823,1073741823,1073741823,1073676287,1073610751,1073594367,1073053695,1073737727,1073741823,1073676287,1073741823,1073676287,1073741823,1073741823:i9
1073741823,1073741823,1073741823,1073741823,1073676287,1073610751,1073594367,1073053695,1073737727,1073741823,1073676287,1073676287,1073741823,1073741823,1073741823:i9
1073741823,1073741823,1073741823,1073737727,1073676287,1073610751,1073594367,1073053695,1073737727,1073741823,1073676287,1073741823,1073741823,1073741823,1073741823:i9
1073741823,1073741823,1073741823,1073676287,1073676287,1073610751,1073594367,1073053695,1073737727,1073741823,1073676287,1073741823,1073741823,1073741823,1073741823:i9
1073741823,1073741823,1073741823,1072693247,1073676287,1073610751,1073594367,1073053695,1073737727,1073741823,1073676287,1073741823,1073741823,1073741823,1073741823:i9
1073741823,1073741823,1073741823,1073741823,1073676287,1072562175,1073594367,1073053695,1073737727,1073741823,1073676287,1073741823,1073741823,1073741823,1073741823:i9
1073741823,1073741823,1073741823,1073741823,1073676287,1073610751,1073594367,1072005119,1073737727,1073741823,1073676287,1073741823,1073741823,1073741823,1073741823:i9
1073741823,1073741823,1073741823,1073741823,1073676287,1073610751,1073594367,1073053695,1073737727,1073741823,1073676031,1073741823,1073741823,1073741823,1073741823:i9
1073741823,1073741823,1073741823,1073741823,1073676287,1073610751,1073594367,1073053695,1073737471,1073741823,1073676287,1073741823,1073741823,1073741823,1073741823:i9
1073741823,1073741823,1073741823,1073741823,1073676287,1073610751,1073594111,1073053695,1073737727,1073741823,1073676287,1073741823,1073741823,1073741823,1073741823:h6
1073741823,1073741823,1073741823,1073741823,1073676287,1073610751,1073594367,1073053695,1073737727,1073741823,1073672191,1073741823,1073741823,1073741823,1073741823:h6
1073741823,1073741823,1073741823,1073741823,1073676287,1073610751,1073594367,1073053695,1073737727,1073737727,1073676287,1073741823,1073741823,1073741823,1073741823:h6
1073741823,1073741823,1073741823,1073741823,1073672191,1073610751,1073594367,1073053695,1073737727,1073741823,1073676287,1073741823,1073741823,1073741823,1073741823:g8
1073741823,1073741823,1073741823,1073741823,1072627711,1073610751,1073594367,1073053695,1073737727,1073741823,1073676287,1073741823,1073741823,1073741823,1073741823:i9
1073741823,1073741823,1073741823,1073741823,1073676287,1073610751,1072545791,1073053695,1073737727,1073741823,1073676287,1073741823,1073741823,1073741823,1073741823:i9
1073741823,1073741823,1073741823,1073741823,1073676287,1073610751,1073594367,1073053695,1072689151,1073741823,1073676287,1073741823,1073741823,1073741823,1073741823:i9
1073741823,1073741823,1073741823,1073741823,1073676287,1073610751,1073594367,1073053695,1073736703,1073741823,1073676287,1073741823,1073741823,1073741823,1073741823:i9
1073741823,1073741823,1073741823,1073741823,1073676287,1073610751,1073593343,1073053695,1073737727,1073741823,1073676287,1073741823,1073741823,1073741823,1073741823:h6
1073741823,1073741823,1073741823,1073741823,1073675263,1073610751,1073594367,1073053695,1073737727,1073741823,1073676287,1073741823,1073741823,1073741823,1073741823:i9
1073741823,1073741823,1073741823,1073741823,1073676287,1073606655,1073594367,1073053695,1073737727,1073741823,1073676287,1073741823,1073741823,1073741823,1073741823:g8
1073741823,1073741823,1073741823,1073741823,1073659903,1073610751,1073594367,1073053695,1073737727,1073741823,1073676287,1073741823,1073741823,1073741823,1073741823:g8
1073741823,1073741823,1073741823,1073741823,1073414143,1073610751,1073594367,1073053695,1073737727,1073741823,1073676287,1073741823,1073741823,1073741823,1073741823:i9
1073741823,1073741823,1073741823,1073741823,1073676287,1073610751,1073332223,1073053695,1073737727,1073741823,1073676287,1073741823,1073741823,1073741823,1073741823:i9
1073741823,1073741823,1073741823,1073741823,1073676287,1073610751,1073594367,1073053695,1073475583,1073741823,1073676287,1073741823,1073741823,1073741823,1073741823:i9
1073741823,1073741823,1073741823,1073741823,1073676287,1073610751,1073594367,1073053695,1073737727,1073740799,1073676287,1073741823,1073741823,1073741823,1073741823:i9
1073741823,1073741823,1073741823,1073741823,1073676287,1073610751,1073594367,1073052671,1073737727,1073741823,1073676287,1073741823,1073741823,1073741823,1073741823:k8
1073741823,1073741823,1073741823,1073741823,1073676287,1073610751,1073594367,1073049599,1073737727,1073741823,1073676287,1073741823,1073741823,1073741823,1073741823:k8
1073741823,1073741823,1073741823,1073741823,1073676287,1073609727,1073594367,1073053695,1073737727,1073741823,1073676287,1073741823,1073741823,1073741823,1073741823:i9
1073741823,1073741823,1073741823,1073741823,1073676287,1073610751,1073590271,1073053695,1073737727,1073741823,1073676287,1073741823,1073741823,1073741823,1073741823:g8
1073741823,1073741823,1073741823,1073741823,1073676287,1073594367,1073594367,1073053695,1073737727,1073741823,1073676287,1073741823,1073741823,1073741823,1073741823:g8
1073741823,1073741823,1073741823,1073741823,1073676287,1073348607,1073594367,1073053695,1073737727,1073741823,1073676287,1073741823,1073741823,1073741823,1073741823:g8
1073741823,1073741823,1073741823,1073741823,1073676287,1073610751,1073594367,1073053695,1073737727,1073479679,1073676287,1073741823,1073741823,1073741823,1073741823:g8
1073741823,1073741823,1073741823,1073741823,1073676287,1073610751,1073594367,1073053695,1073672191,1073741823,1073676287,1073741823,1073741823,1073741823,1073741823:g8
1073741823,1073741823,1073741823,1073741823,1073676287,1073610751,1073594367,1073053695,1073737727,1073725439,1073676287,1073741823,1073741823,1073741823,1073741823:g8
1073741823,1073741823,1073741823,1073741823,1073676287,1073610751,1073594367,1073053695,1073721343,1073741823,1073676287,1073741823,1073741823,1073741823,1073741823:i9
1073741823,1073741823,1073741823,1073741823,1072693247,1073610751,1073594367,1073577983,1073737727,1073741823,1073676287,1073741823,1073741823,1073741823,1073741823:i5
1073741823,1073741823,1073741823,1073741823,1073741823,1073610751,1072545791,1073577983,1073737727,1073741823,1073676287,1073741823,1073741823,1073741823,1073741823:i5
1073741823,1073741823,1073741823,1073741823,1073741823,1073610751,1073594367,1073577983,1072689151,1073741823,1073676287,1073741823,1073741823,1073741823,1073741823:i5
1073741823,1073741823,1073741823,1073741823,1073741823,1073610751,1073594367,1073577983,1073736703,1073741823,1073676287,1073741823,1073741823,1073741823,1073741823:i5
1073741823,1073741823,1073741823,1073741823,1073741823,1073610751,1073593343,1073577983,1073737727,1073741823,1073676287,1073741823,1073741823,1073741823,1073741823:i5
1073741823,1073741823,1073741823,1073741823,1073740799,1073610751,1073594367,1073577983,1073737727,1073741823,1073676287,1073741823,1073741823,1073741823,1073741823:i5
1073741823,1073741823,1073741823,1073741823,1073741823,1073606655,1073594367,1073577983,1073737727,1073741823,1073676287,1073741823,1073741823,1073741823,1073741823:i5
1073741823,1073741823,1073741823,1073741823,1073725439,1073610751,1073594367,1073577983,1073737727,1073741823,1073676287,1073741823,1073741823,1073741823,1073741823:i5
1073741823,1073741823,1073741823,1073741823,1073479679,1073610751,1073594367,1073577983,1073737727,1073741823,1073676287,1073741823,1073741823,1073741823,1073741823:i5
1073741823,1073741823,1073741823,1073741823,1073741823,1073610751,1073332223,1073577983,1073737727,1073741823,1073676287,1073741823,1073741823,1073741823,1073741823:i5
1073741823,1073741823,1073741823,1073741823,1073741823,1073610751,1073594367,1073577983,1073475583,1073741823,1073676287,1073741823,1073741823,1073741823,1073741823:i5
1073741823,1073741823,1073741823,1073741823,1073741823,1073610751,1073594367,1073577983,1073737727,1073740799,1073676287,1073741823,1073741823,1073741823,1073741823:i5
1073741823,1073741823,1073741823,1073741823,1073741823,1073610751,1073594367,1073576959,1073737727,1073741823,1073676287,1073741823,1073741823,1073741823,1073741823:i5
1073741823,1073741823,1073741823,1073741823,1073741823,1073610751,1073594367,1073573887,1073737727,1073741823,1073676287,1073741823,1073741823,1073741823,1073741823:i5
1073741823,1073741823,1073741823,1073741823,1073741823,1073609727,1073594367,1073577983,1073737727,1073741823,1073676287,1073741823,1073741823,1073741823,1073741823:i5
1073741823,1073741823,1073741823,1073741823,1073741823,1073610751,1073590271,1073577983,1073737727,1073741823,1073676287,1073741823,1073741823,1073741823,1073741823:i5
1073741823,1073741823,1073741823,1073741823,1073741823,1073594367,1073594367,1073577983,1073737727,1073741823,1073676287,1073741823,1073741823,1073741823,1073741823:i5
1073741823,1073741823,1073741823,1073741823,1073741823,1073348607,1073594367,1073577983,1073737727,1073741823,1073676287,1073741823,1073741823,1073741823,1073741823:i5
1073741823,1073741823,1073741823,1073741823,1073741823,1073610751,1073594367,1073315839,1073737727,1073741823,1073676287,1073741823,1073741823,1073741823,1073741823:i5
1073741823,1073741823,1073741823,1073741823,1073741823,1073610751,1073594367,1073577983,1073737727,1073479679,1073676287,1073741823,1073741823,1073741823,1073741823:i5
1073741823,1073741823,1073741823,1073741823,1073741823,1073610751,1073594367,1073577983,1073672191,1073741823,1073676287,1073741823,1073741823,1073741823,1073741823:k8
1073741823,1073741823,1073741823,1073741823,1073741823,1056833535,1073594367,1071480831,1073672191,1073741823,1073676287,1073741823,1073741823,1073741823,1073741823:j8
1073741823,1073741823,1073741823,1073741823,1073741823,1073610751,1069400063,1071480831,1073672191,1073741823,1073676287,1073741823,1073741823,1073741823,1073741823:j8
1073741823,1073741823,1073741823,1073741823,1073741823,1073610751,1073594367,1054703615,1073672191,1073741823,1073676287,1073741823,1073741823,1073741823,1073741823:j8
1073741823,1073741823,1073741823,1073741823,1073741823,1073610751,1073594367,1067286527,1073672191,1073741823,1073676287,1073741823,1073741823,1073741823,1073741823:j8
1073741823,1073741823,1073741823,1073741823,1073741823,1073610751,1073594367,1071480831,1073672191,1056964607,1073676287,1073741823,1073741823,1073741823,1073741823:j8
1073741823,1073741823,1073741823,1073741823,1073741823,1073610751,1073594367,1071480831,1069477887,1073741823,1073676287,1073741823,1073741823,1073741823,1073741823:j8
1073741823,1073741823,1073741823,1073741823,1073741823,1073610751,1073594367,1071480831,1073672191,1072693247,1073676287,1073741823,1073741823,1073741823,1073741823:j8
1073741823,1073741823,1073741823,1073741823,1073741823,1073610751,1073594367,1071480831,1073672191,1073741823,1073676287,1073741823,1073737727,1073741823,1073741823:j8
1073741823,1073741823,1073741823,1073741823,1073741823,1073610751,1073594367,1071480831,1073672191,1073741823,1073676287,1073725439,1073741823,1073741823,1073741823:j8
1073741823,1073741823,1073741823,1073741823,1073741823,1073610751,1073594367,1071480831,1073672191,1073741823,1073659903,1073741823,1073741823,1073741823,1073741823:j8
1073741823,1073741823,1073741823,1073741823,1073741823,1073610751,1073594367,1071480831,1073672191,1073676287,1073676287,1073741823,1073741823,1073741823,1073741823:j8
1073741823,1073741823,1073741823,1073741823,1073741823,1073610751,1073594367,1071480831,1073672191,1073741823,1072627711,1073741823,1073741823,1073741823,1073741823:j8
1073741823,1073741823,1073741823,1073741823,1073741823,1073610751,1073594367,1071480831,1073672191,1073741823,1073414143,1073741823,1073741823,1073741823,1073741823:j8
1073741823,1073741823,1073741823,1073741823,1073741823,1073610751,1073594367,1071480831,1073672191,1073741823,1073676287,1073741823,1072693247,1073741823,1073741823:j8
1073741823,1073741823,1073741823,1073741823,1073741823,1073610751,1073594367,1071480831,1073672191,1073741823,1073676287,1073479679,1073741823,1073741823,1073741823:j8
1073741823,1073741823,1073741823,1073741823,1073741823,1073610751,1073594367,1071480831,1073672191,1073741823,1073676287,1073741823,1073676287,1073741823,1073741823:j8
1073741823,1073741823,1073741823,1073741823,1073741823,1073610751,1073594367,1071480831,1073672191,1073741823,1073676287,1073676287,1073741823,1073741823,1073741823:j8
1073741823,1073741823,1073741823,1073737727,1073741823,1073610751,1073594367,1071480831,1073672191,1073741823,1073676287,1073741823,1073741823,1073741823,1073741823:j8
1073741823,1073741823,1073741823,1073676287,1073741823,1073610751,1073594367,1071480831,1073672191,1073741823,1073676287,1073741823,1073741823,1073741823,1073741823:j8
1073741823,1073741823,1073741823,1072693247,1073741823,1073610751,1073594367,1071480831,1073672191,1073741823,1073676287,1073741823,1073741823,1073741823,1073741823:j8
1073741823,1073741823,1073741823,1073741823,1073741823,1072562175,1073594367,1071480831,1073672191,1073741823,1073676287,1073741823,1073741823,1073741823,1073741823:j8
1073741823,1073741823,1073741823,1073741823,1073741823,1073610751,1073594367,1071480831,1073672191,1073741823,1073676031,1073741823,1073741823,1073741823,1073741823:j8
1073741823,1073741823,1073741823,1073741823,1073741823,1073610751,1073594367,1071480831,1073671935,1073741823,1073676287,1073741823,1073741823,1073741823,1073741823:j8
1073741823,1073741823,1073741823,1073741823,1073741823,1073610751,1073594111,1071480831,1073672191,1073741823,1073676287,1073741823,1073741823,1073741823,1073741823:j8
1073741823,1073741823,1073741823,1073741823,1073741823,1073610751,1073594367,1071480831,1073672191,1073741823,1073672191,1073741823,1073741823,1073741823,1073741823:j8
1073741823,1073741823,1073741823,1073741823,1073741823,1073610751,1073594367,1071480831,1073672191,1073737727,1073676287,1073741823,1073741823,1073741823,1073741823:j8
1073741823,1073741823,1073741823,1073741823,1073737727,1073610751,1073594367,1071480831,1073672191,1073741823,1073676287,1073741823,1073741823,1073741823,1073741823:j8
1073741823,1073741823,1073741823,1073741823,1073676287,1073610751,1073594367,1071480831,1073672191,1073741823,1073676287,1073741823,1073741823,1073741823,1073741823:j8
1073741823,1073741823,1073741823,1073741823,1072693247,1073610751,1073594367,1071480831,1073672191,1073741823,1073676287,1073741823,1073741823,1073741823,1073741823:j8
1073741823,1073741823,1073741823,1073741823,1073741823,1073610751,1072545791,1071480831,1073672191,1073741823,1073676287,1073741823,1073741823,1073741823,1073741823:j8
1073741823,1073741823,1073741823,1073741823,1073741823,1073610751,1073594367,1071480831,1072623615,1073741823,1073676287,1073741823,1073741823,1073741823,1073741823:j8
1073741823,1073741823,1073741823,1073741823,1073741823,1073610751,1073594367,1071480831,1073671167,1073741823,1073676287,1073741823,1073741823,1073741823,1073741823:j8
1073741823,1073741823,1073741823,1073741823,1073741823,1073610751,1073593343,1071480831,1073672191,1073741823,1073676287,1073741823,1073741823,1073741823,1073741823:j8
1073741823,1073741823,1073741823,1073741823,1073740799,1073610751,1073594367,1071480831,1073672191,1073741823,1073676287,1073741823,1073741823,1073741823,1073741823:j8
1073741823,1073741823,1073741823,1073741823,1073741823,1073606655,1073594367,1071480831,1073672191,1073741823,1073676287,1073741823,1073741823,1073741823,1073741823:j8
1073741823,1073741823,1073741823,1073741823,1073725439,1073610751,1073594367,1071480831,1073672191,1073741823,1073676287,1073741823,1073741823,1073741823,1073741823:j8
1073741823,1073741823,1073741823,1073741823,1073479679,1073610751,1073594367,1071480831,1073672191,1073741823,1073676287,1073741823,1073741823,1073741823,1073741823:j8
1073741823,1073741823,1073741823,1073741823,1073741823,1073610751,1073332223,1071480831,1073672191,1073741823,1073676287,1073741823,1073741823,1073741823,1073741823:j8
1073741823,1073741823,1073741823,1073741823,1073741823,1073610751,1073594367,1071480831,1073410047,1073741823,1073676287,1073741823,1073741823,1073741823,1073741823:j8
1073741823,1073741823,1073741823,1073741823,1073741823,1073610751,1073594367,1071480831,1073672191,1073740799,1073676287,1073741823,1073741823,1073741823,1073741823:j8
1073741823,1073741823,1073741823,1073741823,1073741823,1073610751,1073594367,1071479807,1073672191,1073741823,1073676287,1073741823,1073741823,1073741823,1073741823:j8
1073741823,1073741823,1073741823,1073741823,1073741823,1073610751,1073594367,1071476735,1073672191,1073741823,1073676287,1073741823,1073741823,1073741823,1073741823:j8
1073741823,1073741823,1073741823,1073741823,1073741823,1073609727,1073594367,1071480831,1073672191,1073741823,1073676287,1073741823,1073741823,1073741823,1073741823:j8
1073741823,1073741823,1073741823,1073741823,1073741823,1073610751,1073590271,1071480831,1073672191,1073741823,1073676287,1073741823,1073741823,1073741823,1073741823:j8
1073741823,1073741823,1073741823,1073741823,1073741823,1073594367,1073594367,1071480831,1073672191,1073741823,1073676287,1073741823,1073741823,1073741823,1073741823:j8
1073741823,1073741823,1073741823,1073741823,1073741823,1073348607,1073594367,1071480831,1073672191,1073741823,1073676287,1073741823,1073741823,1073741823,1073741823:j8
1073741823,1073741823,1073741823,1073741823,1073741823,1073610751,1073594367,1071218687,1073672191,1073741823,1073676287,1073741823,1073741823,1073741823,1073741823:i5
1073741823,1073741823,1073741823,1073741823,1073741823,1073610751,1073594367,1071480831,1073672191,1073479679,1073676287,1073741823,1073741823,1073741823,1073741823:j8
1073741823,1073741823,1073741823,1073741823,1073741823,1073610751,1073594367,1071480831,1073672191,1073725439,1073676287,1073741823,1073741823,1073741823,1073741823:j8
1073741823,1073741823,1073741823,1073741823,1073741823,1073610751,1073594367,1071480831,1073655807,1073741823,1073676287,1073741823,1073741823,1073741823,1073741823:j8
1073741823,1073741823,1073741823,1073741823,1073741823,1073610751,1073594367,1073577983,1073737727,1073725439,1073676287,1073741823,1073741823,1073741823,1073741823:i5
1073741823,1073741823,1073741823,1073741823,1073741823,1073610751,1073594367,1073577983,1073721343,1073741823,1073676287,1073741823,1073741823,1073741823,1073741823:i5
