1073741823,1073741823,1073741823,1073741823,1073741823,1073731583,1073719295,1073635071,1073725439,1073741823,1073741823,1073741823,1073741823,1073741823,1073741823:f8
1073741823,1073741823,1073741823,1073741823,1073741823,1073731583,1073719295,1073633023,1073725439,1073741759,1073741823,1073741823,1073741823,1073741823,1073741823:f5
1073741823,1073741823,1073741823,1073741823,1073741823,1073731583,1073719295,1073633023,1073725439,1073741823,1073740799,1073741823,1073741823,1073741823,1073741823:f5
1073741823,1073741823,1073741823,1073741823,1073741823,1073731583,1073719295,1073633023,1073725439,1073741823,1073479679,1073741823,1073741823,1073741823,1073741823:f5
1073741823,1073741823,1073741823,1073741823,1073741823,1073731583,1073719295,1073633023,1073725439,1073741823,1073725439,1073741823,1073741823,1073741823,1073741823:f5
1073741823,1073741823,1073741823,1073741823,1073741823,1073731519,1073719295,1073633023,1073725439,1073741823,1073741823,1073741823,1073741823,1073741823,1073741823:f5
1073741823,1073741823,1073741823,1073741759,1073741823,1073731583,1073719295,1073633023,1073725439,1073741823,1073741823,1073741823,1073741823,1073741823,1073741823:f5
1073741823,1073741823,1073741823,1073740799,1073741823,1073731583,1073719295,1073633023,1073725439,1073741823,1073741823,1073741823,1073741823,1073741823,1073741823:f9
1073741823,1073741823,1073741823,1073725439,1073741823,1073731583,1073719295,1073633023,1073725439,1073741823,1073741823,1073741823,1073741823,1073741823,1073741823:f5
1073741823,1073741823,1073741823,1073741823,1073741823,1073731583,1073719295,1073633023,1073725439,1073741807,1073741823,1073741823,1073741823,1073741823,1073741823:f5
1073741823,1073741823,1073741823,1073741823,1073741823,1073731583,1073719295,1073633007,1073725439,1073741823,1073741823,1073741823,1073741823,1073741823,1073741823:f5
1073741823,1073741823,1073741823,1073741823,1073741823,1073731583,1073719295,1073632959,1073725439,1073741823,1073741823,1073741823,1073741823,1073741823,1073741823:f5
1073741823,1073741823,1073741823,1073741823,1073741823,1073731567,1073719295,1073633023,1073725439,1073741823,1073741823,1073741823,1073741823,1073741823,1073741823:f5
1073741823,1073741823,1073741823,1073741823,1073741823,1073731583,1073719295,1073633023,1073725375,1073741823,1073741823,1073741823,1073741823,1073741823,1073741823:f5
1073741823,1073741823,1073741823,1073741823,1073741823,1073731583,1073719231,1073633023,1073725439,1073741823,1073741823,1073741823,1073741823,1073741823,1073741823:f5
1073741823,1073741823,1073741823,1073741823,1073741759,1073731583,1073719295,1073633023,1073725439,1073741823,1073741823,1073741823,1073741823,1073741823,1073741823:f5
1073741823,1073741823,1073741823,1073741823,1073741823,1073731583,1073719295,1073633023,1073725183,1073741823,1073741823,1073741823,1073741823,1073741823,1073741823:f5
1073741823,1073741823,1073741823,1073741823,1073741823,1073731583,1073719039,1073633023,1073725439,1073741823,1073741823,1073741823,1073741823,1073741823,1073741823:f5
1073741823,1073741823,1073741823,1073741823,1073741567,1073731583,1073719295,1073633023,1073725439,1073741823,1073741823,1073741823,1073741823,1073741823,1073741823:f5
1073741823,1073741823,1073741823,1073741823,1073676287,1073731583,1073719295,1073633023,1073725439,1073741823,1073741823,1073741823,1073741823,1073741823,1073741823:f5
1073741823,1073741823,1073741823,1073741567,1073741823,1073731583,1073719295,1073633023,1073725439,1073741823,1073741823,1073741823,1073741823,1073741823,1073741823:f5
1073741823,1073741823,1073741823,1073737727,1073741823,1073731583,1073719295,1073633023,1073725439,1073741823,1073741823,1073741823,1073741823,1073741823,1073741823:f5
1073741823,1073741823,1073741823,1073741823,1073737727,1073731583,1073719295,1073633023,1073725439,1073741823,1073741823,1073741823,1073741823,1073741823,1073741823:f5
1073741823,1073741823,1073741823,1073676287,1073741823,1073731583,1073719295,1073633023,1073725439,1073741823,1073741823,1073741823,1073741823,1073741823,1073741823:f5
1073741823,1073741823,1073741823,1073741823,1073741823,1072683007,1073719295,1073633023,1073725439,1073741823,1073741823,1073741823,1073741823,1073741823,1073741823:f5
1073741823,1073741823,1073741823,1073741823,1073741823,1073731583,1073719295,1072584447,1073725439,1073741823,1073741823,1073741823,1073741823,1073741823,1073741823:f5
1073741823,1073741823,1073741823,1073741823,1073741823,1073731583,1073719295,1073633023,1073725439,1072693247,1073741823,1073741823,1073741823,1073741823,1073741823:f5
1073741823,1073741823,1073741823,1073741823,1073741823,1073731583,1073719295,1073633023,1073725439,1073741567,1073741823,1073741823,1073741823,1073741823,1073741823:f5
1073741823,1073741823,1073741823,1073741823,1073741823,1073731327,1073719295,1073633023,1073725439,1073741823,1073741823,1073741823,1073741823,1073741823,1073741823:f5
1073741823,1073741823,1073741823,1073741823,1073741823,1073731583,1073719295,1073633023,1073725439,1073676287,1073741823,1073741823,1073741823,1073741823,1073741823:f5
1073741823,1073741823,1073741823,1073741823,1073741823,1073731583,1073719295,1073633023,1073725439,1073737727,1073741823,1073741823,1073741823,1073741823,1073741823:f5
1073741823,1073741823,1073741823,1073741823,1073741823,1073731583,1073719295,1073633023,1073724415,1073741823,1073741823,1073741823,1073741823,1073741823,1073741823:h6
1073741823,1073741823,1073741823,1073479679,1073741823,1073698815,1073719295,1073633023,1073724415,1073741823,1073741823,1073741823,1073741823,1073741823,1073741823:e6
1073741823,1073741823,1073741823,1073741823,1073741823,1073698815,1073719295,1073633023,1073724415,1073741823,1073741759,1073741823,1073741823,1073741823,1073741823:e6
1073741823,1073741823,1073741823,1073741823,1073741823,1073698815,1073719295,1073633023,1073724415,1073741759,1073741823,1073741823,1073741823,1073741823,1073741823:e6
1073741823,1073741823,1073741823,1073741823,1073741823,1073698815,1073719295,1073633023,1073724415,1073741823,1073740799,1073741823,1073741823,1073741823,1073741823:e6
1073741823,1073741823,1073741823,1073741823,1073741823,1073698815,1073719295,1073633023,1073724415,1073741823,1073479679,1073741823,1073741823,1073741823,1073741823:e6
1073741823,1073741823,1073741823,1073741823,1073741823,1073698815,1073719295,1073633023,1073724415,1073741823,1073725439,1073741823,1073741823,1073741823,1073741823:e6
1073741823,1073741823,1073741823,1073741823,1073741823,1073698751,1073719295,1073633023,1073724415,1073741823,1073741823,1073741823,1073741823,1073741823,1073741823:i6
1073741823,1073741823,1073741823,1073741759,1073741823,1073698815,1073719295,1073633023,1073724415,1073741823,1073741823,1073741823,1073741823,1073741823,1073741823:e6
1073741823,1073741823,1073741823,1073740799,1073741823,1073698815,1073719295,1073633023,1073724415,1073741823,1073741823,1073741823,1073741823,1073741823,1073741823:e6
1073741823,1073741823,1073741823,1073725439,1073741823,1073698815,1073719295,1073633023,1073724415,1073741823,1073741823,1073741823,1073741823,1073741823,1073741823:e6
1073741823,1073741823,1073741823,1073741823,1073741823,1073698815,1073719295,1073633023,1073724415,1073741807,1073741823,1073741823,1073741823,1073741823,1073741823:e6
1073741823,1073741823,1073741823,1073741823,1073741823,1073698815,1073719295,1073633007,1073724415,1073741823,1073741823,1073741823,1073741823,1073741823,1073741823:e6
1073741823,1073741823,1073741823,1073741823,1073741823,1073698815,1073719295,1073632959,1073724415,1073741823,1073741823,1073741823,1073741823,1073741823,1073741823:e6
1073741823,1073741823,1073741823,1073741823,1073741823,1073698799,1073719295,1073633023,1073724415,1073741823,1073741823,1073741823,1073741823,1073741823,1073741823:e6
1073741823,1073741823,1073741823,1073741823,1073741823,1073698815,1073719295,1073633023,1073724351,1073741823,1073741823,1073741823,1073741823,1073741823,1073741823:e6
1073741823,1073741823,1073741823,1073741823,1073741823,1073698815,1073719231,1073633023,1073724415,1073741823,1073741823,1073741823,1073741823,1073741823,1073741823:e6
1073741823,1073741823,1073741823,1073741823,1073741759,1073698815,1073719295,1073633023,1073724415,1073741823,1073741823,1073741823,1073741823,1073741823,1073741823:e6
1073741823,1073741823,1073741823,1073741823,1073741823,1073698815,1073719295,1073633023,1073724159,1073741823,1073741823,1073741823,1073741823,1073741823,1073741823:e6
1073741823,1073741823,1073741823,1073741823,1073741823,1073698815,1073719039,1073633023,1073724415,1073741823,1073741823,1073741823,1073741823,1073741823,1073741823:e6
1073741823,1073741823,1073741823,1073741823,1073741567,1073698815,1073719295,1073633023,1073724415,1073741823,1073741823,1073741823,1073741823,1073741823,1073741823:e6
1073741823,1073741823,1073741823,1073741823,1073676287,1073698815,1073719295,1073633023,1073724415,1073741823,1073741823,1073741823,1073741823,1073741823,1073741823:e6
1073741823,1073741823,1073741823,1073741567,1073741823,1073698815,1073719295,1073633023,1073724415,1073741823,1073741823,1073741823,1073741823,1073741823,1073741823:e6
1073741823,1073741823,1073741823,1073737727,1073741823,1073698815,1073719295,1073633023,1073724415,1073741823,1073741823,1073741823,1073741823,1073741823,1073741823:e6
1073741823,1073741823,1073741823,1073741823,1073737727,1073698815,1073719295,1073633023,1073724415,1073741823,1073741823,1073741823,1073741823,1073741823,1073741823:e6
1073741823,1073741823,1073741823,1073676287,1073741823,1073698815,1073719295,1073633023,1073724415,1073741823,1073741823,1073741823,1073741823,1073741823,1073741823:e6
1073741823,1073741823,1073741823,1073741823,1073741823,1072650239,1073719295,1073633023,1073724415,1073741823,1073741823,1073741823,1073741823,1073741823,1073741823:e6
1073741823,1073741823,1073741823,1073741823,1073741823,1073698815,1073719295,1072584447,1073724415,1073741823,1073741823,1073741823,1073741823,1073741823,1073741823:e6
1073741823,1073741823,1073741823,1073741823,1073741823,1073698815,1073719295,1073633023,1073724415,1072693247,1073741823,1073741823,1073741823,1073741823,1073741823:e6
1073741823,1073741823,1073741823,1073741823,1073741823,1073698815,1073719295,1073633023,1073724415,1073741567,1073741823,1073741823,1073741823,1073741823,1073741823:e6
1073741823,1073741823,1073741823,1073741823,1073741823,1073698559,1073719295,1073633023,1073724415,1073741823,1073741823,1073741823,1073741823,1073741823,1073741823:f4
1073741823,1073741823,1073741823,1073741823,1073741823,1073698815,1073719295,1073633023,1073724415,1073676287,1073741823,1073741823,1073741823,1073741823,1073741823:e6
1073741823,1073741823,1073741823,1073741823,1073741823,1073698815,1073719295,1073633023,1073724415,1073737727,1073741823,1073741823,1073741823,1073741823,1073741823:e6
1073741823,1073741823,1073741823,1073741823,1073740799,1073698815,1073719295,1073633023,1073724415,1073741823,1073741823,1073741823,1073741823,1073741823,1073741823:e6
1073741823,1073741823,1073741823,1073741823,1073725439,1073698815,1073719295,1073633023,1073724415,1073741823,1073741823,1073741823,1073741823,1073741823,1073741823:e6
1073741823,1073741823,1073741823,1073741823,1073479679,1073698815,1073719295,1073633023,1073724415,1073741823,1073741823,1073741823,1073741823,1073741823,1073741823:e6
1073741823,1073741823,1073741823,1073741823,1073741823,1073633279,1073719295,1073633023,1073724415,1073741823,1073741823,1073741823,1073741823,1073741823,1073741823:f4
1073741823,1073741823,1073741823,1073741823,1073741823,1073698815,1073457151,1073633023,1073724415,1073741823,1073741823,1073741823,1073741823,1073741823,1073741823:e6
1073741823,1073741823,1073741823,1073741823,1073741823,1073698815,1073719295,1073633023,1073462271,1073741823,1073741823,1073741823,1073741823,1073741823,1073741823:e6
1073741823,1073741823,1073741823,1073741823,1073741823,1073698815,1073719295,1073633023,1073724415,1073740799,1073741823,1073741823,1073741823,1073741823,1073741823:e6
1073741823,1073741823,1073741823,1073741823,1073741823,1073698815,1073719295,1073633023,1073720319,1073741823,1073741823,1073741823,1073741823,1073741823,1073741823:e6
1073741823,1073741823,1073741823,1073741823,1073741823,1073436671,1073719295,1073633023,1073724415,1073741823,1073741823,1073741823,1073741823,1073741823,1073741823:e6
1073741823,1073741823,1073741823,1073741823,1073741823,1073698815,1073653759,1073633023,1073724415,1073741823,1073741823,1073741823,1073741823,1073741823,1073741823:e6
1073741823,1073741823,1073741823,1073741823,1073741823,1073698815,1073719295,1073370879,1073724415,1073741823,1073741823,1073741823,1073741823,1073741823,1073741823:e6
1073741823,1073741823,1073741823,1073741823,1073741823,1073698815,1073719295,1073633023,1073724415,1073479679,1073741823,1073741823,1073741823,1073741823,1073741823:e6
1073741823,1073741823,1073741823,1073741823,1073741823,1073698815,1073719295,1073633023,1073658879,1073741823,1073741823,1073741823,1073741823,1073741823,1073741823:e6
1073741823,1073741823,1073741823,1073741823,1073741823,1073698815,1073719295,1073633023,1073724415,1073725439,1073741823,1073741823,1073741823,1073741823,1073741823:e6
1073741823,1073741823,1073741823,1073741823,1073740799,1073731583,1073719295,1073633023,1073725439,1073741823,1073741823,1073741823,1073741823,1073741823,1073741823:d6
1073741823,1073741823,1073741823,1073741823,1073740799,1073731455,1073719295,1073633019,1073725439,1073741823,1073741823,1073741823,1073741823,1073741823,1073741823:e6
1073741823,1073741823,1073741823,1073741823,1073740799,1073731455,1073719279,1073633023,1073725439,1073741823,1073741823,1073741823,1073741823,1073741823,1073741823:e6
1073741823,1073741823,1073741823,1073741823,1073740799,1073731451,1073719295,1073633023,1073725439,1073741823,1073741823,1073741823,1073741823,1073741823,1073741823:e6
1073741823,1073741823,1073741823,1073741819,1073740799,1073731455,1073719295,1073633023,1073725439,1073741823,1073741823,1073741823,1073741823,1073741823,1073741823:e6
1073741823,1073741823,1073741823,1073741823,1073740783,1073731455,1073719295,1073633023,1073725439,1073741823,1073741823,1073741823,1073741823,1073741823,1073741823:e6
1073741823,1073741823,1073741759,1073741823,1073740799,1073731455,1073719295,1073633023,1073725439,1073741823,1073741823,1073741823,1073741823,1073741823,1073741823:e6
1073741823,1073741823,1073740799,1073741823,1073740799,1073731455,1073719295,1073633023,1073725439,1073741823,1073741823,1073741823,1073741823,1073741823,1073741823:e6
1073741823,1073741823,1073725439,1073741823,1073740799,1073731455,1073719295,1073633023,1073725439,1073741823,1073741823,1073741823,1073741823,1073741823,1073741823:e6
1073741823,1073741823,1073741823,1073741823,1073740799,1073731455,1073719295,1073633023,1073725439,1073741759,1073741823,1073741823,1073741823,1073741823,1073741823:e6
1073741823,1073741823,1073741823,1073741823,1073740799,1073731455,1073719295,1073633023,1073725439,1073741823,1073740799,1073741823,1073741823,1073741823,1073741823:e6
1073741823,1073741823,1073741823,1073741823,1073740799,1073731455,1073719295,1073633023,1073725439,1073741823,1073479679,1073741823,1073741823,1073741823,1073741823:e6
1073741823,1073741823,1073741823,1073741823,1073740799,1073731455,1073719295,1073633023,1073725439,1073741823,1073725439,1073741823,1073741823,1073741823,1073741823:e6
1073741823,1073741823,1073741823,1073741759,1073740799,1073731455,1073719295,1073633023,1073725439,1073741823,1073741823,1073741823,1073741823,1073741823,1073741823:e6
1073741823,1073741823,1073741823,1073740799,1073740799,1073731455,1073719295,1073633023,1073725439,1073741823,1073741823,1073741823,1073741823,1073741823,1073741823:e6
1073741823,1073741823,1073741823,1073725439,1073740799,1073731455,1073719295,1073633023,1073725439,1073741823,1073741823,1073741823,1073741823,1073741823,1073741823:e6
1073741823,1073741823,1073741823,1073741823,1073740799,1073731455,1073719295,1073633023,1073725439,1073741807,1073741823,1073741823,1073741823,1073741823,1073741823:e6
1073741823,1073741823,1073741823,1073741823,1073740799,1073731455,1073719295,1073633007,1073725439,1073741823,1073741823,1073741823,1073741823,1073741823,1073741823:e6
1073741823,1073741823,1073741823,1073741823,1073740799,1073731455,1073719295,1073632959,1073725439,1073741823,1073741823,1073741823,1073741823,1073741823,1073741823:e6
1073741823,1073741823,1073741823,1073741823,1073740799,1073731439,1073719295,1073633023,1073725439,1073741823,1073741823,1073741823,1073741823,1073741823,1073741823:h6
1073741823,1073741823,1073741823,1073741823,1073740799,1073731455,1073719295,1073633023,1073725375,1073741823,1073741823,1073741823,1073741823,1073741823,1073741823:e6
1073741823,1073741823,1073741823,1073741823,1073740799,1073731455,1073719231,1073633023,1073725439,1073741823,1073741823,1073741823,1073741823,1073741823,1073741823:e6
1073741823,1073741823,1073741823,1073741823,1073740735,1073731455,1073719295,1073633023,1073725439,1073741823,1073741823,1073741823,1073741823,1073741823,1073741823:e6
1073741823,1073741823,1073741823,1073741823,1073740799,1073731455,1073719295,1073633023,1073725183,1073741823,1073741823,1073741823,1073741823,1073741823,1073741823:e6
1073741823,1073741823,1073741823,1073741823,1073740799,1073731455,1073719039,1073633023,1073725439,1073741823,1073741823,1073741823,1073741823,1073741823,1073741823:e6
1073741823,1073741823,1073741823,1073741823,1073740543,1073731455,1073719295,1073633023,1073725439,1073741823,1073741823,1073741823,1073741823,1073741823,1073741823:e6
1073741823,1073741823,1073741823,1073741823,1073675263,1073731455,1073719295,1073633023,1073725439,1073741823,1073741823,1073741823,1073741823,1073741823,1073741823:e6
1073741823,1073741823,1073741823,1073741567,1073740799,1073731455,1073719295,1073633023,1073725439,1073741823,1073741823,1073741823,1073741823,1073741823,1073741823:e6
1073741823,1073741823,1073741823,1073737727,1073740799,1073731455,1073719295,1073633023,1073725439,1073741823,1073741823,1073741823,1073741823,1073741823,1073741823:e6
1073741823,1073741823,1073741823,1073741823,1073736703,1073731455,1073719295,1073633023,1073725439,1073741823,1073741823,1073741823,1073741823,1073741823,1073741823:e6
1073741823,1073741823,1073741823,1073676287,1073740799,1073731455,1073719295,1073633023,1073725439,1073741823,1073741823,1073741823,1073741823,1073741823,1073741823:e6
1073741823,1073741823,1073741823,1073741823,1073740799,1072682879,1073719295,1073633023,1073725439,1073741823,1073741823,1073741823,1073741823,1073741823,1073741823:e6
1073741823,1073741823,1073741823,1073741823,1073740799,1073731455,1073719295,1072584447,1073725439,1073741823,1073741823,1073741823,1073741823,1073741823,1073741823:e6
1073741823,1073741823,1073741823,1073741823,1073740799,1073731455,1073719295,1073633023,1073725439,1072693247,1073741823,1073741823,1073741823,1073741823,1073741823:e6
1073741823,1073741823,1073741823,1073741823,1073740799,1073731455,1073719295,1073633023,1073725439,1073741567,1073741823,1073741823,1073741823,1073741823,1073741823:e6
1073741823,1073741823,1073741823,1073741823,1073740799,1073731199,1073719295,1073633023,1073725439,1073741823,1073741823,1073741823,1073741823,1073741823,1073741823:f10
1073741823,1073741823,1073741823,1073741823,1073740799,1073731455,1073719295,1073633023,1073725439,1073676287,1073741823,1073741823,1073741823,1073741823,1073741823:e6
1073741823,1073741823,1073741823,1073741823,1073740799,1073731455,1073719295,1073633023,1073725439,1073737727,1073741823,1073741823,1073741823,1073741823,1073741823:e6
1073741823,1073741823,1073741823,1073741823,1073740799,1073731455,1073719295,1073633023,1073724415,1073741823,1073741823,1073741823,1073741823,1073741823,1073741823:e6
1073741823,1073741823,1073741823,1073741823,1073724415,1073731455,1073719295,1073633023,1073725439,1073741823,1073741823,1073741823,1073741823,1073741823,1073741823:e6
1073741823,1073741823,1073741823,1073741823,1073478655,1073731455,1073719295,1073633023,1073725439,1073741823,1073741823,1073741823,1073741823,1073741823,1073741823:e6
1073741823,1073741823,1073741823,1073741823,1073740799,1073665919,1073719295,1073633023,1073725439,1073741823,1073741823,1073741823,1073741823,1073741823,1073741823:e6
1073741823,1073741823,1073741823,1073741823,1073740799,1073731455,1073457151,1073633023,1073725439,1073741823,1073741823,1073741823,1073741823,1073741823,1073741823:e6
1073741823,1073741823,1073741823,1073741823,1073740799,1073731455,1073719295,1073633023,1073463295,1073741823,1073741823,1073741823,1073741823,1073741823,1073741823:e6
1073741823,1073741823,1073741823,1073741823,1073740799,1073731455,1073719295,1073633023,1073725439,1073740799,1073741823,1073741823,1073741823,1073741823,1073741823:e6
1073741823,1073741823,1073741823,1073741823,1073740799,1073731455,1073719295,1073633023,1073721343,1073741823,1073741823,1073741823,1073741823,1073741823,1073741823:e6
1073741823,1073741823,1073741823,1073741823,1073740799,1073715071,1073719295,1073633023,1073725439,1073741823,1073741823,1073741823,1073741823,1073741823,1073741823:e7
1073741823,1073741823,1073741823,1073741823,1073740799,1073469311,1073719295,1073633023,1073725439,1073741823,1073741823,1073741823,1073741823,1073741823,1073741823:e6
1073741823,1073741823,1073741823,1073741823,1073740799,1073731455,1073653759,1073633023,1073725439,1073741823,1073741823,1073741823,1073741823,1073741823,1073741823:e6
1073741823,1073741823,1073741823,1073741823,1073740799,1073731455,1073719295,1073370879,1073725439,1073741823,1073741823,1073741823,1073741823,1073741823,1073741823:e6
1073741823,1073741823,1073741823,1073741823,1073740799,1073731455,1073719295,1073633023,1073725439,1073479679,1073741823,1073741823,1073741823,1073741823,1073741823:e6
1073741823,1073741823,1073741823,1073741823,1073740799,1073731455,1073719295,1073633023,1073659903,1073741823,1073741823,1073741823,1073741823,1073741823,1073741823:e6
1073741823,1073741823,1073741823,1073741823,1073740799,1073731455,1073719295,1073633023,1073725439,1073725439,1073741823,1073741823,1073741823,1073741823,1073741823:e6
1073741823,1073741823,1073741823,1073741823,1073725439,1073731583,1073719295,1073633023,1073725439,1073741823,1073741823,1073741823,1073741823,1073741823,1073741823:f5
1073741823,1073741823,1073741823,1073741823,1073479679,1073731583,1073719295,1073633023,1073725439,1073741823,1073741823,1073741823,1073741823,1073741823,1073741823:f5
1073741823,1073741823,1073741823,1073741823,1073741823,1073666047,1073719295,1073633023,1073725439,1073741823,1073741823,1073741823,1073741823,1073741823,1073741823:f5
1073741823,1073741823,1073741823,1073741823,1073741823,1073731583,1073457151,1073633023,1073725439,1073741823,1073741823,1073741823,1073741823,1073741823,1073741823:f5
1073741823,1073741823,1073741823,1073741823,1073741823,1073731583,1073719295,1073633023,1073463295,1073741823,1073741823,1073741823,1073741823,1073741823,1073741823:f5
1073741823,1073741823,1073741823,1073741823,1073741823,1073731583,1073719295,1073633023,1073725439,1073740799,1073741823,1073741823,1073741823,1073741823,1073741823:f5
1073741823,1073741823,1073741823,1073741823,1073741823,1073731583,1073719295,1073633023,1073721343,1073741823,1073741823,1073741823,1073741823,1073741823,1073741823:f5
1073741823,1073741823,1073741823,1073741823,1073741823,1073715199,1073719295,1073633023,1073725439,1073741823,1073741823,1073741823,1073741823,1073741823,1073741823:f5
1073741823,1073741823,1073741823,1073741823,1073741823,1073469439,1073719295,1073633023,1073725439,1073741823,1073741823,1073741823,1073741823,1073741823,1073741823:f5
1073741823,1073741823,1073741823,1073741823,1073741823,1073731583,1073653759,1073633023,1073725439,1073741823,1073741823,1073741823,1073741823,1073741823,1073741823:f5
1073741823,1073741823,1073741823,1073741823,1073741823,1073731583,1073719295,1073370879,1073725439,1073741823,1073741823,1073741823,1073741823,1073741823,1073741823:f5
1073741823,1073741823,1073741823,1073741823,1073741823,1073731583,1073719295,1073633023,1073725439,1073479679,1073741823,1073741823,1073741823,1073741823,1073741823:f5
1073741823,1073741823,1073741823,1073741823,1073741823,1073731583,1073719295,1073633023,1073659903,1073741823,1073741823,1073741823,1073741823,1073741823,1073741823:f5
1073741823,1073741823,1073741823,1073741823,1073741823,1073731583,1073719295,1073633023,1073725439,1073725439,1073741823,1073741823,1073741823,1073741823,1073741823:f5
