1073740799,1073741823,1073741823,1073741823,1073741823,1073741823,1073741823,1073709055,1056833535,1073741823,1073741823,1073741823,1073741823,1073741823,1073741823:g7
1073740799,1073741823,1073741823,1073741823,1073741823,1073741823,1073733631,1073709055,1056833279,1073741823,1073741823,1073741823,1073741823,1073741823,1073741823:f6
1073740799,1073741823,1073741823,1073741823,1073741823,1073741823,1073733375,1073709055,1056833535,1073741823,1073741823,1073741823,1073741823,1073741823,1073741823:f6
1073740799,1073741823,1073741823,1073741823,1073741823,1073741823,1073732607,1073709055,1056833535,1073741823,1073741823,1073741823,1073741823,1073741823,1073741823:f6
1073740799,1073741823,1073741823,1073741823,1073741567,1073741823,1073733631,1073709055,1056833535,1073741823,1073741823,1073741823,1073741823,1073741823,1073741823:j10
1073740799,1073741823,1073741823,1073741823,1073737727,1073741823,1073733631,1073709055,1056833535,1073741823,1073741823,1073741823,1073741823,1073741823,1073741823:f6
1073740799,1073741823,1073741823,1073741823,1073741823,1073737727,1073733631,1073709055,1056833535,1073741823,1073741823,1073741823,1073741823,1073741823,1073741823:f6
1073740799,1073741823,1073741823,1073741823,1073676287,1073741823,1073733631,1073709055,1056833535,1073741823,1073741823,1073741823,1073741823,1073741823,1073741823:f6
1073740799,1073741823,1073741823,1073741823,1073741823,1073741823,1073733631,1073709055,1056833535,1069547519,1073741823,1073741823,1073741823,1073741823,1073741823:f6
1073740799,1073741823,1073741823,1073741823,1073741823,1073741823,1073733631,1073709055,1052639231,1073741823,1073741823,1073741823,1073741823,1073741823,1073741823:f6
1073740799,1073741823,1073741823,1073741823,1073741823,1073741823,1073733631,1069514751,1056833535,1073741823,1073741823,1073741823,1073741823,1073741823,1073741823:f6
1073740799,1073741823,1073741823,1073741823,1073741823,1073741823,1056956415,1073709055,1056833535,1073741823,1073741823,1073741823,1073741823,1073741823,1073741823:f6
1073740799,1073741823,1073741823,1073741823,1073741823,1073741823,1073733631,1056931839,1056833535,1073741823,1073741823,1073741823,1073741823,1073741823,1073741823:f6
1073740799,1073741823,1073741823,1073741823,1073741823,1073741823,805298175,1073709055,1056833535,1073741823,1073741823,1073741823,1073741823,1073741823,1073741823:f6
1073740799,1073741823,1073741823,1073741823,1073741823,1073741823,1073733631,1006600191,1056833535,1073741823,1073741823,1073741823,1073741823,1073741823,1073741823:f6
1073740799,1073741823,1073741823,1073741823,1073741823,1073741823,1073733631,1073709055,788398079,1073741823,1073741823,1073741823,1073741823,1073741823,1073741823:f6
1073740799,1073741823,1073741823,1073741823,1073741823,1073741823,1073733631,1073709055,989724671,1073741823,1073741823,1073741823,1073741823,1073741823,1073741823:f6
1073740799,1073741823,1073741823,1073741823,1073741823,1073741823,1073733631,1073709055,1056833535,1073741823,805306367,1073741823,1073741823,1073741823,1073741823:f6
1073740799,1073741823,1073741823,1073741823,1073741823,1073741823,1073733631,1073709055,1056833535,1006632959,1073741823,1073741823,1073741823,1073741823,1073741823:f6
1073740799,1073741823,1073741823,1073741823,1073741823,1073741823,1073733631,1073709055,1056833535,1073741823,1056964607,1073741823,1073741823,1073741823,1073741823:f6
1073740799,1073741823,1073741823,1073741823,1073741823,1073741823,1073733631,1073709055,1056833535,1056964607,1073741823,1073741823,1073741823,1073741823,1073741823:f6
1073740799,1073741823,1073741823,1073741823,1073741823,1073741823,1073733631,1073709055,1056833535,1073741823,1073737727,1073741823,1073741823,1073741823,1073741823:f6
1073740799,1073741823,1073741823,1073741823,1073741823,1073741823,1072685055,1073709055,1056833535,1073741823,1073741823,1073741823,1073741823,1073741823,1073741823:f6
1073740799,1073741823,1073741823,1073741823,1073741823,1073741823,1073733631,1073709055,1055784959,1073741823,1073741823,1073741823,1073741823,1073741823,1073741823:f6
1073740799,1073741823,1073741823,1073741823,1073741823,1073741823,1073733631,1073709055,1056571391,1073741823,1073741823,1073741823,1073741823,1073741823,1073741823:f6
1073740799,1073741823,1073741823,1073741823,1073741823,1073741823,1073733631,1073709055,1056833535,1073741823,1072693247,1073741823,1073741823,1073741823,1073741823:f6
1073740799,1073741823,1073741823,1073741823,1073741823,1073741823,1073733631,1073709055,1056833535,1073741823,1073676287,1073741823,1073741823,1073741823,1073741823:f6
1073740799,1073741823,1073741823,1073741823,1073741823,1073741823,1073733631,1073709055,1056833535,1073676287,1073741823,1073741823,1073741823,1073741823,1073741823:f6
1073740799,1073741823,1073741759,1073741823,1073741823,1073741823,1073733631,1073709055,1056833535,1073741823,1073741823,1073741823,1073741823,1073741823,1073741823:f6
1073740799,1073741567,1073741823,1073741823,1073741823,1073741823,1073733631,1073709055,1056833535,1073741823,1073741823,1073741823,1073741823,1073741823,1073741823:f6
1073740735,1073741823,1073741823,1073741823,1073741823,1073741823,1073733631,1073709055,1056833535,1073741823,1073741823,1073741823,1073741823,1073741823,1073741823:f6
1073740543,1073741823,1073741823,1073741823,1073741823,1073741823,1073733631,1073709055,1056833535,1073741823,1073741823,1073741823,1073741823,1073741823,1073741823:f6
1073724415,1073741823,1073741823,1073741823,1073741823,1073741823,1073733631,1073709055,1056833535,1073741823,1073741823,1073741823,1073741823,1073741823,1073741823:f6
1073736703,1073741823,1073741823,1073741823,1073741823,1073741823,1073733631,1073709055,1056833535,1073741823,1073741823,1073741823,1073741823,1073741823,1073741823:f6
1073740799,1073741823,1073725439,1073741823,1073741823,1073741823,1073733631,1073709055,1056833535,1073741823,1073741823,1073741823,1073741823,1073741823,1073741823:f6
1073740799,1073737727,1073741823,1073741823,1073741823,1073741823,1073733631,1073709055,1056833535,1073741823,1073741823,1073741823,1073741823,1073741823,1073741823:f6
1073740799,1073741823,1073740799,1073741823,1073741823,1073741823,1073733631,1073709055,1056833535,1073741823,1073741823,1073741823,1073741823,1073741823,1073741823:f6
1073740799,1073740799,1073741823,1073741823,1073741823,1073741823,1073733631,1073709055,1056833535,1073741823,1073741823,1073741823,1073741823,1073741823,1073741823:f6
1073740799,1073741823,1073741823,1073741823,1073741823,1073741823,1073733631,1073709055,1056833535,1073740799,1073741823,1073741823,1073741823,1073741823,1073741823:f6
1073740799,1073741823,1073741823,1073741823,1073741823,1073741823,1073733631,1073709055,1056829439,1073741823,1073741823,1073741823,1073741823,1073741823,1073741823:f6
1073740799,1073741823,1073741823,1073741823,1073741823,1073741823,1073733631,1073708031,1056833535,1073741823,1073741823,1073741823,1073741823,1073741823,1073741823:f6
1073740799,1073741823,1073741823,1073741823,1073741823,1073741823,1073733631,1073704959,1056833535,1073741823,1073741823,1073741823,1073741823,1073741823,1073741823:f6
1073740799,1073741823,1073741823,1073741823,1073741823,1073740799,1073733631,1073709055,1056833535,1073741823,1073741823,1073741823,1073741823,1073741823,1073741823:j9
1073740799,1073741823,1073741823,1073741823,1073741823,1073740799,1073733631,1073709055,1056309247,1073741823,1073725439,1073741823,1073741823,1073741823,1073741823:h9
1073740799,1073741823,1073741823,1073741823,1073741823,1073740799,1073471487,1073709055,1056309247,1073741823,1073741823,1073741823,1073741823,1073741823,1073741823:h9
1073740799,1073741823,1073741823,1073741823,1073741823,1073740799,1069539327,1073709055,1056309247,1073741823,1073741823,1073741823,1073741823,1073741823,1073741823:j10
1073740799,1073741823,1073741823,1073741823,1073741823,1073740799,1073733631,1072660479,1056309247,1073741823,1073741823,1073741823,1073741823,1073741823,1073741823:h9
1073740799,1073741823,1073741823,1073741823,1073741823,1073740799,1073733631,1073709055,1056309247,1073741823,1069547519,1073741823,1073741823,1073741823,1073741823:g9
1073740799,1073741823,1073741823,1073741823,1073741823,1073740799,1073733631,1073709055,1056309247,1072693247,1073741823,1073741823,1073741823,1073741823,1073741823:j10
1073740799,1073741823,1073741823,1073741823,1073741823,1073740799,1073733631,1073709055,1056309247,1073741823,1073479679,1073741823,1073741823,1073741823,1073741823:h9
1073740799,1073741823,1073741823,1073741823,1073741823,1073740799,1073733631,1073708991,1056309247,1073741823,1073741823,1073741823,1073741823,1073741823,1073741823:j10
1073740799,1073741823,1073741823,1073741823,1073741823,1073740735,1073733631,1073709055,1056309247,1073741823,1073741823,1073741823,1073741823,1073741823,1073741823:j10
1073740799,1073741823,1073741823,1073741823,1073741823,1073740543,1073733631,1073709055,1056309247,1073741823,1073741823,1073741823,1073741823,1073741823,1073741823:j10
1073740799,1073741823,1073741823,1073741759,1073741823,1073740799,1073733631,1073709055,1056309247,1073741823,1073741823,1073741823,1073741823,1073741823,1073741823:j10
1073740799,1073741823,1073741823,1073740799,1073741823,1073740799,1073733631,1073709055,1056309247,1073741823,1073741823,1073741823,1073741823,1073741823,1073741823:j10
1073740799,1073741823,1073741823,1073741823,1073740799,1073740799,1073733631,1073709055,1056309247,1073741823,1073741823,1073741823,1073741823,1073741823,1073741823:j10
1073740799,1073741823,1073741823,1073725439,1073741823,1073740799,1073733631,1073709055,1056309247,1073741823,1073741823,1073741823,1073741823,1073741823,1073741823:j10
1073740799,1073741823,1073741823,1073741823,1073741823,1073740799,1073733631,1073709055,1056308991,1073741823,1073741823,1073741823,1073741823,1073741823,1073741823:j10
1073740799,1073741823,1073741823,1073741823,1073741823,1073740799,1073733375,1073709055,1056309247,1073741823,1073741823,1073741823,1073741823,1073741823,1073741823:j10
1073740799,1073741823,1073741823,1073741823,1073741823,1073740799,1073732607,1073709055,1056309247,1073741823,1073741823,1073741823,1073741823,1073741823,1073741823:h9
1073740799,1073741823,1073741823,1073741823,1073741567,1073740799,1073733631,1073709055,1056309247,1073741823,1073741823,1073741823,1073741823,1073741823,1073741823:j10
1073740799,1073741823,1073741823,1073741823,1073737727,1073740799,1073733631,1073709055,1056309247,1073741823,1073741823,1073741823,1073741823,1073741823,1073741823:j10
1073740799,1073741823,1073741823,1073741823,1073741823,1073736703,1073733631,1073709055,1056309247,1073741823,1073741823,1073741823,1073741823,1073741823,1073741823:j10
1073740799,1073741823,1073741823,1073741823,1073676287,1073740799,1073733631,1073709055,1056309247,1073741823,1073741823,1073741823,1073741823,1073741823,1073741823:j10
1073740799,1073741823,1073741823,1073741823,1073741823,1073740799,1073733631,1073709055,1056309247,1069547519,1073741823,1073741823,1073741823,1073741823,1073741823:g9
1073740799,1073741823,1073741823,1073741823,1073741823,1073740799,1073733631,1073709055,1052114943,1073741823,1073741823,1073741823,1073741823,1073741823,1073741823:g9
1073740799,1073741823,1073741823,1073741823,1073741823,1073740799,1073733631,1069514751,1056309247,1073741823,1073741823,1073741823,1073741823,1073741823,1073741823:j10
1073740799,1073741823,1073741823,1073741823,1073741823,1073740799,1056956415,1073709055,1056309247,1073741823,1073741823,1073741823,1073741823,1073741823,1073741823:j10
1073740799,1073741823,1073741823,1073741823,1073741823,1073740799,1073733631,1056931839,1056309247,1073741823,1073741823,1073741823,1073741823,1073741823,1073741823:j10
1073740799,1073741823,1073741823,1073741823,1073741823,1073740799,805298175,1073709055,1056309247,1073741823,1073741823,1073741823,1073741823,1073741823,1073741823:j10
1073740799,1073741823,1073741823,1073741823,1073741823,1073740799,1073733631,1006600191,1056309247,1073741823,1073741823,1073741823,1073741823,1073741823,1073741823:g9
1073740799,1073741823,1073741823,1073741823,1073741823,1073740799,1073733631,1073709055,787873791,1073741823,1073741823,1073741823,1073741823,1073741823,1073741823:j10
1073740799,1073741823,1073741823,1073741823,1073741823,1073740799,1073733631,1073709055,989200383,1073741823,1073741823,1073741823,1073741823,1073741823,1073741823:j10
1073740799,1073741823,1073741823,1073741823,1073741823,1073740799,1073733631,1073709055,1056309247,1073741823,805306367,1073741823,1073741823,1073741823,1073741823:j10
1073740799,1073741823,1073741823,1073741823,1073741823,1073740799,1073733631,1073709055,1056309247,1006632959,1073741823,1073741823,1073741823,1073741823,1073741823:j10
1073740799,1073741823,1073741823,1073741823,1073741823,1073740799,1073733631,1073709055,1056309247,1073741823,1056964607,1073741823,1073741823,1073741823,1073741823:g9
1073740799,1073741823,1073741823,1073741823,1073741823,1073740799,1073733631,1073709055,1056309247,1056964607,1073741823,1073741823,1073741823,1073741823,1073741823:j10
1073740799,1073741823,1073741823,1073741823,1073741823,1073740799,1073733631,1073709055,1056309247,1073741823,1073737727,1073741823,1073741823,1073741823,1073741823:g9
1073740799,1073741823,1073741823,1073741823,1073741823,1073740799,1072685055,1073709055,1056309247,1073741823,1073741823,1073741823,1073741823,1073741823,1073741823:k9
1073740799,1073741823,1073741823,1073741823,1072693247,1073740799,1072685055,1073709055,1054212095,1073741823,1073741823,1073741823,1073741823,1073741823,1073741823:j10
1073740799,1073741823,1073741823,1073741823,1073741823,1072692223,1072685055,1073709055,1054212095,1073741823,1073741823,1073741823,1073741823,1073741823,1073741823:j10
1073740799,1073741823,1073741823,1073741823,1056964607,1073740799,1072685055,1073709055,1054212095,1073741823,1073741823,1073741823,1073741823,1073741823,1073741823:j10
1073740799,1073741823,1073741823,1073741823,1073741823,1069546495,1072685055,1073709055,1054212095,1073741823,1073741823,1073741823,1073741823,1073741823,1073741823:j10
1073740799,1073741823,1073741823,1073741823,1073741823,1073740799,1072685055,1073709055,1054212095,1073741823,1073725439,1073741823,1073741823,1073741823,1073741823:k11
1073740799,1073741823,1073741823,1073741823,1073741823,1073740799,1072422911,1073709055,1054212095,1073741823,1073741823,1073741823,1073741823,1073741823,1073741823:k11
1073740799,1073741823,1073741823,1073741823,1073741823,1073740799,1068490751,1073709055,1054212095,1073741823,1073741823,1073741823,1073741823,1073741823,1073741823:k11
1073740799,1073741823,1073741823,1073741823,1073741823,1073740799,1072685055,1072660479,1054212095,1073741823,1073741823,1073741823,1073741823,1073741823,1073741823:j10
1073740799,1073741823,1073741823,1073741823,1073741823,1073740799,1072685055,1073709055,1054212095,1073741823,1069547519,1073741823,1073741823,1073741823,1073741823:h9
1073740799,1073741823,1073741823,1073741823,1073741823,1073740799,1072685055,1073709055,1054212095,1072693247,1073741823,1073741823,1073741823,1073741823,1073741823:j10
1073740799,1073741823,1073741823,1073741823,1073741823,1073740799,1072685055,1073709055,1054212095,1073741823,1073479679,1073741823,1073741823,1073741823,1073741823:k11
1073740799,1073741823,1073741823,1073741823,1073741823,1073740799,1072685055,1073708991,1054212095,1073741823,1073741823,1073741823,1073741823,1073741823,1073741823:j10
1073740799,1073741823,1073741823,1073741823,1073741823,1073740735,1072685055,1073709055,1054212095,1073741823,1073741823,1073741823,1073741823,1073741823,1073741823:j10
1073740799,1073741823,1073741823,1073741823,1073741823,1073740543,1072685055,1073709055,1054212095,1073741823,1073741823,1073741823,1073741823,1073741823,1073741823:j10
1073740799,1073741823,1073741823,1073741759,1073741823,1073740799,1072685055,1073709055,1054212095,1073741823,1073741823,1073741823,1073741823,1073741823,1073741823:j10
1073740799,1073741823,1073741823,1073740799,1073741823,1073740799,1072685055,1073709055,1054212095,1073741823,1073741823,1073741823,1073741823,1073741823,1073741823:j10
1073740799,1073741823,1073741823,1073741823,1073740799,1073740799,1072685055,1073709055,1054212095,1073741823,1073741823,1073741823,1073741823,1073741823,1073741823:j10
1073740799,1073741823,1073741823,1073725439,1073741823,1073740799,1072685055,1073709055,1054212095,1073741823,1073741823,1073741823,1073741823,1073741823,1073741823:j10
1073740799,1073741823,1073741823,1073741823,1073741823,1073740799,1072685055,1073709055,1054211839,1073741823,1073741823,1073741823,1073741823,1073741823,1073741823:j10
1073740799,1073741823,1073741823,1073741823,1073741823,1073740799,1072684799,1073709055,1054212095,1073741823,1073741823,1073741823,1073741823,1073741823,1073741823:j10
1073740799,1073741823,1073741823,1073741823,1073741823,1073740799,1072684031,1073709055,1054212095,1073741823,1073741823,1073741823,1073741823,1073741823,1073741823:j10
1073740799,1073741823,1073741823,1073741823,1073741567,1073740799,1072685055,1073709055,1054212095,1073741823,1073741823,1073741823,1073741823,1073741823,1073741823:j10
1073740799,1073741823,1073741823,1073741823,1073737727,1073740799,1072685055,1073709055,1054212095,1073741823,1073741823,1073741823,1073741823,1073741823,1073741823:j10
1073740799,1073741823,1073741823,1073741823,1073741823,1073736703,1072685055,1073709055,1054212095,1073741823,1073741823,1073741823,1073741823,1073741823,1073741823:j10
1073740799,1073741823,1073741823,1073741823,1073676287,1073740799,1072685055,1073709055,1054212095,1073741823,1073741823,1073741823,1073741823,1073741823,1073741823:h9
1073740799,1073741823,1073741823,1073741823,1073741823,1073740799,1072685055,1073709055,1054212095,1069547519,1073741823,1073741823,1073741823,1073741823,1073741823:k11
1073740799,1073741823,1073741823,1073741823,1073741823,1073740799,1072685055,1073709055,1050017791,1073741823,1073741823,1073741823,1073741823,1073741823,1073741823:j10
1073740799,1073741823,1073741823,1073741823,1073741823,1073740799,1072685055,1069514751,1054212095,1073741823,1073741823,1073741823,1073741823,1073741823,1073741823:h9
1073740799,1073741823,1073741823,1073741823,1073741823,1073740799,1055907839,1073709055,1054212095,1073741823,1073741823,1073741823,1073741823,1073741823,1073741823:j10
1073740799,1073741823,1073741823,1073741823,1073741823,1073740799,1072685055,1056931839,1054212095,1073741823,1073741823,1073741823,1073741823,1073741823,1073741823:j10
1073740799,1073741823,1073741823,1073741823,1073741823,1073740799,804249599,1073709055,1054212095,1073741823,1073741823,1073741823,1073741823,1073741823,1073741823:j10
1073740799,1073741823,1073741823,1073741823,1073741823,1073740799,1072685055,1006600191,1054212095,1073741823,1073741823,1073741823,1073741823,1073741823,1073741823:k11
1073740799,1073741823,1073741823,1073741823,1073741823,1073740799,1072685055,1073709055,785776639,1073741823,1073741823,1073741823,1073741823,1073741823,1073741823:j10
1073740799,1073741823,1073741823,1073741823,1073741823,1073740799,1072685055,1073709055,987103231,1073741823,1073741823,1073741823,1073741823,1073741823,1073741823:j10
1073740799,1073741823,1073741823,1073741823,1073741823,1073740799,1072685055,1073709055,1054212095,1073741823,805306367,1073741823,1073741823,1073741823,1073741823:j10
1073740799,1073741823,1073741823,1073741823,1073741823,1073740799,1072685055,1073709055,1054212095,1006632959,1073741823,1073741823,1073741823,1073741823,1073741823:h9
1073740799,1073741823,1073741823,1073741823,1073741823,1073740799,1072685055,1073709055,1054212095,1073741823,1056964607,1073741823,1073741823,1073741823,1073741823:k11
1073740799,1073741823,1073741823,1073741823,1073741823,1073740799,1072685055,1073709055,1054212095,1056964607,1073741823,1073741823,1073741823,1073741823,1073741823:j10
1073740799,1073741823,1073741823,1073741823,1073741823,1073740799,1072685055,1073709055,1054212095,1073741823,1073737727,1073741823,1073741823,1073741823,1073741823:j10
1073740799,1073741823,1073741823,1073741823,1073741823,1073740799,1072685055,1073709055,1054212095,1073741823,1072693247,1073741823,1073741823,1073741823,1073741823:h9
1073740799,1073741823,1073741823,1073741823,1073741823,1073740799,1072685055,1073709055,1054212095,1073741823,1073676287,1073741823,1073741823,1073741823,1073741823:k11
1073740799,1073741823,1073741823,1073741823,1073741823,1073740799,1072685055,1073709055,1054212095,1073676287,1073741823,1073741823,1073741823,1073741823,1073741823:j10
1073740799,1073741823,1073741759,1073741823,1073741823,1073740799,1072685055,1073709055,1054212095,1073741823,1073741823,1073741823,1073741823,1073741823,1073741823:j10
1073740799,1073741567,1073741823,1073741823,1073741823,1073740799,1072685055,1073709055,1054212095,1073741823,1073741823,1073741823,1073741823,1073741823,1073741823:j10
1073740735,1073741823,1073741823,1073741823,1073741823,1073740799,1072685055,1073709055,1054212095,1073741823,1073741823,1073741823,1073741823,1073741823,1073741823:j10
1073740543,1073741823,1073741823,1073741823,1073741823,1073740799,1072685055,1073709055,1054212095,1073741823,1073741823,1073741823,1073741823,1073741823,1073741823:j10
1073724415,1073741823,1073741823,1073741823,1073741823,1073740799,1072685055,1073709055,1054212095,1073741823,1073741823,1073741823,1073741823,1073741823,1073741823:j10
1073736703,1073741823,1073741823,1073741823,1073741823,1073740799,1072685055,1073709055,1054212095,1073741823,1073741823,1073741823,1073741823,1073741823,1073741823:j10
1073740799,1073741823,1073725439,1073741823,1073741823,1073740799,1072685055,1073709055,1054212095,1073741823,1073741823,1073741823,1073741823,1073741823,1073741823:j10
1073740799,1073737727,1073741823,1073741823,1073741823,1073740799,1072685055,1073709055,1054212095,1073741823,1073741823,1073741823,1073741823,1073741823,1073741823:j10
1073740799,1073741823,1073740799,1073741823,1073741823,1073740799,1072685055,1073709055,1054212095,1073741823,1073741823,1073741823,1073741823,1073741823,1073741823:j10
1073740799,1073740799,1073741823,1073741823,1073741823,1073740799,1072685055,1073709055,1054212095,1073741823,1073741823,1073741823,1073741823,1073741823,1073741823:j10
1073740799,1073741823,1073741823,1073741823,1073741823,1073740799,1072685055,1073709055,1054212095,1073740799,1073741823,1073741823,1073741823,1073741823,1073741823:j10
1073740799,1073741823,1073741823,1073741823,1073741823,1073740799,1072685055,1073709055,1054207999,1073741823,1073741823,1073741823,1073741823,1073741823,1073741823:j10
1073740799,1073741823,1073741823,1073741823,1073741823,1073740799,1072685055,1073708031,1054212095,1073741823,1073741823,1073741823,1073741823,1073741823,1073741823:j10
1073740799,1073741823,1073741823,1073741823,1073741823,1073740799,1072685055,1073704959,1054212095,1073741823,1073741823,1073741823,1073741823,1073741823,1073741823:j10
1073740799,1073741823,1073741823,1073741823,1073741823,1073724415,1072685055,1073709055,1054212095,1073741823,1073741823,1073741823,1073741823,1073741823,1073741823:j10
1073740799,1073741823,1073741823,1073741823,1073741823,1073740799,1072668671,1073709055,1054212095,1073741823,1073741823,1073741823,1073741823,1073741823,1073741823:j10
1073740799,1073741823,1073741823,1073741823,1073741823,1073478655,1072685055,1073709055,1054212095,1073741823,1073741823,1073741823,1073741823,1073741823,1073741823:h9
1073740799,1073741823,1073741823,1073741823,1073741823,1073740799,1072619519,1073709055,1054212095,1073741823,1073741823,1073741823,1073741823,1073741823,1073741823:k11
1073740799,1073741823,1073741823,1073741823,1073741823,1073740799,1072685055,1073446911,1054212095,1073741823,1073741823,1073741823,1073741823,1073741823,1073741823:k11
1073740799,1073741823,1073741823,1073741823,1073741823,1073740799,1072685055,1073643519,1054212095,1073741823,1073741823,1073741823,1073741823,1073741823,1073741823:j10
1073740799,1073741823,1073741823,1073741823,1073741823,1073740799,1072685055,1073709055,1054212095,1073479679,1073741823,1073741823,1073741823,1073741823,1073741823:h9
1073740799,1073741823,1073741823,1073741823,1073741823,1073740799,1072685055,1073709055,1054212095,1073725439,1073741823,1073741823,1073741823,1073741823,1073741823:j10
1073740799,1073741823,1073741823,1073741823,1073741823,1073740799,1072685055,1073709055,1054195711,1073741823,1073741823,1073741823,1073741823,1073741823,1073741823:k11
1073740799,1073741823,1073741823,1073741823,1073741823,1073740799,1073733631,1073709055,1055260671,1073741823,1073741823,1073741823,1073741823,1073741823,1073741823:j8
1073740799,1073741823,1073741823,1073741823,1073741823,1069546495,1073733631,1073184767,1055260671,1073741823,1073741823,1073741823,1073741823,1073741823,1073741823:j10
1073740799,1073741823,1073741823,1073741823,1073741823,1073740799,1073733631,1073184767,1055260671,1073741823,1073725439,1073741823,1073741823,1073741823,1073741823:j10
1073740799,1073741823,1073741823,1073741823,1073741823,1073740799,1073471487,1073184767,1055260671,1073741823,1073741823,1073741823,1073741823,1073741823,1073741823:k8
1073740799,1073741823,1073741823,1073741823,1073741823,1073740799,1069539327,1073184767,1055260671,1073741823,1073741823,1073741823,1073741823,1073741823,1073741823:j10
1073740799,1073741823,1073741823,1073741823,1073741823,1073740799,1073733631,1072136191,1055260671,1073741823,1073741823,1073741823,1073741823,1073741823,1073741823:j10
1073740799,1073741823,1073741823,1073741823,1073741823,1073740799,1073733631,1073184767,1055260671,1073741823,1069547519,1073741823,1073741823,1073741823,1073741823:j10
1073740799,1073741823,1073741823,1073741823,1073741823,1073740799,1073733631,1073184767,1055260671,1072693247,1073741823,1073741823,1073741823,1073741823,1073741823:j10
1073740799,1073741823,1073741823,1073741823,1073741823,1073740799,1073733631,1073184767,1055260671,1073741823,1073479679,1073741823,1073741823,1073741823,1073741823:j10
1073740799,1073741823,1073741823,1073741823,1073741823,1073740799,1073733631,1073184703,1055260671,1073741823,1073741823,1073741823,1073741823,1073741823,1073741823:j10
1073740799,1073741823,1073741823,1073741823,1073741823,1073740735,1073733631,1073184767,1055260671,1073741823,1073741823,1073741823,1073741823,1073741823,1073741823:j10
1073740799,1073741823,1073741823,1073741823,1073741823,1073740543,1073733631,1073184767,1055260671,1073741823,1073741823,1073741823,1073741823,1073741823,1073741823:j10
1073740799,1073741823,1073741823,1073741759,1073741823,1073740799,1073733631,1073184767,1055260671,1073741823,1073741823,1073741823,1073741823,1073741823,1073741823:j10
1073740799,1073741823,1073741823,1073740799,1073741823,1073740799,1073733631,1073184767,1055260671,1073741823,1073741823,1073741823,1073741823,1073741823,1073741823:j10
1073740799,1073741823,1073741823,1073741823,1073740799,1073740799,1073733631,1073184767,1055260671,1073741823,1073741823,1073741823,1073741823,1073741823,1073741823:j10
1073740799,1073741823,1073741823,1073725439,1073741823,1073740799,1073733631,1073184767,1055260671,1073741823,1073741823,1073741823,1073741823,1073741823,1073741823:j10
1073740799,1073741823,1073741823,1073741823,1073741823,1073740799,1073733631,1073184767,1055260415,1073741823,1073741823,1073741823,1073741823,1073741823,1073741823:j10
1073740799,1073741823,1073741823,1073741823,1073741823,1073740799,1073733375,1073184767,1055260671,1073741823,1073741823,1073741823,1073741823,1073741823,1073741823:j10
1073740799,1073741823,1073741823,1073741823,1073741823,1073740799,1073732607,1073184767,1055260671,1073741823,1073741823,1073741823,1073741823,1073741823,1073741823:j10
1073740799,1073741823,1073741823,1073741823,1073741567,1073740799,1073733631,1073184767,1055260671,1073741823,1073741823,1073741823,1073741823,1073741823,1073741823:j10
1073740799,1073741823,1073741823,1073741823,1073737727,1073740799,1073733631,1073184767,1055260671,1073741823,1073741823,1073741823,1073741823,1073741823,1073741823:j10
1073740799,1073741823,1073741823,1073741823,1073741823,1073736703,1073733631,1073184767,1055260671,1073741823,1073741823,1073741823,1073741823,1073741823,1073741823:j10
1073740799,1073741823,1073741823,1073741823,1073676287,1073740799,1073733631,1073184767,1055260671,1073741823,1073741823,1073741823,1073741823,1073741823,1073741823:j10
1073740799,1073741823,1073741823,1073741823,1073741823,1073740799,1073733631,1073184767,1055260671,1069547519,1073741823,1073741823,1073741823,1073741823,1073741823:j10
1073740799,1073741823,1073741823,1073741823,1073741823,1073740799,1073733631,1073184767,1051066367,1073741823,1073741823,1073741823,1073741823,1073741823,1073741823:j10
1073740799,1073741823,1073741823,1073741823,1073741823,1073740799,1073733631,1068990463,1055260671,1073741823,1073741823,1073741823,1073741823,1073741823,1073741823:j10
1073740799,1073741823,1073741823,1073741823,1073741823,1073740799,1056956415,1073184767,1055260671,1073741823,1073741823,1073741823,1073741823,1073741823,1073741823:j10
1073740799,1073741823,1073741823,1073741823,1073741823,1073740799,1073733631,1056407551,1055260671,1073741823,1073741823,1073741823,1073741823,1073741823,1073741823:j10
1073740799,1073741823,1073741823,1073741823,1073741823,1073740799,805298175,1073184767,1055260671,1073741823,1073741823,1073741823,1073741823,1073741823,1073741823:j10
1073740799,1073741823,1073741823,1073741823,1073741823,1073740799,1073733631,1006075903,1055260671,1073741823,1073741823,1073741823,1073741823,1073741823,1073741823:j10
1073740799,1073741823,1073741823,1073741823,1073741823,1073740799,1073733631,1073184767,786825215,1073741823,1073741823,1073741823,1073741823,1073741823,1073741823:j10
1073740799,1073741823,1073741823,1073741823,1073741823,1073740799,1073733631,1073184767,988151807,1073741823,1073741823,1073741823,1073741823,1073741823,1073741823:j10
1073740799,1073741823,1073741823,1073741823,1073741823,1073740799,1073733631,1073184767,1055260671,1073741823,805306367,1073741823,1073741823,1073741823,1073741823:j10
1073740799,1073741823,1073741823,1073741823,1073741823,1073740799,1073733631,1073184767,1055260671,1006632959,1073741823,1073741823,1073741823,1073741823,1073741823:j10
1073740799,1073741823,1073741823,1073741823,1073741823,1073740799,1073733631,1073184767,1055260671,1073741823,1056964607,1073741823,1073741823,1073741823,1073741823:j10
1073740799,1073741823,1073741823,1073741823,1073741823,1073740799,1073733631,1073184767,1055260671,1056964607,1073741823,1073741823,1073741823,1073741823,1073741823:j10
1073740799,1073741823,1073741823,1073741823,1073741823,1073740799,1073733631,1073184767,1055260671,1073741823,1073737727,1073741823,1073741823,1073741823,1073741823:j10
1073740799,1073741823,1073741823,1073741823,1073741823,1073740799,1072685055,1073184767,1055260671,1073741823,1073741823,1073741823,1073741823,1073741823,1073741823:j10
1073740799,1073741823,1073741823,1073741823,1073741823,1073740799,1073733631,1073184767,1055260671,1073741823,1072693247,1073741823,1073741823,1073741823,1073741823:k8
1073740799,1073741823,1073741823,1073741823,1073741823,1073740799,1073733631,1073184767,1055260671,1073741823,1073676287,1073741823,1073741823,1073741823,1073741823:j10
1073740799,1073741823,1073741823,1073741823,1073741823,1073740799,1073733631,1073184767,1055260671,1073676287,1073741823,1073741823,1073741823,1073741823,1073741823:j10
1073740799,1073741823,1073741759,1073741823,1073741823,1073740799,1073733631,1073184767,1055260671,1073741823,1073741823,1073741823,1073741823,1073741823,1073741823:j10
1073740799,1073741567,1073741823,1073741823,1073741823,1073740799,1073733631,1073184767,1055260671,1073741823,1073741823,1073741823,1073741823,1073741823,1073741823:j10
1073740735,1073741823,1073741823,1073741823,1073741823,1073740799,1073733631,1073184767,1055260671,1073741823,1073741823,1073741823,1073741823,1073741823,1073741823:j10
1073740543,1073741823,1073741823,1073741823,1073741823,1073740799,1073733631,1073184767,1055260671,1073741823,1073741823,1073741823,1073741823,1073741823,1073741823:j10
1073724415,1073741823,1073741823,1073741823,1073741823,1073740799,1073733631,1073184767,1055260671,1073741823,1073741823,1073741823,1073741823,1073741823,1073741823:j10
1073736703,1073741823,1073741823,1073741823,1073741823,1073740799,1073733631,1073184767,1055260671,1073741823,1073741823,1073741823,1073741823,1073741823,1073741823:j10
1073740799,1073741823,1073725439,1073741823,1073741823,1073740799,1073733631,1073184767,1055260671,1073741823,1073741823,1073741823,1073741823,1073741823,1073741823:j10
1073740799,1073737727,1073741823,1073741823,1073741823,1073740799,1073733631,1073184767,1055260671,1073741823,1073741823,1073741823,1073741823,1073741823,1073741823:j10
1073740799,1073741823,1073740799,1073741823,1073741823,1073740799,1073733631,1073184767,1055260671,1073741823,1073741823,1073741823,1073741823,1073741823,1073741823:j10
1073740799,1073740799,1073741823,1073741823,1073741823,1073740799,1073733631,1073184767,1055260671,1073741823,1073741823,1073741823,1073741823,1073741823,1073741823:j10
1073740799,1073741823,1073741823,1073741823,1073741823,1073740799,1073733631,1073184767,1055260671,1073740799,1073741823,1073741823,1073741823,1073741823,1073741823:j10
1073740799,1073741823,1073741823,1073741823,1073741823,1073740799,1073733631,1073184767,1055256575,1073741823,1073741823,1073741823,1073741823,1073741823,1073741823:j10
1073740799,1073741823,1073741823,1073741823,1073741823,1073740799,1073733631,1073183743,1055260671,1073741823,1073741823,1073741823,1073741823,1073741823,1073741823:j10
1073740799,1073741823,1073741823,1073741823,1073741823,1073740799,1073733631,1073180671,1055260671,1073741823,1073741823,1073741823,1073741823,1073741823,1073741823:j10
1073740799,1073741823,1073741823,1073741823,1073741823,1073724415,1073733631,1073184767,1055260671,1073741823,1073741823,1073741823,1073741823,1073741823,1073741823:j10
1073740799,1073741823,1073741823,1073741823,1073741823,1073740799,1073717247,1073184767,1055260671,1073741823,1073741823,1073741823,1073741823,1073741823,1073741823:j10
1073740799,1073741823,1073741823,1073741823,1073741823,1073478655,1073733631,1073184767,1055260671,1073741823,1073741823,1073741823,1073741823,1073741823,1073741823:j10
1073740799,1073741823,1073741823,1073741823,1073741823,1073740799,1073668095,1073184767,1055260671,1073741823,1073741823,1073741823,1073741823,1073741823,1073741823:j10
1073740799,1073741823,1073741823,1073741823,1073741823,1073740799,1073733631,1073119231,1055260671,1073741823,1073741823,1073741823,1073741823,1073741823,1073741823:j10
1073740799,1073741823,1073741823,1073741823,1073741823,1073740799,1073733631,1073184767,1055260671,1073479679,1073741823,1073741823,1073741823,1073741823,1073741823:i8
1073740799,1073741823,1073741823,1073741823,1073741823,1073740799,1073733631,1073184767,1055260671,1073725439,1073741823,1073741823,1073741823,1073741823,1073741823:j10
1073740799,1073741823,1073741823,1073741823,1073741823,1073740799,1073733631,1073184767,1055244287,1073741823,1073741823,1073741823,1073741823,1073741823,1073741823:j10
1073740799,1073741823,1073741823,1073741823,1073741823,1073740799,1073733631,1073709055,1056309247,1073741823,1072693247,1073741823,1073741823,1073741823,1073741823:h9
1073740799,1073741823,1073741823,1073741823,1073741823,1073740799,1073733631,1073709055,1056309247,1073741823,1073676287,1073741823,1073741823,1073741823,1073741823:g9
1073740799,1073741823,1073741823,1073741823,1073741823,1073740799,1073733631,1073709055,1056309247,1073676287,1073741823,1073741823,1073741823,1073741823,1073741823:j10
1073740799,1073741823,1073741759,1073741823,1073741823,1073740799,1073733631,1073709055,1056309247,1073741823,1073741823,1073741823,1073741823,1073741823,1073741823:j10
1073740799,1073741567,1073741823,1073741823,1073741823,1073740799,1073733631,1073709055,1056309247,1073741823,1073741823,1073741823,1073741823,1073741823,1073741823:j10
1073740735,1073741823,1073741823,1073741823,1073741823,1073740799,1073733631,1073709055,1056309247,1073741823,1073741823,1073741823,1073741823,1073741823,1073741823:j10
1073740543,1073741823,1073741823,1073741823,1073741823,1073740799,1073733631,1073709055,1056309247,1073741823,1073741823,1073741823,1073741823,1073741823,1073741823:j10
1073724415,1073741823,1073741823,1073741823,1073741823,1073740799,1073733631,1073709055,1056309247,1073741823,1073741823,1073741823,1073741823,1073741823,1073741823:j10
1073736703,1073741823,1073741823,1073741823,1073741823,1073740799,1073733631,1073709055,1056309247,1073741823,1073741823,1073741823,1073741823,1073741823,1073741823:j10
1073740799,1073741823,1073725439,1073741823,1073741823,1073740799,1073733631,1073709055,1056309247,1073741823,1073741823,1073741823,1073741823,1073741823,1073741823:j10
1073740799,1073737727,1073741823,1073741823,1073741823,1073740799,1073733631,1073709055,1056309247,1073741823,1073741823,1073741823,1073741823,1073741823,1073741823:j10
1073740799,1073741823,1073740799,1073741823,1073741823,1073740799,1073733631,1073709055,1056309247,1073741823,1073741823,1073741823,1073741823,1073741823,1073741823:j10
1073740799,1073740799,1073741823,1073741823,1073741823,1073740799,1073733631,1073709055,1056309247,1073741823,1073741823,1073741823,1073741823,1073741823,1073741823:j10
1073740799,1073741823,1073741823,1073741823,1073741823,1073740799,1073733631,1073709055,1056309247,1073740799,1073741823,1073741823,1073741823,1073741823,1073741823:j10
1073740799,1073741823,1073741823,1073741823,1073741823,1073740799,1073733631,1073709055,1056305151,1073741823,1073741823,1073741823,1073741823,1073741823,1073741823:h9
1073740799,1073741823,1073741823,1073741823,1073741823,1073740799,1073733631,1073709055,1056272383,1073741823,1073740799,1073741823,1073741823,1073741823,1073741823:j10
1073740799,1073741823,1073741823,1073741823,1073741823,1073740799,1073733631,1073709055,1056272383,1073741823,1073741567,1073741823,1073741823,1073741823,1073741823:j10
1073740799,1073741823,1073741823,1073741823,1073741823,1073740799,1073733631,1073709055,1056271359,1073741823,1073741823,1073741823,1073741823,1073741823,1073741823:j10
1073740799,1073741823,1073741823,1073741823,1073741823,1073740799,1073733631,1073709055,1056272383,1073737727,1073741823,1073741823,1073741823,1073741823,1073741823:j10
1073740799,1073741823,1073741823,1073741823,1073741823,1073740799,1073733631,1073709055,1056272383,1073741823,1073725439,1073741823,1073741823,1073741823,1073741823:h6
1073740799,1073741823,1073741823,1073741823,1073741823,1073740799,1073471487,1073709055,1056272383,1073741823,1073741823,1073741823,1073741823,1073741823,1073741823:h6
1073740799,1073741823,1073741823,1073741823,1073741823,1073740799,1069539327,1073709055,1056272383,1073741823,1073741823,1073741823,1073741823,1073741823,1073741823:j10
1073740799,1073741823,1073741823,1073741823,1073741823,1073740799,1073733631,1072660479,1056272383,1073741823,1073741823,1073741823,1073741823,1073741823,1073741823:j10
1073740799,1073741823,1073741823,1073741823,1073741823,1073740799,1073733631,1073709055,1056272383,1073741823,1069547519,1073741823,1073741823,1073741823,1073741823:h6
1073740799,1073741823,1073741823,1073741823,1073741823,1073740799,1073733631,1073709055,1056272383,1072693247,1073741823,1073741823,1073741823,1073741823,1073741823:j10
1073740799,1073741823,1073741823,1073741823,1073741823,1073740799,1073733631,1073709055,1056272383,1073741823,1073479679,1073741823,1073741823,1073741823,1073741823:h7
1073740799,1073741823,1073741823,1073741823,1073741823,1073740799,1073733631,1073708991,1056272383,1073741823,1073741823,1073741823,1073741823,1073741823,1073741823:j10
1073740799,1073741823,1073741823,1073741823,1073741823,1073740735,1073733631,1073709055,1056272383,1073741823,1073741823,1073741823,1073741823,1073741823,1073741823:j10
1073740799,1073741823,1073741823,1073741823,1073741823,1073740543,1073733631,1073709055,1056272383,1073741823,1073741823,1073741823,1073741823,1073741823,1073741823:j10
1073740799,1073741823,1073741823,1073741759,1073741823,1073740799,1073733631,1073709055,1056272383,1073741823,1073741823,1073741823,1073741823,1073741823,1073741823:j10
1073740799,1073741823,1073741823,1073740799,1073741823,1073740799,1073733631,1073709055,1056272383,1073741823,1073741823,1073741823,1073741823,1073741823,1073741823:j10
1073740799,1073741823,1073741823,1073741823,1073740799,1073740799,1073733631,1073709055,1056272383,1073741823,1073741823,1073741823,1073741823,1073741823,1073741823:j10
1073740799,1073741823,1073741823,1073725439,1073741823,1073740799,1073733631,1073709055,1056272383,1073741823,1073741823,1073741823,1073741823,1073741823,1073741823:j10
1073740799,1073741823,1073741823,1073741823,1073741823,1073740799,1073733631,1073709055,1056272127,1073741823,1073741823,1073741823,1073741823,1073741823,1073741823:j10
1073740799,1073741823,1073741823,1073741823,1073741823,1073740799,1073733375,1073709055,1056272383,1073741823,1073741823,1073741823,1073741823,1073741823,1073741823:j10
1073740799,1073741823,1073741823,1073741823,1073741823,1073740799,1073732607,1073709055,1056272383,1073741823,1073741823,1073741823,1073741823,1073741823,1073741823:j10
1073740799,1073741823,1073741823,1073741823,1073741567,1073740799,1073733631,1073709055,1056272383,1073741823,1073741823,1073741823,1073741823,1073741823,1073741823:j10
1073740799,1073741823,1073741823,1073741823,1073737727,1073740799,1073733631,1073709055,1056272383,1073741823,1073741823,1073741823,1073741823,1073741823,1073741823:j10
1073740799,1073741823,1073741823,1073741823,1073741823,1073736703,1073733631,1073709055,1056272383,1073741823,1073741823,1073741823,1073741823,1073741823,1073741823:j10
1073740799,1073741823,1073741823,1073741823,1073676287,1073740799,1073733631,1073709055,1056272383,1073741823,1073741823,1073741823,1073741823,1073741823,1073741823:j10
1073740799,1073741823,1073741823,1073741823,1073741823,1073740799,1073733631,1073709055,1056272383,1069547519,1073741823,1073741823,1073741823,1073741823,1073741823:h6
1073740799,1073741823,1073741823,1073741823,1073741823,1073740799,1073733631,1073709055,1052078079,1073741823,1073741823,1073741823,1073741823,1073741823,1073741823:j10
1073740799,1073741823,1073741823,1073741823,1073741823,1073740799,1073733631,1069514751,1056272383,1073741823,1073741823,1073741823,1073741823,1073741823,1073741823:j10
1073740799,1073741823,1073741823,1073741823,1073741823,1073740799,1056956415,1073709055,1056272383,1073741823,1073741823,1073741823,1073741823,1073741823,1073741823:j10
1073740799,1073741823,1073741823,1073741823,1073741823,1073740799,1073733631,1056931839,1056272383,1073741823,1073741823,1073741823,1073741823,1073741823,1073741823:j10
1073740799,1073741823,1073741823,1073741823,1073741823,1073740799,805298175,1073709055,1056272383,1073741823,1073741823,1073741823,1073741823,1073741823,1073741823:h6
1073740799,1073741823,1073741823,1073741823,1073741823,1073740799,1073733631,1006600191,1056272383,1073741823,1073741823,1073741823,1073741823,1073741823,1073741823:h6
1073740799,1073741823,1073741823,1073741823,1073741823,1073740799,1073733631,1073709055,787836927,1073741823,1073741823,1073741823,1073741823,1073741823,1073741823:j10
1073740799,1073741823,1073741823,1073741823,1073741823,1073740799,1073733631,1073709055,989163519,1073741823,1073741823,1073741823,1073741823,1073741823,1073741823:j10
1073740799,1073741823,1073741823,1073741823,1073741823,1073740799,1073733631,1073709055,1056272383,1073741823,805306367,1073741823,1073741823,1073741823,1073741823:j10
1073740799,1073741823,1073741823,1073741823,1073741823,1073740799,1073733631,1073709055,1056272383,1006632959,1073741823,1073741823,1073741823,1073741823,1073741823:j10
1073740799,1073741823,1073741823,1073741823,1073741823,1073740799,1073733631,1073709055,1056272383,1073741823,1056964607,1073741823,1073741823,1073741823,1073741823:h6
1073740799,1073741823,1073741823,1073741823,1073741823,1073740799,1073733631,1073709055,1056272383,1056964607,1073741823,1073741823,1073741823,1073741823,1073741823:j10
1073740799,1073741823,1073741823,1073741823,1073741823,1073740799,1073733631,1073709055,1056272383,1073741823,1073737727,1073741823,1073741823,1073741823,1073741823:h6
1073740799,1073741823,1073741823,1073741823,1073741823,1073740799,1072685055,1073709055,1056272383,1073741823,1073741823,1073741823,1073741823,1073741823,1073741823:h11
1073740799,1073741823,1073741823,1073741823,1073741823,1073740799,1073733631,1073709055,1055223807,1073741823,1073741823,1073741823,1073741823,1073741823,1073741823:j10
1073740799,1073741823,1073741823,1073741823,1073741823,1073740799,1073733631,1073709055,1056272383,1073741823,1072693247,1073741823,1073741823,1073741823,1073741823:h7
1073740799,1073741823,1073741823,1073741823,1073741823,1073740799,1073733631,1073709055,1056272383,1073741823,1073676287,1073741823,1073741823,1073741823,1073741823:h10
1073740799,1073741823,1073741823,1073741823,1073741823,1073740799,1073733631,1073709055,1056272383,1073676287,1073741823,1073741823,1073741823,1073741823,1073741823:j10
1073740799,1073741823,1073741759,1073741823,1073741823,1073740799,1073733631,1073709055,1056272383,1073741823,1073741823,1073741823,1073741823,1073741823,1073741823:j10
1073740799,1073741567,1073741823,1073741823,1073741823,1073740799,1073733631,1073709055,1056272383,1073741823,1073741823,1073741823,1073741823,1073741823,1073741823:j10
1073740735,1073741823,1073741823,1073741823,1073741823,1073740799,1073733631,1073709055,1056272383,1073741823,1073741823,1073741823,1073741823,1073741823,1073741823:j10
1073740543,1073741823,1073741823,1073741823,1073741823,1073740799,1073733631,1073709055,1056272383,1073741823,1073741823,1073741823,1073741823,1073741823,1073741823:j10
1073724415,1073741823,1073741823,1073741823,1073741823,1073740799,1073733631,1073709055,1056272383,1073741823,1073741823,1073741823,1073741823,1073741823,1073741823:j10
1073736703,1073741823,1073741823,1073741823,1073741823,1073740799,1073733631,1073709055,1056272383,1073741823,1073741823,1073741823,1073741823,1073741823,1073741823:j10
1073740799,1073741823,1073725439,1073741823,1073741823,1073740799,1073733631,1073709055,1056272383,1073741823,1073741823,1073741823,1073741823,1073741823,1073741823:j10
1073740799,1073737727,1073741823,1073741823,1073741823,1073740799,1073733631,1073709055,1056272383,1073741823,1073741823,1073741823,1073741823,1073741823,1073741823:j10
1073740799,1073741823,1073740799,1073741823,1073741823,1073740799,1073733631,1073709055,1056272383,1073741823,1073741823,1073741823,1073741823,1073741823,1073741823:j10
1073740799,1073740799,1073741823,1073741823,1073741823,1073740799,1073733631,1073709055,1056272383,1073741823,1073741823,1073741823,1073741823,1073741823,1073741823:j10
1073740799,1073741823,1073741823,1073741823,1073741823,1073740799,1073733631,1073709055,1056272383,1073740799,1073741823,1073741823,1073741823,1073741823,1073741823:j10
1073740799,1073741823,1073741823,1073741823,1073741823,1073740799,1073733631,1073708031,1056272383,1073741823,1073741823,1073741823,1073741823,1073741823,1073741823:j10
1073740799,1073741823,1073741823,1073741823,1073741823,1073740799,1073733631,1073704959,1056272383,1073741823,1073741823,1073741823,1073741823,1073741823,1073741823:j10
1073740799,1073741823,1073741823,1073741823,1073741823,1073724415,1073733631,1073709055,1056272383,1073741823,1073741823,1073741823,1073741823,1073741823,1073741823:j10
1073740799,1073741823,1073741823,1073741823,1073741823,1073740799,1073717247,1073709055,1056272383,1073741823,1073741823,1073741823,1073741823,1073741823,1073741823:j10
1073740799,1073741823,1073741823,1073741823,1073741823,1073478655,1073733631,1073709055,1056272383,1073741823,1073741823,1073741823,1073741823,1073741823,1073741823:h10
1073740799,1073741823,1073741823,1073741823,1073741823,1073740799,1073668095,1073709055,1056272383,1073741823,1073741823,1073741823,1073741823,1073741823,1073741823:j10
1073740799,1073741823,1073741823,1073741823,1073741823,1073740799,1073733631,1073446911,1056272383,1073741823,1073741823,1073741823,1073741823,1073741823,1073741823:h7
1073740799,1073741823,1073741823,1073741823,1073741823,1073740799,1073733631,1073643519,1056272383,1073741823,1073741823,1073741823,1073741823,1073741823,1073741823:j10
1073740799,1073741823,1073741823,1073741823,1073741823,1073740799,1073733631,1073709055,1056272383,1073479679,1073741823,1073741823,1073741823,1073741823,1073741823:h7
1073740799,1073741823,1073741823,1073741823,1073741823,1073740799,1073733631,1073709055,1056272383,1073725439,1073741823,1073741823,1073741823,1073741823,1073741823:j10
1073740799,1073741823,1073741823,1073741823,1073741823,1073740799,1073733631,1073708031,1056309247,1073741823,1073741823,1073741823,1073741823,1073741823,1073741823:j10
1073740799,1073741823,1073741823,1073741823,1073741823,1073740799,1073733631,1073704959,1056309247,1073741823,1073741823,1073741823,1073741823,1073741823,1073741823:h9
1073740799,1073741823,1073741823,1073741823,1073741823,1073724415,1073733631,1073709055,1056309247,1073741823,1073741823,1073741823,1073741823,1073741823,1073741823:j10
1073740799,1073741823,1073741823,1073741823,1073741823,1073740799,1073717247,1073709055,1056309247,1073741823,1073741823,1073741823,1073741823,1073741823,1073741823:j10
1073740799,1073741823,1073741823,1073741823,1073741823,1073478655,1073733631,1073709055,1056309247,1073741823,1073741823,1073741823,1073741823,1073741823,1073741823:g9
1073740799,1073741823,1073741823,1073741823,1073741823,1073740799,1073668095,1073709055,1056309247,1073741823,1073741823,1073741823,1073741823,1073741823,1073741823:j10
1073740799,1073741823,1073741823,1073741823,1073741823,1073740799,1073733631,1073446911,1056309247,1073741823,1073741823,1073741823,1073741823,1073741823,1073741823:h9
1073740799,1073741823,1073741823,1073741823,1073741823,1073740799,1073733631,1073643519,1056309247,1073741823,1073741823,1073741823,1073741823,1073741823,1073741823:h9
1073740799,1073741823,1073741823,1073741823,1073741823,1073740799,1073733631,1073709055,1056309247,1073479679,1073741823,1073741823,1073741823,1073741823,1073741823:h9
1073740799,1073741823,1073741823,1073741823,1073741823,1073740799,1073733631,1073709055,1056309247,1073725439,1073741823,1073741823,1073741823,1073741823,1073741823:j10
1073740799,1073741823,1073741823,1073741823,1073741823,1073740799,1073733631,1073709055,1056292863,1073741823,1073741823,1073741823,1073741823,1073741823,1073741823:i8
1073740799,1073741823,1073741823,1073741823,1073741823,1073675263,1073733631,1073577983,1056292863,1073741823,1073741823,1073741823,1073741823,1073741823,1073741823:j10
1073740799,1073741823,1073741823,1073741823,1073741823,1072692223,1073733631,1073577983,1056292863,1073741823,1073741823,1073741823,1073741823,1073741823,1073741823:j10
1073740799,1073741823,1073741823,1073741823,1073741823,1073740799,1073733631,1073577983,1056292863,1073741823,1073740799,1073741823,1073741823,1073741823,1073741823:j10
1073740799,1073741823,1073741823,1073741823,1073741823,1073740799,1073733631,1073577983,1056292863,1073737727,1073741823,1073741823,1073741823,1073741823,1073741823:j10
1073740799,1073741823,1073741823,1073741823,1073741823,1073740799,1073733631,1073577983,1056291839,1073741823,1073741823,1073741823,1073741823,1073741823,1073741823:j10
1073740799,1073741823,1073741823,1073741823,1073741823,1073740799,1073733631,1073577983,1056292863,1073741823,1073725439,1073741823,1073741823,1073741823,1073741823:j10
1073740799,1073741823,1073741823,1073741823,1073741823,1073740799,1073471487,1073577983,1056292863,1073741823,1073741823,1073741823,1073741823,1073741823,1073741823:g8
1073740799,1073741823,1073741823,1073741823,1073741823,1073740799,1069539327,1073577983,1056292863,1073741823,1073741823,1073741823,1073741823,1073741823,1073741823:j10
1073740799,1073741823,1073741823,1073741823,1073741823,1073740799,1073733631,1072529407,1056292863,1073741823,1073741823,1073741823,1073741823,1073741823,1073741823:j10
1073740799,1073741823,1073741823,1073741823,1073741823,1073740799,1073733631,1073577983,1056292863,1073741823,1069547519,1073741823,1073741823,1073741823,1073741823:j10
1073740799,1073741823,1073741823,1073741823,1073741823,1073740799,1073733631,1073577983,1056292863,1072693247,1073741823,1073741823,1073741823,1073741823,1073741823:j10
1073740799,1073741823,1073741823,1073741823,1073741823,1073740799,1073733631,1073577983,1056292863,1073741823,1073479679,1073741823,1073741823,1073741823,1073741823:g8
1073740799,1073741823,1073741823,1073741823,1073741823,1073740799,1073733631,1073577919,1056292863,1073741823,1073741823,1073741823,1073741823,1073741823,1073741823:j10
1073740799,1073741823,1073741823,1073741823,1073741823,1073740735,1073733631,1073577983,1056292863,1073741823,1073741823,1073741823,1073741823,1073741823,1073741823:j10
1073740799,1073741823,1073741823,1073741823,1073741823,1073740543,1073733631,1073577983,1056292863,1073741823,1073741823,1073741823,1073741823,1073741823,1073741823:j10
1073740799,1073741823,1073741823,1073741759,1073741823,1073740799,1073733631,1073577983,1056292863,1073741823,1073741823,1073741823,1073741823,1073741823,1073741823:j10
1073740799,1073741823,1073741823,1073740799,1073741823,1073740799,1073733631,1073577983,1056292863,1073741823,1073741823,1073741823,1073741823,1073741823,1073741823:j10
1073740799,1073741823,1073741823,1073741823,1073740799,1073740799,1073733631,1073577983,1056292863,1073741823,1073741823,1073741823,1073741823,1073741823,1073741823:j10
1073740799,1073741823,1073741823,1073725439,1073741823,1073740799,1073733631,1073577983,1056292863,1073741823,1073741823,1073741823,1073741823,1073741823,1073741823:j10
1073740799,1073741823,1073741823,1073741823,1073741823,1073740799,1073733631,1073577983,1056292607,1073741823,1073741823,1073741823,1073741823,1073741823,1073741823:j10
1073740799,1073741823,1073741823,1073741823,1073741823,1073740799,1073733375,1073577983,1056292863,1073741823,1073741823,1073741823,1073741823,1073741823,1073741823:j10
1073740799,1073741823,1073741823,1073741823,1073741823,1073740799,1073732607,1073577983,1056292863,1073741823,1073741823,1073741823,1073741823,1073741823,1073741823:j10
1073740799,1073741823,1073741823,1073741823,1073741567,1073740799,1073733631,1073577983,1056292863,1073741823,1073741823,1073741823,1073741823,1073741823,1073741823:j10
1073740799,1073741823,1073741823,1073741823,1073737727,1073740799,1073733631,1073577983,1056292863,1073741823,1073741823,1073741823,1073741823,1073741823,1073741823:j10
1073740799,1073741823,1073741823,1073741823,1073741823,1073736703,1073733631,1073577983,1056292863,1073741823,1073741823,1073741823,1073741823,1073741823,1073741823:j10
1073740799,1073741823,1073741823,1073741823,1073676287,1073740799,1073733631,1073577983,1056292863,1073741823,1073741823,1073741823,1073741823,1073741823,1073741823:j10
1073740799,1073741823,1073741823,1073741823,1073741823,1073740799,1073733631,1073577983,1056292863,1069547519,1073741823,1073741823,1073741823,1073741823,1073741823:g8
1073740799,1073741823,1073741823,1073741823,1073741823,1073740799,1073733631,1073577983,1052098559,1073741823,1073741823,1073741823,1073741823,1073741823,1073741823:j10
1073740799,1073741823,1073741823,1073741823,1073741823,1073740799,1073733631,1069383679,1056292863,1073741823,1073741823,1073741823,1073741823,1073741823,1073741823:j10
1073740799,1073741823,1073741823,1073741823,1073741823,1073740799,1056956415,1073577983,1056292863,1073741823,1073741823,1073741823,1073741823,1073741823,1073741823:j10
1073740799,1073741823,1073741823,1073741823,1073741823,1073740799,1073733631,1056800767,1056292863,1073741823,1073741823,1073741823,1073741823,1073741823,1073741823:j10
1073740799,1073741823,1073741823,1073741823,1073741823,1073740799,805298175,1073577983,1056292863,1073741823,1073741823,1073741823,1073741823,1073741823,1073741823:j10
1073740799,1073741823,1073741823,1073741823,1073741823,1073740799,1073733631,1006469119,1056292863,1073741823,1073741823,1073741823,1073741823,1073741823,1073741823:g8
1073740799,1073741823,1073741823,1073741823,1073741823,1073740799,1073733631,1073577983,787857407,1073741823,1073741823,1073741823,1073741823,1073741823,1073741823:j10
1073740799,1073741823,1073741823,1073741823,1073741823,1073740799,1073733631,1073577983,989183999,1073741823,1073741823,1073741823,1073741823,1073741823,1073741823:j10
1073740799,1073741823,1073741823,1073741823,1073741823,1073740799,1073733631,1073577983,1056292863,1073741823,805306367,1073741823,1073741823,1073741823,1073741823:j10
1073740799,1073741823,1073741823,1073741823,1073741823,1073740799,1073733631,1073577983,1056292863,1006632959,1073741823,1073741823,1073741823,1073741823,1073741823:j10
1073740799,1073741823,1073741823,1073741823,1073741823,1073740799,1073733631,1073577983,1056292863,1073741823,1056964607,1073741823,1073741823,1073741823,1073741823:j10
1073740799,1073741823,1073741823,1073741823,1073741823,1073740799,1073733631,1073577983,1056292863,1056964607,1073741823,1073741823,1073741823,1073741823,1073741823:j10
1073740799,1073741823,1073741823,1073741823,1073741823,1073740799,1073733631,1073577983,1056292863,1073741823,1073737727,1073741823,1073741823,1073741823,1073741823:j10
1073740799,1073741823,1073741823,1073741823,1073741823,1073740799,1072685055,1073577983,1056292863,1073741823,1073741823,1073741823,1073741823,1073741823,1073741823:j10
1073740799,1073741823,1073741823,1073741823,1073741823,1073740799,1073733631,1073577983,1055244287,1073741823,1073741823,1073741823,1073741823,1073741823,1073741823:j10
1073740799,1073741823,1073741823,1073741823,1073741823,1073740799,1073733631,1073577983,1056292863,1073741823,1072693247,1073741823,1073741823,1073741823,1073741823:g8
1073740799,1073741823,1073741823,1073741823,1073741823,1073740799,1073733631,1073577983,1056292863,1073741823,1073676287,1073741823,1073741823,1073741823,1073741823:j10
1073740799,1073741823,1073741823,1073741823,1073741823,1073740799,1073733631,1073577983,1056292863,1073676287,1073741823,1073741823,1073741823,1073741823,1073741823:j10
1073740799,1073741823,1073741759,1073741823,1073741823,1073740799,1073733631,1073577983,1056292863,1073741823,1073741823,1073741823,1073741823,1073741823,1073741823:j10
1073740799,1073741567,1073741823,1073741823,1073741823,1073740799,1073733631,1073577983,1056292863,1073741823,1073741823,1073741823,1073741823,1073741823,1073741823:j10
1073740735,1073741823,1073741823,1073741823,1073741823,1073740799,1073733631,1073577983,1056292863,1073741823,1073741823,1073741823,1073741823,1073741823,1073741823:j10
1073740543,1073741823,1073741823,1073741823,1073741823,1073740799,1073733631,1073577983,1056292863,1073741823,1073741823,1073741823,1073741823,1073741823,1073741823:j10
1073724415,1073741823,1073741823,1073741823,1073741823,1073740799,1073733631,1073577983,1056292863,1073741823,1073741823,1073741823,1073741823,1073741823,1073741823:j10
1073736703,1073741823,1073741823,1073741823,1073741823,1073740799,1073733631,1073577983,1056292863,1073741823,1073741823,1073741823,1073741823,1073741823,1073741823:j10
1073740799,1073741823,1073725439,1073741823,1073741823,1073740799,1073733631,1073577983,1056292863,1073741823,1073741823,1073741823,1073741823,1073741823,1073741823:j10
1073740799,1073737727,1073741823,1073741823,1073741823,1073740799,1073733631,1073577983,1056292863,1073741823,1073741823,1073741823,1073741823,1073741823,1073741823:j10
1073740799,1073741823,1073740799,1073741823,1073741823,1073740799,1073733631,1073577983,1056292863,1073741823,1073741823,1073741823,1073741823,1073741823,1073741823:j10
1073740799,1073740799,1073741823,1073741823,1073741823,1073740799,1073733631,1073577983,1056292863,1073741823,1073741823,1073741823,1073741823,1073741823,1073741823:j10
1073740799,1073741823,1073741823,1073741823,1073741823,1073740799,1073733631,1073577983,1056292863,1073740799,1073741823,1073741823,1073741823,1073741823,1073741823:j10
1073740799,1073741823,1073741823,1073741823,1073741823,1073740799,1073733631,1073577983,1056288767,1073741823,1073741823,1073741823,1073741823,1073741823,1073741823:j10
1073740799,1073741823,1073741823,1073741823,1073741823,1073740799,1073733631,1073576959,1056292863,1073741823,1073741823,1073741823,1073741823,1073741823,1073741823:j10
1073740799,1073741823,1073741823,1073741823,1073741823,1073740799,1073733631,1073573887,1056292863,1073741823,1073741823,1073741823,1073741823,1073741823,1073741823:j10
1073740799,1073741823,1073741823,1073741823,1073741823,1073724415,1073733631,1073577983,1056292863,1073741823,1073741823,1073741823,1073741823,1073741823,1073741823:j10
1073740799,1073741823,1073741823,1073741823,1073741823,1073740799,1073717247,1073577983,1056292863,1073741823,1073741823,1073741823,1073741823,1073741823,1073741823:j10
1073740799,1073741823,1073741823,1073741823,1073741823,1073478655,1073733631,1073577983,1056292863,1073741823,1073741823,1073741823,1073741823,1073741823,1073741823:j10
1073740799,1073741823,1073741823,1073741823,1073741823,1073740799,1073668095,1073577983,1056292863,1073741823,1073741823,1073741823,1073741823,1073741823,1073741823:j10
1073740799,1073741823,1073741823,1073741823,1073741823,1073740799,1073733631,1073315839,1056292863,1073741823,1073741823,1073741823,1073741823,1073741823,1073741823:i7
1073740799,1073741823,1073741823,1073741823,1073741823,1073740799,1073733631,1073577983,1056292863,1073479679,1073741823,1073741823,1073741823,1073741823,1073741823:g8
1073740799,1073741823,1073741823,1073741823,1073741823,1073740799,1073733631,1073577983,1056292863,1073725439,1073741823,1073741823,1073741823,1073741823,1073741823:j10
1073740799,1073741823,1073741823,1073741823,1073741823,1073725439,1073733631,1073709055,1056833535,1073741823,1073741823,1073741823,1073741823,1073741823,1073741823:f6
1073740799,1073741823,1073741823,1073741823,1073741823,1073741823,1073717247,1073709055,1056833535,1073741823,1073741823,1073741823,1073741823,1073741823,1073741823:f6
1073740799,1073741823,1073741823,1073741823,1073741823,1073479679,1073733631,1073709055,1056833535,1073741823,1073741823,1073741823,1073741823,1073741823,1073741823:f6
1073740799,1073741823,1073741823,1073741823,1073741823,1073741823,1073668095,1073709055,1056833535,1073741823,1073741823,1073741823,1073741823,1073741823,1073741823:f6
1073740799,1073741823,1073741823,1073741823,1073741823,1073741823,1073733631,1073446911,1056833535,1073741823,1073741823,1073741823,1073741823,1073741823,1073741823:f6
1073740799,1073741823,1073741823,1073741823,1073741823,1073741823,1073733631,1073643519,1056833535,1073741823,1073741823,1073741823,1073741823,1073741823,1073741823:f6
1073740799,1073741823,1073741823,1073741823,1073741823,1073741823,1073733631,1073709055,1056833535,1073479679,1073741823,1073741823,1073741823,1073741823,1073741823:f7
1073740799,1073741823,1073741823,1073741823,1073741823,1073741823,1073731583,1073709055,1056833471,1073479679,1073741823,1073741823,1073741823,1073741823,1073741823:h7
1073740799,1073741823,1073741823,1073741823,1073741823,1073741823,1073731583,1073708799,1056833535,1073479679,1073741823,1073741823,1073741823,1073741823,1073741823:h7
1073740799,1073741823,1073741823,1073741823,1073741823,1073741823,1073731519,1073709055,1056833535,1073479679,1073741823,1073741823,1073741823,1073741823,1073741823:h7
1073740799,1073741823,1073741823,1073741823,1073741759,1073741823,1073731583,1073709055,1056833535,1073479679,1073741823,1073741823,1073741823,1073741823,1073741823:h7
1073740799,1073741823,1073741823,1073741823,1073741823,1073741567,1073731583,1073709055,1056833535,1073479679,1073741823,1073741823,1073741823,1073741823,1073741823:f6
1073740799,1073741823,1073741823,1073741823,1073740799,1073741823,1073731583,1073709055,1056833535,1073479679,1073741823,1073741823,1073741823,1073741823,1073741823:h7
1073740799,1073741823,1073741823,1073741823,1073725439,1073741823,1073731583,1073709055,1056833535,1073479679,1073741823,1073741823,1073741823,1073741823,1073741823:h7
1073740799,1073741823,1073741823,1073741823,1073741823,1073741823,1073731583,1073709055,1056832511,1073479679,1073741823,1073741823,1073741823,1073741823,1073741823:h7
1073740799,1073741823,1073741823,1073741823,1073741823,1073741823,1073731583,1073709055,1056833535,1073479679,1073741823,1073725439,1073741823,1073741823,1073741823:h7
1073740799,1073741823,1073741823,1073741823,1073741823,1073741823,1073731583,1073709055,1056833535,1072431103,1073741823,1073741823,1073741823,1073741823,1073741823:h7
1073740799,1073741823,1073741823,1073741823,1073741823,1073741823,1073731583,1073709055,1056833535,1073479679,1073741823,1069547519,1073741823,1073741823,1073741823:h7
1073740799,1073741823,1073741823,1073741823,1073741823,1073741823,1073731583,1073709055,1056833535,1073479679,1073741823,1073479679,1073741823,1073741823,1073741823:h7
1073740799,1073741823,1073741823,1073741823,1073741823,1073741823,1073731583,1073709055,1056833535,1073479679,1073479679,1073741823,1073741823,1073741823,1073741823:h7
1073740799,1073741823,1073741823,1073741823,1073741823,1073741823,1073731583,1073709055,1056833279,1073479679,1073741823,1073741823,1073741823,1073741823,1073741823:h7
1073740799,1073741823,1073741823,1073741823,1073741823,1073741823,1073731327,1073709055,1056833535,1073479679,1073741823,1073741823,1073741823,1073741823,1073741823:f8
1073740799,1073741823,1073741823,1073741823,1073741823,1073741823,1073731327,1073707007,1056833535,1073479615,1073741823,1073741823,1073741823,1073741823,1073741823:f6
1073740799,1073741823,1073741823,1073741823,1073741823,1073741823,1073731327,1073707007,1056833519,1073479679,1073741823,1073741823,1073741823,1073741823,1073741823:f6
1073740799,1073741823,1073741823,1073741823,1073741823,1073741823,1073731327,1073706943,1056833535,1073479679,1073741823,1073741823,1073741823,1073741823,1073741823:f6
1073740799,1073741823,1073741823,1073741823,1073741823,1073741823,1073731311,1073707007,1056833535,1073479679,1073741823,1073741823,1073741823,1073741823,1073741823:f6
1073740799,1073741823,1073741823,1073741823,1073741807,1073741823,1073731327,1073707007,1056833535,1073479679,1073741823,1073741823,1073741823,1073741823,1073741823:f6
1073740799,1073741823,1073741823,1073741823,1073741823,1073741759,1073731327,1073707007,1056833535,1073479679,1073741823,1073741823,1073741823,1073741823,1073741823:f6
1073740799,1073741823,1073741823,1073741823,1073741823,1073741823,1073731327,1073707007,1056833471,1073479679,1073741823,1073741823,1073741823,1073741823,1073741823:f6
1073740799,1073741823,1073741823,1073741823,1073741823,1073741823,1073731327,1073706751,1056833535,1073479679,1073741823,1073741823,1073741823,1073741823,1073741823:f6
1073740799,1073741823,1073741823,1073741823,1073741823,1073741823,1073731263,1073707007,1056833535,1073479679,1073741823,1073741823,1073741823,1073741823,1073741823:f6
1073740799,1073741823,1073741823,1073741823,1073741759,1073741823,1073731327,1073707007,1056833535,1073479679,1073741823,1073741823,1073741823,1073741823,1073741823:f6
1073740799,1073741823,1073741823,1073741823,1073741823,1073741567,1073731327,1073707007,1056833535,1073479679,1073741823,1073741823,1073741823,1073741823,1073741823:f6
1073740799,1073741823,1073741823,1073741823,1073740799,1073741823,1073731327,1073707007,1056833535,1073479679,1073741823,1073741823,1073741823,1073741823,1073741823:f9
1073740799,1073741823,1073741823,1073741823,1073725439,1073741823,1073731327,1073707007,1056833535,1073479679,1073741823,1073741823,1073741823,1073741823,1073741823:f6
1073740799,1073741823,1073741823,1073741823,1073741823,1073741823,1073731327,1073707007,1056832511,1073479679,1073741823,1073741823,1073741823,1073741823,1073741823:h6
1073740799,1073741823,1073741823,1073741823,1073741823,1073741823,1073731327,1073707007,1056833535,1073479679,1073741823,1073725439,1073741823,1073741823,1073741823:f6
1073740799,1073741823,1073741823,1073741823,1073741823,1073741823,1073731327,1073707007,1056833535,1072431103,1073741823,1073741823,1073741823,1073741823,1073741823:f6
1073740799,1073741823,1073741823,1073741823,1073741823,1073741823,1073731327,1073707007,1056833535,1073479679,1073741823,1069547519,1073741823,1073741823,1073741823:f6
1073740799,1073741823,1073741823,1073741823,1073741823,1073741823,1073731327,1073707007,1056833535,1073479679,1073741823,1073479679,1073741823,1073741823,1073741823:f6
1073740799,1073741823,1073741823,1073741823,1073741823,1073741823,1073731327,1073707007,1056833535,1073479679,1073479679,1073741823,1073741823,1073741823,1073741823:f6
1073740799,1073741823,1073741823,1073741823,1073741823,1073741823,1073731327,1073707007,1056833279,1073479679,1073741823,1073741823,1073741823,1073741823,1073741823:f6
1073740799,1073741823,1073741823,1073741823,1073741567,1073741823,1073731327,1073707007,1056833535,1073479679,1073741823,1073741823,1073741823,1073741823,1073741823:f10
1073740799,1073741823,1073741823,1073741823,1073737727,1073741823,1073731327,1073707007,1056833535,1073479679,1073741823,1073741823,1073741823,1073741823,1073741823:f6
1073740799,1073741823,1073741823,1073741823,1073741823,1073737727,1073731327,1073707007,1056833535,1073479679,1073741823,1073741823,1073741823,1073741823,1073741823:f6
1073740799,1073741823,1073741823,1073741823,1073676287,1073741823,1073731327,1073707007,1056833535,1073479679,1073741823,1073741823,1073741823,1073741823,1073741823:f6
1073740799,1073741823,1073741823,1073741823,1073741823,1073741823,1073731327,1073707007,1056833535,1069285375,1073741823,1073741823,1073741823,1073741823,1073741823:f6
1073740799,1073741823,1073741823,1073741823,1073741823,1073741823,1073731327,1073707007,1052639231,1073479679,1073741823,1073741823,1073741823,1073741823,1073741823:f6
1073740799,1073741823,1073741823,1073741823,1073741823,1073741823,1073731327,1069512703,1056833535,1073479679,1073741823,1073741823,1073741823,1073741823,1073741823:f6
1073740799,1073741823,1073741823,1073741823,1073741823,1073741823,1056954111,1073707007,1056833535,1073479679,1073741823,1073741823,1073741823,1073741823,1073741823:f6
1073740799,1073741823,1073741823,1073741823,1073741823,1073741823,1073731327,1056929791,1056833535,1073479679,1073741823,1073741823,1073741823,1073741823,1073741823:f6
1073740799,1073741823,1073741823,1073741823,1073741823,1073741823,805295871,1073707007,1056833535,1073479679,1073741823,1073741823,1073741823,1073741823,1073741823:f6
1073740799,1073741823,1073741823,1073741823,1073741823,1073741823,1073731327,1006598143,1056833535,1073479679,1073741823,1073741823,1073741823,1073741823,1073741823:f6
1073740799,1073741823,1073741823,1073741823,1073741823,1073741823,1073731327,1073707007,788398079,1073479679,1073741823,1073741823,1073741823,1073741823,1073741823:f6
1073740799,1073741823,1073741823,1073741823,1073741823,1073741823,1073731327,1073707007,989724671,1073479679,1073741823,1073741823,1073741823,1073741823,1073741823:f6
1073740799,1073741823,1073741823,1073741823,1073741823,1073741823,1073731327,1073707007,1056833535,1073479679,805306367,1073741823,1073741823,1073741823,1073741823:f6
1073740799,1073741823,1073741823,1073741823,1073741823,1073741823,1073731327,1073707007,1056833535,1006370815,1073741823,1073741823,1073741823,1073741823,1073741823:f6
1073740799,1073741823,1073741823,1073741823,1073741823,1073741823,1073731327,1073707007,1056833535,1073479679,1056964607,1073741823,1073741823,1073741823,1073741823:f6
1073740799,1073741823,1073741823,1073741823,1073741823,1073741823,1073731327,1073707007,1056833535,1056702463,1073741823,1073741823,1073741823,1073741823,1073741823:f6
1073740799,1073741823,1073741823,1073741823,1073741823,1073741823,1073731327,1073707007,1056833535,1073479679,1073737727,1073741823,1073741823,1073741823,1073741823:f6
1073740799,1073741823,1073741823,1073741823,1073741823,1073741823,1072682751,1073707007,1056833535,1073479679,1073741823,1073741823,1073741823,1073741823,1073741823:f6
1073740799,1073741823,1073741823,1073741823,1073741823,1073741823,1073731327,1073707007,1055784959,1073479679,1073741823,1073741823,1073741823,1073741823,1073741823:f6
1073740799,1073741823,1073741823,1073741823,1073741823,1073741823,1073731327,1073707007,1056571391,1073479679,1073741823,1073741823,1073741823,1073741823,1073741823:f6
1073740799,1073741823,1073741823,1073741823,1073741823,1073741823,1073731327,1073707007,1056833535,1073479679,1072693247,1073741823,1073741823,1073741823,1073741823:f6
1073740799,1073741823,1073741823,1073741823,1073741823,1073741823,1073731327,1073707007,1056833535,1073479679,1073676287,1073741823,1073741823,1073741823,1073741823:f6
1073740799,1073741823,1073741823,1073741823,1073741823,1073741823,1073731327,1073707007,1056833535,1073414143,1073741823,1073741823,1073741823,1073741823,1073741823:f6
1073740799,1073741823,1073741759,1073741823,1073741823,1073741823,1073731327,1073707007,1056833535,1073479679,1073741823,1073741823,1073741823,1073741823,1073741823:f6
1073740799,1073741567,1073741823,1073741823,1073741823,1073741823,1073731327,1073707007,1056833535,1073479679,1073741823,1073741823,1073741823,1073741823,1073741823:f6
1073740735,1073741823,1073741823,1073741823,1073741823,1073741823,1073731327,1073707007,1056833535,1073479679,1073741823,1073741823,1073741823,1073741823,1073741823:f6
1073740543,1073741823,1073741823,1073741823,1073741823,1073741823,1073731327,1073707007,1056833535,1073479679,1073741823,1073741823,1073741823,1073741823,1073741823:f6
1073724415,1073741823,1073741823,1073741823,1073741823,1073741823,1073731327,1073707007,1056833535,1073479679,1073741823,1073741823,1073741823,1073741823,1073741823:f6
1073736703,1073741823,1073741823,1073741823,1073741823,1073741823,1073731327,1073707007,1056833535,1073479679,1073741823,1073741823,1073741823,1073741823,1073741823:f6
1073740799,1073741823,1073725439,1073741823,1073741823,1073741823,1073731327,1073707007,1056833535,1073479679,1073741823,1073741823,1073741823,1073741823,1073741823:f6
1073740799,1073737727,1073741823,1073741823,1073741823,1073741823,1073731327,1073707007,1056833535,1073479679,1073741823,1073741823,1073741823,1073741823,1073741823:f6
1073740799,1073741823,1073740799,1073741823,1073741823,1073741823,1073731327,1073707007,1056833535,1073479679,1073741823,1073741823,1073741823,1073741823,1073741823:f6
1073740799,1073740799,1073741823,1073741823,1073741823,1073741823,1073731327,1073707007,1056833535,1073479679,1073741823,1073741823,1073741823,1073741823,1073741823:f6
1073740799,1073741823,1073741823,1073741823,1073741823,1073741823,1073731327,1073707007,1056833535,1073478655,1073741823,1073741823,1073741823,1073741823,1073741823:f6
1073740799,1073741823,1073741823,1073741823,1073741823,1073741823,1073731327,1073707007,1056829439,1073479679,1073741823,1073741823,1073741823,1073741823,1073741823:f6
1073740799,1073741823,1073741823,1073741823,1073741823,1073741823,1073731327,1073702911,1056833535,1073479679,1073741823,1073741823,1073741823,1073741823,1073741823:f6
1073740799,1073741823,1073741823,1073741823,1073741823,1073740799,1073731327,1073707007,1056833535,1073479679,1073741823,1073741823,1073741823,1073741823,1073741823:h6
1073740799,1073741823,1073741823,1073741823,1073741823,1073725439,1073731327,1073707007,1056833535,1073479679,1073741823,1073741823,1073741823,1073741823,1073741823:f6
1073740799,1073741823,1073741823,1073741823,1073741823,1073741823,1073714943,1073707007,1056833535,1073479679,1073741823,1073741823,1073741823,1073741823,1073741823:f6
1073740799,1073741823,1073741823,1073741823,1073741823,1073479679,1073731327,1073707007,1056833535,1073479679,1073741823,1073741823,1073741823,1073741823,1073741823:f6
1073740799,1073741823,1073741823,1073741823,1073741823,1073741823,1073665791,1073707007,1056833535,1073479679,1073741823,1073741823,1073741823,1073741823,1073741823:f6
1073740799,1073741823,1073741823,1073741823,1073741823,1073741823,1073731327,1073444863,1056833535,1073479679,1073741823,1073741823,1073741823,1073741823,1073741823:f6
1073740799,1073741823,1073741823,1073741823,1073741823,1073741823,1073731327,1073641471,1056833535,1073479679,1073741823,1073741823,1073741823,1073741823,1073741823:f6
1073740799,1073741823,1073741823,1073741823,1073741823,1073741823,1073731327,1073707007,1056833535,1073463295,1073741823,1073741823,1073741823,1073741823,1073741823:f6
1073740799,1073741823,1073741823,1073741823,1073741823,1073741823,1073731327,1073707007,1056817151,1073479679,1073741823,1073741823,1073741823,1073741823,1073741823:f6
1073740799,1073741823,1073741823,1073741823,1073741567,1073741823,1073731583,1073709055,1056833535,1073479679,1073741823,1073741823,1073741823,1073741823,1073741823:h7
1073740799,1073741823,1073741823,1073741823,1073737727,1073741823,1073731583,1073709055,1056833535,1073479679,1073741823,1073741823,1073741823,1073741823,1073741823:h7
1073740799,1073741823,1073741823,1073741823,1073741823,1073737727,1073731583,1073709055,1056833535,1073479679,1073741823,1073741823,1073741823,1073741823,1073741823:h7
1073740799,1073741823,1073741823,1073741823,1073676287,1073741823,1073731583,1073709055,1056833535,1073479679,1073741823,1073741823,1073741823,1073741823,1073741823:h7
1073740799,1073741823,1073741823,1073741823,1073741823,1073741823,1073731583,1073709055,1056833535,1069285375,1073741823,1073741823,1073741823,1073741823,1073741823:h7
1073740799,1073741823,1073741823,1073741823,1073741823,1073741823,1073731583,1073709055,1052639231,1073479679,1073741823,1073741823,1073741823,1073741823,1073741823:h7
1073740799,1073741823,1073741823,1073741823,1073741823,1073741823,1073731583,1069514751,1056833535,1073479679,1073741823,1073741823,1073741823,1073741823,1073741823:h7
1073740799,1073741823,1073741823,1073741823,1073741823,1073741823,1056954367,1073709055,1056833535,1073479679,1073741823,1073741823,1073741823,1073741823,1073741823:h7
1073740799,1073741823,1073741823,1073741823,1073741823,1073741823,1073731583,1056931839,1056833535,1073479679,1073741823,1073741823,1073741823,1073741823,1073741823:h7
1073740799,1073741823,1073741823,1073741823,1073741823,1073741823,805296127,1073709055,1056833535,1073479679,1073741823,1073741823,1073741823,1073741823,1073741823:h7
1073740799,1073741823,1073741823,1073741823,1073741823,1073741823,1073731583,1006600191,1056833535,1073479679,1073741823,1073741823,1073741823,1073741823,1073741823:h7
1073740799,1073741823,1073741823,1073741823,1073741823,1073741823,1073731583,1073709055,788398079,1073479679,1073741823,1073741823,1073741823,1073741823,1073741823:h7
1073740799,1073741823,1073741823,1073741823,1073741823,1073741823,1073731583,1073709055,989724671,1073479679,1073741823,1073741823,1073741823,1073741823,1073741823:h7
1073740799,1073741823,1073741823,1073741823,1073741823,1073741823,1073731583,1073709055,1056833535,1073479679,805306367,1073741823,1073741823,1073741823,1073741823:h7
1073740799,1073741823,1073741823,1073741823,1073741823,1073741823,1073731583,1073709055,1056833535,1006370815,1073741823,1073741823,1073741823,1073741823,1073741823:h7
1073740799,1073741823,1073741823,1073741823,1073741823,1073741823,1073731583,1073709055,1056833535,1073479679,1056964607,1073741823,1073741823,1073741823,1073741823:h7
1073740799,1073741823,1073741823,1073741823,1073741823,1073741823,1073731583,1073709055,1056833535,1056702463,1073741823,1073741823,1073741823,1073741823,1073741823:h7
1073740799,1073741823,1073741823,1073741823,1073741823,1073741823,1073731583,1073709055,1056833535,1073479679,1073737727,1073741823,1073741823,1073741823,1073741823:h7
1073740799,1073741823,1073741823,1073741823,1073741823,1073741823,1072683007,1073709055,1056833535,1073479679,1073741823,1073741823,1073741823,1073741823,1073741823:h7
1073740799,1073741823,1073741823,1073741823,1073741823,1073741823,1073731583,1073709055,1055784959,1073479679,1073741823,1073741823,1073741823,1073741823,1073741823:h7
1073740799,1073741823,1073741823,1073741823,1073741823,1073741823,1073731583,1073709055,1056571391,1073479679,1073741823,1073741823,1073741823,1073741823,1073741823:h7
1073740799,1073741823,1073741823,1073741823,1073741823,1073741823,1073731583,1073709055,1056833535,1073479679,1072693247,1073741823,1073741823,1073741823,1073741823:h7
1073740799,1073741823,1073741823,1073741823,1073741823,1073741823,1073731583,1073709055,1056833535,1073479679,1073676287,1073741823,1073741823,1073741823,1073741823:h7
1073740799,1073741823,1073741823,1073741823,1073741823,1073741823,1073731583,1073709055,1056833535,1073414143,1073741823,1073741823,1073741823,1073741823,1073741823:h7
1073740799,1073741823,1073741759,1073741823,1073741823,1073741823,1073731583,1073709055,1056833535,1073479679,1073741823,1073741823,1073741823,1073741823,1073741823:h7
1073740799,1073741567,1073741823,1073741823,1073741823,1073741823,1073731583,1073709055,1056833535,1073479679,1073741823,1073741823,1073741823,1073741823,1073741823:h7
1073740735,1073741823,1073741823,1073741823,1073741823,1073741823,1073731583,1073709055,1056833535,1073479679,1073741823,1073741823,1073741823,1073741823,1073741823:h7
1073740543,1073741823,1073741823,1073741823,1073741823,1073741823,1073731583,1073709055,1056833535,1073479679,1073741823,1073741823,1073741823,1073741823,1073741823:h7
1073724415,1073741823,1073741823,1073741823,1073741823,1073741823,1073731583,1073709055,1056833535,1073479679,1073741823,1073741823,1073741823,1073741823,1073741823:h7
1073736703,1073741823,1073741823,1073741823,1073741823,1073741823,1073731583,1073709055,1056833535,1073479679,1073741823,1073741823,1073741823,1073741823,1073741823:h7
1073740799,1073741823,1073725439,1073741823,1073741823,1073741823,1073731583,1073709055,1056833535,1073479679,1073741823,1073741823,1073741823,1073741823,1073741823:h7
1073740799,1073737727,1073741823,1073741823,1073741823,1073741823,1073731583,1073709055,1056833535,1073479679,1073741823,1073741823,1073741823,1073741823,1073741823:h7
1073740799,1073741823,1073740799,1073741823,1073741823,1073741823,1073731583,1073709055,1056833535,1073479679,1073741823,1073741823,1073741823,1073741823,1073741823:h7
1073740799,1073740799,1073741823,1073741823,1073741823,1073741823,1073731583,1073709055,1056833535,1073479679,1073741823,1073741823,1073741823,1073741823,1073741823:h7
1073740799,1073741823,1073741823,1073741823,1073741823,1073741823,1073731583,1073709055,1056833535,1073478655,1073741823,1073741823,1073741823,1073741823,1073741823:h7
1073740799,1073741823,1073741823,1073741823,1073741823,1073741823,1073731583,1073709055,1056829439,1073479679,1073741823,1073741823,1073741823,1073741823,1073741823:h7
1073740799,1073741823,1073741823,1073741823,1073741823,1073741823,1073731583,1073708031,1056833535,1073479679,1073741823,1073741823,1073741823,1073741823,1073741823:h7
1073740799,1073741823,1073741823,1073741823,1073741823,1073741823,1073731583,1073704959,1056833535,1073479679,1073741823,1073741823,1073741823,1073741823,1073741823:h7
1073740799,1073741823,1073741823,1073741823,1073741823,1073740799,1073731583,1073709055,1056833535,1073479679,1073741823,1073741823,1073741823,1073741823,1073741823:h7
1073740799,1073741823,1073741823,1073741823,1073741823,1073725439,1073731583,1073709055,1056833535,1073479679,1073741823,1073741823,1073741823,1073741823,1073741823:i7
1073740799,1073741823,1073741823,1073741823,1073741823,1073741823,1073715199,1073709055,1056833535,1073479679,1073741823,1073741823,1073741823,1073741823,1073741823:g8
1073740799,1073741823,1073741823,1073741823,1073741823,1073741823,1073715199,1073700863,1056833535,1073479423,1073741823,1073741823,1073741823,1073741823,1073741823:h9
1073740799,1073741823,1073741823,1073741823,1073741823,1073741823,1073715199,1073700863,1056833535,1073475583,1073741823,1073741823,1073741823,1073741823,1073741823:i10
1073740799,1073741823,1073741823,1073741823,1073479679,1073741823,1073715199,1073700863,1056833535,1073479679,1073741823,1073741823,1073741823,1073741823,1073741823:h9
1073740799,1073741823,1073741823,1073741823,1073741823,1073676287,1073715199,1073700863,1056833535,1073479679,1073741823,1073741823,1073741823,1073741823,1073741823:h9
1073740799,1073741823,1073741823,1073741823,1073741823,1073741823,1073453055,1073700863,1056833535,1073479679,1073741823,1073741823,1073741823,1073741823,1073741823:h9
1073740799,1073741823,1073741823,1073741823,1073741823,1073741823,1073715199,1073700863,1056833471,1073479679,1073741823,1073741823,1073741823,1073741823,1073741823:h9
1073740799,1073741823,1073741823,1073741823,1073741823,1073741823,1073715199,1073700607,1056833535,1073479679,1073741823,1073741823,1073741823,1073741823,1073741823:h9
1073740799,1073741823,1073741823,1073741823,1073741823,1073741823,1073715135,1073700863,1056833535,1073479679,1073741823,1073741823,1073741823,1073741823,1073741823:h9
1073740799,1073741823,1073741823,1073741823,1073741759,1073741823,1073715199,1073700863,1056833535,1073479679,1073741823,1073741823,1073741823,1073741823,1073741823:h9
1073740799,1073741823,1073741823,1073741823,1073741823,1073741567,1073715199,1073700863,1056833535,1073479679,1073741823,1073741823,1073741823,1073741823,1073741823:g6
1073740799,1073741823,1073741823,1073741823,1073740799,1073741823,1073715199,1073700863,1056833535,1073479679,1073741823,1073741823,1073741823,1073741823,1073741823:h9
1073740799,1073741823,1073741823,1073741823,1073725439,1073741823,1073715199,1073700863,1056833535,1073479679,1073741823,1073741823,1073741823,1073741823,1073741823:h9
1073740799,1073741823,1073741823,1073741823,1073741823,1073741823,1073715199,1073700863,1056832511,1073479679,1073741823,1073741823,1073741823,1073741823,1073741823:i10
1073740799,1073741823,1073741823,1073741823,1073741823,1073741823,1073715199,1073700863,1056833535,1073479679,1073741823,1073725439,1073741823,1073741823,1073741823:h9
1073740799,1073741823,1073741823,1073741823,1073741823,1073741823,1073715199,1073700863,1056833535,1072431103,1073741823,1073741823,1073741823,1073741823,1073741823:i10
1073740799,1073741823,1073741823,1073741823,1073741823,1073741823,1073715199,1073700863,1056833535,1073479679,1073741823,1069547519,1073741823,1073741823,1073741823:h9
1073740799,1073741823,1073741823,1073741823,1073741823,1073741823,1073715199,1073700863,1056833535,1073479679,1073741823,1073479679,1073741823,1073741823,1073741823:h9
1073740799,1073741823,1073741823,1073741823,1073741823,1073741823,1073715199,1073700863,1056833535,1073479679,1073479679,1073741823,1073741823,1073741823,1073741823:h9
1073740799,1073741823,1073741823,1073741823,1073741823,1073741823,1073715199,1073700863,1056833279,1073479679,1073741823,1073741823,1073741823,1073741823,1073741823:h9
1073740799,1073741823,1073741823,1073741823,1073741823,1073741823,1073714943,1073700863,1056833535,1073479679,1073741823,1073741823,1073741823,1073741823,1073741823:h9
1073740799,1073741823,1073741823,1073741823,1073741567,1073741823,1073715199,1073700863,1056833535,1073479679,1073741823,1073741823,1073741823,1073741823,1073741823:h9
1073740799,1073741823,1073741823,1073741823,1073737727,1073741823,1073715199,1073700863,1056833535,1073479679,1073741823,1073741823,1073741823,1073741823,1073741823:h9
1073740799,1073741823,1073741823,1073741823,1073741823,1073737727,1073715199,1073700863,1056833535,1073479679,1073741823,1073741823,1073741823,1073741823,1073741823:h9
1073740799,1073741823,1073741823,1073741823,1073676287,1073741823,1073715199,1073700863,1056833535,1073479679,1073741823,1073741823,1073741823,1073741823,1073741823:h9
1073740799,1073741823,1073741823,1073741823,1073741823,1073741823,1073715199,1073700863,1056833535,1069285375,1073741823,1073741823,1073741823,1073741823,1073741823:i10
1073740799,1073741823,1073741823,1073741823,1073741823,1073741823,1073715199,1073700863,1052639231,1073479679,1073741823,1073741823,1073741823,1073741823,1073741823:h9
1073740799,1073741823,1073741823,1073741823,1073741823,1073741823,1073715199,1069506559,1056833535,1073479679,1073741823,1073741823,1073741823,1073741823,1073741823:h9
1073740799,1073741823,1073741823,1073741823,1073741823,1073741823,1056937983,1073700863,1056833535,1073479679,1073741823,1073741823,1073741823,1073741823,1073741823:h9
1073740799,1073741823,1073741823,1073741823,1073741823,1073741823,1073715199,1056923647,1056833535,1073479679,1073741823,1073741823,1073741823,1073741823,1073741823:h9
1073740799,1073741823,1073741823,1073741823,1073741823,1073741823,805279743,1073700863,1056833535,1073479679,1073741823,1073741823,1073741823,1073741823,1073741823:h9
1073740799,1073741823,1073741823,1073741823,1073741823,1073741823,1073715199,1006591999,1056833535,1073479679,1073741823,1073741823,1073741823,1073741823,1073741823:h9
1073740799,1073741823,1073741823,1073741823,1073741823,1073741823,1073715199,1073700863,788398079,1073479679,1073741823,1073741823,1073741823,1073741823,1073741823:h9
1073740799,1073741823,1073741823,1073741823,1073741823,1073741823,1073715199,1073700863,989724671,1073479679,1073741823,1073741823,1073741823,1073741823,1073741823:h9
1073740799,1073741823,1073741823,1073741823,1073741823,1073741823,1073715199,1073700863,1056833535,1073479679,805306367,1073741823,1073741823,1073741823,1073741823:h9
1073740799,1073741823,1073741823,1073741823,1073741823,1073741823,1073715199,1073700863,1056833535,1006370815,1073741823,1073741823,1073741823,1073741823,1073741823:h9
1073740799,1073741823,1073741823,1073741823,1073741823,1073741823,1073715199,1073700863,1056833535,1073479679,1056964607,1073741823,1073741823,1073741823,1073741823:h9
1073740799,1073741823,1073741823,1073741823,1073741823,1073741823,1073715199,1073700863,1056833535,1056702463,1073741823,1073741823,1073741823,1073741823,1073741823:i10
1073740799,1073741823,1073741823,1073741823,1073741823,1073741823,1073715199,1073700863,1056833535,1073479679,1073737727,1073741823,1073741823,1073741823,1073741823:h9
1073740799,1073741823,1073741823,1073741823,1073741823,1073741823,1072666623,1073700863,1056833535,1073479679,1073741823,1073741823,1073741823,1073741823,1073741823:h9
1073740799,1073741823,1073741823,1073741823,1073741823,1073741823,1073715199,1073700863,1055784959,1073479679,1073741823,1073741823,1073741823,1073741823,1073741823:h9
1073740799,1073741823,1073741823,1073741823,1073741823,1073741823,1073715199,1073700863,1056571391,1073479679,1073741823,1073741823,1073741823,1073741823,1073741823:g6
1073740799,1073741823,1073741823,1073741823,1073741823,1073741823,1073715199,1073700863,1056833535,1073479679,1072693247,1073741823,1073741823,1073741823,1073741823:h9
1073740799,1073741823,1073741823,1073741823,1073741823,1073741823,1073715199,1073700863,1056833535,1073479679,1073676287,1073741823,1073741823,1073741823,1073741823:h9
1073740799,1073741823,1073741823,1073741823,1073741823,1073741823,1073715199,1073700863,1056833535,1073414143,1073741823,1073741823,1073741823,1073741823,1073741823:g6
1073740799,1073741823,1073741759,1073741823,1073741823,1073741823,1073715199,1073700863,1056833535,1073479679,1073741823,1073741823,1073741823,1073741823,1073741823:h9
1073740799,1073741567,1073741823,1073741823,1073741823,1073741823,1073715199,1073700863,1056833535,1073479679,1073741823,1073741823,1073741823,1073741823,1073741823:h9
1073740735,1073741823,1073741823,1073741823,1073741823,1073741823,1073715199,1073700863,1056833535,1073479679,1073741823,1073741823,1073741823,1073741823,1073741823:h9
1073740543,1073741823,1073741823,1073741823,1073741823,1073741823,1073715199,1073700863,1056833535,1073479679,1073741823,1073741823,1073741823,1073741823,1073741823:h9
1073724415,1073741823,1073741823,1073741823,1073741823,1073741823,1073715199,1073700863,1056833535,1073479679,1073741823,1073741823,1073741823,1073741823,1073741823:h9
1073736703,1073741823,1073741823,1073741823,1073741823,1073741823,1073715199,1073700863,1056833535,1073479679,1073741823,1073741823,1073741823,1073741823,1073741823:h9
1073740799,1073741823,1073725439,1073741823,1073741823,1073741823,1073715199,1073700863,1056833535,1073479679,1073741823,1073741823,1073741823,1073741823,1073741823:h9
1073740799,1073737727,1073741823,1073741823,1073741823,1073741823,1073715199,1073700863,1056833535,1073479679,1073741823,1073741823,1073741823,1073741823,1073741823:h9
1073740799,1073741823,1073740799,1073741823,1073741823,1073741823,1073715199,1073700863,1056833535,1073479679,1073741823,1073741823,1073741823,1073741823,1073741823:h9
1073740799,1073740799,1073741823,1073741823,1073741823,1073741823,1073715199,1073700863,1056833535,1073479679,1073741823,1073741823,1073741823,1073741823,1073741823:h9
1073740799,1073741823,1073741823,1073741823,1073741823,1073741823,1073715199,1073700863,1056833535,1073478655,1073741823,1073741823,1073741823,1073741823,1073741823:i10
1073740799,1073741823,1073741823,1073741823,1073741823,1073741823,1073715199,1073700863,1056829439,1073479679,1073741823,1073741823,1073741823,1073741823,1073741823:i10
1073740799,1073741823,1073741823,1073741823,1073741823,1073741823,1073715199,1073699839,1056833535,1073479679,1073741823,1073741823,1073741823,1073741823,1073741823:h9
1073740799,1073741823,1073741823,1073741823,1073741823,1073740799,1073715199,1073700863,1056833535,1073479679,1073741823,1073741823,1073741823,1073741823,1073741823:h9
1073740799,1073741823,1073741823,1073741823,1073741823,1073725439,1073715199,1073700863,1056833535,1073479679,1073741823,1073741823,1073741823,1073741823,1073741823:h9
1073740799,1073741823,1073741823,1073741823,1073741823,1073479679,1073715199,1073700863,1056833535,1073479679,1073741823,1073741823,1073741823,1073741823,1073741823:h9
1073740799,1073741823,1073741823,1073741823,1073741823,1073741823,1073649663,1073700863,1056833535,1073479679,1073741823,1073741823,1073741823,1073741823,1073741823:h9
1073740799,1073741823,1073741823,1073741823,1073741823,1073741823,1073715199,1073438719,1056833535,1073479679,1073741823,1073741823,1073741823,1073741823,1073741823:h9
1073740799,1073741823,1073741823,1073741823,1073741823,1073741823,1073715199,1073635327,1056833535,1073479679,1073741823,1073741823,1073741823,1073741823,1073741823:h9
1073740799,1073741823,1073741823,1073741823,1073741823,1073741823,1073715199,1073700863,1056833535,1073463295,1073741823,1073741823,1073741823,1073741823,1073741823:i10
1073740799,1073741823,1073741823,1073741823,1073741823,1073741823,1073715199,1073700863,1056817151,1073479679,1073741823,1073741823,1073741823,1073741823,1073741823:g6
1073740799,1073741823,1073741823,1073741823,1073741823,1073479679,1073731583,1073709055,1056833535,1073479679,1073741823,1073741823,1073741823,1073741823,1073741823:h7
1073740799,1073741823,1073741823,1073741823,1073741823,1073741823,1073666047,1073709055,1056833535,1073479679,1073741823,1073741823,1073741823,1073741823,1073741823:f6
1073740799,1073741823,1073741823,1073741823,1073741823,1073741823,1073731583,1073446911,1056833535,1073479679,1073741823,1073741823,1073741823,1073741823,1073741823:h7
1073740799,1073741823,1073741823,1073741823,1073741823,1073741823,1073731583,1073643519,1056833535,1073479679,1073741823,1073741823,1073741823,1073741823,1073741823:h7
1073740799,1073741823,1073741823,1073741823,1073741823,1073741823,1073731583,1073709055,1056833535,1073463295,1073741823,1073741823,1073741823,1073741823,1073741823:h7
1073740799,1073741823,1073741823,1073741823,1073741823,1073741823,1073731583,1073709055,1056817151,1073479679,1073741823,1073741823,1073741823,1073741823,1073741823:i7
1073740799,1073741823,1073741823,1073741823,1073741823,1073741823,1073733631,1073709055,1056833535,1073725439,1073741823,1073741823,1073741823,1073741823,1073741823:f6
1073740799,1073741823,1073741823,1073741823,1073741823,1073741823,1073733631,1073709055,1056817151,1073741823,1073741823,1073741823,1073741823,1073741823,1073741823:f6
