1073741823,1073741823,1069547519,1069547519,1071120383,1071054847,1073332223,1073709055,1073737727,1073741823,1073741823,1073741823,1073741823,1073741823,1073741823:k4
1073741823,1073676287,1069547519,1067450367,1071120383,1071054847,1073332223,1073709055,1073737727,1073741823,1073741823,1073741823,1073741823,1073741823,1073741823:k3
1073479679,1073741823,1069547519,1067450367,1071120383,1071054847,1073332223,1073709055,1073737727,1073741823,1073741823,1073741823,1073741823,1073741823,1073741823:k3
1073741823,1072693247,1069547519,1067450367,1071120383,1071054847,1073332223,1073709055,1073737727,1073741823,1073741823,1073741823,1073741823,1073741823,1073741823:k7
1069547519,1073741823,1069547519,1067450367,1071120383,1071054847,1073332223,1073709055,1073737727,1073741823,1073741823,1073741823,1073741823,1073741823,1073741823:k3
1006632959,1073741823,1069547519,1067450367,1071120383,1071054847,1073332223,1073709055,1073737727,1073741823,1073741823,1073741823,1073741823,1073741823,1073741823:k3
1073741823,1056964607,1069547519,1067450367,1071120383,1071054847,1073332223,1073709055,1073737727,1073741823,1073741823,1073741823,1073741823,1073741823,1073741823:k3
1073741823,1073741823,1002438655,1067450367,1071120383,1071054847,1073332223,1073709055,1073737727,1073741823,1073741823,1073741823,1073741823,1073741823,1073741823:k3
1073741823,1073741823,1069547519,1067450367,1004011519,1071054847,1073332223,1073709055,1073737727,1073741823,1073741823,1073741823,1073741823,1073741823,1073741823:k3
1073741823,1073741823,1069547519,1067450367,1071120383,1054277631,1073332223,1073709055,1073737727,1073741823,1073741823,1073741823,1073741823,1073741823,1073741823:k3
1073741823,1073741823,1069547519,1067450367,1071120383,1071054847,1073332223,1056931839,1073737727,1073741823,1073741823,1073741823,1073741823,1073741823,1073741823:k3
1073741823,1073479679,1069547519,1067450367,1071120383,1071054847,1073332223,1073709055,1073737727,1073741823,1073741823,1073741823,1073741823,1073741823,1073741823:k3
1073741823,1069547519,1069547519,1067450367,1071120383,1071054847,1073332223,1073709055,1073737727,1073741823,1073741823,1073741823,1073741823,1073741823,1073741823:k3
1073741823,1006632959,1069547519,1067450367,1071120383,1071054847,1073332223,1073709055,1073737727,1073741823,1073741823,1073741823,1073741823,1073741823,1073741823:k3
1073741823,1073741823,1069547519,1000341503,1071120383,1071054847,1073332223,1073709055,1073737727,1073741823,1073741823,1073741823,1073741823,1073741823,1073741823:k3
1073741823,1073741823,1069547519,1050673151,1071120383,1071054847,1073332223,1073709055,1073737727,1073741823,1073741823,1073741823,1073741823,1073741823,1073741823:k3
1073741823,1073741823,1069547519,1067450367,1071120383,1003945983,1073332223,1073709055,1073737727,1073741823,1073741823,1073741823,1073741823,1073741823,1073741823:k3
1073741823,1073741823,1069481983,1067450367,1071120383,1071054847,1073332223,1073709055,1073737727,1073741823,1073741823,1073741823,1073741823,1073741823,1073741823:k3
1073741823,1073741823,1068498943,1067450367,1071120383,1071054847,1073332223,1073709055,1073737727,1073741823,1073741823,1073741823,1073741823,1073741823,1073741823:l7
1073741823,1073741823,1068498943,1067450367,1071120383,1071054847,997834751,1073709055,1073737727,1073741823,1073741823,1073741823,1073741823,1073741823,1073741823:i4
1073741823,1073741823,1068498943,1067450367,1071120383,1071054847,1064943615,1073709055,1006628863,1073741823,1073741823,1073741823,1073741823,1073741823,1073741823:k8
1073676287,1073741823,1068498943,1067450367,1071120383,1071054847,1064943615,1073709055,1073737727,1073741823,1073741823,1073741823,1073741823,1073741823,1073741823:i4
1072693247,1073741823,1068498943,1067450367,1071120383,1071054847,1064943615,1073709055,1073737727,1073741823,1073741823,1073741823,1073741823,1073741823,1073741823:k8
1056964607,1073741823,1068498943,1067450367,1071120383,1071054847,1064943615,1073709055,1073737727,1073741823,1073741823,1073741823,1073741823,1073741823,1073741823:k8
1073741823,1073676287,1068498943,1067450367,1071120383,1071054847,1064943615,1073709055,1073737727,1073741823,1073741823,1073741823,1073741823,1073741823,1073741823:k8
1073479679,1073741823,1068498943,1067450367,1071120383,1071054847,1064943615,1073709055,1073737727,1073741823,1073741823,1073741823,1073741823,1073741823,1073741823:k8
1073741823,1072693247,1068498943,1067450367,1071120383,1071054847,1064943615,1073709055,1073737727,1073741823,1073741823,1073741823,1073741823,1073741823,1073741823:i4
1069547519,1073741823,1068498943,1067450367,1071120383,1071054847,1064943615,1073709055,1073737727,1073741823,1073741823,1073741823,1073741823,1073741823,1073741823:i4
1006632959,1073741823,1068498943,1067450367,1071120383,1071054847,1064943615,1073709055,1073737727,1073741823,1073741823,1073741823,1073741823,1073741823,1073741823:k8
1073741823,1056964607,1068498943,1067450367,1071120383,1071054847,1064943615,1073709055,1073737727,1073741823,1073741823,1073741823,1073741823,1073741823,1073741823:k8
1073741823,1073741823,1001390079,1067450367,1071120383,1071054847,1064943615,1073709055,1073737727,1073741823,1073741823,1073741823,1073741823,1073741823,1073741823:i4
1073741823,1073741823,1068498943,1067450367,1004011519,1071054847,1064943615,1073709055,1073737727,1073741823,1073741823,1073741823,1073741823,1073741823,1073741823:i4
1073741823,1073741823,1068498943,1067450367,1071120383,1054277631,1064943615,1073709055,1073737727,1073741823,1073741823,1073741823,1073741823,1073741823,1073741823:i4
1073741823,1073741823,1068498943,1067450367,1071120383,1071054847,1064943615,1056931839,1073737727,1073741823,1073741823,1073741823,1073741823,1073741823,1073741823:k8
1073741823,1073479679,1068498943,1067450367,1071120383,1071054847,1064943615,1073709055,1073737727,1073741823,1073741823,1073741823,1073741823,1073741823,1073741823:i4
1073741823,1069547519,1068498943,1067450367,1071120383,1071054847,1064943615,1073709055,1073737727,1073741823,1073741823,1073741823,1073741823,1073741823,1073741823:i4
1073741823,1006632959,1068498943,1067450367,1071120383,1071054847,1064943615,1073709055,1073737727,1073741823,1073741823,1073741823,1073741823,1073741823,1073741823:k8
1073741823,1073741823,1068498943,1000341503,1071120383,1071054847,1064943615,1073709055,1073737727,1073741823,1073741823,1073741823,1073741823,1073741823,1073741823:k8
1073741823,1073741823,1068498943,1050673151,1071120383,1071054847,1064943615,1073709055,1073737727,1073741823,1073741823,1073741823,1073741823,1073741823,1073741823:i4
1073741823,1073741823,1068498943,1067450367,1071120383,1003945983,1064943615,1073709055,1073737727,1073741823,1073741823,1073741823,1073741823,1073741823,1073741823:i4
1073741823,1073741823,1068433407,1067450367,1071120383,1071054847,1064943615,1073709055,1073737727,1073741823,1073741823,1073741823,1073741823,1073741823,1073741823:i4
1073741823,1073741823,1051721727,1067450367,1071120383,1071054847,1064943615,1073709055,1073737727,1073741823,1073741823,1073741823,1073741823,1073741823,1073741823:i4
1073741823,1073741823,1068498943,1067450367,1054343167,1071054847,1064943615,1073709055,1073737727,1073741823,1073741823,1073741823,1073741823,1073741823,1073741823:i4
1073741823,1073741823,1068498943,1067450367,1071120383,1071054847,1048166399,1073709055,1073737727,1073741823,1073741823,1073741823,1073741823,1073741823,1073741823:k8
1073741823,1073741823,1068498943,1067450367,1071120383,1071054847,1064943615,1073709055,1069543423,1073741823,1073741823,1073741823,1073741823,1073741823,1073741823:k8
1073741823,1073741823,1068482559,1067450367,1071120383,1071054847,1064943615,1073709055,1073737727,1073741823,1073741823,1073741823,1073741823,1073741823,1073741823:m8
1073741823,1073741823,1068236799,1067450367,1071120383,1071054847,1064943615,1073709055,1073737727,1073741823,1073741823,1073741823,1073741823,1073741823,1073741823:i4
1073741823,1073741823,1068498943,1067450367,1066926079,1071054847,1064943615,1073709055,1073737727,1073741823,1073741823,1073741823,1073741823,1073741823,1073741823:i4
1073741823,1073741823,1068498943,1067450367,1071120383,1071054847,1064943615,1073709055,1073737727,1073741823,1073741567,1073741823,1073741823,1073741823,1073741823:k8
1073741823,1073741823,1068498943,1067450367,1071120383,1071054847,1064943615,1073709055,1073737471,1073741823,1073741823,1073741823,1073741823,1073741823,1073741823:k8
1073741823,1073741823,1068498943,1067450367,1071120383,1071054847,1064943359,1073709055,1073737727,1073741823,1073741823,1073741823,1073741823,1073741823,1073741823:k8
1073741823,1073741823,1068498943,1067450367,1071120383,1071054847,1064943615,1073709055,1073737727,1073741823,1073676287,1073741823,1073741823,1073741823,1073741823:k8
1073741823,1073741823,1068498943,1067450367,1071120383,1071054847,1064943615,1073709055,1073737727,1073741823,1073737727,1073741823,1073741823,1073741823,1073741823:k8
1073741823,1073741823,1068498943,1067450367,1071120383,1071054847,1064943615,1073709055,1073737727,1073737727,1073741823,1073741823,1073741823,1073741823,1073741823:k8
1073741823,1073741823,1068498943,1067433983,1071120383,1071054847,1064943615,1073709055,1073737727,1073741823,1073741823,1073741823,1073741823,1073741823,1073741823:k8
1073741823,1073741823,1068498943,1067188223,1071120383,1071054847,1064943615,1073709055,1073737727,1073741823,1073741823,1073741823,1073741823,1073741823,1073741823:k8
1073741823,1073741823,1068498943,1067450367,1071120383,1066860543,1064943615,1073709055,1073737727,1073741823,1073741823,1073741823,1073741823,1073741823,1073741823:i4
1073741823,1073741823,1068498943,1067450367,1071120383,1071054847,1064943615,1069514751,1073737727,1073741823,1073741823,1073741823,1073741823,1073741823,1073741823:k8
1073741823,1073741823,1068498943,1067446271,1071120383,1071054847,1064943615,1073709055,1073737727,1073741823,1073741823,1073741823,1073741823,1073741823,1073741823:i4
1073741823,1073741823,1068498943,1067384831,1071120383,1071054847,1064943615,1073709055,1073737727,1073741823,1073741823,1073741823,1073741823,1073741823,1073741823:k8
1073741823,1073741823,1068498943,1067450367,1071120383,1071054847,1064943615,1072660479,1073737727,1073741823,1073741823,1073741823,1073741823,1073741823,1073741823:i4
1073741823,1073741823,1068498943,1067450367,1071116287,1071054847,1064943615,1073709055,1073737727,1073741823,1073741823,1073741823,1073741823,1073741823,1073741823:k8
1073741823,1073741823,1068498943,1067450367,1071054847,1071054847,1064943615,1073709055,1073737727,1073741823,1073741823,1073741823,1073741823,1073741823,1073741823:i4
1073741823,1073741823,1068498943,1067450367,1071120383,1071054847,1063895039,1073709055,1073737727,1073741823,1073741823,1073741823,1073741823,1073741823,1073741823:i4
1073741823,1073741823,1068498943,1067450367,1071120383,1071054847,1064943615,1073709055,1072689151,1073741823,1073741823,1073741823,1073741823,1073741823,1073741823:i4
1073741823,1073741823,1068498943,1067450367,1071120383,1071054847,1064943615,1073709055,1073736703,1073741823,1073741823,1073741823,1073741823,1073741823,1073741823:i4
1073741823,1073741823,1068498943,1067450367,1071120383,1071054847,1064942591,1073709055,1073737727,1073741823,1073741823,1073741823,1073741823,1073741823,1073741823:k8
1073741823,1073741823,1068498943,1067450367,1071119359,1071054847,1064943615,1073709055,1073737727,1073741823,1073741823,1073741823,1073741823,1073741823,1073741823:i4
1073741823,1073741823,1068498943,1067450367,1071120383,1071050751,1064943615,1073709055,1073737727,1073741823,1073741823,1073741823,1073741823,1073741823,1073741823:i4
1073741823,1073741823,1068498943,1067450367,1071103999,1071054847,1064943615,1073709055,1073737727,1073741823,1073741823,1073741823,1073741823,1073741823,1073741823:i4
1073741823,1073741823,1068498943,1067450367,1071120383,1071054847,1064943615,1073709055,1073475583,1073741823,1073741823,1073741823,1073741823,1073741823,1073741823:i4
1073741823,1073741823,1068498943,1067450367,1071120383,1071054847,1064943615,1073709055,1073737727,1073740799,1073741823,1073741823,1073741823,1073741823,1073741823:k8
1073741823,1073741823,1068498943,1067450367,1071120383,1071054847,1064943615,1073708031,1073737727,1073741823,1073741823,1073741823,1073741823,1073741823,1073741823:k8
1073741823,1073741823,1068498943,1067450367,1071120383,1071054847,1064943615,1073704959,1073737727,1073741823,1073741823,1073741823,1073741823,1073741823,1073741823:i4
1073741823,1073741823,1068498943,1067450367,1071120383,1071053823,1064943615,1073709055,1073737727,1073741823,1073741823,1073741823,1073741823,1073741823,1073741823:k8
1073741823,1073741823,1068498943,1067450367,1071120383,1071054847,1064939519,1073709055,1073737727,1073741823,1073741823,1073741823,1073741823,1073741823,1073741823:k8
1073741823,1073741823,1068498943,1067450367,1071120383,1071038463,1064943615,1073709055,1073737727,1073741823,1073741823,1073741823,1073741823,1073741823,1073741823:k8
1073741823,1073741823,1068498943,1067450367,1071120383,1071054847,1064943615,1073446911,1073737727,1073741823,1073741823,1073741823,1073741823,1073741823,1073741823:k8
1073741823,1073741823,1068498943,1067450367,1071120383,1071054847,1064943615,1073643519,1073737727,1073741823,1073741823,1073741823,1073741823,1073741823,1073741823:i4
1073741823,1073741823,1068498943,1067450367,1071120383,1071054847,1064943615,1073709055,1073737727,1073479679,1073741823,1073741823,1073741823,1073741823,1073741823:i4
1073741823,1073741823,1068498943,1067450367,1071120383,1071054847,1064943615,1073709055,1073672191,1073741823,1073741823,1073741823,1073741823,1073741823,1073741823:i4
1073741823,1073741823,1068498943,1067450367,1071120383,1071054847,1064943615,1073709055,1073737727,1073725439,1073741823,1073741823,1073741823,1073741823,1073741823:k8
1073741823,1073741823,1068498943,1067450367,1071120383,1071054847,1064943615,1073709055,1073721343,1073741823,1073741823,1073741823,1073741823,1073741823,1073741823:i4
1073741823,1073741823,1052770303,1067450367,1071120383,1071054847,1073332223,1073709055,1073737727,1073741823,1073741823,1073741823,1073741823,1073741823,1073741823:k3
1073741823,1073741823,1069547519,1067450367,1054343167,1071054847,1073332223,1073709055,1073737727,1073741823,1073741823,1073741823,1073741823,1073741823,1073741823:k3
1073741823,1073741823,1069547519,1067450367,1071120383,1071054847,1056555007,1073709055,1073737727,1073741823,1073741823,1073741823,1073741823,1073741823,1073741823:k3
1073741823,1073741823,1069547519,1067450367,1071120383,1071054847,1073332223,1073709055,1069543423,1073741823,1073741823,1073741823,1073741823,1073741823,1073741823:k3
1073741823,1073741823,1069531135,1067450367,1071120383,1071054847,1073332223,1073709055,1073737727,1073741823,1073741823,1073741823,1073741823,1073741823,1073741823:k3
1073741823,1073741823,1069285375,1067450367,1071120383,1071054847,1073332223,1073709055,1073737727,1073741823,1073741823,1073741823,1073741823,1073741823,1073741823:k3
1073741823,1073741823,1069547519,1067450367,1066926079,1071054847,1073332223,1073709055,1073737727,1073741823,1073741823,1073741823,1073741823,1073741823,1073741823:k3
1073741823,1073741823,1069547519,1067450367,1071120383,1071054847,1069137919,1073709055,1073737727,1073741823,1073741823,1073741823,1073741823,1073741823,1073741823:k3
1073741823,1073741823,1069547519,1067450367,1071120383,1071054847,1073332223,1073709055,1073737727,1073741823,1073741567,1073741823,1073741823,1073741823,1073741823:k3
1073741823,1073741823,1069547519,1067450367,1071120383,1071054847,1073332223,1073709055,1073737471,1073741823,1073741823,1073741823,1073741823,1073741823,1073741823:k3
1073741823,1073741823,1069547519,1067450367,1071120383,1071054847,1073331967,1073709055,1073737727,1073741823,1073741823,1073741823,1073741823,1073741823,1073741823:k3
1073741823,1073741823,1069547519,1067450367,1071120383,1071054847,1073332223,1073709055,1073737727,1073741823,1073676287,1073741823,1073741823,1073741823,1073741823:k3
1073741823,1073741823,1069547519,1067450367,1071120383,1071054847,1073332223,1073709055,1073737727,1073741823,1073737727,1073741823,1073741823,1073741823,1073741823:k3
1073741823,1073741823,1069547519,1067450367,1071120383,1071054847,1073332223,1073709055,1073737727,1073737727,1073741823,1073741823,1073741823,1073741823,1073741823:k3
1073741823,1073741823,1069547519,1067433983,1071120383,1071054847,1073332223,1073709055,1073737727,1073741823,1073741823,1073741823,1073741823,1073741823,1073741823:k3
1073741823,1073741823,1069547519,1067188223,1071120383,1071054847,1073332223,1073709055,1073737727,1073741823,1073741823,1073741823,1073741823,1073741823,1073741823:k3
1073741823,1073741823,1069547519,1067450367,1071120383,1066860543,1073332223,1073709055,1073737727,1073741823,1073741823,1073741823,1073741823,1073741823,1073741823:k3
1073741823,1073741823,1069547519,1067450367,1071120383,1071054847,1073332223,1069514751,1073737727,1073741823,1073741823,1073741823,1073741823,1073741823,1073741823:k3
1073741823,1073741823,1069547519,1067446271,1071120383,1071054847,1073332223,1073709055,1073737727,1073741823,1073741823,1073741823,1073741823,1073741823,1073741823:k3
1073741823,1073741823,1069547519,1067384831,1071120383,1071054847,1073332223,1073709055,1073737727,1073741823,1073741823,1073741823,1073741823,1073741823,1073741823:k3
1073741823,1073741823,1069547519,1067450367,1071120383,1071054847,1073332223,1072660479,1073737727,1073741823,1073741823,1073741823,1073741823,1073741823,1073741823:k3
1073741823,1073741823,1069547519,1067450367,1071116287,1071054847,1073332223,1073709055,1073737727,1073741823,1073741823,1073741823,1073741823,1073741823,1073741823:k3
1073741823,1073741823,1069547519,1067450367,1071054847,1071054847,1073332223,1073709055,1073737727,1073741823,1073741823,1073741823,1073741823,1073741823,1073741823:k3
1073741823,1073741823,1069547519,1067450367,1071120383,1071054847,1072283647,1073709055,1073737727,1073741823,1073741823,1073741823,1073741823,1073741823,1073741823:l5
1073741823,1073741823,1069547519,1067450367,1071120383,1071054847,1073332223,1073709055,1072689151,1073741823,1073741823,1073741823,1073741823,1073741823,1073741823:k3
1073741823,1073741823,1069547519,1067450367,1071120383,1071054847,1073332223,1073709055,1073736703,1073741823,1073741823,1073741823,1073741823,1073741823,1073741823:k3
1073741823,1073741823,1069547519,1067450367,1071120383,1071054847,1073331199,1073709055,1073737727,1073741823,1073741823,1073741823,1073741823,1073741823,1073741823:k3
1073741823,1073741823,1069547519,1067450367,1071119359,1071054847,1073332223,1073709055,1073737727,1073741823,1073741823,1073741823,1073741823,1073741823,1073741823:k3
1073741823,1073741823,1069547519,1067450367,1071120383,1071050751,1073332223,1073709055,1073737727,1073741823,1073741823,1073741823,1073741823,1073741823,1073741823:k3
1073741823,1073741823,1069547519,1067450367,1071103999,1071054847,1073332223,1073709055,1073737727,1073741823,1073741823,1073741823,1073741823,1073741823,1073741823:k3
1073741823,1073741823,1069547519,1067450367,1071120383,1071054847,1073332223,1073709055,1073475583,1073741823,1073741823,1073741823,1073741823,1073741823,1073741823:k3
1073741823,1073741823,1069547519,1067450367,1071120383,1071054847,1073332223,1073709055,1073737727,1073740799,1073741823,1073741823,1073741823,1073741823,1073741823:k3
1073741823,1073741823,1069547519,1067450367,1071120383,1071054847,1073332223,1073708031,1073737727,1073741823,1073741823,1073741823,1073741823,1073741823,1073741823:k3
1073741823,1073741823,1069547519,1067450367,1071120383,1071054847,1073332223,1073704959,1073737727,1073741823,1073741823,1073741823,1073741823,1073741823,1073741823:k3
1073741823,1073741823,1069547519,1067450367,1071120383,1071053823,1073332223,1073709055,1073737727,1073741823,1073741823,1073741823,1073741823,1073741823,1073741823:k3
1073741823,1073741823,1069547519,1067450367,1071120383,1071054847,1073328127,1073709055,1073737727,1073741823,1073741823,1073741823,1073741823,1073741823,1073741823:k3
1073741823,1073741823,1069547519,1067450367,1071120383,1071038463,1073332223,1073709055,1073737727,1073741823,1073741823,1073741823,1073741823,1073741823,1073741823:k3
1073741823,1073741823,1069547519,1067450367,1071120383,1071054847,1073332223,1073446911,1073737727,1073741823,1073741823,1073741823,1073741823,1073741823,1073741823:k3
1073741823,1073741823,1069547519,1067450367,1071120383,1071054847,1073332223,1073643519,1073737727,1073741823,1073741823,1073741823,1073741823,1073741823,1073741823:k3
1073741823,1073741823,1069547519,1067450367,1071120383,1071054847,1073332223,1073709055,1073737727,1073479679,1073741823,1073741823,1073741823,1073741823,1073741823:k3
1073741823,1073741823,1069547519,1067450367,1071120383,1071054847,1073332223,1073709055,1073672191,1073741823,1073741823,1073741823,1073741823,1073741823,1073741823:k3
1073741823,1073741823,1069547519,1067450367,1071120383,1071054847,1073332223,1073709055,1073737727,1073725439,1073741823,1073741823,1073741823,1073741823,1073741823:k3
1073741823,1073741823,1069547519,1067450367,1071120383,1071054847,1073332223,1073709055,1073721343,1073741823,1073741823,1073741823,1073741823,1073741823,1073741823:k3
