1073741823,1073741823,1073741823,1069547519,1071054847,1071054847,1073332223,1073709055,1073737727,1073741823,1073741823,1073741823,1073741823,1073741823,1073741823:k8
1073741823,1073741823,1073741823,1069547519,1071054847,1071054847,1073332223,1071611903,1073737727,1073676287,1073741823,1073741823,1073741823,1073741823,1073741823:l7
1073741823,1073741823,1073741823,1069547519,1071054847,1071054847,1073332223,1071611903,1073737727,1056964607,1073741823,1073741823,1073741823,1073741823,1073741823:l7
1073741823,1073741823,1073741823,1069547519,1071054847,1071054847,1073332223,1071611903,1073737727,1072693247,1073741823,1073741823,1073741823,1073741823,1073741823:m8
1073741823,1073741823,1073737727,1069547519,1071054847,1071054847,1073332223,1071611903,1073737727,1073741823,1073741823,1073741823,1073741823,1073741823,1073741823:k7
1073741823,1073741823,1073741823,1069547519,1071054847,1054277631,1073332223,1071611903,1073737727,1073741823,1073741823,1073741823,1073741823,1073741823,1073741823:m8
1073741823,1073741823,1073741823,1069547519,1071054847,1071054847,1073332223,1054834687,1073737727,1073741823,1073741823,1073741823,1073741823,1073741823,1073741823:k7
1073741823,1073479679,1073741823,1069547519,1071054847,1071054847,1073332223,1071611903,1073737727,1073741823,1073741823,1073741823,1073741823,1073741823,1073741823:k7
1073741823,1069547519,1073741823,1069547519,1071054847,1071054847,1073332223,1071611903,1073737727,1073741823,1073741823,1073741823,1073741823,1073741823,1073741823:k7
1073741823,1006632959,1073741823,1069547519,1071054847,1071054847,1073332223,1071611903,1073737727,1073741823,1073741823,1073741823,1073741823,1073741823,1073741823:m8
1073741823,1073741823,1073741823,1002438655,1071054847,1071054847,1073332223,1071611903,1073737727,1073741823,1073741823,1073741823,1073741823,1073741823,1073741823:m8
1073741823,1073741823,1073741823,1052770303,1071054847,1071054847,1073332223,1071611903,1073737727,1073741823,1073741823,1073741823,1073741823,1073741823,1073741823:k7
1073741823,1073741823,1073741823,1069547519,1071054847,1003945983,1073332223,1071611903,1073737727,1073741823,1073741823,1073741823,1073741823,1073741823,1073741823:m8
1073741823,1073741823,1073676287,1069547519,1071054847,1071054847,1073332223,1071611903,1073737727,1073741823,1073741823,1073741823,1073741823,1073741823,1073741823:k7
1073741823,1073741823,1072693247,1069547519,1071054847,1071054847,1073332223,1071611903,1073737727,1073741823,1073741823,1073741823,1073741823,1073741823,1073741823:k7
1073741823,1073741823,1056964607,1069547519,1071054847,1071054847,1073332223,1071611903,1073737727,1073741823,1073741823,1073741823,1073741823,1073741823,1073741823:l7
1073741823,1073741823,1073741823,1069547519,1054277631,1071054847,1073332223,1071611903,1073737727,1073741823,1073741823,1073741823,1073741823,1073741823,1073741823:m8
1073741823,1073741823,1073741823,1069547519,1071054847,1071054847,1056555007,1071611903,1073737727,1073741823,1073741823,1073741823,1073741823,1073741823,1073741823:l7
1073741823,1073741823,1073741823,1069547519,1071054847,1071054847,1073332223,1071611903,1069543423,1073741823,1073741823,1073741823,1073741823,1073741823,1073741823:m8
1073741823,1073741823,1073725439,1069547519,1071054847,1071054847,1073332223,1071611903,1073737727,1073741823,1073741823,1073741823,1073741823,1073741823,1073741823:k7
1073741823,1073741823,1073479679,1069547519,1071054847,1071054847,1073332223,1071611903,1073737727,1073741823,1073741823,1073741823,1073741823,1073741823,1073741823:k7
1073741823,1073741823,1069547519,1069547519,1071054847,1071054847,1073332223,1071611903,1073737727,1073741823,1073741823,1073741823,1073741823,1073741823,1073741823:k7
1073741823,1073741823,1073741823,1069547519,1066860543,1071054847,1073332223,1071611903,1073737727,1073741823,1073741823,1073741823,1073741823,1073741823,1073741823:k7
1073741823,1073741823,1073741823,1069547519,1071054847,1071054847,1069137919,1071611903,1073737727,1073741823,1073741823,1073741823,1073741823,1073741823,1073741823:k7
1073741823,1073741823,1073741823,1069547519,1071054847,1071054847,1073332223,1071611903,1073737727,1073741823,1073741567,1073741823,1073741823,1073741823,1073741823:l7
1073741823,1073741823,1073741823,1069547519,1071054847,1071054847,1073332223,1071611903,1073737471,1073741823,1073741823,1073741823,1073741823,1073741823,1073741823:l7
1073741823,1073741823,1073741823,1069547519,1071054847,1071054847,1073331967,1071611903,1073737727,1073741823,1073741823,1073741823,1073741823,1073741823,1073741823:l7
1073741823,1073741823,1073741823,1069547519,1071054847,1071054847,1073332223,1071611903,1073737727,1073741823,1073676287,1073741823,1073741823,1073741823,1073741823:l7
1073741823,1073741823,1073741823,1069547519,1071054847,1071054847,1073332223,1071611903,1073737727,1073741823,1073737727,1073741823,1073741823,1073741823,1073741823:l7
1073741823,1073741823,1073741823,1069547519,1071054847,1071054847,1073332223,1071611903,1073737727,1073737727,1073741823,1073741823,1073741823,1073741823,1073741823:l7
1073741823,1073741823,1073741823,1069531135,1071054847,1071054847,1073332223,1071611903,1073737727,1073741823,1073741823,1073741823,1073741823,1073741823,1073741823:k7
1073741823,1073741823,1073741823,1069285375,1071054847,1071054847,1073332223,1071611903,1073737727,1073741823,1073741823,1073741823,1073741823,1073741823,1073741823:k7
1073741823,1073741823,1073741823,1069547519,1071054847,1066860543,1073332223,1071611903,1073737727,1073741823,1073741823,1073741823,1073741823,1073741823,1073741823:k7
1073741823,1073741823,1073741823,1069547519,1071054847,1071054847,1073332223,1067417599,1073737727,1073741823,1073741823,1073741823,1073741823,1073741823,1073741823:k7
1073741823,1073741823,1073741823,1069543423,1071054847,1071054847,1073332223,1071611903,1073737727,1073741823,1073741823,1073741823,1073741823,1073741823,1073741823:k7
1073741823,1073741823,1073741823,1069481983,1071054847,1071054847,1073332223,1071611903,1073737727,1073741823,1073741823,1073741823,1073741823,1073741823,1073741823:k7
1073741823,1073741823,1073741823,1068498943,1071054847,1071054847,1073332223,1071611903,1073737727,1073741823,1073741823,1073741823,1073741823,1073741823,1073741823:k9
1073741823,1073741823,1073741823,1069547519,1071050751,1071054847,1073332223,1071611903,1073737727,1073741823,1073741823,1073741823,1073741823,1073741823,1073741823:k7
1073741823,1073741823,1073741823,1069547519,1071054847,1071054847,1072283647,1071611903,1073737727,1073741823,1073741823,1073741823,1073741823,1073741823,1073741823:l7
1073741823,1073741823,1073741823,1069547519,1003945983,1071054847,1063895039,1071611903,1073737727,1073741823,1073741823,1073741823,1073741823,1073741823,1073741823:i4
1073741823,1073741823,1073741823,1069547519,1071054847,1071054847,996786175,1071611903,1073737727,1073741823,1073741823,1073741823,1073741823,1073741823,1073741823:i4
1073741823,1073741823,1073741823,1069547519,1071054847,1071054847,1063895039,1071611903,1006628863,1073741823,1073741823,1073741823,1073741823,1073741823,1073741823:i4
1073741823,1073741823,1073741823,1069547519,1071054847,1071054847,1063895039,1071611903,1056960511,1073741823,1073741823,1073741823,1073741823,1073741823,1073741823:i4
1073741823,1073741823,1073741823,1069547519,1071054847,1071054847,1063895039,1071611903,1073737727,1073676287,1073741823,1073741823,1073741823,1073741823,1073741823:i4
1073741823,1073741823,1073741823,1069547519,1071054847,1071054847,1063895039,1071611903,1073737727,1056964607,1073741823,1073741823,1073741823,1073741823,1073741823:i4
1073741823,1073741823,1073741823,1069547519,1071054847,1071054847,1063895039,1071611903,1073737727,1072693247,1073741823,1073741823,1073741823,1073741823,1073741823:i4
1073741823,1073741823,1073737727,1069547519,1071054847,1071054847,1063895039,1071611903,1073737727,1073741823,1073741823,1073741823,1073741823,1073741823,1073741823:i4
1073741823,1073741823,1073741823,1069547519,1071054847,1054277631,1063895039,1071611903,1073737727,1073741823,1073741823,1073741823,1073741823,1073741823,1073741823:i4
1073741823,1073741823,1073741823,1069547519,1071054847,1071054847,1063895039,1054834687,1073737727,1073741823,1073741823,1073741823,1073741823,1073741823,1073741823:m6
1073741823,1073741823,1073741823,801112063,1071054847,1037500415,1063895039,1054834687,1073737727,1073741823,1073741823,1073741823,1073741823,1073741823,1073741823:n5
1073741823,1073741823,1073741823,1069547519,1071054847,769064959,1063895039,1054834687,1073737727,1073741823,1073741823,1073741823,1073741823,1073741823,1073741823:n5
1073741823,1073741823,1073741823,1069547519,1071054847,1037500415,1063895039,786399231,1073737727,1073741823,1073741823,1073741823,1073741823,1073741823,1073741823:n5
1073741823,1073741823,1073741823,1069547519,1071054847,1037500415,1063895039,987725823,1073737727,1073741823,1073741823,1073741823,1073741823,1073741823,1073741823:n5
1073741823,1073741823,1073741823,1069547519,1071054847,1037500415,1063895039,1054834687,1073737727,805306367,1073741823,1073741823,1073741823,1073741823,1073741823:n5
1073741823,1073741823,1073741823,1069547519,1003945983,1037500415,1063895039,1054834687,1073737727,1073741823,1073741823,1073741823,1073741823,1073741823,1073741823:j4
1073741823,1073725439,1073741823,1069023231,1003945983,1037500415,1063895039,1054834687,1073737727,1073741823,1073741823,1073741823,1073741823,1073741823,1073741823:j3
1073741823,1073741823,1006632959,1069023231,1003945983,1037500415,1063895039,1054834687,1073737727,1073741823,1073741823,1073741823,1073741823,1073741823,1073741823:j3
1073741823,1073741823,1073741823,1069023231,735510527,1037500415,1063895039,1054834687,1073737727,1073741823,1073741823,1073741823,1073741823,1073741823,1073741823:j3
1073741823,1073741823,1073741823,800587775,1003945983,1037500415,1063895039,1054834687,1073737727,1073741823,1073741823,1073741823,1073741823,1073741823,1073741823:j3
1073741823,1073741823,1073741823,1069023231,1003945983,769064959,1063895039,1054834687,1073737727,1073741823,1073741823,1073741823,1073741823,1073741823,1073741823:j3
1073741823,1073741823,1073741823,1069023231,1003945983,1037500415,1063895039,786399231,1073737727,1073741823,1073741823,1073741823,1073741823,1073741823,1073741823:j3
1073741823,1073741823,1073741823,1069023231,1003945983,1037500415,1063895039,987725823,1073737727,1073741823,1073741823,1073741823,1073741823,1073741823,1073741823:j3
1073741823,1073741823,1073741823,1069023231,1003945983,1037500415,1063895039,1054834687,1073737727,805306367,1073741823,1073741823,1073741823,1073741823,1073741823:j3
1073741823,1073741823,1073741823,1069023231,1003945983,1037500415,996786175,1054834687,1073737727,1073741823,1073741823,1073741823,1073741823,1073741823,1073741823:l6
1073741823,1073741823,1073741823,1069023231,1003945983,1037500415,1063895039,1054834687,1006628863,1073741823,1073741823,1073741823,1073741823,1073741823,1073741823:j3
1073741823,1073741823,1073741823,1069023231,1003945983,1037500415,1063895039,1054834687,1056960511,1073741823,1073741823,1073741823,1073741823,1073741823,1073741823:j3
1073741823,1073741823,1073741823,1069023231,1003945983,1037500415,1063895039,1054834687,1073737727,1073676287,1073741823,1073741823,1073741823,1073741823,1073741823:j3
1073741823,1073741823,1073741823,1069023231,1003945983,1037500415,1063895039,1054834687,1073737727,1056964607,1073741823,1073741823,1073741823,1073741823,1073741823:j3
1073741823,1073741823,1073741823,1069023231,1003945983,1037500415,1063895039,1054834687,1073737727,1072693247,1073741823,1073741823,1073741823,1073741823,1073741823:j3
1073741823,1073741823,1073737727,1069023231,1003945983,1037500415,1063895039,1054834687,1073737727,1073741823,1073741823,1073741823,1073741823,1073741823,1073741823:j3
1073741823,1073479679,1073741823,1069023231,1003945983,1037500415,1063895039,1054834687,1073737727,1073741823,1073741823,1073741823,1073741823,1073741823,1073741823:l6
1073741823,1069547519,1073741823,1069023231,1003945983,1037500415,1063895039,1054834687,1073737727,1073741823,1073741823,1073741823,1073741823,1073741823,1073741823:j3
1073741823,1006632959,1073741823,1069023231,1003945983,1037500415,1063895039,1054834687,1073737727,1073741823,1073741823,1073741823,1073741823,1073741823,1073741823:j3
1073741823,1073741823,1073741823,1001914367,1003945983,1037500415,1063895039,1054834687,1073737727,1073741823,1073741823,1073741823,1073741823,1073741823,1073741823:j3
1073741823,1073741823,1073741823,1052246015,1003945983,1037500415,1063895039,1054834687,1073737727,1073741823,1073741823,1073741823,1073741823,1073741823,1073741823:j3
1073741823,1073741823,1073741823,1069023231,1003945983,970391551,1063895039,1054834687,1073737727,1073741823,1073741823,1073741823,1073741823,1073741823,1073741823:j2
1073741823,1073741823,1073676287,1069023231,1003945983,1037500415,1063895039,1054834687,1073737727,1073741823,1073741823,1073741823,1073741823,1073741823,1073741823:j3
1073741823,1073741823,1072693247,1069023231,1003945983,1037500415,1063895039,1054834687,1073737727,1073741823,1073741823,1073741823,1073741823,1073741823,1073741823:l6
1073741823,1073741823,1056964607,1069023231,1003945983,1037500415,1063895039,1054834687,1073737727,1073741823,1073741823,1073741823,1073741823,1073741823,1073741823:j3
1073741823,1073741823,1073741823,1069023231,987168767,1037500415,1063895039,1054834687,1073737727,1073741823,1073741823,1073741823,1073741823,1073741823,1073741823:l6
1073741823,1073741823,1073741823,1069023231,1003945983,1037500415,1047117823,1054834687,1073737727,1073741823,1073741823,1073741823,1073741823,1073741823,1073741823:j3
1073741823,1073741823,1073741823,1069023231,1003945983,1037500415,1063895039,1054834687,1069543423,1073741823,1073741823,1073741823,1073741823,1073741823,1073741823:j3
1073741823,1073741823,1073725439,1069023231,1003945983,1037500415,1063895039,1054834687,1073737727,1073741823,1073741823,1073741823,1073741823,1073741823,1073741823:l6
1073741823,1073741823,1073479679,1069023231,1003945983,1037500415,1063895039,1054834687,1073737727,1073741823,1073741823,1073741823,1073741823,1073741823,1073741823:l6
1073741823,1073741823,1069547519,1069023231,1003945983,1037500415,1063895039,1054834687,1073737727,1073741823,1073741823,1073741823,1073741823,1073741823,1073741823:j3
1073741823,1073741823,1073741823,1069023231,999751679,1037500415,1063895039,1054834687,1073737727,1073741823,1073741823,1073741823,1073741823,1073741823,1073741823:l6
1073741823,1073741823,1073741823,1069023231,1003945983,1037500415,1063895039,1054834687,1073737727,1073741823,1073741567,1073741823,1073741823,1073741823,1073741823:j3
1073741823,1073741823,1073741823,1069023231,1003945983,1037500415,1063895039,1054834687,1073737471,1073741823,1073741823,1073741823,1073741823,1073741823,1073741823:j3
1073741823,1073741823,1073741823,1069023231,1003945983,1037500415,1063894783,1054834687,1073737727,1073741823,1073741823,1073741823,1073741823,1073741823,1073741823:j3
1073741823,1073741823,1073741823,1069023231,1003945983,1037500415,1063895039,1054834687,1073737727,1073741823,1073676287,1073741823,1073741823,1073741823,1073741823:j3
1073741823,1073741823,1073741823,1069023231,1003945983,1037500415,1063895039,1054834687,1073737727,1073741823,1073737727,1073741823,1073741823,1073741823,1073741823:j3
1073741823,1073741823,1073741823,1069023231,1003945983,1037500415,1063895039,1054834687,1073737727,1073737727,1073741823,1073741823,1073741823,1073741823,1073741823:j3
1073741823,1073741823,1073741823,1069006847,1003945983,1037500415,1063895039,1054834687,1073737727,1073741823,1073741823,1073741823,1073741823,1073741823,1073741823:j3
1073741823,1073741823,1073741823,1069023231,1003945983,1033306111,1063895039,1054834687,1073737727,1073741823,1073741823,1073741823,1073741823,1073741823,1073741823:j3
1073741823,1073741823,1073741823,1069023231,1003945983,1037500415,1063895039,1050640383,1073737727,1073741823,1073741823,1073741823,1073741823,1073741823,1073741823:j3
1073741823,1073741823,1073741823,1069019135,1003945983,1037500415,1063895039,1054834687,1073737727,1073741823,1073741823,1073741823,1073741823,1073741823,1073741823:j3
1073741823,1073741823,1073741823,1068957695,1003945983,1037500415,1063895039,1054834687,1073737727,1073741823,1073741823,1073741823,1073741823,1073741823,1073741823:l6
1073741823,1073741823,1073741823,1067974655,1003945983,1037500415,1063895039,1054834687,1073737727,1073741823,1073741823,1073741823,1073741823,1073741823,1073741823:l6
1073741823,1073741823,1073741823,1069023231,1003941887,1037500415,1063895039,1054834687,1073737727,1073741823,1073741823,1073741823,1073741823,1073741823,1073741823:j3
1073741823,1073741823,1073741823,1069023231,1003945983,1037500415,1063895039,1054834687,1072689151,1073741823,1073741823,1073741823,1073741823,1073741823,1073741823:j3
1073741823,1073741823,1073741823,1069023231,1003945983,1037500415,1063895039,1054834687,1073736703,1073741823,1073741823,1073741823,1073741823,1073741823,1073741823:l6
1073741823,1073741823,1073741823,1069023231,1003945983,1037500415,1063894015,1054834687,1073737727,1073741823,1073741823,1073741823,1073741823,1073741823,1073741823:j3
1073741823,1073741823,1073741823,1069023231,1003944959,1037500415,1063895039,1054834687,1073737727,1073741823,1073741823,1073741823,1073741823,1073741823,1073741823:j3
1073741823,1073741823,1073741823,1069023231,1003945983,1037496319,1063895039,1054834687,1073737727,1073741823,1073741823,1073741823,1073741823,1073741823,1073741823:j3
1073741823,1073741823,1073741823,1069023231,1003929599,1037500415,1063895039,1054834687,1073737727,1073741823,1073741823,1073741823,1073741823,1073741823,1073741823:j3
1073741823,1073741823,1073741823,1069023231,1003945983,1037500415,1063895039,1054834687,1073475583,1073741823,1073741823,1073741823,1073741823,1073741823,1073741823:j3
1073741823,1073741823,1073741823,1069023231,1003945983,1037500415,1063895039,1054834687,1073737727,1073740799,1073741823,1073741823,1073741823,1073741823,1073741823:j3
1073741823,1073741823,1073741823,1069023231,1003945983,1037500415,1063895039,1054833663,1073737727,1073741823,1073741823,1073741823,1073741823,1073741823,1073741823:j3
1073741823,1073741823,1073741823,1069023231,1003945983,1037500415,1063895039,1054830591,1073737727,1073741823,1073741823,1073741823,1073741823,1073741823,1073741823:l6
1073741823,1073741823,1073741823,1069023231,1003945983,1037499391,1063895039,1054834687,1073737727,1073741823,1073741823,1073741823,1073741823,1073741823,1073741823:j3
1073741823,1073741823,1073741823,1069023231,1003945983,1037500415,1063890943,1054834687,1073737727,1073741823,1073741823,1073741823,1073741823,1073741823,1073741823:j3
1073741823,1073741823,1073741823,1069023231,1003945983,1037484031,1063895039,1054834687,1073737727,1073741823,1073741823,1073741823,1073741823,1073741823,1073741823:j3
1073741823,1073741823,1073741823,1069023231,1003945983,1037500415,1063895039,1054572543,1073737727,1073741823,1073741823,1073741823,1073741823,1073741823,1073741823:j3
1073741823,1073741823,1073741823,1069023231,1003945983,1037500415,1063895039,1054769151,1073737727,1073741823,1073741823,1073741823,1073741823,1073741823,1073741823:j3
1073741823,1073741823,1073741823,1069023231,1003945983,1037500415,1063895039,1054834687,1073737727,1073479679,1073741823,1073741823,1073741823,1073741823,1073741823:j3
1073741823,1073741823,1073741823,1069023231,1003945983,1037500415,1063895039,1054834687,1073672191,1073741823,1073741823,1073741823,1073741823,1073741823,1073741823:j3
1073741823,1073741823,1073741823,1069023231,1003945983,1037500415,1063895039,1054834687,1073737727,1073725439,1073741823,1073741823,1073741823,1073741823,1073741823:j3
1073741823,1073741823,1073741823,1069023231,1003945983,1037500415,1063895039,1054834687,1073721343,1073741823,1073741823,1073741823,1073741823,1073741823,1073741823:j3
1073741823,1073741823,1073741823,1069547519,1071054847,1037500415,996786175,1054834687,1073737727,1073741823,1073741823,1073741823,1073741823,1073741823,1073741823:n5
1073741823,1073741823,1073741823,1069547519,1071054847,1037500415,1063895039,1054834687,1006628863,1073741823,1073741823,1073741823,1073741823,1073741823,1073741823:n5
1073741823,1073741823,1073741823,1069547519,1071054847,1037500415,1063895039,1054834687,1056960511,1073741823,1073741823,1073741823,1073741823,1073741823,1073741823:n5
1073741823,1073741823,1073741823,1069547519,1071054847,1037500415,1063895039,1054834687,1073737727,1073676287,1073741823,1073741823,1073741823,1073741823,1073741823:n5
1073741823,1073741823,1073741823,1069547519,1071054847,1037500415,1063895039,1054834687,1073737727,1056964607,1073741823,1073741823,1073741823,1073741823,1073741823:n5
1073741823,1073741823,1073741823,1069547519,1071054847,1037500415,1063895039,1054834687,1073737727,1072693247,1073741823,1073741823,1073741823,1073741823,1073741823:n5
1073741823,1073741823,1073737727,1069547519,1071054847,1037500415,1063895039,1054834687,1073737727,1073741823,1073741823,1073741823,1073741823,1073741823,1073741823:n5
1073741823,1073479679,1073741823,1069547519,1071054847,1037500415,1063895039,1054834687,1073737727,1073741823,1073741823,1073741823,1073741823,1073741823,1073741823:n5
1073741823,1069547519,1073741823,1069547519,1071054847,1037500415,1063895039,1054834687,1073737727,1073741823,1073741823,1073741823,1073741823,1073741823,1073741823:n5
1073741823,1006632959,1073741823,1069547519,1071054847,1037500415,1063895039,1054834687,1073737727,1073741823,1073741823,1073741823,1073741823,1073741823,1073741823:n5
1073741823,1073741823,1073741823,1002438655,1071054847,1037500415,1063895039,1054834687,1073737727,1073741823,1073741823,1073741823,1073741823,1073741823,1073741823:n5
1073741823,1073741823,1073741823,1052770303,1071054847,1037500415,1063895039,1054834687,1073737727,1073741823,1073741823,1073741823,1073741823,1073741823,1073741823:n5
1073741823,1073741823,1073741823,1069547519,1071054847,970391551,1063895039,1054834687,1073737727,1073741823,1073741823,1073741823,1073741823,1073741823,1073741823:n5
1073741823,1073741823,1073676287,1069547519,1071054847,1037500415,1063895039,1054834687,1073737727,1073741823,1073741823,1073741823,1073741823,1073741823,1073741823:n5
1073741823,1073741823,1072693247,1069547519,1071054847,1037500415,1063895039,1054834687,1073737727,1073741823,1073741823,1073741823,1073741823,1073741823,1073741823:n5
1073741823,1073741823,1056964607,1069547519,1071054847,1037500415,1063895039,1054834687,1073737727,1073741823,1073741823,1073741823,1073741823,1073741823,1073741823:n5
1073741823,1073741823,1073741823,1069547519,1054277631,1037500415,1063895039,1054834687,1073737727,1073741823,1073741823,1073741823,1073741823,1073741823,1073741823:n5
1073741823,1073741823,1073741823,1069547519,1071054847,1037500415,1047117823,1054834687,1073737727,1073741823,1073741823,1073741823,1073741823,1073741823,1073741823:n5
1073741823,1073741823,1073741823,1069547519,1071054847,1037500415,1063895039,1054834687,1069543423,1073741823,1073741823,1073741823,1073741823,1073741823,1073741823:n5
1073741823,1073741823,1073725439,1069547519,1071054847,1037500415,1063895039,1054834687,1073737727,1073741823,1073741823,1073741823,1073741823,1073741823,1073741823:n5
1073741823,1073741823,1073479679,1069547519,1071054847,1037500415,1063895039,1054834687,1073737727,1073741823,1073741823,1073741823,1073741823,1073741823,1073741823:n5
1073741823,1073741823,1069547519,1069547519,1071054847,1037500415,1063895039,1054834687,1073737727,1073741823,1073741823,1073741823,1073741823,1073741823,1073741823:n5
1073741823,1073741823,1073741823,1069547519,1066860543,1037500415,1063895039,1054834687,1073737727,1073741823,1073741823,1073741823,1073741823,1073741823,1073741823:n5
1073741823,1073741823,1073741823,1069547519,1071054847,1037500415,1063895039,1054834687,1073737727,1073741823,1073741567,1073741823,1073741823,1073741823,1073741823:n5
1073741823,1073741823,1073741823,1069547519,1071054847,1037500415,1063895039,1054834687,1073737471,1073741823,1073741823,1073741823,1073741823,1073741823,1073741823:n5
1073741823,1073741823,1073741823,1069547519,1071054847,1037500415,1063894783,1054834687,1073737727,1073741823,1073741823,1073741823,1073741823,1073741823,1073741823:n5
1073741823,1073741823,1073741823,1069547519,1071054847,1037500415,1063895039,1054834687,1073737727,1073741823,1073676287,1073741823,1073741823,1073741823,1073741823:n5
1073741823,1073741823,1073741823,1069547519,1071054847,1037500415,1063895039,1054834687,1073737727,1073741823,1073737727,1073741823,1073741823,1073741823,1073741823:n5
1073741823,1073741823,1073741823,1069547519,1071054847,1037500415,1063895039,1054834687,1073737727,1073737727,1073741823,1073741823,1073741823,1073741823,1073741823:n5
1073741823,1073741823,1073741823,1069531135,1071054847,1037500415,1063895039,1054834687,1073737727,1073741823,1073741823,1073741823,1073741823,1073741823,1073741823:n5
1073741823,1073741823,1073741823,1069285375,1071054847,1037500415,1063895039,1054834687,1073737727,1073741823,1073741823,1073741823,1073741823,1073741823,1073741823:n5
1073741823,1073741823,1073741823,1069547519,1071054847,1033306111,1063895039,1054834687,1073737727,1073741823,1073741823,1073741823,1073741823,1073741823,1073741823:n5
1073741823,1073741823,1073741823,1069547519,1071054847,1037500415,1063895039,1050640383,1073737727,1073741823,1073741823,1073741823,1073741823,1073741823,1073741823:n5
1073741823,1073741823,1073741823,1069543423,1071054847,1037500415,1063895039,1054834687,1073737727,1073741823,1073741823,1073741823,1073741823,1073741823,1073741823:n5
1073741823,1073741823,1073741823,1069481983,1071054847,1037500415,1063895039,1054834687,1073737727,1073741823,1073741823,1073741823,1073741823,1073741823,1073741823:n5
1073741823,1073741823,1073741823,1068498943,1071054847,1037500415,1063895039,1054834687,1073737727,1073741823,1073741823,1073741823,1073741823,1073741823,1073741823:n5
1073741823,1073741823,1073741823,1069547519,1071050751,1037500415,1063895039,1054834687,1073737727,1073741823,1073741823,1073741823,1073741823,1073741823,1073741823:n5
1073741823,1073741823,1073741823,1069547519,1071054847,1037500415,1063895039,1054834687,1072689151,1073741823,1073741823,1073741823,1073741823,1073741823,1073741823:n5
1073741823,1073741823,1073741823,1069547519,1071054847,1037500415,1063895039,1054834687,1073736703,1073741823,1073741823,1073741823,1073741823,1073741823,1073741823:n5
1073741823,1073741823,1073741823,1069547519,1071054847,1037500415,1063894015,1054834687,1073737727,1073741823,1073741823,1073741823,1073741823,1073741823,1073741823:n5
1073741823,1073741823,1073741823,1069547519,1071053823,1037500415,1063895039,1054834687,1073737727,1073741823,1073741823,1073741823,1073741823,1073741823,1073741823:n5
1073741823,1073741823,1073741823,1069547519,1071054847,1037496319,1063895039,1054834687,1073737727,1073741823,1073741823,1073741823,1073741823,1073741823,1073741823:n5
1073741823,1073741823,1073741823,1069547519,1071038463,1037500415,1063895039,1054834687,1073737727,1073741823,1073741823,1073741823,1073741823,1073741823,1073741823:n5
1073741823,1073741823,1073741823,1069547519,1071054847,1037500415,1063895039,1054834687,1073475583,1073741823,1073741823,1073741823,1073741823,1073741823,1073741823:n5
1073741823,1073741823,1073741823,1069547519,1071054847,1037500415,1063895039,1054834687,1073737727,1073740799,1073741823,1073741823,1073741823,1073741823,1073741823:n5
1073741823,1073741823,1073741823,1069547519,1071054847,1037500415,1063895039,1054833663,1073737727,1073741823,1073741823,1073741823,1073741823,1073741823,1073741823:n5
1073741823,1073741823,1073741823,1069547519,1071054847,1037500415,1063895039,1054830591,1073737727,1073741823,1073741823,1073741823,1073741823,1073741823,1073741823:n5
1073741823,1073741823,1073741823,1069547519,1071054847,1037499391,1063895039,1054834687,1073737727,1073741823,1073741823,1073741823,1073741823,1073741823,1073741823:n5
1073741823,1073741823,1073741823,1069547519,1071054847,1037500415,1063890943,1054834687,1073737727,1073741823,1073741823,1073741823,1073741823,1073741823,1073741823:n5
1073741823,1073741823,1073741823,1069547519,1071054847,1037484031,1063895039,1054834687,1073737727,1073741823,1073741823,1073741823,1073741823,1073741823,1073741823:n5
1073741823,1073741823,1073741823,1069547519,1071054847,1037500415,1063895039,1054572543,1073737727,1073741823,1073741823,1073741823,1073741823,1073741823,1073741823:n5
1073741823,1073741823,1073741823,1069547519,1071054847,1037500415,1063895039,1054769151,1073737727,1073741823,1073741823,1073741823,1073741823,1073741823,1073741823:n5
1073741823,1073741823,1073741823,1069547519,1071054847,1037500415,1063895039,1054834687,1073737727,1073479679,1073741823,1073741823,1073741823,1073741823,1073741823:n5
1073741823,1073741823,1073741823,1069547519,1071054847,1037500415,1063895039,1054834687,1073672191,1073741823,1073741823,1073741823,1073741823,1073741823,1073741823:n5
1073741823,1073741823,1073741823,1069547519,1071054847,1037500415,1063895039,1054834687,1073737727,1073725439,1073741823,1073741823,1073741823,1073741823,1073741823:n5
1073741823,1073741823,1073741823,1069547519,1071054847,1037500415,1063895039,1054834687,1073721343,1073741823,1073741823,1073741823,1073741823,1073741823,1073741823:n5
1073741823,1073479679,1073741823,1069547519,1071054847,1071054847,1063895039,1071611903,1073737727,1073741823,1073741823,1073741823,1073741823,1073741823,1073741823:i4
1073741823,1069547519,1073741823,1069547519,1071054847,1071054847,1063895039,1071611903,1073737727,1073741823,1073741823,1073741823,1073741823,1073741823,1073741823:i4
1073741823,1006632959,1073741823,1069547519,1071054847,1071054847,1063895039,1071611903,1073737727,1073741823,1073741823,1073741823,1073741823,1073741823,1073741823:i4
1073741823,1073741823,1073741823,1002438655,1071054847,1071054847,1063895039,1071611903,1073737727,1073741823,1073741823,1073741823,1073741823,1073741823,1073741823:i4
1073741823,1073741823,1073741823,1052770303,1071054847,1071054847,1063895039,1071611903,1073737727,1073741823,1073741823,1073741823,1073741823,1073741823,1073741823:i4
1073741823,1073741823,1073741823,1069547519,1071054847,1003945983,1063895039,1071611903,1073737727,1073741823,1073741823,1073741823,1073741823,1073741823,1073741823:i4
1073741823,1073741823,1073676287,1069547519,1071054847,1071054847,1063895039,1071611903,1073737727,1073741823,1073741823,1073741823,1073741823,1073741823,1073741823:i4
1073741823,1073741823,1072693247,1069547519,1071054847,1071054847,1063895039,1071611903,1073737727,1073741823,1073741823,1073741823,1073741823,1073741823,1073741823:i4
1073741823,1073741823,1056964607,1069547519,1071054847,1071054847,1063895039,1071611903,1073737727,1073741823,1073741823,1073741823,1073741823,1073741823,1073741823:i4
1073741823,1073741823,1073741823,1069547519,1054277631,1071054847,1063895039,1071611903,1073737727,1073741823,1073741823,1073741823,1073741823,1073741823,1073741823:i4
1073741823,1073741823,1073741823,1069547519,1071054847,1071054847,1047117823,1071611903,1073737727,1073741823,1073741823,1073741823,1073741823,1073741823,1073741823:i4
1073741823,1073741823,1073741823,1069547519,1071054847,1071054847,1063895039,1071611903,1069543423,1073741823,1073741823,1073741823,1073741823,1073741823,1073741823:i4
1073741823,1073741823,1073725439,1069547519,1071054847,1071054847,1063895039,1071611903,1073737727,1073741823,1073741823,1073741823,1073741823,1073741823,1073741823:m8
1073741823,1073741823,1073479679,1069547519,1071054847,1071054847,1063895039,1071611903,1073737727,1073741823,1073741823,1073741823,1073741823,1073741823,1073741823:i4
1073741823,1073741823,1069547519,1069547519,1071054847,1071054847,1063895039,1071611903,1073737727,1073741823,1073741823,1073741823,1073741823,1073741823,1073741823:i4
1073741823,1073741823,1073741823,1069547519,1066860543,1071054847,1063895039,1071611903,1073737727,1073741823,1073741823,1073741823,1073741823,1073741823,1073741823:i4
1073741823,1073741823,1073741823,1069547519,1071054847,1071054847,1063895039,1071611903,1073737727,1073741823,1073741567,1073741823,1073741823,1073741823,1073741823:i4
1073741823,1073741823,1073741823,1069547519,1071054847,1071054847,1063895039,1071611903,1073737471,1073741823,1073741823,1073741823,1073741823,1073741823,1073741823:i4
1073741823,1073741823,1073741823,1069547519,1071054847,1071054847,1063894783,1071611903,1073737727,1073741823,1073741823,1073741823,1073741823,1073741823,1073741823:i4
1073741823,1073741823,1073741823,1069547519,1071054847,1071054847,1063895039,1071611903,1073737727,1073741823,1073676287,1073741823,1073741823,1073741823,1073741823:i4
1073741823,1073741823,1073741823,1069547519,1071054847,1071054847,1063895039,1071611903,1073737727,1073741823,1073737727,1073741823,1073741823,1073741823,1073741823:i4
1073741823,1073741823,1073741823,1069547519,1071054847,1071054847,1063895039,1071611903,1073737727,1073737727,1073741823,1073741823,1073741823,1073741823,1073741823:i4
1073741823,1073741823,1073741823,1069531135,1071054847,1071054847,1063895039,1071611903,1073737727,1073741823,1073741823,1073741823,1073741823,1073741823,1073741823:i4
1073741823,1073741823,1073741823,1069285375,1071054847,1071054847,1063895039,1071611903,1073737727,1073741823,1073741823,1073741823,1073741823,1073741823,1073741823:i4
1073741823,1073741823,1073741823,1069547519,1071054847,1066860543,1063895039,1071611903,1073737727,1073741823,1073741823,1073741823,1073741823,1073741823,1073741823:i4
1073741823,1073741823,1073741823,1069547519,1071054847,1071054847,1063895039,1067417599,1073737727,1073741823,1073741823,1073741823,1073741823,1073741823,1073741823:i4
1073741823,1073741823,1073741823,1069543423,1071054847,1071054847,1063895039,1071611903,1073737727,1073741823,1073741823,1073741823,1073741823,1073741823,1073741823:i4
1073741823,1073741823,1073741823,1069481983,1071054847,1071054847,1063895039,1071611903,1073737727,1073741823,1073741823,1073741823,1073741823,1073741823,1073741823:m8
1073741823,1073741823,1073741823,1068498943,1071054847,1071054847,1063895039,1071611903,1073737727,1073741823,1073741823,1073741823,1073741823,1073741823,1073741823:i4
1073741823,1073741823,1073741823,1069547519,1071050751,1071054847,1063895039,1071611903,1073737727,1073741823,1073741823,1073741823,1073741823,1073741823,1073741823:i4
1073741823,1073741823,1073741823,1069547519,1071054847,1071054847,1063895039,1071611903,1072689151,1073741823,1073741823,1073741823,1073741823,1073741823,1073741823:i4
1073741823,1073741823,1073741823,1069547519,1071054847,1071054847,1063895039,1071611903,1073736703,1073741823,1073741823,1073741823,1073741823,1073741823,1073741823:i4
1073741823,1073741823,1073741823,1069547519,1071054847,1071054847,1063894015,1071611903,1073737727,1073741823,1073741823,1073741823,1073741823,1073741823,1073741823:i4
1073741823,1073741823,1073741823,1069547519,1071053823,1071054847,1063895039,1071611903,1073737727,1073741823,1073741823,1073741823,1073741823,1073741823,1073741823:i4
1073741823,1073741823,1073741823,1069547519,1071054847,1071050751,1063895039,1071611903,1073737727,1073741823,1073741823,1073741823,1073741823,1073741823,1073741823:i4
1073741823,1073741823,1073741823,1069547519,1071038463,1071054847,1063895039,1071611903,1073737727,1073741823,1073741823,1073741823,1073741823,1073741823,1073741823:i4
1073741823,1073741823,1073741823,1069547519,1071054847,1071054847,1063895039,1071611903,1073475583,1073741823,1073741823,1073741823,1073741823,1073741823,1073741823:i4
1073741823,1073741823,1073741823,1069547519,1071054847,1071054847,1063895039,1071611903,1073737727,1073740799,1073741823,1073741823,1073741823,1073741823,1073741823:i4
1073741823,1073741823,1073741823,1069547519,1071054847,1071054847,1063895039,1071610879,1073737727,1073741823,1073741823,1073741823,1073741823,1073741823,1073741823:i4
1073741823,1073741823,1073741823,1069547519,1071054847,1071054847,1063895039,1071607807,1073737727,1073741823,1073741823,1073741823,1073741823,1073741823,1073741823:i4
1073741823,1073741823,1073741823,1069547519,1071054847,1071053823,1063895039,1071611903,1073737727,1073741823,1073741823,1073741823,1073741823,1073741823,1073741823:i4
1073741823,1073741823,1073741823,1069547519,1071054847,1071054847,1063890943,1071611903,1073737727,1073741823,1073741823,1073741823,1073741823,1073741823,1073741823:i4
1073741823,1073741823,1073741823,1069547519,1071054847,1071038463,1063895039,1071611903,1073737727,1073741823,1073741823,1073741823,1073741823,1073741823,1073741823:i4
1073741823,1073741823,1073741823,1069547519,1071054847,1071054847,1063895039,1071349759,1073737727,1073741823,1073741823,1073741823,1073741823,1073741823,1073741823:i4
1073741823,1073741823,1073741823,1069547519,1071054847,1071054847,1063895039,1071546367,1073737727,1073741823,1073741823,1073741823,1073741823,1073741823,1073741823:i4
1073741823,1073741823,1073741823,1069547519,1071054847,1071054847,1063895039,1071611903,1073737727,1073479679,1073741823,1073741823,1073741823,1073741823,1073741823:i4
1073741823,1073741823,1073741823,1069547519,1071054847,1071054847,1063895039,1071611903,1073672191,1073741823,1073741823,1073741823,1073741823,1073741823,1073741823:i4
1073741823,1073741823,1073741823,1069547519,1071054847,1071054847,1063895039,1071611903,1073737727,1073725439,1073741823,1073741823,1073741823,1073741823,1073741823:i4
1073741823,1073741823,1073741823,1069547519,1071054847,1071054847,1063895039,1071611903,1073721343,1073741823,1073741823,1073741823,1073741823,1073741823,1073741823:i4
1073741823,1073741823,1073741823,1069547519,1071054847,1071054847,1073332223,1071611903,1072689151,1073741823,1073741823,1073741823,1073741823,1073741823,1073741823:j8
1073741823,1073741823,1073741823,1069547519,1071054847,1071054847,1073332223,1071087615,1055911935,1073741823,1073741823,1073741823,1073741823,1073741823,1073741823:l7
1073741823,1073741823,1073741823,1069547519,1071054847,1071054847,1073332223,1071087615,1072689151,1073741823,1056964607,1073741823,1073741823,1073741823,1073741823:l7
1073741823,1073741823,1073741823,1069547519,1071054847,1071054847,1073332223,1071087615,1072689151,1069547519,1073741823,1073741823,1073741823,1073741823,1073741823:l7
1073741823,1073741823,1073741823,1069547519,1071054847,1071054847,1073332223,1071087615,1072689151,1073741823,1072693247,1073741823,1073741823,1073741823,1073741823:l7
1073741823,1073741823,1073741823,1069547519,1071054847,1071054847,1073332223,1071087615,1072689151,1073676287,1073741823,1073741823,1073741823,1073741823,1073741823:l7
1073741823,1073741823,1073741823,1069547519,1071054847,1071054847,1073332223,1071087615,1072689151,1056964607,1073741823,1073741823,1073741823,1073741823,1073741823:l7
1073741823,1073741823,1073741823,1069547519,1071054847,1071054847,1073332223,1071087615,1072689151,1072693247,1073741823,1073741823,1073741823,1073741823,1073741823:l7
1073741823,1073741823,1073737727,1069547519,1071054847,1071054847,1073332223,1071087615,1072689151,1073741823,1073741823,1073741823,1073741823,1073741823,1073741823:m8
1073741823,1073741823,1073741823,1069547519,1071054847,1054277631,1073332223,1071087615,1072689151,1073741823,1073741823,1073741823,1073741823,1073741823,1073741823:m8
1073741823,1073741823,1073741823,1069547519,1071054847,1071054847,1073332223,1054310399,1072689151,1073741823,1073741823,1073741823,1073741823,1073741823,1073741823:i8
1073741823,1073479679,1073741823,1069547519,1071054847,1071054847,1073332223,1071087615,1072689151,1073741823,1073741823,1073741823,1073741823,1073741823,1073741823:m8
1073741823,1069547519,1073741823,1069547519,1071054847,1071054847,1073332223,1071087615,1072689151,1073741823,1073741823,1073741823,1073741823,1073741823,1073741823:m8
1073741823,1006632959,1073741823,1069547519,1071054847,1071054847,1073332223,1071087615,1072689151,1073741823,1073741823,1073741823,1073741823,1073741823,1073741823:l7
1073741823,1073741823,1073741823,1002438655,1071054847,1071054847,1073332223,1071087615,1072689151,1073741823,1073741823,1073741823,1073741823,1073741823,1073741823:l7
1073741823,1073741823,1073741823,1052770303,1071054847,1071054847,1073332223,1071087615,1072689151,1073741823,1073741823,1073741823,1073741823,1073741823,1073741823:m8
1073741823,1073741823,1073741823,1069547519,1071054847,1003945983,1073332223,1071087615,1072689151,1073741823,1073741823,1073741823,1073741823,1073741823,1073741823:l7
1073741823,1073741823,1073676287,1069547519,1071054847,1071054847,1073332223,1071087615,1072689151,1073741823,1073741823,1073741823,1073741823,1073741823,1073741823:i8
1073741823,1073741823,1072693247,1069547519,1071054847,1071054847,1073332223,1071087615,1072689151,1073741823,1073741823,1073741823,1073741823,1073741823,1073741823:m8
1073741823,1073741823,1056964607,1069547519,1071054847,1071054847,1073332223,1071087615,1072689151,1073741823,1073741823,1073741823,1073741823,1073741823,1073741823:l7
1073741823,1073741823,1073741823,1069547519,1054277631,1071054847,1073332223,1071087615,1072689151,1073741823,1073741823,1073741823,1073741823,1073741823,1073741823:l7
1073741823,1073741823,1073741823,1069547519,1071054847,1071054847,1056555007,1071087615,1072689151,1073741823,1073741823,1073741823,1073741823,1073741823,1073741823:l7
1073741823,1073741823,1073741823,1069547519,1071054847,1071054847,1073332223,1071087615,1068494847,1073741823,1073741823,1073741823,1073741823,1073741823,1073741823:l7
1073741823,1073741823,1073725439,1069547519,1071054847,1071054847,1073332223,1071087615,1072689151,1073741823,1073741823,1073741823,1073741823,1073741823,1073741823:m8
1073741823,1073741823,1073479679,1069547519,1071054847,1071054847,1073332223,1071087615,1072689151,1073741823,1073741823,1073741823,1073741823,1073741823,1073741823:m8
1073741823,1073741823,1069547519,1069547519,1071054847,1071054847,1073332223,1071087615,1072689151,1073741823,1073741823,1073741823,1073741823,1073741823,1073741823:m8
1073741823,1073741823,1073741823,1069547519,1066860543,1071054847,1073332223,1071087615,1072689151,1073741823,1073741823,1073741823,1073741823,1073741823,1073741823:l7
1073741823,1073741823,1073741823,1069547519,1071054847,1071054847,1069137919,1071087615,1072689151,1073741823,1073741823,1073741823,1073741823,1073741823,1073741823:i8
1073741823,1073741823,1073741823,1069547519,1071054847,1071054847,1073332223,1071087615,1072689151,1073741823,1073741567,1073741823,1073741823,1073741823,1073741823:l7
1073741823,1073741823,1073741823,1069547519,1071054847,1071054847,1073332223,1071087615,1072688895,1073741823,1073741823,1073741823,1073741823,1073741823,1073741823:l7
1073741823,1073741823,1073741823,1069547519,1071054847,1071054847,1073331967,1071087615,1072689151,1073741823,1073741823,1073741823,1073741823,1073741823,1073741823:l7
1073741823,1073741823,1073741823,1069547519,1071054847,1071054847,1073332223,1071087615,1072689151,1073741823,1073676287,1073741823,1073741823,1073741823,1073741823:l7
1073741823,1073741823,1073741823,1069547519,1071054847,1071054847,1073332223,1071087615,1072689151,1073741823,1073737727,1073741823,1073741823,1073741823,1073741823:l7
1073741823,1073741823,1073741823,1069547519,1071054847,1071054847,1073332223,1071087615,1072689151,1073737727,1073741823,1073741823,1073741823,1073741823,1073741823:l7
1073741823,1073741823,1073741823,1069531135,1071054847,1071054847,1073332223,1071087615,1072689151,1073741823,1073741823,1073741823,1073741823,1073741823,1073741823:m8
1073741823,1073741823,1073741823,1069285375,1071054847,1071054847,1073332223,1071087615,1072689151,1073741823,1073741823,1073741823,1073741823,1073741823,1073741823:m8
1073741823,1073741823,1073741823,1069547519,1071054847,1066860543,1073332223,1071087615,1072689151,1073741823,1073741823,1073741823,1073741823,1073741823,1073741823:m8
1073741823,1073741823,1073741823,1069547519,1071054847,1071054847,1073332223,1066893311,1072689151,1073741823,1073741823,1073741823,1073741823,1073741823,1073741823:l7
1073741823,1073741823,1073741823,1069543423,1071054847,1071054847,1073332223,1071087615,1072689151,1073741823,1073741823,1073741823,1073741823,1073741823,1073741823:m8
1073741823,1073741823,1073741823,1069481983,1071054847,1071054847,1073332223,1071087615,1072689151,1073741823,1073741823,1073741823,1073741823,1073741823,1073741823:i8
1073741823,1073741823,1073741823,1068498943,1071054847,1071054847,1073332223,1071087615,1072689151,1073741823,1073741823,1073741823,1073741823,1073741823,1073741823:m8
1073741823,1073741823,1073741823,1069547519,1071050751,1071054847,1073332223,1071087615,1072689151,1073741823,1073741823,1073741823,1073741823,1073741823,1073741823:m8
1073741823,1073741823,1073741823,1069547519,1071054847,1071054847,1072283647,1071087615,1072689151,1073741823,1073741823,1073741823,1073741823,1073741823,1073741823:l7
1073741823,1073741823,1073741823,1069547519,1071054847,1071054847,1073332223,1071087615,1072688127,1073741823,1073741823,1073741823,1073741823,1073741823,1073741823:i8
1073741823,1073741823,1073741823,1069547519,1071054847,1071054847,1073331199,1071087615,1072689151,1073741823,1073741823,1073741823,1073741823,1073741823,1073741823:l7
1073741823,1073741823,1073741823,1069547519,1071053823,1071054847,1073332223,1071087615,1072689151,1073741823,1073741823,1073741823,1073741823,1073741823,1073741823:m8
1073741823,1073741823,1073741823,1069547519,1071054847,1071050751,1073332223,1071087615,1072689151,1073741823,1073741823,1073741823,1073741823,1073741823,1073741823:l7
1073741823,1073741823,1073741823,1069547519,1071038463,1071054847,1073332223,1071087615,1072689151,1073741823,1073741823,1073741823,1073741823,1073741823,1073741823:m8
1073741823,1073741823,1073741823,1069547519,1071054847,1071054847,1073332223,1071087615,1072427007,1073741823,1073741823,1073741823,1073741823,1073741823,1073741823:m8
1073741823,1073741823,1073741823,1069547519,1071054847,1071054847,1073332223,1071087615,1072689151,1073740799,1073741823,1073741823,1073741823,1073741823,1073741823:l7
1073741823,1073741823,1073741823,1069547519,1071054847,1071054847,1073332223,1071086591,1072689151,1073741823,1073741823,1073741823,1073741823,1073741823,1073741823:l7
1073741823,1073741823,1073741823,1069547519,1071054847,1071054847,1073332223,1071083519,1072689151,1073741823,1073741823,1073741823,1073741823,1073741823,1073741823:l8
1073741823,1073741823,1073741823,1069547519,1071054847,1071053823,1073332223,1071087615,1072689151,1073741823,1073741823,1073741823,1073741823,1073741823,1073741823:m8
1073741823,1073741823,1073741823,1069547519,1071054847,1071054847,1073328127,1071087615,1072689151,1073741823,1073741823,1073741823,1073741823,1073741823,1073741823:l7
1073741823,1073741823,1073741823,1069547519,1071054847,1071038463,1073332223,1071087615,1072689151,1073741823,1073741823,1073741823,1073741823,1073741823,1073741823:l7
1073741823,1073741823,1073741823,1069547519,1071054847,1071054847,1073332223,1071022079,1072689151,1073741823,1073741823,1073741823,1073741823,1073741823,1073741823:l7
1073741823,1073741823,1073741823,1069547519,1071054847,1071054847,1073332223,1071087615,1072689151,1073479679,1073741823,1073741823,1073741823,1073741823,1073741823:l7
1073741823,1073741823,1073741823,1069547519,1071054847,1071054847,1073332223,1071087615,1072623615,1073741823,1073741823,1073741823,1073741823,1073741823,1073741823:i8
1073741823,1073741823,1073741823,1069547519,1071054847,1071054847,1073332223,1071087615,1072689151,1073725439,1073741823,1073741823,1073741823,1073741823,1073741823:l7
1073741823,1073741823,1073741823,1069547519,1071054847,1071054847,1073332223,1071087615,1072672767,1073741823,1073741823,1073741823,1073741823,1073741823,1073741823:i8
1073741823,1073741823,1073741823,1069547519,1071054847,1071054847,1073332223,1071611903,1073736703,1073741823,1073741823,1073741823,1073741823,1073741823,1073741823:k7
1073741823,1073741823,1073741823,1069547519,1071054847,1071054847,1073331199,1071611903,1073737727,1073741823,1073741823,1073741823,1073741823,1073741823,1073741823:l7
1073741823,1073741823,1073741823,1069547519,1071053823,1071054847,1073332223,1071611903,1073737727,1073741823,1073741823,1073741823,1073741823,1073741823,1073741823:k7
1073741823,1073741823,1073741823,1069547519,1071054847,1071050751,1073332223,1071611903,1073737727,1073741823,1073741823,1073741823,1073741823,1073741823,1073741823:m8
1073741823,1073741823,1073741823,1069547519,1071038463,1071054847,1073332223,1071611903,1073737727,1073741823,1073741823,1073741823,1073741823,1073741823,1073741823:k7
1073741823,1073741823,1073741823,1069547519,1071054847,1071054847,1073332223,1071611903,1073475583,1073741823,1073741823,1073741823,1073741823,1073741823,1073741823:m8
1073741823,1073741823,1073741823,1069547519,1071054847,1071054847,1073332223,1071611903,1073737727,1073740799,1073741823,1073741823,1073741823,1073741823,1073741823:l7
1073741823,1073741823,1073741823,1069547519,1071054847,1071054847,1073332223,1071610879,1073737727,1073741823,1073741823,1073741823,1073741823,1073741823,1073741823:l7
1073741823,1073741823,1073741823,1069547519,1071054847,1071054847,1073332223,1071607807,1073737727,1073741823,1073741823,1073741823,1073741823,1073741823,1073741823:k7
1073741823,1073741823,1073741823,1069547519,1071054847,1071053823,1073332223,1071611903,1073737727,1073741823,1073741823,1073741823,1073741823,1073741823,1073741823:k7
1073741823,1073741823,1073741823,1069547519,1071054847,1071054847,1073328127,1071611903,1073737727,1073741823,1073741823,1073741823,1073741823,1073741823,1073741823:l7
1073741823,1073741823,1073741823,1069547519,1071054847,1071038463,1073332223,1071611903,1073737727,1073741823,1073741823,1073741823,1073741823,1073741823,1073741823:l7
1073741823,1073741823,1073741823,1069547519,1071054847,1071054847,1073332223,1071349759,1073737727,1073741823,1073741823,1073741823,1073741823,1073741823,1073741823:k7
1073741823,1073741823,1073741823,1069547519,1071054847,1071054847,1073332223,1071546367,1073737727,1073741823,1073741823,1073741823,1073741823,1073741823,1073741823:k7
1073741823,1073741823,1073741823,1069547519,1071054847,1071054847,1073332223,1071611903,1073737727,1073479679,1073741823,1073741823,1073741823,1073741823,1073741823:m8
1073741823,1073741823,1073741823,1069547519,1071054847,1071054847,1073332223,1071611903,1073672191,1073741823,1073741823,1073741823,1073741823,1073741823,1073741823:m8
1073741823,1073741823,1073741823,1069547519,1071054847,1071054847,1073332223,1071611903,1073737727,1073725439,1073741823,1073741823,1073741823,1073741823,1073741823:l7
1073741823,1073741823,1073741823,1069547519,1071054847,1071054847,1073332223,1071611903,1073721343,1073741823,1073741823,1073741823,1073741823,1073741823,1073741823:m8
