1073741823,1073741823,1073741823,1073741823,1072693247,1073151999,1073594367,1073635327,1073700863,1073740799,1073676287,1073741823,1073741823,1073741823,1073741823:f9
1073741823,1073741823,1073741823,1073741823,1072693247,1073184767,1073594367,1073709055,1073668095,1073740799,1073676287,1073741823,1073741823,1073741823,1073741823:g6
1073741823,1073741823,1073741823,1073741823,1072693247,1073217535,1073332223,1073635327,1073700863,1073740799,1073676287,1073741823,1073741823,1073741823,1073741823:i10
1073741823,1073741823,1073741823,1073741823,1072693247,1073217535,1073594367,1073180671,1073733631,1073740799,1073676287,1073741823,1073741823,1073741823,1073741823:k9
1073741823,1073741823,1073741823,1073741823,1072693247,1073217535,1073594367,1073184767,1073676287,1073741823,1073676287,1073741823,1073741823,1073741823,1073741823:i8
1073741823,1073741823,1073741823,1073741823,1073217535,1073151999,1073594367,1073709055,1073737727,1073741823,1073676287,1073741823,1073741823,1073741823,1073741823:j7
1073741823,1073741823,1073741823,1073741823,1073610751,1073201151,1073594367,1073709055,1073737727,1073741823,1073676287,1073741823,1073741823,1073741823,1073741823:i8
1073741823,1073741823,1073741823,1073741823,1073676287,1073741823,1073594367,1073700863,1073606655,1073741823,1073676287,1073741823,1073741823,1073741823,1073741823:j8
1073741823,1073741823,1073741823,1073741823,1073676287,1073741823,1073594367,1073709055,1073610751,1073741823,1073676287,1073741823,1073741823,1073741823,1073741823:g8
1073741823,1073741823,1073741823,1073741823,1073741823,1073086463,1073594367,1073643519,1073737727,1073741823,1073676287,1073741823,1073741823,1073741823,1073741823:k6
1073741823,1073741823,1073741823,1073741823,1073741823,1073217535,1073070079,1073643519,1073737727,1073741823,1073676287,1073741823,1073741823,1073741823,1073741823:j5
1073741823,1073741823,1073741823,1073741823,1073741823,1073217535,1073594367,1073184767,1073672191,1073741823,1073676287,1073741823,1073741823,1073741823,1073741823:i8
1073741823,1073741823,1073741823,1073741823,1073741823,1073475583,1073594367,1073709055,1073602559,1073741823,1073676287,1073741823,1073741823,1073741823,1073741823:f6
1073741823,1073741823,1073741823,1073741823,1073741823,1073479679,1073594367,1073049599,1073471487,1073741823,1073676287,1073741823,1073741823,1073741823,1073741823:k9
1073741823,1073741823,1073741823,1073741823,1073741823,1073479679,1073594367,1073708031,1073602559,1073741823,1073676287,1073741823,1073741823,1073741823,1073741823:j8
1073741823,1073741823,1073741823,1073741823,1073741823,1073479679,1073594367,1073709055,1073733631,1073740799,1073668095,1073741823,1073741823,1073741823,1073741823:j8
1073741823,1073741823,1073741823,1073741823,1073741823,1073479679,1073594367,1073709055,1073733631,1073741823,1073676287,1073741823,1073741823,1073741823,1073741823:g11
1073741823,1073741823,1073741823,1073741823,1073741823,1073610751,1073594367,1073704959,1073733631,1073740799,1073676287,1073741823,1073741823,1073741823,1073741823:i8
1073741823,1073741823,1073741823,1073741823,1073741823,1073610751,1073594367,1073709055,1073737727,1073741823,1073676287,1073741823,1073741823,1073741823,1073741823:i8
1073741823,1073741823,1073741823,1073741823,1073741823,1073676287,1073594367,1073577983,1073609727,1073741823,1073676287,1073741823,1073741823,1073741823,1073741823:g8
1073741823,1073741823,1073741823,1073741823,1073741823,1073709055,1073594367,1073643519,1073610751,1073676287,1073676287,1073741823,1073741823,1073741823,1073741823:j8
1073741823,1073741823,1073741823,1073741823,1073741823,1073709055,1073594367,1073709055,1073668095,1073740799,1073676287,1073741823,1073741823,1073741823,1073741823:j6
1073741823,1073741823,1073741823,1073741823,1073741823,1073737727,1073594367,1073709055,1073602559,1073740799,1073676287,1073741823,1073741823,1073741823,1073741823:i8
1073741823,1073741823,1073741823,1073741823,1073741823,1073740799,1073586175,1073704959,1073610751,1073741823,1073676287,1073741823,1073741823,1073741823,1073741823:j10
1073741823,1073741823,1073741823,1073741823,1073741823,1073741823,1073586175,1073704959,1073610751,1073479679,1073676287,1073741823,1073741823,1073741823,1073741823:i6
1073741823,1073741823,1073741823,1073741823,1073741823,1073741823,1073586175,1073704959,1073741823,1073741823,1073676287,1073741823,1073741823,1073741823,1073741823:i9
1073741823,1073741823,1073741823,1073741823,1073741823,1073741823,1073586175,1073709055,1073741823,1073725439,1073676287,1073741823,1073741823,1073741823,1073741823:g8
1073741823,1073741823,1073741823,1073741823,1073741823,1073741823,1073590271,1073184767,1073733631,1073740799,1073676287,1073741823,1073741823,1073741823,1073741823:j9
1073741823,1073741823,1073741823,1073741823,1073741823,1073741823,1073594367,1073180671,1073733631,1073740799,1073676287,1073741823,1073741823,1073741823,1073741823:j6
1073741823,1073741823,1073741823,1073741823,1073741823,1073741823,1073594367,1073184767,1073676287,1073741823,1073676287,1073741823,1073741823,1073741823,1073741823:j6
1073741823,1073741823,1073741823,1073741823,1073741823,1073741823,1073594367,1073577983,1073479679,1073741823,1073676287,1073741823,1073741823,1073741823,1073741823:j8
1073741823,1073741823,1073741823,1073741823,1073741823,1073741823,1073594367,1073635327,1073733631,1073740799,1073676287,1073741823,1073741823,1073741823,1073741823:g6
1073741823,1073741823,1073741823,1073741823,1073741823,1073741823,1073594367,1073700863,1073741823,1073479679,1073676287,1073741823,1073741823,1073741823,1073741823:i8
