1073741823,1073741823,1073741823,1073741823,1073741823,1073741823,1073590271,1073643519,1072168959,1073217535,1073741823,1073741823,1073741823,1073741823,1073741823:j8
1073741823,1073741823,1073741823,1073741823,1073741823,1069547519,1073590271,1073119231,1072168959,1073217535,1073741823,1073741823,1073741823,1073741823,1073741823:j6
1073741823,1073741823,1073741823,1073741823,1073741823,1073741823,1073590271,1073119231,1072168703,1073217535,1073741823,1073741823,1073741823,1073741823,1073741823:j6
1073741823,1073741823,1073741823,1073741823,1073741823,1073741823,1073590015,1073119231,1072168959,1073217535,1073741823,1073741823,1073741823,1073741823,1073741823:j6
1073741823,1073741823,1073741823,1073741823,1073741567,1073741823,1073590271,1073119231,1072168959,1073217535,1073741823,1073741823,1073741823,1073741823,1073741823:j6
1073741823,1073741823,1073741823,1073741823,1073741823,1073741823,1073590271,1073119231,1072168959,1073217535,1073741823,1073725439,1073741823,1073741823,1073741823:j6
1073741823,1073741823,1073741823,1073741823,1073741823,1073741823,1073590271,1073119231,1072168959,1073217535,1073741823,1069547519,1073741823,1073741823,1073741823:j6
1073741823,1073741823,1073741823,1073741823,1073741823,1073741823,1073590271,1073119231,1072168959,1073217535,1073741823,1073479679,1073741823,1073741823,1073741823:j6
1073741823,1073741823,1073741823,1073741823,1073741823,1073741823,1073590271,1073119231,1072168959,1073217535,1073676287,1073741823,1073741823,1073741823,1073741823:j6
1073741823,1073741823,1073741823,1073741823,1073741823,1073741823,1056813055,1073119231,1072168959,1073217535,1073741823,1073741823,1073741823,1073741823,1073741823:j6
1073741823,1073741823,1073741823,1073741823,1073741823,1073741823,1073590271,1068924927,1072168959,1073217535,1073741823,1073741823,1073741823,1073741823,1073741823:j6
1073741823,1073741823,1073741823,1073741823,1073741823,1073741823,1073590271,1073119231,1055391743,1073217535,1073741823,1073741823,1073741823,1073741823,1073741823:j6
1073741823,1073741823,1073741823,1073741823,1073741823,1073741823,1073590271,1073119231,1072168959,1073217535,1056964607,1073741823,1073741823,1073741823,1073741823:j6
1073741823,1073741823,1073741823,1073741823,1073741823,1073741823,1073590271,1073119231,1072168959,1069023231,1073741823,1073741823,1073741823,1073741823,1073741823:j6
1073741823,1073741823,1073741823,1073741823,1073741823,1073741823,1073590271,1073119231,1072168959,1073217535,1072693247,1073741823,1073741823,1073741823,1073741823:j6
1073741823,1073741823,1073741823,1073741823,1073741823,1073741823,1073590271,1073119231,1072168959,1073217535,1073725439,1073741823,1073741823,1073741823,1073741823:j6
1073741823,1073741823,1073741823,1073741823,1073741823,1073741823,1069395967,1073119231,1072168959,1073217535,1073741823,1073741823,1073741823,1073741823,1073741823:j6
1073741823,1073741823,1073741823,1073741823,1073741823,1073741823,1073590271,1073119231,1067974655,1073217535,1073741823,1073741823,1073741823,1073741823,1073741823:j6
1073741823,1073741823,1073741823,1073741823,1073741823,1073741823,1073590271,1073119231,1072168959,1073217535,1069547519,1073741823,1073741823,1073741823,1073741823:j6
1073741823,1073741823,1073741823,1073741823,1073741823,1073741823,1073590271,1073119231,1072168959,1073217535,1073479679,1073741823,1073741823,1073741823,1073741823:j6
1073741823,1073741823,1073741823,1073741823,1073741823,1073741823,1073590271,1073119231,1072168959,1073213439,1073741823,1073741823,1073741823,1073741823,1073741823:j6
1073741823,1073741823,1073741823,1073741823,1073741823,1072693247,1073590271,1073119231,1072168959,1073217535,1073741823,1073741823,1073741823,1073741823,1073741823:j6
1073741823,1073741823,1073741823,1073741823,1073741823,1073741823,1073590271,1072070655,1072168959,1073217535,1073741823,1073741823,1073741823,1073741823,1073741823:j6
1073741823,1073741823,1073741823,1073741823,1073741823,1073741823,1073590271,1073119231,1072168959,1072168959,1073741823,1073741823,1073741823,1073741823,1073741823:j6
1073741823,1073741823,1073741823,1073741823,1073741823,1073741823,1073590271,1073119231,1072168959,1073151999,1073741823,1073741823,1073741823,1073741823,1073741823:j6
1073741823,1073741823,1073741823,1073741823,1073737727,1073741823,1073590271,1073119231,1072168959,1073217535,1073741823,1073741823,1073741823,1073741823,1073741823:j6
1073741823,1073741823,1073741823,1073741823,1073676287,1073741823,1073590271,1073119231,1072168959,1073217535,1073741823,1073741823,1073741823,1073741823,1073741823:j6
1073741823,1073741823,1073741823,1073741823,1072693247,1073741823,1073590271,1073119231,1072168959,1073217535,1073741823,1073741823,1073741823,1073741823,1073741823:j7
1073741823,1073741823,1073741823,1073741823,1073741823,1073741823,1072541695,1073119231,1072168959,1073217535,1073741823,1073741823,1073741823,1073741823,1073741823:j6
1073741823,1073741823,1073741823,1073741823,1073741823,1073741823,1073590271,1073119231,1072167935,1073217535,1073741823,1073741823,1073741823,1073741823,1073741823:j6
1073741823,1073741823,1073741823,1073741823,1073741823,1073741823,1073589247,1073119231,1072168959,1073217535,1073741823,1073741823,1073741823,1073741823,1073741823:j6
1073741823,1073741823,1073741823,1073741823,1073740799,1073741823,1073590271,1073119231,1072168959,1073217535,1073741823,1073741823,1073741823,1073741823,1073741823:j7
1073741823,1073741823,1073741823,1073741823,1073741823,1073737727,1073590271,1073119231,1072168959,1073217535,1073741823,1073741823,1073741823,1073741823,1073741823:j6
1073741823,1073741823,1073741823,1073741823,1073725439,1073741823,1073590271,1073119231,1072168959,1073217535,1073741823,1073741823,1073741823,1073741823,1073741823:j6
1073741823,1073741823,1073741823,1073741823,1073479679,1073741823,1073590271,1073119231,1072168959,1073217535,1073741823,1073741823,1073741823,1073741823,1073741823:j6
1073741823,1073741823,1073741823,1073741823,1073741823,1073676287,1073590271,1073119231,1072168959,1073217535,1073741823,1073741823,1073741823,1073741823,1073741823:j6
1073741823,1073741823,1073741823,1073741823,1073741823,1073741823,1073328127,1073119231,1072168959,1073217535,1073741823,1073741823,1073741823,1073741823,1073741823:g9
1073741823,1073741823,1073741823,1073741823,1073741823,1073741823,1073328127,1073119231,1072160767,1073217535,1073741567,1073741823,1073741823,1073741823,1073741823:j6
1073741823,1073741823,1073741823,1073741823,1073741823,1073741823,1073328127,1073119231,1072160767,1073217535,1073737727,1073741823,1073741823,1073741823,1073741823:j6
1073741823,1073741823,1073741823,1073741823,1069547519,1073741823,1073328127,1073119231,1072160767,1073217535,1073741823,1073741823,1073741823,1073741823,1073741823:j6
1073741823,1073741823,1073741823,1073741823,1073741823,1069547519,1073328127,1073119231,1072160767,1073217535,1073741823,1073741823,1073741823,1073741823,1073741823:j6
1073741823,1073741823,1073741823,1073741823,1073741823,1073741823,1073328127,1073119231,1072160511,1073217535,1073741823,1073741823,1073741823,1073741823,1073741823:j6
1073741823,1073741823,1073741823,1073741823,1073741823,1073741823,1073327871,1073119231,1072160767,1073217535,1073741823,1073741823,1073741823,1073741823,1073741823:j6
1073741823,1073741823,1073741823,1073741823,1073741567,1073741823,1073328127,1073119231,1072160767,1073217535,1073741823,1073741823,1073741823,1073741823,1073741823:j6
1073741823,1073741823,1073741823,1073741823,1073741823,1073741823,1073328127,1073119231,1072160767,1073217535,1073741823,1073725439,1073741823,1073741823,1073741823:j6
1073741823,1073741823,1073741823,1073741823,1073741823,1073741823,1073328127,1073119231,1072160767,1073217535,1073741823,1069547519,1073741823,1073741823,1073741823:j6
1073741823,1073741823,1073741823,1073741823,1073741823,1073741823,1073328127,1073119231,1072160767,1073217535,1073741823,1073479679,1073741823,1073741823,1073741823:j6
1073741823,1073741823,1073741823,1073741823,1073741823,1073741823,1073328127,1073119231,1072160767,1073217535,1073676287,1073741823,1073741823,1073741823,1073741823:j6
1073741823,1073741823,1073741823,1073741823,1073741823,1073741823,1056550911,1073119231,1072160767,1073217535,1073741823,1073741823,1073741823,1073741823,1073741823:j6
1073741823,1073741823,1073741823,1073741823,1073741823,1073741823,1073328127,1068924927,1072160767,1073217535,1073741823,1073741823,1073741823,1073741823,1073741823:j6
1073741823,1073741823,1073741823,1073741823,1073741823,1073741823,1073328127,1073119231,1055383551,1073217535,1073741823,1073741823,1073741823,1073741823,1073741823:j6
1073741823,1073741823,1073741823,1073741823,1073741823,1073741823,1073328127,1073119231,1072160767,1073217535,1056964607,1073741823,1073741823,1073741823,1073741823:j6
1073741823,1073741823,1073741823,1073741823,1073741823,1073741823,1073328127,1073119231,1072160767,1069023231,1073741823,1073741823,1073741823,1073741823,1073741823:j6
1073741823,1073741823,1073741823,1073741823,1073741823,1073741823,1073328127,1073119231,1072160767,1073217535,1072693247,1073741823,1073741823,1073741823,1073741823:j6
1073741823,1073741823,1073741823,1073741823,1073741823,1073741823,1073328127,1073119231,1072160767,1073217535,1073725439,1073741823,1073741823,1073741823,1073741823:j6
1073741823,1073741823,1073741823,1073741823,1073741823,1073741823,1069133823,1073119231,1072160767,1073217535,1073741823,1073741823,1073741823,1073741823,1073741823:j6
1073741823,1073741823,1073741823,1073741823,1073741823,1073741823,1073328127,1073119231,1067966463,1073217535,1073741823,1073741823,1073741823,1073741823,1073741823:j6
1073741823,1073741823,1073741823,1073741823,1073741823,1073741823,1073328127,1073119231,1072160767,1073217535,1069547519,1073741823,1073741823,1073741823,1073741823:j6
1073741823,1073741823,1073741823,1073741823,1073741823,1073741823,1073328127,1073119231,1072160767,1073217535,1073479679,1073741823,1073741823,1073741823,1073741823:j6
1073741823,1073741823,1073741823,1073741823,1073741823,1073741823,1073328127,1073119231,1072160767,1073213439,1073741823,1073741823,1073741823,1073741823,1073741823:j6
1073741823,1073741823,1073741823,1073741823,1073741823,1072693247,1073328127,1073119231,1072160767,1073217535,1073741823,1073741823,1073741823,1073741823,1073741823:j6
1073741823,1073741823,1073741823,1073741823,1073741823,1073741823,1073328127,1072070655,1072160767,1073217535,1073741823,1073741823,1073741823,1073741823,1073741823:j6
1073741823,1073741823,1073741823,1073741823,1073741823,1073741823,1073328127,1073119231,1072160767,1072168959,1073741823,1073741823,1073741823,1073741823,1073741823:j6
1073741823,1073741823,1073741823,1073741823,1073741823,1073741823,1073328127,1073119231,1072160767,1073151999,1073741823,1073741823,1073741823,1073741823,1073741823:j6
1073741823,1073741823,1073741823,1073741823,1073737727,1073741823,1073328127,1073119231,1072160767,1073217535,1073741823,1073741823,1073741823,1073741823,1073741823:j6
1073741823,1073741823,1073741823,1073741823,1073676287,1073741823,1073328127,1073119231,1072160767,1073217535,1073741823,1073741823,1073741823,1073741823,1073741823:j6
1073741823,1073741823,1073741823,1073741823,1072693247,1073741823,1073328127,1073119231,1072160767,1073217535,1073741823,1073741823,1073741823,1073741823,1073741823:f10
1073741823,1073741823,1073741823,1073741823,1073741823,1073741823,1072279551,1073119231,1072160767,1073217535,1073741823,1073741823,1073741823,1073741823,1073741823:j6
1073741823,1073741823,1073741823,1073741823,1073741823,1073741823,1073328127,1073119231,1072159743,1073217535,1073741823,1073741823,1073741823,1073741823,1073741823:j6
1073741823,1073741823,1073741823,1073741823,1073741823,1073741823,1073327103,1073119231,1072160767,1073217535,1073741823,1073741823,1073741823,1073741823,1073741823:j6
1073741823,1073741823,1073741823,1073741823,1073740799,1073741823,1073328127,1073119231,1072160767,1073217535,1073741823,1073741823,1073741823,1073741823,1073741823:j6
1073741823,1073741823,1073741823,1073741823,1073741823,1073737727,1073328127,1073119231,1072160767,1073217535,1073741823,1073741823,1073741823,1073741823,1073741823:j6
1073741823,1073741823,1073741823,1073741823,1073725439,1073741823,1073328127,1073119231,1072160767,1073217535,1073741823,1073741823,1073741823,1073741823,1073741823:j6
1073741823,1073741823,1073741823,1073741823,1073479679,1073741823,1073328127,1073119231,1072160767,1073217535,1073741823,1073741823,1073741823,1073741823,1073741823:j6
1073741823,1073741823,1073741823,1073741823,1073741823,1073676287,1073328127,1073119231,1072160767,1073217535,1073741823,1073741823,1073741823,1073741823,1073741823:j6
1073741823,1073741823,1073741823,1073741823,1073741823,1073741823,1073328127,1073119231,1072160767,1073216511,1073741823,1073741823,1073741823,1073741823,1073741823:h10
1073741823,1073741823,1073741823,1073741823,1073741823,1073741823,1073328127,1073119231,1072160767,1073183743,1073741823,1073741759,1073741823,1073741823,1073741823:j12
1073741823,1073741823,1073741823,1073741823,1073741823,1073741823,1073328127,1073119231,1072160767,1073183679,1073741823,1073741823,1073741823,1073741823,1073741823:j12
1073741823,1073741823,1073741823,1073741823,1073741823,1073741823,1073328127,1073119231,1072160767,1073183487,1073741823,1073741823,1073741823,1073741823,1073741823:j12
1073741823,1073741823,1073741823,1073741823,1073741823,1073741823,1073328127,1073119167,1072160767,1073183743,1073741823,1073741823,1073741823,1073741823,1073741823:j12
1073741823,1073741823,1073741823,1073741823,1073741823,1073741823,1073328127,1073119231,1072160767,1073183743,1073741823,1073740799,1073741823,1073741823,1073741823:j12
1073741823,1073741823,1073741823,1073741823,1073741823,1073741823,1073328127,1073119231,1072160767,1073183743,1073740799,1073741823,1073741823,1073741823,1073741823:j12
1073741823,1073741823,1073741823,1073741823,1073741823,1073741823,1073328127,1073119231,1072160767,1073183743,1073741567,1073741823,1073741823,1073741823,1073741823:j12
1073741823,1073741823,1073741823,1073741823,1073741823,1073741823,1073328127,1073119231,1072160767,1073183743,1073737727,1073741823,1073741823,1073741823,1073741823:j12
1073741823,1073741823,1073741823,1073741823,1069547519,1073741823,1073328127,1073119231,1072160767,1073183743,1073741823,1073741823,1073741823,1073741823,1073741823:j12
1073741823,1073741823,1073741823,1073741823,1073741823,1069547519,1073328127,1073119231,1072160767,1073183743,1073741823,1073741823,1073741823,1073741823,1073741823:j12
1073741823,1073741823,1073741823,1073741823,1073741823,1073741823,1073328127,1073119231,1072160511,1073183743,1073741823,1073741823,1073741823,1073741823,1073741823:j12
1073741823,1073741823,1073741823,1073741823,1073741823,1073741823,1073327871,1073119231,1072160767,1073183743,1073741823,1073741823,1073741823,1073741823,1073741823:j12
1073741823,1073741823,1073741823,1073741823,1073741567,1073741823,1073328127,1073119231,1072160767,1073183743,1073741823,1073741823,1073741823,1073741823,1073741823:j12
1073741823,1073741823,1073741823,1073741823,1073741823,1073741823,1073328127,1073119231,1072160767,1073183743,1073741823,1073725439,1073741823,1073741823,1073741823:j12
1073741823,1073741823,1073741823,1073741823,1073741823,1073741823,1073328127,1073119231,1072160767,1073183743,1073741823,1069547519,1073741823,1073741823,1073741823:j12
1073741823,1073741823,1073741823,1073741823,1073741823,1073741823,1073328127,1073119231,1072160767,1073183743,1073741823,1073479679,1073741823,1073741823,1073741823:h9
1073741823,1073741823,1073741823,1073741823,1073741823,1073741823,1073328127,1073119231,1072127999,1073183743,1073741823,1073479679,1073741823,1073725439,1073741823:h11
1073741823,1073741823,1073741823,1073741823,1073741823,1073741823,1073328127,1073119231,1072127999,1073183743,1073741823,1073479679,1073676287,1073741823,1073741823:i9
1073741823,1073741823,1073741823,1073741823,1073741823,1073741823,1073328127,1073119231,1072127999,1073183743,1073741823,1073414143,1073741823,1073741823,1073741823:i9
1073741823,1073741823,1073741823,1073741823,1073741823,1073741823,1073328127,1073119231,1072127999,1073183743,1073741823,1072431103,1073741823,1073741823,1073741823:i9
1073741823,1073741823,1073741823,1073741823,1073741823,1073741823,1073328127,1073119231,1072127999,1073183743,1073741823,1073479679,1073741823,1069547519,1073741823:h11
1073741823,1073741823,1073741823,1073741823,1073741823,1073741823,1073328127,1073119231,1072127999,1073183743,1073741823,1073479679,1072693247,1073741823,1073741823:h11
1073741823,1073741823,1073741823,1073741823,1073741823,1073741823,1073328127,1073119231,1072127999,1073183743,1073741823,1073479679,1073741823,1073479679,1073741823:i9
1073741823,1073741823,1073741823,1073741823,1073741823,1073741823,1073328127,1073119231,1072127999,1073183743,1073741823,1073479679,1073479679,1073741823,1073741823:h11
1073741823,1073741823,1073741823,1073741823,1073741823,1073741823,1073328127,1073119231,1072127999,1073183743,1073741823,1073479615,1073741823,1073741823,1073741823:h11
1073741823,1073741823,1073741823,1073741823,1073741823,1073741823,1073328127,1073119231,1072127999,1073183679,1073741823,1073479679,1073741823,1073741823,1073741823:h11
1073741823,1073741823,1073741823,1073741823,1073741823,1073741823,1073328127,1073119231,1072127999,1073183487,1073741823,1073479679,1073741823,1073741823,1073741823:h11
1073741823,1073741823,1073741823,1073741823,1073741823,1073741823,1073328127,1073119167,1072127999,1073183743,1073741823,1073479679,1073741823,1073741823,1073741823:i9
1073741823,1073741823,1073741823,1073741823,1073741823,1073741823,1073328127,1073119231,1072127999,1073183743,1073741823,1073478655,1073741823,1073741823,1073741823:i9
1073741823,1073741823,1073741823,1073741823,1073741823,1073741823,1073328127,1073119231,1072127999,1073183743,1073740799,1073479679,1073741823,1073741823,1073741823:h11
1073741823,1073741823,1073741823,1073741823,1073741823,1073741823,1073328127,1073119231,1072127999,1073183743,1073741567,1073479679,1073741823,1073741823,1073741823:h11
1073741823,1073741823,1073741823,1073741823,1073741823,1073741823,1073328127,1073119231,1072127999,1073183743,1073737727,1073479679,1073741823,1073741823,1073741823:i10
1073741823,1073741823,1073741823,1073741823,1069547519,1073741823,1073328127,1073119231,1072127999,1073183743,1073741823,1073479679,1073741823,1073741823,1073741823:i9
1073741823,1073741823,1073741823,1073741823,1073741823,1069547519,1073328127,1073119231,1072127999,1073183743,1073741823,1073479679,1073741823,1073741823,1073741823:h11
1073741823,1073741823,1073741823,1073741823,1073741823,1073741823,1073328127,1073119231,1072127743,1073183743,1073741823,1073479679,1073741823,1073741823,1073741823:i9
1073741823,1073741823,1073741823,1073741823,1073741823,1073741823,1073327871,1073119231,1072127999,1073183743,1073741823,1073479679,1073741823,1073741823,1073741823:i9
1073741823,1073741823,1073741823,1073741823,1073741567,1073741823,1073328127,1073119231,1072127999,1073183743,1073741823,1073479679,1073741823,1073741823,1073741823:h11
1073741823,1073741823,1073741823,1073741823,1073741823,1073741823,1073328127,1073119231,1072127999,1073183743,1073741823,1073463295,1073741823,1073741823,1073741823:i9
1073741823,1073741823,1073741823,1073741823,1073741823,1073741823,1073328127,1073119231,1072127999,1073183743,1073741823,1069285375,1073741823,1073741823,1073741823:i9
1073741823,1073741823,1073741823,1073741823,1073741823,1073741823,1073328127,1073119231,1072127999,1073183743,1073676287,1073479679,1073741823,1073741823,1073741823:h11
1073741823,1073741823,1073741823,1073741823,1073741823,1073741823,1056550911,1073119231,1072127999,1073183743,1073741823,1073479679,1073741823,1073741823,1073741823:h11
1073741823,1073741823,1073741823,1073741823,1073741823,1073741823,1073328127,1068924927,1072127999,1073183743,1073741823,1073479679,1073741823,1073741823,1073741823:h11
1073741823,1073741823,1073741823,1073741823,1073741823,1073741823,1073328127,1073119231,1055350783,1073183743,1073741823,1073479679,1073741823,1073741823,1073741823:h11
1073741823,1073741823,1073741823,1073741823,1073741823,1073741823,1073328127,1073119231,1072127999,1073183743,1056964607,1073479679,1073741823,1073741823,1073741823:h11
1073741823,1073741823,1073741823,1073741823,1073741823,1073741823,1073328127,1073119231,1072127999,1068989439,1073741823,1073479679,1073741823,1073741823,1073741823:h11
1073741823,1073741823,1073741823,1073741823,1073741823,1073741823,1073328127,1073119231,1072127999,1073183743,1072693247,1073479679,1073741823,1073741823,1073741823:h11
1073741823,1073741823,1073741823,1073741823,1073741823,1073741823,1073328127,1073119231,1072127999,1073183743,1073725439,1073479679,1073741823,1073741823,1073741823:i9
1073741823,1073741823,1073741823,1073741823,1073741823,1073741823,1069133823,1073119231,1072127999,1073183743,1073741823,1073479679,1073741823,1073741823,1073741823:h11
1073741823,1073741823,1073741823,1073741823,1073741823,1073741823,1073328127,1073119231,1067933695,1073183743,1073741823,1073479679,1073741823,1073741823,1073741823:h11
1073741823,1073741823,1073741823,1073741823,1073741823,1073741823,1073328127,1073119231,1072127999,1073183743,1069547519,1073479679,1073741823,1073741823,1073741823:h11
1073741823,1073741823,1073741823,1073741823,1073741823,1073741823,1073328127,1073119231,1072127999,1073183743,1073479679,1073479679,1073741823,1073741823,1073741823:h11
1073741823,1073741823,1073741823,1073741823,1073741823,1073741823,1073328127,1073119231,1072127999,1073179647,1073741823,1073479679,1073741823,1073741823,1073741823:i9
1073741823,1073741823,1073741823,1073741823,1073741823,1072693247,1073328127,1073119231,1072127999,1073183743,1073741823,1073479679,1073741823,1073741823,1073741823:h11
1073741823,1073741823,1073741823,1073741823,1073741823,1073741823,1073328127,1072070655,1072127999,1073183743,1073741823,1073479679,1073741823,1073741823,1073741823:i9
1073741823,1073741823,1073741823,1073741823,1073741823,1073741823,1073328127,1073119231,1072127999,1072135167,1073741823,1073479679,1073741823,1073741823,1073741823:i9
1073741823,1073741823,1073741823,1073741823,1073741823,1073741823,1073328127,1073119231,1072127999,1073118207,1073741823,1073479679,1073741823,1073741823,1073741823:i9
1073741823,1073741823,1073741823,1073741823,1073737727,1073741823,1073328127,1073119231,1072127999,1073183743,1073741823,1073479679,1073741823,1073741823,1073741823:h11
1073741823,1073741823,1073741823,1073741823,1073676287,1073741823,1073328127,1073119231,1072127999,1073183743,1073741823,1073479679,1073741823,1073741823,1073741823:h11
1073741823,1073741823,1073741823,1073741823,1072693247,1073741823,1073328127,1073119231,1072127999,1073183743,1073741823,1073479679,1073741823,1073741823,1073741823:h11
1073741823,1073741823,1073741823,1073741823,1073741823,1073741823,1072279551,1073119231,1072127999,1073183743,1073741823,1073479679,1073741823,1073741823,1073741823:h11
1073741823,1073741823,1073741823,1073741823,1073741823,1073741823,1073328127,1073119231,1072126975,1073183743,1073741823,1073479679,1073741823,1073741823,1073741823:h11
1073741823,1073741823,1073741823,1073741823,1073741823,1073741823,1073327103,1073119231,1072127999,1073183743,1073741823,1073479679,1073741823,1073741823,1073741823:h11
1073741823,1073741823,1073741823,1073741823,1073740799,1073741823,1073328127,1073119231,1072127999,1073183743,1073741823,1073479679,1073741823,1073741823,1073741823:i9
1073741823,1073741823,1073741823,1073741823,1073741823,1073737727,1073328127,1073119231,1072127999,1073183743,1073741823,1073479679,1073741823,1073741823,1073741823:h11
1073741823,1073741823,1073741823,1073741823,1073725439,1073741823,1073328127,1073119231,1072127999,1073183743,1073741823,1073479679,1073741823,1073741823,1073741823:h11
1073741823,1073741823,1073741823,1073741823,1073479679,1073741823,1073328127,1073119231,1072127999,1073183743,1073741823,1073479679,1073741823,1073741823,1073741823:h11
1073741823,1073741823,1073741823,1073741823,1073741823,1073676287,1073328127,1073119231,1072127999,1073183743,1073741823,1073479679,1073741823,1073741823,1073741823:h11
1073741823,1073741823,1073741823,1073741823,1073741823,1073741823,1073328127,1073118207,1072127999,1073183743,1073741823,1073479679,1073741823,1073741823,1073741823:h11
1073741823,1073741823,1073741823,1073741823,1073741823,1073741823,1073328127,1073115135,1072127999,1073183743,1073741823,1073479679,1073741823,1073741823,1073741823:h11
1073741823,1073741823,1073741823,1073741823,1073741823,1073740799,1073328127,1073119231,1072127999,1073183743,1073741823,1073479679,1073741823,1073741823,1073741823:h11
1073741823,1073741823,1073741823,1073741823,1073741823,1073725439,1073328127,1073119231,1072127999,1073183743,1073741823,1073479679,1073741823,1073741823,1073741823:h11
1073741823,1073741823,1073741823,1073741823,1073741823,1073479679,1073328127,1073119231,1072127999,1073183743,1073741823,1073479679,1073741823,1073741823,1073741823:h11
1073741823,1073741823,1073741823,1073741823,1073741823,1073741823,1073328127,1073119231,1072062463,1073183743,1073741823,1073479679,1073741823,1073741823,1073741823:h11
1073741823,1073741823,1073741823,1073741823,1073741823,1073741823,1073328127,1073119231,1072160767,1073183743,1073676287,1073741823,1073741823,1073741823,1073741823:i9
1073741823,1073741823,1073741823,1073741823,1073741823,1073741823,1073328127,1073119231,1072029695,1073183743,1073676287,1073741823,1073737727,1073741823,1073741823:k7
1073741823,1073741823,1073741823,1073741823,1073741823,1073741823,1073328127,1073119231,1072029695,1073183743,1073676287,1073741823,1072693247,1073741823,1073741823:k7
1073741823,1073741823,1073741823,1073741823,1073741823,1073741823,1073328127,1073119231,1072029695,1073183743,1073676287,1073741823,1073676287,1073741823,1073741823:k7
1073741823,1073741823,1073741823,1073741823,1073741823,1073741823,1073328127,1073119231,1072029695,1073183743,1073676287,1073676287,1073741823,1073741823,1073741823:k7
1073741823,1073741823,1073741823,1073741823,1073741823,1073741823,1073328127,1073119231,1072029695,1073183743,1073676287,1073741759,1073741823,1073741823,1073741823:k7
1073741823,1073741823,1073741823,1073741823,1073741823,1073741823,1073328127,1073119231,1072029695,1073183679,1073676287,1073741823,1073741823,1073741823,1073741823:k7
1073741823,1073741823,1073741823,1073741823,1073741823,1073741823,1073328127,1073119231,1072029695,1073183487,1073676287,1073741823,1073741823,1073741823,1073741823:k7
1073741823,1073741823,1073741823,1073741823,1073741823,1073741823,1073328127,1073119167,1072029695,1073183743,1073676287,1073741823,1073741823,1073741823,1073741823:k7
1073741823,1073741823,1073741823,1073741823,1073741823,1073741823,1073328127,1073119231,1072029695,1073183743,1073676287,1073740799,1073741823,1073741823,1073741823:k7
1073741823,1073741823,1073741823,1073741823,1073741823,1073741823,1073328127,1073119231,1072029695,1073183743,1073675263,1073741823,1073741823,1073741823,1073741823:k7
1073741823,1073741823,1073741823,1073741823,1073741823,1073741823,1073328127,1073119231,1072029695,1073183743,1073676031,1073741823,1073741823,1073741823,1073741823:k7
1073741823,1073741823,1073741823,1073741823,1073741823,1073741823,1073328127,1073119231,1072029695,1073183743,1073672191,1073741823,1073741823,1073741823,1073741823:j11
1073741823,1073741823,1073741823,1073741823,1069547519,1073741823,1073328127,1073119231,1072029695,1073183743,1073676287,1073741823,1073741823,1073741823,1073741823:k7
1073741823,1073741823,1073741823,1073741823,1073741823,1069547519,1073328127,1073119231,1072029695,1073183743,1073676287,1073741823,1073741823,1073741823,1073741823:g11
1073741823,1073741823,1073741823,1073741823,1073741823,1073741823,1073328127,1073119231,1072029439,1073183743,1073676287,1073741823,1073741823,1073741823,1073741823:k7
1073741823,1073741823,1073741823,1073741823,1073741823,1073741823,1073327871,1073119231,1072029695,1073183743,1073676287,1073741823,1073741823,1073741823,1073741823:k7
1073741823,1073741823,1073741823,1073741823,1073741567,1073741823,1073328127,1073119231,1072029695,1073183743,1073676287,1073741823,1073741823,1073741823,1073741823:k7
1073741823,1073741823,1073741823,1073741823,1073741823,1073741823,1073328127,1073119231,1072029695,1073183743,1073676287,1073725439,1073741823,1073741823,1073741823:k7
1073741823,1073741823,1073741823,1073741823,1073741823,1073741823,1073328127,1073119231,1072029695,1073183743,1073676287,1069547519,1073741823,1073741823,1073741823:k7
1073741823,1073741823,1073741823,1073741823,1073741823,1073741823,1073328127,1073119231,1072029695,1073183743,1073676287,1073479679,1073741823,1073741823,1073741823:k7
1073741823,1073741823,1073741823,1073741823,1073741823,1073741823,1056550911,1073119231,1072029695,1073183743,1073676287,1073741823,1073741823,1073741823,1073741823:k7
1073741823,1073741823,1073741823,1073741823,1073741823,1073741823,1073328127,1068924927,1072029695,1073183743,1073676287,1073741823,1073741823,1073741823,1073741823:k7
1073741823,1073741823,1073741823,1073741823,1073741823,1073741823,1073328127,1073119231,1055252479,1073183743,1073676287,1073741823,1073741823,1073741823,1073741823:k7
1073741823,1073741823,1073741823,1073741823,1073741823,1073741823,1073328127,1073119231,1072029695,1073183743,1056899071,1073741823,1073741823,1073741823,1073741823:k7
1073741823,1073741823,1073741823,1073741823,1073741823,1073741823,1073328127,1073119231,1072029695,1068989439,1073676287,1073741823,1073741823,1073741823,1073741823:k7
1073741823,1073741823,1073741823,1073741823,1073741823,1073741823,1073328127,1073119231,1072029695,1073183743,1072627711,1073741823,1073741823,1073741823,1073741823:k7
1073741823,1073741823,1073741823,1073741823,1073741823,1073741823,1073328127,1073119231,1072029695,1073183743,1073659903,1073741823,1073741823,1073741823,1073741823:k7
1073741823,1073741823,1073741823,1073741823,1073741823,1073741823,1069133823,1073119231,1072029695,1073183743,1073676287,1073741823,1073741823,1073741823,1073741823:k7
1073741823,1073741823,1073741823,1073741823,1073741823,1073741823,1073328127,1073119231,1067835391,1073183743,1073676287,1073741823,1073741823,1073741823,1073741823:k7
1073741823,1073741823,1073741823,1073741823,1073741823,1073741823,1073328127,1073119231,1072029695,1073183743,1069481983,1073741823,1073741823,1073741823,1073741823:k7
1073741823,1073741823,1073741823,1073741823,1073741823,1073741823,1073328127,1073119231,1072029695,1073183743,1073414143,1073741823,1073741823,1073741823,1073741823:k7
1073741823,1073741823,1073741823,1073741823,1073741823,1073741823,1073328127,1073119231,1072029695,1073179647,1073676287,1073741823,1073741823,1073741823,1073741823:k7
1073741823,1073741823,1073741823,1073741823,1073741823,1072693247,1073328127,1073119231,1072029695,1073183743,1073676287,1073741823,1073741823,1073741823,1073741823:k7
1073741823,1073741823,1073741823,1073741823,1073741823,1073741823,1073328127,1072070655,1072029695,1073183743,1073676287,1073741823,1073741823,1073741823,1073741823:k7
1073741823,1073741823,1073741823,1073741823,1073741823,1073741823,1073328127,1073119231,1072029695,1072135167,1073676287,1073741823,1073741823,1073741823,1073741823:k7
1073741823,1073741823,1073741823,1073741823,1073741823,1073741823,1073328127,1073119231,1072029695,1073118207,1073676287,1073741823,1073741823,1073741823,1073741823:k7
1073741823,1073741823,1073741823,1073741823,1073737727,1073741823,1073328127,1073119231,1072029695,1073183743,1073676287,1073741823,1073741823,1073741823,1073741823:k7
1073741823,1073741823,1073741823,1073741823,1073676287,1073741823,1073328127,1073119231,1072029695,1073183743,1073676287,1073741823,1073741823,1073741823,1073741823:k7
1073741823,1073741823,1073741823,1073741823,1072693247,1073741823,1073328127,1073119231,1072029695,1073183743,1073676287,1073741823,1073741823,1073741823,1073741823:k7
1073741823,1073741823,1073741823,1073741823,1073741823,1073741823,1072279551,1073119231,1072029695,1073183743,1073676287,1073741823,1073741823,1073741823,1073741823:h9
1073741823,1073741823,1073741823,1073741823,1073741823,1073741823,1073328127,1073119231,1072028671,1073183743,1073676287,1073741823,1073741823,1073741823,1073741823:k7
1073741823,1073741823,1073741823,1073741823,1073741823,1073741823,1073327103,1073119231,1072029695,1073183743,1073676287,1073741823,1073741823,1073741823,1073741823:k7
1073741823,1073741823,1073741823,1073741823,1073740799,1073741823,1073328127,1073119231,1072029695,1073183743,1073676287,1073741823,1073741823,1073741823,1073741823:k7
1073741823,1073741823,1073741823,1073741823,1073741823,1073737727,1073328127,1073119231,1072029695,1073183743,1073676287,1073741823,1073741823,1073741823,1073741823:k7
1073741823,1073741823,1073741823,1073741823,1073725439,1073741823,1073328127,1073119231,1072029695,1073183743,1073676287,1073741823,1073741823,1073741823,1073741823:k7
1073741823,1073741823,1073741823,1073741823,1073479679,1073741823,1073328127,1073119231,1072029695,1073183743,1073676287,1073741823,1073741823,1073741823,1073741823:k7
1073741823,1073741823,1073741823,1073741823,1073741823,1073676287,1073328127,1073119231,1072029695,1073183743,1073676287,1073741823,1073741823,1073741823,1073741823:k7
1073741823,1073741823,1073741823,1073741823,1073741823,1073741823,1073328127,1073118207,1072029695,1073183743,1073676287,1073741823,1073741823,1073741823,1073741823:k7
1073741823,1073741823,1073741823,1073741823,1073741823,1073741823,1073328127,1073115135,1072029695,1073183743,1073676287,1073741823,1073741823,1073741823,1073741823:k7
1073741823,1073741823,1073741823,1073741823,1073741823,1073740799,1073328127,1073119231,1072029695,1073183743,1073676287,1073741823,1073741823,1073741823,1073741823:k7
1073741823,1073741823,1073741823,1073741823,1073741823,1073725439,1073328127,1073119231,1072029695,1073183743,1073676287,1073741823,1073741823,1073741823,1073741823:k7
1073741823,1073741823,1073741823,1073741823,1073741823,1073479679,1073328127,1073119231,1072029695,1073183743,1073676287,1073741823,1073741823,1073741823,1073741823:k7
1073741823,1073741823,1073741823,1073741823,1073741823,1073741823,1073328127,1073119231,1072013311,1073183743,1073676287,1073741823,1073741823,1073741823,1073741823:k7
1073741823,1073741823,1073741823,1073741823,1073741823,1073741823,1056550911,1073119231,1072160767,1073183743,1073741823,1073741823,1073741823,1073741823,1073741823:j12
1073741823,1073741823,1073741823,1073741823,1073741823,1073741823,1073328127,1068924927,1072160767,1073183743,1073741823,1073741823,1073741823,1073741823,1073741823:j12
1073741823,1073741823,1073741823,1073741823,1073741823,1073741823,1073328127,1073119231,1055383551,1073183743,1073741823,1073741823,1073741823,1073741823,1073741823:j12
1073741823,1073741823,1073741823,1073741823,1073741823,1073741823,1073328127,1073119231,1072160767,1073183743,1056964607,1073741823,1073741823,1073741823,1073741823:j12
1073741823,1073741823,1073741823,1073741823,1073741823,1073741823,1073328127,1073119231,1072160767,1068989439,1073741823,1073741823,1073741823,1073741823,1073741823:j12
1073741823,1073741823,1073741823,1073741823,1073741823,1073741823,1073328127,1073119231,1072160767,1073183743,1072693247,1073741823,1073741823,1073741823,1073741823:j12
1073741823,1073741823,1073741823,1073741823,1073741823,1073741823,1073328127,1073119231,1072160767,1073183743,1073725439,1073741823,1073741823,1073741823,1073741823:j12
1073741823,1073741823,1073741823,1073741823,1073741823,1073741823,1069133823,1073119231,1072160767,1073183743,1073741823,1073741823,1073741823,1073741823,1073741823:j12
1073741823,1073741823,1073741823,1073741823,1073741823,1073741823,1073328127,1073119231,1067966463,1073183743,1073741823,1073741823,1073741823,1073741823,1073741823:j12
1073741823,1073741823,1073741823,1073741823,1073741823,1073741823,1073328127,1073119231,1072160767,1073183743,1069547519,1073741823,1073741823,1073741823,1073741823:j12
1073741823,1073741823,1073741823,1073741823,1073741823,1073741823,1073328127,1073119231,1072160767,1073183743,1073479679,1073741823,1073741823,1073741823,1073741823:h9
1073741823,1073741823,1073741823,1073741823,1073741823,1073741823,1073328127,1073119231,1072127999,1073183743,1073479679,1073741823,1073725439,1073741823,1073741823:h11
1073741823,1073741823,1073741823,1073741823,1073741823,1073741823,1073328127,1073119231,1072127999,1073183743,1073479679,1073676287,1073741823,1073741823,1073741823:h11
1073741823,1073741823,1073741823,1073741823,1073741823,1073741823,1073328127,1073119231,1072127999,1073183743,1073479679,1073741823,1069547519,1073741823,1073741823:h11
1073741823,1073741823,1073741823,1073741823,1073741823,1073741823,1073328127,1073119231,1072127999,1073183743,1073479679,1072693247,1073741823,1073741823,1073741823:h11
1073741823,1073741823,1073741823,1073741823,1073741823,1073741823,1073328127,1073119231,1072127999,1073183743,1073479679,1073741823,1073479679,1073741823,1073741823:h11
1073741823,1073741823,1073741823,1073741823,1073741823,1073741823,1073328127,1073119231,1072127999,1073183743,1073479679,1073741759,1073741823,1073741823,1073741823:h11
1073741823,1073741823,1073741823,1073741823,1073741823,1073741823,1073328127,1073119231,1072127999,1073183679,1073479679,1073741823,1073741823,1073741823,1073741823:h11
1073741823,1073741823,1073741823,1073741823,1073741823,1073741823,1073328127,1073119231,1072127999,1073183487,1073479679,1073741823,1073741823,1073741823,1073741823:h11
1073741823,1073741823,1073741823,1073741823,1073741823,1073741823,1073328127,1073119167,1072127999,1073183743,1073479679,1073741823,1073741823,1073741823,1073741823:i9
1073741823,1073741823,1073741823,1073741823,1073741823,1073741823,1073328127,1073119231,1072127999,1073183743,1073479679,1073740799,1073741823,1073741823,1073741823:h11
1073741823,1073741823,1073741823,1073741823,1073741823,1073741823,1073328127,1073119231,1072127999,1073183743,1073478655,1073741823,1073741823,1073741823,1073741823:h11
1073741823,1073741823,1073741823,1073741823,1073741823,1073741823,1073328127,1073119231,1072127999,1073183743,1073479423,1073741823,1073741823,1073741823,1073741823:h11
1073741823,1073741823,1073741823,1073741823,1073741823,1073741823,1073328127,1073119231,1072127999,1073183743,1073475583,1073741823,1073741823,1073741823,1073741823:i10
1073741823,1073741823,1073741823,1073741823,1069547519,1073741823,1073328127,1073119231,1072127999,1073183743,1073479679,1073741823,1073741823,1073741823,1073741823:i9
1073741823,1073741823,1073741823,1073741823,1073741823,1069547519,1073328127,1073119231,1072127999,1073183743,1073479679,1073741823,1073741823,1073741823,1073741823:h11
1073741823,1073741823,1073741823,1073741823,1073741823,1073741823,1073328127,1073119231,1072127743,1073183743,1073479679,1073741823,1073741823,1073741823,1073741823:i9
1073741823,1073741823,1073741823,1073741823,1073741823,1073741823,1073327871,1073119231,1072127999,1073183743,1073479679,1073741823,1073741823,1073741823,1073741823:i9
1073741823,1073741823,1073741823,1073741823,1073741567,1073741823,1073328127,1073119231,1072127999,1073183743,1073479679,1073741823,1073741823,1073741823,1073741823:h11
1073741823,1073741823,1073741823,1073741823,1073741823,1073741823,1073328127,1073119231,1072127999,1073183743,1073479679,1073725439,1073741823,1073741823,1073741823:i9
1073741823,1073741823,1073741823,1073741823,1073741823,1073741823,1073328127,1073119231,1072127999,1073183743,1073479679,1069547519,1073741823,1073741823,1073741823:h11
1073741823,1073741823,1073741823,1073741823,1073741823,1073741823,1073328127,1073119231,1072127999,1073183743,1073479679,1073479679,1073741823,1073741823,1073741823:h11
1073741823,1073741823,1073741823,1073741823,1073741823,1073741823,1073328127,1073119231,1072127999,1073183743,1073414143,1073741823,1073741823,1073741823,1073741823:h11
1073741823,1073741823,1073741823,1073741823,1073741823,1073741823,1056550911,1073119231,1072127999,1073183743,1073479679,1073741823,1073741823,1073741823,1073741823:h11
1073741823,1073741823,1073741823,1073741823,1073741823,1073741823,1073328127,1068924927,1072127999,1073183743,1073479679,1073741823,1073741823,1073741823,1073741823:h11
1073741823,1073741823,1073741823,1073741823,1073741823,1073741823,1073328127,1073119231,1055350783,1073183743,1073479679,1073741823,1073741823,1073741823,1073741823:h11
1073741823,1073741823,1073741823,1073741823,1073741823,1073741823,1073328127,1073119231,1072127999,1073183743,1056702463,1073741823,1073741823,1073741823,1073741823:h11
1073741823,1073741823,1073741823,1073741823,1073741823,1073741823,1073328127,1073119231,1072127999,1068989439,1073479679,1073741823,1073741823,1073741823,1073741823:h11
1073741823,1073741823,1073741823,1073741823,1073741823,1073741823,1073328127,1073119231,1072127999,1073183743,1072431103,1073741823,1073741823,1073741823,1073741823:h11
1073741823,1073741823,1073741823,1073741823,1073741823,1073741823,1073328127,1073119231,1072127999,1073183743,1073463295,1073741823,1073741823,1073741823,1073741823:i9
1073741823,1073741823,1073741823,1073741823,1073741823,1073741823,1069133823,1073119231,1072127999,1073183743,1073479679,1073741823,1073741823,1073741823,1073741823:h11
1073741823,1073741823,1073741823,1073741823,1073741823,1073741823,1073328127,1073119231,1067933695,1073183743,1073479679,1073741823,1073741823,1073741823,1073741823:h11
1073741823,1073741823,1073741823,1073741823,1073741823,1073741823,1073328127,1073119231,1072127999,1073183743,1069285375,1073741823,1073741823,1073741823,1073741823:h11
1073741823,1073741823,1073741823,1073741823,1073741823,1073741823,1073328127,1073119231,1072127999,1073179647,1073479679,1073741823,1073741823,1073741823,1073741823:i9
1073741823,1073741823,1073741823,1073741823,1073741823,1072693247,1073328127,1073119231,1072127999,1073183743,1073479679,1073741823,1073741823,1073741823,1073741823:h11
1073741823,1073741823,1073741823,1073741823,1073741823,1073741823,1073328127,1072070655,1072127999,1073183743,1073479679,1073741823,1073741823,1073741823,1073741823:i9
1073741823,1073741823,1073741823,1073741823,1073741823,1073741823,1073328127,1073119231,1072127999,1072135167,1073479679,1073741823,1073741823,1073741823,1073741823:i9
1073741823,1073741823,1073741823,1073741823,1073741823,1073741823,1073328127,1073119231,1072127999,1073118207,1073479679,1073741823,1073741823,1073741823,1073741823:i9
1073741823,1073741823,1073741823,1073741823,1073737727,1073741823,1073328127,1073119231,1072127999,1073183743,1073479679,1073741823,1073741823,1073741823,1073741823:h11
1073741823,1073741823,1073741823,1073741823,1073676287,1073741823,1073328127,1073119231,1072127999,1073183743,1073479679,1073741823,1073741823,1073741823,1073741823:h11
1073741823,1073741823,1073741823,1073741823,1072693247,1073741823,1073328127,1073119231,1072127999,1073183743,1073479679,1073741823,1073741823,1073741823,1073741823:h11
1073741823,1073741823,1073741823,1073741823,1073741823,1073741823,1072279551,1073119231,1072127999,1073183743,1073479679,1073741823,1073741823,1073741823,1073741823:h11
1073741823,1073741823,1073741823,1073741823,1073741823,1073741823,1073328127,1073119231,1072126975,1073183743,1073479679,1073741823,1073741823,1073741823,1073741823:h11
1073741823,1073741823,1073741823,1073741823,1073741823,1073741823,1073327103,1073119231,1072127999,1073183743,1073479679,1073741823,1073741823,1073741823,1073741823:h11
1073741823,1073741823,1073741823,1073741823,1073740799,1073741823,1073328127,1073119231,1072127999,1073183743,1073479679,1073741823,1073741823,1073741823,1073741823:i9
1073741823,1073741823,1073741823,1073741823,1073741823,1073737727,1073328127,1073119231,1072127999,1073183743,1073479679,1073741823,1073741823,1073741823,1073741823:h11
1073741823,1073741823,1073741823,1073741823,1073725439,1073741823,1073328127,1073119231,1072127999,1073183743,1073479679,1073741823,1073741823,1073741823,1073741823:h11
1073741823,1073741823,1073741823,1073741823,1073479679,1073741823,1073328127,1073119231,1072127999,1073183743,1073479679,1073741823,1073741823,1073741823,1073741823:h11
1073741823,1073741823,1073741823,1073741823,1073741823,1073676287,1073328127,1073119231,1072127999,1073183743,1073479679,1073741823,1073741823,1073741823,1073741823:h11
1073741823,1073741823,1073741823,1073741823,1073741823,1073741823,1073328127,1073118207,1072127999,1073183743,1073479679,1073741823,1073741823,1073741823,1073741823:h11
1073741823,1073741823,1073741823,1073741823,1073741823,1073741823,1073328127,1073115135,1072127999,1073183743,1073479679,1073741823,1073741823,1073741823,1073741823:h11
1073741823,1073741823,1073741823,1073741823,1073741823,1073740799,1073328127,1073119231,1072127999,1073183743,1073479679,1073741823,1073741823,1073741823,1073741823:h11
1073741823,1073741823,1073741823,1073741823,1073741823,1073725439,1073328127,1073119231,1072127999,1073183743,1073479679,1073741823,1073741823,1073741823,1073741823:h11
1073741823,1073741823,1073741823,1073741823,1073741823,1073479679,1073328127,1073119231,1072127999,1073183743,1073479679,1073741823,1073741823,1073741823,1073741823:h11
1073741823,1073741823,1073741823,1073741823,1073741823,1073741823,1073328127,1073119231,1072062463,1073183743,1073479679,1073741823,1073741823,1073741823,1073741823:h11
1073741823,1073741823,1073741823,1073741823,1073741823,1073741823,1073328127,1073119231,1072160767,1073179647,1073741823,1073741823,1073741823,1073741823,1073741823:j12
1073741823,1073741823,1073741823,1073741823,1073741823,1072693247,1073328127,1073119231,1072160767,1073183743,1073741823,1073741823,1073741823,1073741823,1073741823:j12
1073741823,1073741823,1073741823,1073741823,1073741823,1073741823,1073328127,1072070655,1072160767,1073183743,1073741823,1073741823,1073741823,1073741823,1073741823:j12
1073741823,1073741823,1073741823,1073741823,1073741823,1073741823,1073328127,1073119231,1072160767,1072135167,1073741823,1073741823,1073741823,1073741823,1073741823:j12
1073741823,1073741823,1073741823,1073741823,1073741823,1073741823,1073328127,1073119231,1072160767,1073118207,1073741823,1073741823,1073741823,1073741823,1073741823:j12
1073741823,1073741823,1073741823,1073741823,1073737727,1073741823,1073328127,1073119231,1072160767,1073183743,1073741823,1073741823,1073741823,1073741823,1073741823:j12
1073741823,1073741823,1073741823,1073741823,1073676287,1073741823,1073328127,1073119231,1072160767,1073183743,1073741823,1073741823,1073741823,1073741823,1073741823:j12
1073741823,1073741823,1073741823,1073741823,1072693247,1073741823,1073328127,1073119231,1072160767,1073183743,1073741823,1073741823,1073741823,1073741823,1073741823:j12
1073741823,1073741823,1073741823,1073741823,1073741823,1073741823,1072279551,1073119231,1072160767,1073183743,1073741823,1073741823,1073741823,1073741823,1073741823:j12
1073741823,1073741823,1073741823,1073741823,1073741823,1073741823,1073328127,1073119231,1072159743,1073183743,1073741823,1073741823,1073741823,1073741823,1073741823:j12
1073741823,1073741823,1073741823,1073741823,1073741823,1073741823,1073327103,1073119231,1072160767,1073183743,1073741823,1073741823,1073741823,1073741823,1073741823:j12
1073741823,1073741823,1073741823,1073741823,1073740799,1073741823,1073328127,1073119231,1072160767,1073183743,1073741823,1073741823,1073741823,1073741823,1073741823:j12
1073741823,1073741823,1073741823,1073741823,1073741823,1073737727,1073328127,1073119231,1072160767,1073183743,1073741823,1073741823,1073741823,1073741823,1073741823:j12
1073741823,1073741823,1073741823,1073741823,1073725439,1073741823,1073328127,1073119231,1072160767,1073183743,1073741823,1073741823,1073741823,1073741823,1073741823:j12
1073741823,1073741823,1073741823,1073741823,1073479679,1073741823,1073328127,1073119231,1072160767,1073183743,1073741823,1073741823,1073741823,1073741823,1073741823:j12
1073741823,1073741823,1073741823,1073741823,1073741823,1073676287,1073328127,1073119231,1072160767,1073183743,1073741823,1073741823,1073741823,1073741823,1073741823:j12
1073741823,1073741823,1073741823,1073741823,1073741823,1073741823,1073328127,1073118207,1072160767,1073183743,1073741823,1073741823,1073741823,1073741823,1073741823:i10
1073741823,1073741823,1073741823,1073741823,1073741823,1073741823,1073328127,1073118207,1072160767,1073052671,1073741823,1073737727,1073741823,1073741823,1073741823:j11
1073741823,1073741823,1073741823,1073741823,1073741823,1073741823,1073328127,1073118207,1072160767,1073052671,1073741823,1072693247,1073741823,1073741823,1073741823:i9
1073741823,1073741823,1073741823,1073741823,1073741823,1073741823,1073328127,1073118207,1072160767,1073052671,1073741823,1073676287,1073741823,1073741823,1073741823:j11
1073741823,1073741823,1073741823,1073741823,1073741823,1073741823,1073328127,1073117951,1072160767,1073052671,1073741823,1073741823,1073741823,1073741823,1073741823:j11
1073741823,1073741823,1073741823,1073741823,1073741823,1073741759,1073328127,1073118207,1072160767,1073052671,1073741823,1073741823,1073741823,1073741823,1073741823:j11
1073741823,1073741823,1073741823,1073741823,1073741823,1073741823,1073328127,1073118207,1072160767,1073052671,1073741823,1073741759,1073741823,1073741823,1073741823:j11
1073741823,1073741823,1073741823,1073741823,1073741823,1073741823,1073328127,1073118207,1072160767,1073052607,1073741823,1073741823,1073741823,1073741823,1073741823:k10
1073741823,1073741823,1073741823,1073741823,1073741823,1073741823,1073328127,1073118207,1072160767,1073052415,1073741823,1073741823,1073741823,1073741823,1073741823:j11
1073741823,1073741823,1073741823,1073741823,1073741823,1073741823,1073328127,1073118143,1072160767,1073052671,1073741823,1073741823,1073741823,1073741823,1073741823:j11
1073741823,1073741823,1073741823,1073741823,1073741823,1073741823,1073328127,1073118207,1072160767,1073052671,1073741823,1073740799,1073741823,1073741823,1073741823:k10
1073741823,1073741823,1073741823,1073741823,1073741823,1073741823,1073328127,1073118207,1072160767,1073052671,1073740799,1073741823,1073741823,1073741823,1073741823:k10
1073741823,1073741823,1073741823,1073741823,1073741823,1073741823,1073328127,1073118207,1072160767,1073052671,1073741567,1073741823,1073741823,1073741823,1073741823:j11
1073741823,1073741823,1073741823,1073741823,1073741823,1073741823,1073328127,1073118207,1072160767,1073052671,1073737727,1073741823,1073741823,1073741823,1073741823:j11
1073741823,1073741823,1073741823,1073741823,1069547519,1073741823,1073328127,1073118207,1072160767,1073052671,1073741823,1073741823,1073741823,1073741823,1073741823:k10
1073741823,1073741823,1073741823,1073741823,1073741823,1069547519,1073328127,1073118207,1072160767,1073052671,1073741823,1073741823,1073741823,1073741823,1073741823:j11
1073741823,1073741823,1073741823,1073741823,1073741823,1073741823,1073328127,1073118207,1072160511,1073052671,1073741823,1073741823,1073741823,1073741823,1073741823:k10
1073741823,1073741823,1073741823,1073741823,1073741823,1073741823,1073327871,1073118207,1072160767,1073052671,1073741823,1073741823,1073741823,1073741823,1073741823:k10
1073741823,1073741823,1073741823,1073741823,1073741567,1073741823,1073328127,1073118207,1072160767,1073052671,1073741823,1073741823,1073741823,1073741823,1073741823:j11
1073741823,1073741823,1073741823,1073741823,1073741823,1073741823,1073328127,1073118207,1072160767,1073052671,1073741823,1073725439,1073741823,1073741823,1073741823:j11
1073741823,1073741823,1073741823,1073741823,1073741823,1073741823,1073328127,1073118207,1072160767,1073052671,1073741823,1069547519,1073741823,1073741823,1073741823:j11
1073741823,1073741823,1073741823,1073741823,1073741823,1073741823,1073328127,1073118207,1072160767,1073052671,1073741823,1073479679,1073741823,1073741823,1073741823:i9
1073741823,1073741823,1073741823,1073741823,1073741823,1073741823,1073328127,1073118207,1072160767,1073052671,1073676287,1073741823,1073741823,1073741823,1073741823:j11
1073741823,1073741823,1073741823,1073741823,1073741823,1073741823,1056550911,1073118207,1072160767,1073052671,1073741823,1073741823,1073741823,1073741823,1073741823:j11
1073741823,1073741823,1073741823,1073741823,1073741823,1073741823,1073328127,1068923903,1072160767,1073052671,1073741823,1073741823,1073741823,1073741823,1073741823:j11
1073741823,1073741823,1073741823,1073741823,1073741823,1073741823,1073328127,1073118207,1055383551,1073052671,1073741823,1073741823,1073741823,1073741823,1073741823:j11
1073741823,1073741823,1073741823,1073741823,1073741823,1073741823,1073328127,1073118207,1072160767,1073052671,1056964607,1073741823,1073741823,1073741823,1073741823:j11
1073741823,1073741823,1073741823,1073741823,1073741823,1073741823,1073328127,1073118207,1072160767,1068858367,1073741823,1073741823,1073741823,1073741823,1073741823:j11
1073741823,1073741823,1073741823,1073741823,1073741823,1073741823,1073328127,1073118207,1072160767,1073052671,1072693247,1073741823,1073741823,1073741823,1073741823:j11
1073741823,1073741823,1073741823,1073741823,1073741823,1073741823,1073328127,1073118207,1072160767,1073052671,1073725439,1073741823,1073741823,1073741823,1073741823:j11
1073741823,1073741823,1073741823,1073741823,1073741823,1073741823,1069133823,1073118207,1072160767,1073052671,1073741823,1073741823,1073741823,1073741823,1073741823:j11
1073741823,1073741823,1073741823,1073741823,1073741823,1073741823,1073328127,1073118207,1067966463,1073052671,1073741823,1073741823,1073741823,1073741823,1073741823:j11
1073741823,1073741823,1073741823,1073741823,1073741823,1073741823,1073328127,1073118207,1072160767,1073052671,1069547519,1073741823,1073741823,1073741823,1073741823:j11
1073741823,1073741823,1073741823,1073741823,1073741823,1073741823,1073328127,1073118207,1072160767,1073052671,1073479679,1073741823,1073741823,1073741823,1073741823:i9
1073741823,1073741823,1073741823,1073741823,1073741823,1073741823,1073328127,1073118207,1072160767,1073048575,1073741823,1073741823,1073741823,1073741823,1073741823:j11
1073741823,1073741823,1073741823,1073741823,1073741823,1072693247,1073328127,1073118207,1072160767,1073052671,1073741823,1073741823,1073741823,1073741823,1073741823:k10
1073741823,1073741823,1073741823,1073741823,1073741823,1073741823,1073328127,1072069631,1072160767,1073052671,1073741823,1073741823,1073741823,1073741823,1073741823:j11
1073741823,1073741823,1073741823,1073741823,1073741823,1073741823,1073328127,1073118207,1072160767,1072004095,1073741823,1073741823,1073741823,1073741823,1073741823:j11
1073741823,1073741823,1073741823,1073741823,1073737727,1073741823,1073328127,1073118207,1072160767,1073052671,1073741823,1073741823,1073741823,1073741823,1073741823:j11
1073741823,1073741823,1073741823,1073741823,1073676287,1073741823,1073328127,1073118207,1072160767,1073052671,1073741823,1073741823,1073741823,1073741823,1073741823:k10
1073741823,1073741823,1073741823,1073741823,1072693247,1073741823,1073328127,1073118207,1072160767,1073052671,1073741823,1073741823,1073741823,1073741823,1073741823:j11
1073741823,1073741823,1073741823,1073741823,1073741823,1073741823,1072279551,1073118207,1072160767,1073052671,1073741823,1073741823,1073741823,1073741823,1073741823:j11
1073741823,1073741823,1073741823,1073741823,1073741823,1073741823,1073328127,1073118207,1072159743,1073052671,1073741823,1073741823,1073741823,1073741823,1073741823:k10
1073741823,1073741823,1073741823,1073741823,1073741823,1073741823,1073327103,1073118207,1072160767,1073052671,1073741823,1073741823,1073741823,1073741823,1073741823:k10
1073741823,1073741823,1073741823,1073741823,1073740799,1073741823,1073328127,1073118207,1072160767,1073052671,1073741823,1073741823,1073741823,1073741823,1073741823:k10
1073741823,1073741823,1073741823,1073741823,1073741823,1073737727,1073328127,1073118207,1072160767,1073052671,1073741823,1073741823,1073741823,1073741823,1073741823:k10
1073741823,1073741823,1073741823,1073741823,1073725439,1073741823,1073328127,1073118207,1072160767,1073052671,1073741823,1073741823,1073741823,1073741823,1073741823:j11
1073741823,1073741823,1073741823,1073741823,1073479679,1073741823,1073328127,1073118207,1072160767,1073052671,1073741823,1073741823,1073741823,1073741823,1073741823:j11
1073741823,1073741823,1073741823,1073741823,1073741823,1073676287,1073328127,1073118207,1072160767,1073052671,1073741823,1073741823,1073741823,1073741823,1073741823:j11
1073741823,1073741823,1073741823,1073741823,1073741823,1073741823,1073328127,1073114111,1072160767,1073052671,1073741823,1073741823,1073741823,1073741823,1073741823:j12
1073741823,1073741823,1073741823,1073741823,1073741823,1073740799,1073328127,1073118207,1072160767,1073052671,1073741823,1073741823,1073741823,1073741823,1073741823:k10
1073741823,1073741823,1073741823,1073741823,1073741823,1073725439,1073328127,1073118207,1072160767,1073052671,1073741823,1073741823,1073741823,1073741823,1073741823:k10
1073741823,1073741823,1073741823,1073741823,1073741823,1073479679,1073328127,1073118207,1072160767,1073052671,1073741823,1073741823,1073741823,1073741823,1073741823:j11
1073741823,1073741823,1073741823,1073741823,1073741823,1073741823,1073328127,1073118207,1072095231,1073052671,1073741823,1073741823,1073741823,1073741823,1073741823:j11
1073741823,1073741823,1073741823,1073741823,1073741823,1073741823,1073328127,1073118207,1072144383,1073052671,1073741823,1073741823,1073741823,1073741823,1073741823:k10
1073741823,1073741823,1073741823,1073741823,1073741823,1073741823,1073328127,1073115135,1072160767,1073183743,1073741823,1073741823,1073741823,1073741823,1073741823:j12
1073741823,1073741823,1073741823,1073741823,1073741823,1073740799,1073328127,1073119231,1072160767,1073183743,1073741823,1073741823,1073741823,1073741823,1073741823:j12
1073741823,1073741823,1073741823,1073741823,1073741823,1073725439,1073328127,1073119231,1072160767,1073183743,1073741823,1073741823,1073741823,1073741823,1073741823:j12
1073741823,1073741823,1073741823,1073741823,1073741823,1073479679,1073328127,1073119231,1072160767,1073183743,1073741823,1073741823,1073741823,1073741823,1073741823:j12
1073741823,1073741823,1073741823,1073741823,1073741823,1073741823,1073328127,1073119231,1072095231,1073183743,1073741823,1073741823,1073741823,1073741823,1073741823:j12
1073741823,1073741823,1073741823,1073741823,1073741823,1073741823,1073328127,1073119231,1072144383,1073183743,1073741823,1073741823,1073741823,1073741823,1073741823:j12
1073741823,1073741823,1073741823,1073741823,1073741823,1073741823,1073328127,1073118207,1072160767,1073217535,1073741823,1073741823,1073741823,1073741823,1073741823:j6
1073741823,1073741823,1073741823,1073741823,1073741823,1073741823,1073328127,1073115135,1072160767,1073217535,1073741823,1073741823,1073741823,1073741823,1073741823:j6
1073741823,1073741823,1073741823,1073741823,1073741823,1073740799,1073328127,1073119231,1072160767,1073217535,1073741823,1073741823,1073741823,1073741823,1073741823:j6
1073741823,1073741823,1073741823,1073741823,1073741823,1073725439,1073328127,1073119231,1072160767,1073217535,1073741823,1073741823,1073741823,1073741823,1073741823:j6
1073741823,1073741823,1073741823,1073741823,1073741823,1073479679,1073328127,1073119231,1072160767,1073217535,1073741823,1073741823,1073741823,1073741823,1073741823:j12
1073741823,1073741823,1073741823,1073741823,1073741823,1073741823,1073328127,1073119231,1072095231,1073217535,1073741823,1073741823,1073741823,1073741823,1073741823:j6
1073741823,1073741823,1073741823,1073741823,1073741823,1073741823,1073328127,1073119231,1072160767,1073201151,1073741823,1073741823,1073741823,1073741823,1073741823:j6
1073741823,1073741823,1073741823,1073741823,1073741823,1073741823,1073328127,1073119231,1072144383,1073217535,1073741823,1073741823,1073741823,1073741823,1073741823:j6
1073741823,1073741823,1073741823,1073741823,1073741823,1073741823,1073590271,1073119231,1072168959,1073216511,1073741823,1073741823,1073741823,1073741823,1073741823:j6
1073741823,1073741823,1073741823,1073741823,1073741823,1073741823,1073590271,1073119231,1072164863,1073217535,1073741823,1073741823,1073741823,1073741823,1073741823:j7
1073741823,1073741823,1073741823,1073741823,1073741823,1073741823,1073590271,1073118207,1072168959,1073217535,1073741823,1073741823,1073741823,1073741823,1073741823:j6
1073741823,1073741823,1073741823,1073741823,1073741823,1073741823,1073590271,1073115135,1072168959,1073217535,1073741823,1073741823,1073741823,1073741823,1073741823:j6
1073741823,1073741823,1073741823,1073741823,1073741823,1073740799,1073590271,1073119231,1072168959,1073217535,1073741823,1073741823,1073741823,1073741823,1073741823:j6
1073741823,1073741823,1073741823,1073741823,1073741823,1073725439,1073590271,1073119231,1072168959,1073217535,1073741823,1073741823,1073741823,1073741823,1073741823:j6
1073741823,1073741823,1073741823,1073741823,1073741823,1073479679,1073590271,1073119231,1072168959,1073217535,1073741823,1073741823,1073741823,1073741823,1073741823:j11
1073741823,1073741823,1073741823,1073741823,1073741823,1073741823,1073590271,1073119231,1072103423,1073217535,1073741823,1073741823,1073741823,1073741823,1073741823:j6
1073741823,1073741823,1073741823,1073741823,1073741823,1073741823,1073590271,1073119231,1072168959,1073201151,1073741823,1073741823,1073741823,1073741823,1073741823:j6
1073741823,1073741823,1073741823,1073741823,1073741823,1073741823,1073590271,1073119231,1072152575,1073217535,1073741823,1073741823,1073741823,1073741823,1073741823:j6
