1073741823,1073741823,1073741823,1073741823,1073709055,1073741823,1071280127,1072005119,1073070079,1072672767,1073741823,1073741823,1073741823,1073741823,1073741823:i6
1073741823,1073741823,1073741823,1072693247,1073709055,1073610751,1071280127,1072005119,1073070079,1072672767,1073741823,1073741823,1073741823,1073741823,1073741823:h6
1073741823,1073741823,1073741823,1073741823,1073709055,1073610751,1071280127,1072005119,1073070079,1072672767,1073741823,1073741567,1073741823,1073741823,1073741823:h6
1073741823,1073741823,1073741823,1073741823,1073709055,1073610751,1071280127,1072005119,1073070079,1072672511,1073741823,1073741823,1073741823,1073741823,1073741823:h6
1073741823,1073741823,1073741823,1073741823,1073709055,1073610751,1071280127,1072004863,1073070079,1072672767,1073741823,1073741823,1073741823,1073741823,1073741823:h6
1073741823,1073741823,1073741823,1073741823,1073709055,1073610751,1071280127,1072005119,1073070079,1072672767,1073741823,1073737727,1073741823,1073741823,1073741823:h6
1073741823,1073741823,1073740799,1073741823,1073709055,1073610751,1071280127,1072005119,1073070079,1072672767,1073741823,1073741823,1073741823,1073741823,1073741823:h6
1073741823,1073741823,1073741823,1073737727,1073709055,1073610751,1071280127,1072005119,1073070079,1072672767,1073741823,1073741823,1073741823,1073741823,1073741823:h6
1073741823,1073741823,1073725439,1073741823,1073709055,1073610751,1071280127,1072005119,1073070079,1072672767,1073741823,1073741823,1073741823,1073741823,1073741823:h6
1073741823,1073741823,1073741823,1073725439,1073709055,1073610751,1071280127,1072005119,1073070079,1072672767,1073741823,1073741823,1073741823,1073741823,1073741823:g8
1073741823,1073741823,1073479679,1073741823,1073709055,1073610751,1071280127,1072005119,1073070079,1072672767,1073741823,1073741823,1073741823,1073741823,1073741823:h6
1073741823,1073741823,1073741823,1073676287,1073709055,1073610751,1071280127,1072005119,1073070079,1072672767,1073741823,1073741823,1073741823,1073741823,1073741823:h6
1073741823,1073741823,1073741823,1073741823,1073709055,1073610751,1071280127,1072005119,1073070079,1072672767,1073741823,1073740799,1073741823,1073741823,1073741823:h6
1073741823,1073741823,1073741823,1073741823,1073709055,1073610751,1071280127,1072005119,1073070079,1072672767,1073741823,1073479679,1073741823,1073741823,1073741823:h6
1073741823,1073741823,1073741823,1073741823,1073709055,1073610751,1071280127,1072005119,1073070079,1072672767,1073741823,1073725439,1073741823,1073741823,1073741823:h6
1073741823,1073741823,1073741823,1073741823,1056931839,1073610751,1071280127,1072005119,1073070079,1072672767,1073741823,1073741823,1073741823,1073741823,1073741823:h6
1073741823,1073741823,1073741823,1073741823,1073709055,1073610751,1054502911,1072005119,1073070079,1072672767,1073741823,1073741823,1073741823,1073741823,1073741823:h6
1073741823,1073741823,1073741823,1073741823,1073709055,1073610751,1071280127,1072005119,1056292863,1072672767,1073741823,1073741823,1073741823,1073741823,1073741823:h6
1073741823,1073741823,1073741823,1073741823,1073709055,1056833535,1071280127,1072005119,1073070079,1072672767,1073741823,1073741823,1073741823,1073741823,1073741823:h6
1073741823,1073741823,1073741823,1073741823,1073709055,1069416447,1071280127,1072005119,1073070079,1072672767,1073741823,1073741823,1073741823,1073741823,1073741823:h6
1073741823,1073741823,1073741823,1073741823,1073709055,1073610751,1071280127,1067810815,1073070079,1072672767,1073741823,1073741823,1073741823,1073741823,1073741823:h6
1073741823,1073741823,1073741823,1073741823,1073709055,1073610751,1071280127,1072005119,1073070079,1072672767,1073741823,1073676287,1073741823,1073741823,1073741823:h6
1073741823,1073741823,1073741823,1073741823,1073709055,1073610751,1071280127,1055227903,1073070079,1072672767,1073741823,1073741823,1073741823,1073741823,1073741823:h6
1073741823,1073741823,1073741823,1073741823,1073709055,1073610751,1071280127,1072005119,1073070079,1055895551,1073741823,1073741823,1073741823,1073741823,1073741823:h6
1073741823,1073741823,1073741823,1073741823,1073709055,1073610751,1071280127,1072005119,1073070079,1068478463,1073741823,1073741823,1073741823,1073741823,1073741823:h6
1073741823,1073741823,1073741823,1073741823,1073709055,1073610751,1071280127,1072005119,1073070079,1072672767,1073741823,1056964607,1073741823,1073741823,1073741823:h6
1073741823,1073741823,1073741823,1073741823,1073709055,1073610751,1071280127,1072005119,1073070079,1072672767,1073741823,1072693247,1073741823,1073741823,1073741823:h6
1073741823,1073741823,1073741823,1073741823,1073709055,1073610751,1071280127,1072005119,1073070079,1072672767,1073740799,1073741823,1073741823,1073741823,1073741823:h6
1073741823,1073741823,1073741823,1073741823,1073709055,1073610751,1071280127,1072005119,1073069055,1072672767,1073741823,1073741823,1073741823,1073741823,1073741823:h6
1073741823,1073741823,1073741823,1073741823,1073708031,1073610751,1071280127,1072005119,1073070079,1072672767,1073741823,1073741823,1073741823,1073741823,1073741823:g8
1073741823,1073741823,1073741823,1073741823,1073446911,1073610751,1071280127,1072005119,1073070079,1072672767,1073741823,1073741823,1073741823,1073741823,1073741823:h6
1073741823,1073741823,1073741823,1073741823,1069514751,1073610751,1071280127,1072005119,1073070079,1072672767,1073741823,1073741823,1073741823,1073741823,1073741823:h6
1073741823,1073741823,1073741823,1073741823,1073709055,1072562175,1071280127,1072005119,1073070079,1072672767,1073741823,1073741823,1073741823,1073741823,1073741823:h6
1073741823,1073741823,1073741823,1073741823,1073709055,1073610751,1071280127,1072005119,1073070079,1072672767,1073725439,1073741823,1073741823,1073741823,1073741823:h6
1073741823,1073741823,1073741823,1073741823,1073709055,1073610751,1067085823,1072005119,1073070079,1072672767,1073741823,1073741823,1073741823,1073741823,1073741823:h6
1073741823,1073741823,1073741823,1073741823,1073709055,1073610751,1071280127,1072005119,1068875775,1072672767,1073741823,1073741823,1073741823,1073741823,1073741823:h6
1073741823,1073741823,1073741823,1073741823,1073709055,1073610751,1071280127,1072005119,1073070079,1072672767,1069547519,1073741823,1073741823,1073741823,1073741823:h6
1073741823,1073741823,1073741823,1073741823,1073709055,1073610751,1071280127,1072005119,1073070079,1072672767,1073479679,1073741823,1073741823,1073741823,1073741823:h6
1073741823,1073741823,1073741823,1073741823,1073709055,1073610751,1071280127,1072005119,1073069823,1072672767,1073741823,1073741823,1073741823,1073741823,1073741823:h6
1073741823,1073741823,1073741823,1073741823,1073709055,1073610751,1071279871,1072005119,1073070079,1072672767,1073741823,1073741823,1073741823,1073741823,1073741823:h6
1073741823,1073741823,1073741823,1073741823,1073709055,1073610751,1071279103,1072005119,1073070079,1072672767,1073741823,1073741823,1073741823,1073741823,1073741823:h6
1073741823,1073741823,1073741823,1073741823,1073708799,1073610751,1071280127,1072005119,1073070079,1072672767,1073741823,1073741823,1073741823,1073741823,1073741823:h6
1073741823,1073741823,1073741823,1073741823,1073709055,1073606655,1071280127,1072005119,1073070079,1072672767,1073741823,1073741823,1073741823,1073741823,1073741823:g8
1073741823,1073741823,1073741823,1073741823,1073709055,1073610751,1071280127,1072005119,1073070079,1072672767,1073737727,1073741823,1073741823,1073741823,1073741823:h6
1073741823,1073741823,1073741823,1073741823,1073709055,1073610751,1071280127,1072005119,1073070079,1072672767,1072693247,1073741823,1073741823,1073741823,1073741823:h6
1073741823,1073741823,1073741823,1073741823,1073709055,1073610751,1071280127,1072005119,1073070079,1072672767,1073676287,1073741823,1073741823,1073741823,1073741823:h6
1073741823,1073741823,1073741823,1073741823,1073709055,1073610751,1071280127,1072005119,1073070079,1072607231,1073741823,1073741823,1073741823,1073741823,1073741823:j10
1073741823,1073741823,1073741823,1073741823,1073709055,1073610751,1071280127,1072005119,1073070079,1072082943,1073741823,1069547519,1073741823,1073741823,1073741823:h4
1073741823,1073741823,1073741823,1072693247,1073709055,1073610751,1071280127,1072005119,1073070079,1072082943,1073741823,1073741823,1073741823,1073741823,1073741823:h4
1073741823,1073741823,1073741823,1073741823,1073709055,1073610751,1071280127,1072005119,1073070079,1072082943,1073741823,1073741567,1073741823,1073741823,1073741823:h6
1073741823,1073741823,1073741823,1073741823,1073709055,1073610751,1071280127,1072005119,1073070079,1072082687,1073741823,1073741823,1073741823,1073741823,1073741823:f10
1073741823,1073741823,1073741823,1073741823,1073709055,1073610751,1071280127,1072005119,1073070079,1072080639,1073741823,1073741759,1073741823,1073741823,1073741823:h4
1073741823,1073741823,1073741823,1073741823,1073709055,1073610751,1071280127,1072005055,1073070079,1072080639,1073741823,1073741823,1073741823,1073741823,1073741823:h4
1073741823,1073741823,1073741823,1073741823,1073709055,1073610751,1071280127,1072005119,1073070079,1072080639,1073741823,1073741807,1073741823,1073741823,1073741823:h4
1073741823,1073741823,1073741823,1073741823,1073709055,1073610751,1071280127,1072005119,1073070079,1072080639,1073741759,1073741823,1073741823,1073741823,1073741823:h4
1073741823,1073741823,1073741823,1073741823,1073709055,1073610751,1071280127,1072005119,1073070079,1072080623,1073741823,1073741823,1073741823,1073741823,1073741823:h4
1073741823,1073741823,1073741823,1073741823,1073709055,1073610751,1071280127,1072005119,1073070079,1072080575,1073741823,1073741823,1073741823,1073741823,1073741823:h6
1073741823,1073741823,1073741823,1073741823,1073709055,1073610751,1071280127,1072005103,1073070079,1072080639,1073741823,1073741823,1073741823,1073741823,1073741823:h4
1073741823,1073741823,1073741823,1073741823,1073709055,1073610751,1071280127,1072005119,1073070015,1072080639,1073741823,1073741823,1073741823,1073741823,1073741823:h4
1073741823,1073741823,1073741823,1073741823,1073709055,1073610751,1071280127,1072005119,1073070079,1072080639,1073741567,1073741823,1073741823,1073741823,1073741823:h4
1073741823,1073741823,1073741823,1073741823,1073709055,1073610751,1071280127,1072005119,1073070079,1072080639,1073741823,1069547519,1073741823,1073741823,1073741823:h4
1073741823,1073741823,1073741823,1072693247,1073709055,1073610751,1071280127,1072005119,1073070079,1072080639,1073741823,1073741823,1073741823,1073741823,1073741823:h4
1073741823,1073741823,1073741823,1073741823,1073709055,1073610751,1071280127,1072005119,1073070079,1072080639,1073741823,1073741567,1073741823,1073741823,1073741823:h6
1073741823,1073741823,1073741823,1073741823,1073709055,1073610751,1071280127,1072004863,1073070079,1072080639,1073741823,1073741823,1073741823,1073741823,1073741823:h4
1073741823,1073741823,1073741823,1073741823,1073709055,1073610751,1071280127,1072005119,1073070079,1072080639,1073741823,1073737727,1073741823,1073741823,1073741823:h4
1073741823,1073741823,1073740799,1073741823,1073709055,1073610751,1071280127,1072005119,1073070079,1072080639,1073741823,1073741823,1073741823,1073741823,1073741823:h4
1073741823,1073741823,1073741823,1073737727,1073709055,1073610751,1071280127,1072005119,1073070079,1072080639,1073741823,1073741823,1073741823,1073741823,1073741823:h4
1073741823,1073741823,1073725439,1073741823,1073709055,1073610751,1071280127,1072005119,1073070079,1072080639,1073741823,1073741823,1073741823,1073741823,1073741823:h4
1073741823,1073741823,1073741823,1073725439,1073709055,1073610751,1071280127,1072005119,1073070079,1072080639,1073741823,1073741823,1073741823,1073741823,1073741823:g8
1073741823,1073741823,1073479679,1073741823,1073709055,1073610751,1071280127,1072005119,1073070079,1072080639,1073741823,1073741823,1073741823,1073741823,1073741823:h4
1073741823,1073741823,1073741823,1073676287,1073709055,1073610751,1071280127,1072005119,1073070079,1072080639,1073741823,1073741823,1073741823,1073741823,1073741823:h4
1073741823,1073741823,1073741823,1073741823,1073709055,1073610751,1071280127,1072005119,1073070079,1072080639,1073741823,1073740799,1073741823,1073741823,1073741823:h4
1073741823,1073741823,1073741823,1073741823,1073709055,1073610751,1071280127,1072005119,1073070079,1072080639,1073741823,1073479679,1073741823,1073741823,1073741823:h4
1073741823,1073741823,1073741823,1073741823,1073709055,1073610751,1071280127,1072005119,1073070079,1072080639,1073741823,1073725439,1073741823,1073741823,1073741823:h6
1073741823,1073741823,1073741823,1073741823,1056931839,1073610751,1071280127,1072005119,1073070079,1072080639,1073741823,1073741823,1073741823,1073741823,1073741823:h4
1073741823,1073741823,1073741823,1073741823,1073709055,1073610751,1054502911,1072005119,1073070079,1072080639,1073741823,1073741823,1073741823,1073741823,1073741823:h4
1073741823,1073741823,1073741823,1073741823,1073709055,1073610751,1071280127,1072005119,1056292863,1072080639,1073741823,1073741823,1073741823,1073741823,1073741823:h4
1073741823,1073741823,1073741823,1073741823,1073709055,1056833535,1071280127,1072005119,1073070079,1072080639,1073741823,1073741823,1073741823,1073741823,1073741823:h4
1073741823,1073741823,1073741823,1073741823,1073709055,1069416447,1071280127,1072005119,1073070079,1072080639,1073741823,1073741823,1073741823,1073741823,1073741823:h4
1073741823,1073741823,1073741823,1073741823,1073709055,1073610751,1071280127,1067810815,1073070079,1072080639,1073741823,1073741823,1073741823,1073741823,1073741823:h6
1073741823,1073741823,1073741823,1073741823,1073709055,1073610751,1071280127,1072005119,1073070079,1072080639,1073741823,1073676287,1073741823,1073741823,1073741823:h4
1073741823,1073741823,1073741823,1073741823,1073709055,1073610751,1071280127,1055227903,1073070079,1072080639,1073741823,1073741823,1073741823,1073741823,1073741823:h4
1073741823,1073741823,1073741823,1073741823,1073709055,1073610751,1071280127,1072005119,1073070079,1055303423,1073741823,1073741823,1073741823,1073741823,1073741823:h6
1073741823,1073741823,1073741823,1073741823,1073709055,1073610751,1071280127,1072005119,1073070079,1067886335,1073741823,1073741823,1073741823,1073741823,1073741823:h4
1073741823,1073741823,1073741823,1073741823,1073709055,1073610751,1071280127,1072005119,1073070079,1072080639,1073741823,1056964607,1073741823,1073741823,1073741823:h4
1073741823,1073741823,1073741823,1073741823,1073709055,1073610751,1071280127,1072005119,1073070079,1072080639,1073741823,1072693247,1073741823,1073741823,1073741823:h6
1073741823,1073741823,1073741823,1073741823,1073709055,1073610751,1071280127,1072005119,1073070079,1072080639,1073740799,1073741823,1073741823,1073741823,1073741823:h6
1073741823,1073741823,1073741823,1073741823,1073709055,1073610751,1071280127,1072005119,1073069055,1072080639,1073741823,1073741823,1073741823,1073741823,1073741823:h4
1073741823,1073741823,1073741823,1073741823,1073708031,1073610751,1071280127,1072005119,1073070079,1072080639,1073741823,1073741823,1073741823,1073741823,1073741823:h4
1073741823,1073741823,1073741823,1073741823,1073446911,1073610751,1071280127,1072005119,1073070079,1072080639,1073741823,1073741823,1073741823,1073741823,1073741823:h6
1073741823,1073741823,1073741823,1073741823,1069514751,1073610751,1071280127,1072005119,1073070079,1072080639,1073741823,1073741823,1073741823,1073741823,1073741823:h4
1073741823,1073741823,1073741823,1073741823,1073709055,1072562175,1071280127,1072005119,1073070079,1072080639,1073741823,1073741823,1073741823,1073741823,1073741823:h4
1073741823,1073741823,1073741823,1073741823,1073709055,1073610751,1071280127,1072005119,1073070079,1072080639,1073725439,1073741823,1073741823,1073741823,1073741823:h6
1073741823,1073741823,1073741823,1073741823,1073709055,1073610751,1067085823,1072005119,1073070079,1072080639,1073741823,1073741823,1073741823,1073741823,1073741823:h4
1073741823,1073741823,1073741823,1073741823,1073709055,1073610751,1071280127,1072005119,1068875775,1072080639,1073741823,1073741823,1073741823,1073741823,1073741823:h4
1073741823,1073741823,1073741823,1073741823,1073709055,1073610751,1071280127,1072005119,1073070079,1072080639,1069547519,1073741823,1073741823,1073741823,1073741823:h4
1073741823,1073741823,1073741823,1073741823,1073709055,1073610751,1071280127,1072005119,1073070079,1072080639,1073479679,1073741823,1073741823,1073741823,1073741823:h6
1073741823,1073741823,1073741823,1073741823,1073709055,1073610751,1071280127,1072005119,1073069823,1072080639,1073741823,1073741823,1073741823,1073741823,1073741823:h6
1073741823,1073741823,1073741823,1073741823,1073709055,1073610751,1071279871,1072005119,1073070079,1072080639,1073741823,1073741823,1073741823,1073741823,1073741823:h4
1073741823,1073741823,1073741823,1073741823,1073709055,1073610751,1071279103,1072005119,1073070079,1072080639,1073741823,1073741823,1073741823,1073741823,1073741823:h6
1073741823,1073741823,1073741823,1073741823,1073708799,1073610751,1071280127,1072005119,1073070079,1072080639,1073741823,1073741823,1073741823,1073741823,1073741823:h4
1073741823,1073741823,1073741823,1073741823,1073709055,1073606655,1071280127,1072005119,1073070079,1072080639,1073741823,1073741823,1073741823,1073741823,1073741823:g8
1073741823,1073741823,1073741823,1073741823,1073709055,1073610751,1071280127,1072005119,1073070079,1072080639,1073737727,1073741823,1073741823,1073741823,1073741823:h6
1073741823,1073741823,1073741823,1073741823,1073709055,1073610751,1071280127,1072005119,1073070079,1072080639,1072693247,1073741823,1073741823,1073741823,1073741823:h6
1073741823,1073741823,1073741823,1073741823,1073709055,1073610751,1071280127,1072005119,1073070079,1072080639,1073676287,1073741823,1073741823,1073741823,1073741823:h4
1073741823,1073741823,1073741823,1073741823,1073704959,1073610751,1071280127,1072005119,1073070079,1072080639,1073741823,1073741823,1073741823,1073741823,1073741823:h6
1073741823,1073741823,1073741823,1073741823,1073643519,1073610751,1071280127,1072005119,1073070079,1072080639,1073741823,1073741823,1073741823,1073741823,1073741823:h6
1073741823,1073741823,1073741823,1073741823,1072660479,1073610751,1071280127,1072005119,1073070079,1072080639,1073741823,1073741823,1073741823,1073741823,1073741823:h4
1073741823,1073741823,1073741823,1073741823,1073709055,1073610751,1071280127,1072005119,1072021503,1072080639,1073741823,1073741823,1073741823,1073741823,1073741823:h6
1073741823,1073741823,1073741823,1073741823,1073709055,1073610751,1071280127,1072005119,1073065983,1072080639,1073741823,1073741823,1073741823,1073741823,1073741823:h6
1073741823,1073741823,1073741823,1073741823,1073709055,1073610751,1071280127,1072004095,1073070079,1072080639,1073741823,1073741823,1073741823,1073741823,1073741823:h6
1073741823,1073741823,1073741823,1073741823,1073709055,1073610751,1071280127,1072001023,1073070079,1072080639,1073741823,1073741823,1073741823,1073741823,1073741823:h6
1073741823,1073741823,1073741823,1073741823,1073709055,1073609727,1071280127,1072005119,1073070079,1072080639,1073741823,1073741823,1073741823,1073741823,1073741823:h4
1073741823,1073741823,1073741823,1073741823,1073709055,1073594367,1071280127,1072005119,1073070079,1072080639,1073741823,1073741823,1073741823,1073741823,1073741823:g8
1073741823,1073741823,1073741823,1073741823,1073709055,1073348607,1071280127,1072005119,1073070079,1072080639,1073741823,1073741823,1073741823,1073741823,1073741823:g8
1073741823,1073741823,1073741823,1073741823,1073709055,1073610751,1071280127,1072004863,1073070079,1072082943,1073741823,1073741823,1073741823,1073741823,1073741823:h6
1073741823,1073741823,1073741823,1073741823,1073709055,1073610751,1071280127,1072005119,1073070079,1072082943,1073741823,1073737727,1073741823,1073741823,1073741823:h6
1073741823,1073741823,1073740799,1073741823,1073709055,1073610751,1071280127,1072005119,1073070079,1072082943,1073741823,1073741823,1073741823,1073741823,1073741823:h4
1073741823,1073741823,1073741823,1073737727,1073709055,1073610751,1071280127,1072005119,1073070079,1072082943,1073741823,1073741823,1073741823,1073741823,1073741823:h4
1073741823,1073741823,1073725439,1073741823,1073709055,1073610751,1071280127,1072005119,1073070079,1072082943,1073741823,1073741823,1073741823,1073741823,1073741823:h4
1073741823,1073741823,1073741823,1073725439,1073709055,1073610751,1071280127,1072005119,1073070079,1072082943,1073741823,1073741823,1073741823,1073741823,1073741823:g8
1073741823,1073741823,1073479679,1073741823,1073709055,1073610751,1071280127,1072005119,1073070079,1072082943,1073741823,1073741823,1073741823,1073741823,1073741823:h4
1073741823,1073741823,1073741823,1073676287,1073709055,1073610751,1071280127,1072005119,1073070079,1072082943,1073741823,1073741823,1073741823,1073741823,1073741823:h4
1073741823,1073741823,1073741823,1073741823,1073709055,1073610751,1071280127,1072005119,1073070079,1072082943,1073741823,1073740799,1073741823,1073741823,1073741823:h6
1073741823,1073741823,1073741823,1073741823,1073709055,1073610751,1071280127,1072005119,1073070079,1072082943,1073741823,1073479679,1073741823,1073741823,1073741823:h4
1073741823,1073741823,1073741823,1073741823,1073709055,1073610751,1071280127,1072005119,1073070079,1072082943,1073741823,1073725439,1073741823,1073741823,1073741823:h6
1073741823,1073741823,1073741823,1073741823,1056931839,1073610751,1071280127,1072005119,1073070079,1072082943,1073741823,1073741823,1073741823,1073741823,1073741823:h4
1073741823,1073741823,1073741823,1073741823,1073709055,1073610751,1054502911,1072005119,1073070079,1072082943,1073741823,1073741823,1073741823,1073741823,1073741823:h4
1073741823,1073741823,1073741823,1073741823,1073709055,1073610751,1071280127,1072005119,1056292863,1072082943,1073741823,1073741823,1073741823,1073741823,1073741823:h4
1073741823,1073741823,1073741823,1073741823,1073709055,1056833535,1071280127,1072005119,1073070079,1072082943,1073741823,1073741823,1073741823,1073741823,1073741823:h4
1073741823,1073741823,1073741823,1073741823,1073709055,1069416447,1071280127,1072005119,1073070079,1072082943,1073741823,1073741823,1073741823,1073741823,1073741823:h4
1073741823,1073741823,1073741823,1073741823,1073709055,1073610751,1071280127,1067810815,1073070079,1072082943,1073741823,1073741823,1073741823,1073741823,1073741823:h6
1073741823,1073741823,1073741823,1073741823,1073709055,1073610751,1071280127,1072005119,1073070079,1072082943,1073741823,1073676287,1073741823,1073741823,1073741823:h4
1073741823,1073741823,1073741823,1073741823,1073709055,1073610751,1071280127,1055227903,1073070079,1072082943,1073741823,1073741823,1073741823,1073741823,1073741823:h4
1073741823,1073741823,1073741823,1073741823,1073709055,1073610751,1071280127,1072005119,1073070079,1055305727,1073741823,1073741823,1073741823,1073741823,1073741823:h6
1073741823,1073741823,1073741823,1073741823,1073709055,1073610751,1071280127,1072005119,1073070079,1067888639,1073741823,1073741823,1073741823,1073741823,1073741823:h4
1073741823,1073741823,1073741823,1073741823,1073709055,1073610751,1071280127,1072005119,1073070079,1072082943,1073741823,1056964607,1073741823,1073741823,1073741823:h4
1073741823,1073741823,1073741823,1073741823,1073709055,1073610751,1071280127,1072005119,1073070079,1072082943,1073741823,1072693247,1073741823,1073741823,1073741823:h6
1073741823,1073741823,1073741823,1073741823,1073709055,1073610751,1071280127,1072005119,1073070079,1072082943,1073740799,1073741823,1073741823,1073741823,1073741823:h6
1073741823,1073741823,1073741823,1073741823,1073709055,1073610751,1071280127,1072005119,1073069055,1072082943,1073741823,1073741823,1073741823,1073741823,1073741823:h6
1073741823,1073741823,1073741823,1073741823,1073708031,1073610751,1071280127,1072005119,1073070079,1072082943,1073741823,1073741823,1073741823,1073741823,1073741823:h4
1073741823,1073741823,1073741823,1073741823,1073446911,1073610751,1071280127,1072005119,1073070079,1072082943,1073741823,1073741823,1073741823,1073741823,1073741823:h6
1073741823,1073741823,1073741823,1073741823,1069514751,1073610751,1071280127,1072005119,1073070079,1072082943,1073741823,1073741823,1073741823,1073741823,1073741823:h4
1073741823,1073741823,1073741823,1073741823,1073709055,1072562175,1071280127,1072005119,1073070079,1072082943,1073741823,1073741823,1073741823,1073741823,1073741823:h4
1073741823,1073741823,1073741823,1073741823,1073709055,1073610751,1071280127,1072005119,1073070079,1072082943,1073725439,1073741823,1073741823,1073741823,1073741823:h6
1073741823,1073741823,1073741823,1073741823,1073709055,1073610751,1067085823,1072005119,1073070079,1072082943,1073741823,1073741823,1073741823,1073741823,1073741823:h4
1073741823,1073741823,1073741823,1073741823,1073709055,1073610751,1071280127,1072005119,1068875775,1072082943,1073741823,1073741823,1073741823,1073741823,1073741823:h4
1073741823,1073741823,1073741823,1073741823,1073709055,1073610751,1071280127,1072005119,1073070079,1072082943,1069547519,1073741823,1073741823,1073741823,1073741823:h4
1073741823,1073741823,1073741823,1073741823,1073709055,1073610751,1071280127,1072005119,1073070079,1072082943,1073479679,1073741823,1073741823,1073741823,1073741823:h6
1073741823,1073741823,1073741823,1073741823,1073709055,1073610751,1071280127,1072005119,1073069823,1072082943,1073741823,1073741823,1073741823,1073741823,1073741823:h6
1073741823,1073741823,1073741823,1073741823,1073709055,1073610751,1071279871,1072005119,1073070079,1072082943,1073741823,1073741823,1073741823,1073741823,1073741823:h6
1073741823,1073741823,1073741823,1073741823,1073709055,1073610751,1071279103,1072005119,1073070079,1072082943,1073741823,1073741823,1073741823,1073741823,1073741823:h6
1073741823,1073741823,1073741823,1073741823,1073708799,1073610751,1071280127,1072005119,1073070079,1072082943,1073741823,1073741823,1073741823,1073741823,1073741823:h4
1073741823,1073741823,1073741823,1073741823,1073709055,1073606655,1071280127,1072005119,1073070079,1072082943,1073741823,1073741823,1073741823,1073741823,1073741823:g8
1073741823,1073741823,1073741823,1073741823,1073709055,1073610751,1071280127,1072005119,1073070079,1072082943,1073737727,1073741823,1073741823,1073741823,1073741823:h6
1073741823,1073741823,1073741823,1073741823,1073709055,1073610751,1071280127,1072005119,1073070079,1072082943,1072693247,1073741823,1073741823,1073741823,1073741823:h6
1073741823,1073741823,1073741823,1073741823,1073709055,1073610751,1071280127,1072005119,1073070079,1072082943,1073676287,1073741823,1073741823,1073741823,1073741823:h4
1073741823,1073741823,1073741823,1073741823,1073704959,1073610751,1071280127,1072005119,1073070079,1072082943,1073741823,1073741823,1073741823,1073741823,1073741823:h6
1073741823,1073741823,1073741823,1073741823,1073643519,1073610751,1071280127,1072005119,1073070079,1072082943,1073741823,1073741823,1073741823,1073741823,1073741823:h6
1073741823,1073741823,1073741823,1073741823,1072660479,1073610751,1071280127,1072005119,1073070079,1072082943,1073741823,1073741823,1073741823,1073741823,1073741823:h4
1073741823,1073741823,1073741823,1073741823,1073709055,1073610751,1071280127,1072005119,1072021503,1072082943,1073741823,1073741823,1073741823,1073741823,1073741823:h6
1073741823,1073741823,1073741823,1073741823,1073709055,1073610751,1071280127,1072005119,1073070079,1072081919,1073741823,1073741823,1073741823,1073741823,1073741823:e10
1073741823,1073741823,1073741823,1073741823,1073709055,1073610751,1071280127,1072005119,1073070079,1072081407,1073741823,1073741807,1073741823,1073741823,1073741823:h4
1073741823,1073741823,1073741823,1073741823,1073709055,1073610751,1071280127,1072005119,1073070079,1072081407,1073741759,1073741823,1073741823,1073741823,1073741823:h4
1073741823,1073741823,1073741823,1073741823,1073709055,1073610751,1071280127,1072005119,1073070079,1072081391,1073741823,1073741823,1073741823,1073741823,1073741823:h4
1073741823,1073741823,1073741823,1073741823,1073709055,1073610751,1071280127,1072005103,1073070079,1072081407,1073741823,1073741823,1073741823,1073741823,1073741823:h4
1073741823,1073741823,1073741823,1073741823,1073709055,1073610751,1071280127,1072005119,1073070015,1072081407,1073741823,1073741823,1073741823,1073741823,1073741823:h4
1073741823,1073741823,1073741823,1073741823,1073709055,1073610751,1071280127,1072005119,1073070079,1072081407,1073741823,1073741759,1073741823,1073741823,1073741823:h4
1073741823,1073741823,1073741823,1073741823,1073709055,1073610751,1071280127,1072005119,1073070079,1072081407,1073741567,1073741823,1073741823,1073741823,1073741823:h4
1073741823,1073741823,1073741823,1073741823,1073709055,1073610751,1071280127,1072005119,1073070079,1072081343,1073741823,1073741823,1073741823,1073741823,1073741823:h6
1073741823,1073741823,1073741823,1073741823,1073709055,1073610751,1071280127,1072005055,1073070079,1072081407,1073741823,1073741823,1073741823,1073741823,1073741823:h4
1073741823,1073741823,1073741823,1073741823,1073709055,1073610751,1071280127,1072005119,1073070079,1072081407,1073741823,1069547519,1073741823,1073741823,1073741823:h4
1073741823,1073741823,1073741823,1072693247,1073709055,1073610751,1071280127,1072005119,1073070079,1072081407,1073741823,1073741823,1073741823,1073741823,1073741823:h4
1073741823,1073741823,1073741823,1073741823,1073709055,1073610751,1071280127,1072005119,1073070079,1072081407,1073741823,1073741567,1073741823,1073741823,1073741823:h6
1073741823,1073741823,1073741823,1073741823,1073709055,1073610751,1071280127,1072004863,1073070079,1072081407,1073741823,1073741823,1073741823,1073741823,1073741823:h4
1073741823,1073741823,1073741823,1073741823,1073709055,1073610751,1071280127,1072005119,1073070079,1072081407,1073741823,1073737727,1073741823,1073741823,1073741823:h4
1073741823,1073741823,1073740799,1073741823,1073709055,1073610751,1071280127,1072005119,1073070079,1072081407,1073741823,1073741823,1073741823,1073741823,1073741823:h4
1073741823,1073741823,1073741823,1073737727,1073709055,1073610751,1071280127,1072005119,1073070079,1072081407,1073741823,1073741823,1073741823,1073741823,1073741823:h4
1073741823,1073741823,1073725439,1073741823,1073709055,1073610751,1071280127,1072005119,1073070079,1072081407,1073741823,1073741823,1073741823,1073741823,1073741823:h4
1073741823,1073741823,1073741823,1073725439,1073709055,1073610751,1071280127,1072005119,1073070079,1072081407,1073741823,1073741823,1073741823,1073741823,1073741823:g8
1073741823,1073741823,1073479679,1073741823,1073709055,1073610751,1071280127,1072005119,1073070079,1072081407,1073741823,1073741823,1073741823,1073741823,1073741823:h4
1073741823,1073741823,1073741823,1073676287,1073709055,1073610751,1071280127,1072005119,1073070079,1072081407,1073741823,1073741823,1073741823,1073741823,1073741823:h4
1073741823,1073741823,1073741823,1073741823,1073709055,1073610751,1071280127,1072005119,1073070079,1072081407,1073741823,1073740799,1073741823,1073741823,1073741823:h4
1073741823,1073741823,1073741823,1073741823,1073709055,1073610751,1071280127,1072005119,1073070079,1072081407,1073741823,1073479679,1073741823,1073741823,1073741823:h4
1073741823,1073741823,1073741823,1073741823,1073709055,1073610751,1071280127,1072005119,1073070079,1072081407,1073741823,1073725439,1073741823,1073741823,1073741823:h6
1073741823,1073741823,1073741823,1073741823,1056931839,1073610751,1071280127,1072005119,1073070079,1072081407,1073741823,1073741823,1073741823,1073741823,1073741823:h4
1073741823,1073741823,1073741823,1073741823,1073709055,1073610751,1054502911,1072005119,1073070079,1072081407,1073741823,1073741823,1073741823,1073741823,1073741823:h4
1073741823,1073741823,1073741823,1073741823,1073709055,1073610751,1071280127,1072005119,1056292863,1072081407,1073741823,1073741823,1073741823,1073741823,1073741823:h4
1073741823,1073741823,1073741823,1073741823,1073709055,1056833535,1071280127,1072005119,1073070079,1072081407,1073741823,1073741823,1073741823,1073741823,1073741823:h4
1073741823,1073741823,1073741823,1073741823,1073709055,1069416447,1071280127,1072005119,1073070079,1072081407,1073741823,1073741823,1073741823,1073741823,1073741823:h4
1073741823,1073741823,1073741823,1073741823,1073709055,1073610751,1071280127,1067810815,1073070079,1072081407,1073741823,1073741823,1073741823,1073741823,1073741823:h6
1073741823,1073741823,1073741823,1073741823,1073709055,1073610751,1071280127,1072005119,1073070079,1072081407,1073741823,1073676287,1073741823,1073741823,1073741823:h4
1073741823,1073741823,1073741823,1073741823,1073709055,1073610751,1071280127,1055227903,1073070079,1072081407,1073741823,1073741823,1073741823,1073741823,1073741823:h4
1073741823,1073741823,1073741823,1073741823,1073709055,1073610751,1071280127,1072005119,1073070079,1055304191,1073741823,1073741823,1073741823,1073741823,1073741823:h6
1073741823,1073741823,1073741823,1073741823,1073709055,1073610751,1071280127,1072005119,1073070079,1067887103,1073741823,1073741823,1073741823,1073741823,1073741823:h4
1073741823,1073741823,1073741823,1073741823,1073709055,1073610751,1071280127,1072005119,1073070079,1072081407,1073741823,1056964607,1073741823,1073741823,1073741823:h4
1073741823,1073741823,1073741823,1073741823,1073709055,1073610751,1071280127,1072005119,1073070079,1072081407,1073741823,1072693247,1073741823,1073741823,1073741823:h6
1073741823,1073741823,1073741823,1073741823,1073709055,1073610751,1071280127,1072005119,1073070079,1072081407,1073740799,1073741823,1073741823,1073741823,1073741823:h4
1073741823,1073741823,1073741823,1073741823,1073709055,1073610751,1071280127,1072005119,1073069055,1072081407,1073741823,1073741823,1073741823,1073741823,1073741823:h4
1073741823,1073741823,1073741823,1073741823,1073708031,1073610751,1071280127,1072005119,1073070079,1072081407,1073741823,1073741823,1073741823,1073741823,1073741823:h4
1073741823,1073741823,1073741823,1073741823,1073446911,1073610751,1071280127,1072005119,1073070079,1072081407,1073741823,1073741823,1073741823,1073741823,1073741823:h6
1073741823,1073741823,1073741823,1073741823,1069514751,1073610751,1071280127,1072005119,1073070079,1072081407,1073741823,1073741823,1073741823,1073741823,1073741823:h4
1073741823,1073741823,1073741823,1073741823,1073709055,1072562175,1071280127,1072005119,1073070079,1072081407,1073741823,1073741823,1073741823,1073741823,1073741823:h4
1073741823,1073741823,1073741823,1073741823,1073709055,1073610751,1071280127,1072005119,1073070079,1072081407,1073725439,1073741823,1073741823,1073741823,1073741823:h6
1073741823,1073741823,1073741823,1073741823,1073709055,1073610751,1067085823,1072005119,1073070079,1072081407,1073741823,1073741823,1073741823,1073741823,1073741823:h4
1073741823,1073741823,1073741823,1073741823,1073709055,1073610751,1071280127,1072005119,1068875775,1072081407,1073741823,1073741823,1073741823,1073741823,1073741823:h4
1073741823,1073741823,1073741823,1073741823,1073709055,1073610751,1071280127,1072005119,1073070079,1072081407,1069547519,1073741823,1073741823,1073741823,1073741823:h4
1073741823,1073741823,1073741823,1073741823,1073709055,1073610751,1071280127,1072005119,1073070079,1072081407,1073479679,1073741823,1073741823,1073741823,1073741823:h6
1073741823,1073741823,1073741823,1073741823,1073709055,1073610751,1071280127,1072005119,1073069823,1072081407,1073741823,1073741823,1073741823,1073741823,1073741823:h6
1073741823,1073741823,1073741823,1073741823,1073709055,1073610751,1071279871,1072005119,1073070079,1072081407,1073741823,1073741823,1073741823,1073741823,1073741823:h4
1073741823,1073741823,1073741823,1073741823,1073709055,1073610751,1071279103,1072005119,1073070079,1072081407,1073741823,1073741823,1073741823,1073741823,1073741823:h6
1073741823,1073741823,1073741823,1073741823,1073708799,1073610751,1071280127,1072005119,1073070079,1072081407,1073741823,1073741823,1073741823,1073741823,1073741823:h4
1073741823,1073741823,1073741823,1073741823,1073709055,1073606655,1071280127,1072005119,1073070079,1072081407,1073741823,1073741823,1073741823,1073741823,1073741823:g8
1073741823,1073741823,1073741823,1073741823,1073709055,1073610751,1071280127,1072005119,1073070079,1072081407,1073737727,1073741823,1073741823,1073741823,1073741823:h6
1073741823,1073741823,1073741823,1073741823,1073709055,1073610751,1071280127,1072005119,1073070079,1072081407,1072693247,1073741823,1073741823,1073741823,1073741823:h6
1073741823,1073741823,1073741823,1073741823,1073709055,1073610751,1071280127,1072005119,1073070079,1072081407,1073676287,1073741823,1073741823,1073741823,1073741823:h4
1073741823,1073741823,1073741823,1073741823,1073704959,1073610751,1071280127,1072005119,1073070079,1072081407,1073741823,1073741823,1073741823,1073741823,1073741823:h6
1073741823,1073741823,1073741823,1073741823,1073643519,1073610751,1071280127,1072005119,1073070079,1072081407,1073741823,1073741823,1073741823,1073741823,1073741823:h6
1073741823,1073741823,1073741823,1073741823,1072660479,1073610751,1071280127,1072005119,1073070079,1072081407,1073741823,1073741823,1073741823,1073741823,1073741823:h4
1073741823,1073741823,1073741823,1073741823,1073709055,1073610751,1071280127,1072005119,1072021503,1072081407,1073741823,1073741823,1073741823,1073741823,1073741823:h6
1073741823,1073741823,1073741823,1073741823,1073709055,1073610751,1071280127,1072005119,1073065983,1072081407,1073741823,1073741823,1073741823,1073741823,1073741823:h6
1073741823,1073741823,1073741823,1073741823,1073709055,1073610751,1071280127,1072004095,1073070079,1072081407,1073741823,1073741823,1073741823,1073741823,1073741823:h6
1073741823,1073741823,1073741823,1073741823,1073709055,1073610751,1071280127,1072001023,1073070079,1072081407,1073741823,1073741823,1073741823,1073741823,1073741823:h6
1073741823,1073741823,1073741823,1073741823,1073709055,1073609727,1071280127,1072005119,1073070079,1072081407,1073741823,1073741823,1073741823,1073741823,1073741823:h4
1073741823,1073741823,1073741823,1073741823,1073709055,1073594367,1071280127,1072005119,1073070079,1072081407,1073741823,1073741823,1073741823,1073741823,1073741823:g8
1073741823,1073741823,1073741823,1073741823,1073709055,1073348607,1071280127,1072005119,1073070079,1072081407,1073741823,1073741823,1073741823,1073741823,1073741823:g8
1073741823,1073741823,1073741823,1073741823,1073709055,1073610751,1071280127,1072005119,1073065983,1072082943,1073741823,1073741823,1073741823,1073741823,1073741823:h6
1073741823,1073741823,1073741823,1073741823,1073709055,1073610751,1071280127,1072004095,1073070079,1072082943,1073741823,1073741823,1073741823,1073741823,1073741823:h6
1073741823,1073741823,1073741823,1073741823,1073709055,1073610751,1071280127,1072001023,1073070079,1072082943,1073741823,1073741823,1073741823,1073741823,1073741823:h6
1073741823,1073741823,1073741823,1073741823,1073709055,1073609727,1071280127,1072005119,1073070079,1072082943,1073741823,1073741823,1073741823,1073741823,1073741823:h4
1073741823,1073741823,1073741823,1073741823,1073709055,1073594367,1071280127,1072005119,1073070079,1072082943,1073741823,1073741823,1073741823,1073741823,1073741823:g8
1073741823,1073741823,1073741823,1073741823,1073709055,1073348607,1071280127,1072005119,1073070079,1072082943,1073741823,1073741823,1073741823,1073741823,1073741823:g8
1073741823,1073741823,1073741823,1073741823,1073704959,1073610751,1071280127,1072005119,1073070079,1072672767,1073741823,1073741823,1073741823,1073741823,1073741823:h6
1073741823,1073741823,1073741823,1073741823,1073643519,1073610751,1071280127,1072005119,1073070079,1072672767,1073741823,1073741823,1073741823,1073741823,1073741823:h6
1073741823,1073741823,1073741823,1073741823,1072660479,1073610751,1071280127,1072005119,1073070079,1072672767,1073741823,1073741823,1073741823,1073741823,1073741823:h6
1073741823,1073741823,1073741823,1073741823,1073709055,1073610751,1071280127,1072005119,1072021503,1072672767,1073741823,1073741823,1073741823,1073741823,1073741823:h6
1073741823,1073741823,1073741823,1073741823,1073709055,1073610751,1071280127,1072005119,1073070079,1072671743,1073741823,1073741823,1073741823,1073741823,1073741823:h6
1073741823,1073741823,1073741823,1073741823,1073709055,1073610751,1071280127,1072005119,1073065983,1072672767,1073741823,1073741823,1073741823,1073741823,1073741823:h6
1073741823,1073741823,1073741823,1073741823,1073709055,1073610751,1071280127,1072004095,1073070079,1072672767,1073741823,1073741823,1073741823,1073741823,1073741823:h6
1073741823,1073741823,1073741823,1073741823,1073709055,1073610751,1071280127,1072001023,1073070079,1072672767,1073741823,1073741823,1073741823,1073741823,1073741823:h6
1073741823,1073741823,1073741823,1073741823,1073709055,1073609727,1071280127,1072005119,1073070079,1072672767,1073741823,1073741823,1073741823,1073741823,1073741823:g8
1073741823,1073741823,1073741823,1073741823,1073709055,1073594367,1071280127,1072005119,1073070079,1072672767,1073741823,1073741823,1073741823,1073741823,1073741823:g8
1073741823,1073741823,1073741823,1073741823,1073709055,1073348607,1071280127,1072005119,1073070079,1072672767,1073741823,1073741823,1073741823,1073741823,1073741823:g8
1073741823,1073741823,1073741823,1073741823,1073709055,1073610751,1071280127,1072005119,1073070079,1072410623,1073741823,1073741823,1073741823,1073741823,1073741823:i10
1073741823,1073741823,1073741823,1073741823,1073709055,1073610751,1071280127,1072005119,1073070079,1072279551,1073741823,1069547519,1073741823,1073741823,1073741823:h4
1073741823,1073741823,1073741823,1072693247,1073709055,1073610751,1071280127,1072005119,1073070079,1072279551,1073741823,1073741823,1073741823,1073741823,1073741823:h4
1073741823,1073741823,1073741823,1073741823,1073709055,1073610751,1071280127,1072005119,1073070079,1072279551,1073741823,1073741567,1073741823,1073741823,1073741823:h4
1073741823,1073741823,1073741823,1073741823,1073709055,1073610751,1071280127,1072005119,1073070079,1072279295,1073741823,1073741823,1073741823,1073741823,1073741823:h6
1073741823,1073741823,1073741823,1073741823,1073709055,1073610751,1071280127,1072004863,1073070079,1072279551,1073741823,1073741823,1073741823,1073741823,1073741823:h4
1073741823,1073741823,1073741823,1073741823,1073709055,1073610751,1071280127,1072005119,1073070079,1072279551,1073741823,1073737727,1073741823,1073741823,1073741823:h4
1073741823,1073741823,1073740799,1073741823,1073709055,1073610751,1071280127,1072005119,1073070079,1072279551,1073741823,1073741823,1073741823,1073741823,1073741823:h4
1073741823,1073741823,1073741823,1073737727,1073709055,1073610751,1071280127,1072005119,1073070079,1072279551,1073741823,1073741823,1073741823,1073741823,1073741823:h4
1073741823,1073741823,1073725439,1073741823,1073709055,1073610751,1071280127,1072005119,1073070079,1072279551,1073741823,1073741823,1073741823,1073741823,1073741823:h4
1073741823,1073741823,1073741823,1073725439,1073709055,1073610751,1071280127,1072005119,1073070079,1072279551,1073741823,1073741823,1073741823,1073741823,1073741823:g8
1073741823,1073741823,1073479679,1073741823,1073709055,1073610751,1071280127,1072005119,1073070079,1072279551,1073741823,1073741823,1073741823,1073741823,1073741823:h4
1073741823,1073741823,1073741823,1073676287,1073709055,1073610751,1071280127,1072005119,1073070079,1072279551,1073741823,1073741823,1073741823,1073741823,1073741823:h4
1073741823,1073741823,1073741823,1073741823,1073709055,1073610751,1071280127,1072005119,1073070079,1072279551,1073741823,1073740799,1073741823,1073741823,1073741823:h4
1073741823,1073741823,1073741823,1073741823,1073709055,1073610751,1071280127,1072005119,1073070079,1072279551,1073741823,1073479679,1073741823,1073741823,1073741823:h4
1073741823,1073741823,1073741823,1073741823,1073709055,1073610751,1071280127,1072005119,1073070079,1072279551,1073741823,1073725439,1073741823,1073741823,1073741823:h6
1073741823,1073741823,1073741823,1073741823,1056931839,1073610751,1071280127,1072005119,1073070079,1072279551,1073741823,1073741823,1073741823,1073741823,1073741823:h4
1073741823,1073741823,1073741823,1073741823,1073709055,1073610751,1054502911,1072005119,1073070079,1072279551,1073741823,1073741823,1073741823,1073741823,1073741823:h4
1073741823,1073741823,1073741823,1073741823,1073709055,1073610751,1071280127,1072005119,1056292863,1072279551,1073741823,1073741823,1073741823,1073741823,1073741823:h4
1073741823,1073741823,1073741823,1073741823,1073709055,1056833535,1071280127,1072005119,1073070079,1072279551,1073741823,1073741823,1073741823,1073741823,1073741823:h4
1073741823,1073741823,1073741823,1073741823,1073709055,1069416447,1071280127,1072005119,1073070079,1072279551,1073741823,1073741823,1073741823,1073741823,1073741823:h4
1073741823,1073741823,1073741823,1073741823,1073709055,1073610751,1071280127,1067810815,1073070079,1072279551,1073741823,1073741823,1073741823,1073741823,1073741823:h6
1073741823,1073741823,1073741823,1073741823,1073709055,1073610751,1071280127,1072005119,1073070079,1072279551,1073741823,1073676287,1073741823,1073741823,1073741823:h4
1073741823,1073741823,1073741823,1073741823,1073709055,1073610751,1071280127,1055227903,1073070079,1072279551,1073741823,1073741823,1073741823,1073741823,1073741823:h4
1073741823,1073741823,1073741823,1073741823,1073709055,1073610751,1071280127,1072005119,1073070079,1055502335,1073741823,1073741823,1073741823,1073741823,1073741823:h6
1073741823,1073741823,1073741823,1073741823,1073709055,1073610751,1071280127,1072005119,1073070079,1068085247,1073741823,1073741823,1073741823,1073741823,1073741823:h6
1073741823,1073741823,1073741823,1073741823,1073709055,1073610751,1071280127,1072005119,1073070079,1072279551,1073741823,1056964607,1073741823,1073741823,1073741823:h4
1073741823,1073741823,1073741823,1073741823,1073709055,1073610751,1071280127,1072005119,1073070079,1072279551,1073741823,1072693247,1073741823,1073741823,1073741823:h6
1073741823,1073741823,1073741823,1073741823,1073709055,1073610751,1071280127,1072005119,1073070079,1072279551,1073740799,1073741823,1073741823,1073741823,1073741823:h4
1073741823,1073741823,1073741823,1073741823,1073709055,1073610751,1071280127,1072005119,1073069055,1072279551,1073741823,1073741823,1073741823,1073741823,1073741823:h4
1073741823,1073741823,1073741823,1073741823,1073708031,1073610751,1071280127,1072005119,1073070079,1072279551,1073741823,1073741823,1073741823,1073741823,1073741823:h4
1073741823,1073741823,1073741823,1073741823,1073446911,1073610751,1071280127,1072005119,1073070079,1072279551,1073741823,1073741823,1073741823,1073741823,1073741823:h6
1073741823,1073741823,1073741823,1073741823,1069514751,1073610751,1071280127,1072005119,1073070079,1072279551,1073741823,1073741823,1073741823,1073741823,1073741823:h4
1073741823,1073741823,1073741823,1073741823,1073709055,1072562175,1071280127,1072005119,1073070079,1072279551,1073741823,1073741823,1073741823,1073741823,1073741823:h4
1073741823,1073741823,1073741823,1073741823,1073709055,1073610751,1071280127,1072005119,1073070079,1072279551,1073725439,1073741823,1073741823,1073741823,1073741823:h6
1073741823,1073741823,1073741823,1073741823,1073709055,1073610751,1067085823,1072005119,1073070079,1072279551,1073741823,1073741823,1073741823,1073741823,1073741823:h4
1073741823,1073741823,1073741823,1073741823,1073709055,1073610751,1071280127,1072005119,1068875775,1072279551,1073741823,1073741823,1073741823,1073741823,1073741823:h6
1073741823,1073741823,1073741823,1073741823,1073709055,1073610751,1071280127,1072005119,1073070079,1072279551,1069547519,1073741823,1073741823,1073741823,1073741823:h4
1073741823,1073741823,1073741823,1073741823,1073709055,1073610751,1071280127,1072005119,1073070079,1072279551,1073479679,1073741823,1073741823,1073741823,1073741823:h4
1073741823,1073741823,1073741823,1073741823,1073709055,1073610751,1071280127,1072005119,1073069823,1072279551,1073741823,1073741823,1073741823,1073741823,1073741823:h6
1073741823,1073741823,1073741823,1073741823,1073709055,1073610751,1071279871,1072005119,1073070079,1072279551,1073741823,1073741823,1073741823,1073741823,1073741823:h4
1073741823,1073741823,1073741823,1073741823,1073709055,1073610751,1071279103,1072005119,1073070079,1072279551,1073741823,1073741823,1073741823,1073741823,1073741823:h4
1073741823,1073741823,1073741823,1073741823,1073708799,1073610751,1071280127,1072005119,1073070079,1072279551,1073741823,1073741823,1073741823,1073741823,1073741823:h4
1073741823,1073741823,1073741823,1073741823,1073709055,1073606655,1071280127,1072005119,1073070079,1072279551,1073741823,1073741823,1073741823,1073741823,1073741823:g8
1073741823,1073741823,1073741823,1073741823,1073709055,1073610751,1071280127,1072005119,1073070079,1072279551,1073737727,1073741823,1073741823,1073741823,1073741823:h6
1073741823,1073741823,1073741823,1073741823,1073709055,1073610751,1071280127,1072005119,1073070079,1072279551,1072693247,1073741823,1073741823,1073741823,1073741823:h6
1073741823,1073741823,1073741823,1073741823,1073709055,1073610751,1071280127,1072005119,1073070079,1072279551,1073676287,1073741823,1073741823,1073741823,1073741823:h4
1073741823,1073741823,1073741823,1073741823,1073704959,1073610751,1071280127,1072005119,1073070079,1072279551,1073741823,1073741823,1073741823,1073741823,1073741823:h6
1073741823,1073741823,1073741823,1073741823,1073643519,1073610751,1071280127,1072005119,1073070079,1072279551,1073741823,1073741823,1073741823,1073741823,1073741823:h6
1073741823,1073741823,1073741823,1073741823,1072660479,1073610751,1071280127,1072005119,1073070079,1072279551,1073741823,1073741823,1073741823,1073741823,1073741823:h4
1073741823,1073741823,1073741823,1073741823,1073709055,1073610751,1071280127,1072005119,1072021503,1072279551,1073741823,1073741823,1073741823,1073741823,1073741823:h4
1073741823,1073741823,1073741823,1073741823,1073709055,1073610751,1071280127,1072005119,1073070079,1072278527,1073741823,1073741823,1073741823,1073741823,1073741823:h6
1073741823,1073741823,1073741823,1073741823,1073709055,1073610751,1071280127,1072005119,1073065983,1072279551,1073741823,1073741823,1073741823,1073741823,1073741823:h6
1073741823,1073741823,1073741823,1073741823,1073709055,1073610751,1071280127,1072004095,1073070079,1072279551,1073741823,1073741823,1073741823,1073741823,1073741823:h6
1073741823,1073741823,1073741823,1073741823,1073709055,1073610751,1071280127,1072001023,1073070079,1072279551,1073741823,1073741823,1073741823,1073741823,1073741823:h6
1073741823,1073741823,1073741823,1073741823,1073709055,1073609727,1071280127,1072005119,1073070079,1072279551,1073741823,1073741823,1073741823,1073741823,1073741823:h4
1073741823,1073741823,1073741823,1073741823,1073709055,1073594367,1071280127,1072005119,1073070079,1072279551,1073741823,1073741823,1073741823,1073741823,1073741823:g8
1073741823,1073741823,1073741823,1073741823,1073709055,1073348607,1071280127,1072005119,1073070079,1072279551,1073741823,1073741823,1073741823,1073741823,1073741823:g8
