1073741823,1073741823,1073741823,1073741823,1073709055,1073676287,1071280127,1072005119,1073070079,1072676863,1073741823,1073741823,1073741823,1073741823,1073741823:g8
1073741823,1073741823,1073741823,1073741823,1073709055,1073676287,1071280127,1071996927,1073070079,1072676607,1073741823,1073741823,1073741823,1073741823,1073741823:f5
1073741823,1073741823,1073741823,1073741823,1073709055,1073676287,1071280127,1071996671,1073070079,1072676863,1073741823,1073741823,1073741823,1073741823,1073741823:f5
1073741823,1073741823,1073741823,1073741823,1073709055,1073676031,1071280127,1071996927,1073070079,1072676863,1073741823,1073741823,1073741823,1073741823,1073741823:g6
1073741823,1073741823,1073741823,1072693247,1073709055,1073676287,1071280127,1071996927,1073070079,1072676863,1073741823,1073741823,1073741823,1073741823,1073741823:f5
1073741823,1073741823,1073740799,1073741823,1073709055,1073676287,1071280127,1071996927,1073070079,1072676863,1073741823,1073741823,1073741823,1073741823,1073741823:f5
1073741823,1073741823,1073741823,1073737727,1073709055,1073676287,1071280127,1071996927,1073070079,1072676863,1073741823,1073741823,1073741823,1073741823,1073741823:g6
1073741823,1073741823,1073725439,1073741823,1073709055,1073676287,1071280127,1071996927,1073070079,1072676863,1073741823,1073741823,1073741823,1073741823,1073741823:f5
1073741823,1073741823,1073741823,1073725439,1073709055,1073676287,1071280127,1071996927,1073070079,1072676863,1073741823,1073741823,1073741823,1073741823,1073741823:g6
1073741823,1073741823,1073479679,1073741823,1073709055,1073676287,1071280127,1071996927,1073070079,1072676863,1073741823,1073741823,1073741823,1073741823,1073741823:f5
1073741823,1073741823,1073741823,1073676287,1073709055,1073676287,1071280127,1071996927,1073070079,1072676863,1073741823,1073741823,1073741823,1073741823,1073741823:f5
1073741823,1073741823,1073741823,1073741823,1073709055,1073676287,1071280127,1071996927,1073070079,1072676863,1073741823,1073740799,1073741823,1073741823,1073741823:f5
1073741823,1073741823,1073741823,1073741823,1073709055,1073676287,1071280127,1071996927,1073070079,1072676863,1073741823,1073479679,1073741823,1073741823,1073741823:g6
1073741823,1073741823,1073741823,1073741823,1073709055,1073676287,1071280127,1071996927,1073070079,1072676863,1073741823,1073725439,1073741823,1073741823,1073741823:g6
1073741823,1073741823,1073741823,1073741823,1056931839,1073676287,1071280127,1071996927,1073070079,1072676863,1073741823,1073741823,1073741823,1073741823,1073741823:f5
1073741823,1073741823,1073741823,1073741823,1073709055,1073676287,1054502911,1071996927,1073070079,1072676863,1073741823,1073741823,1073741823,1073741823,1073741823:g6
1073741823,1073741823,1073741823,1073741823,1073709055,1073676287,1071280127,1071996927,1056292863,1072676863,1073741823,1073741823,1073741823,1073741823,1073741823:g6
1073741823,1073741823,1073741823,1073741823,1073709055,1056899071,1071280127,1071996927,1073070079,1072676863,1073741823,1073741823,1073741823,1073741823,1073741823:f5
1073741823,1073741823,1073741823,1073741823,1073709055,1069481983,1071280127,1071996927,1073070079,1072676863,1073741823,1073741823,1073741823,1073741823,1073741823:g6
1073741823,1073741823,1073741823,1073741823,1073709055,1073676287,1071280127,1067802623,1073070079,1072676863,1073741823,1073741823,1073741823,1073741823,1073741823:g6
1073741823,1073741823,1073741823,1073741823,1073709055,1073676287,1071280127,1071996927,1073070079,1072676863,1073741823,1073676287,1073741823,1073741823,1073741823:g6
1073741823,1073741823,1073741823,1073741823,1073709055,1073676287,1071280127,1055219711,1073070079,1072676863,1073741823,1073741823,1073741823,1073741823,1073741823:g6
1073741823,1073741823,1073741823,1073741823,1073709055,1073676287,1071280127,1071996927,1073070079,1055899647,1073741823,1073741823,1073741823,1073741823,1073741823:f8
1073741823,1073741823,1073741823,1073741823,1073709055,1073676287,1071280127,1071996927,1073070079,1068482559,1073741823,1073741823,1073741823,1073741823,1073741823:g6
1073741823,1073741823,1073741823,1073741823,1073709055,1073676287,1071280127,1071996927,1073070079,1072676863,1073741823,1056964607,1073741823,1073741823,1073741823:f5
1073741823,1073741823,1073741823,1073741823,1073709055,1073676287,1071280127,1071996927,1073070079,1072676863,1073741823,1072693247,1073741823,1073741823,1073741823:g6
1073741823,1073741823,1073741823,1073741823,1073709055,1073676287,1071280127,1071996927,1073070079,1072676863,1073740799,1073741823,1073741823,1073741823,1073741823:f5
1073741823,1073741823,1073741823,1073741823,1073709055,1073676287,1071280127,1071996927,1073070079,1072672767,1073741823,1073741823,1073741823,1073741823,1073741823:g6
1073741823,1073741823,1073741823,1073741823,1073709055,1073676287,1071280127,1071996927,1073069055,1072676863,1073741823,1073741823,1073741823,1073741823,1073741823:g6
1073741823,1073741823,1073741823,1073741823,1073708031,1073676287,1071280127,1071996927,1073070079,1072676863,1073741823,1073741823,1073741823,1073741823,1073741823:f8
1073741823,1073741823,1073741823,1073741823,1073446911,1073676287,1071280127,1071996927,1073070079,1072676863,1073741823,1073741823,1073741823,1073741823,1073741823:g6
1073741823,1073741823,1073741823,1073741823,1069514751,1073676287,1071280127,1071996927,1073070079,1072676863,1073741823,1073741823,1073741823,1073741823,1073741823:f5
1073741823,1073741823,1073741823,1073741823,1073709055,1072627711,1071280127,1071996927,1073070079,1072676863,1073741823,1073741823,1073741823,1073741823,1073741823:g6
1073741823,1073741823,1073741823,1073741823,1073709055,1073676287,1071280127,1071996927,1073070079,1072676863,1073725439,1073741823,1073741823,1073741823,1073741823:g6
1073741823,1073741823,1073741823,1073741823,1073709055,1073676287,1067085823,1071996927,1073070079,1072676863,1073741823,1073741823,1073741823,1073741823,1073741823:g6
1073741823,1073741823,1073741823,1073741823,1073709055,1073676287,1071280127,1071996927,1068875775,1072676863,1073741823,1073741823,1073741823,1073741823,1073741823:f8
1073741823,1073741823,1073741823,1073741823,1073709055,1073676287,1071280127,1071996927,1073070079,1072676863,1069547519,1073741823,1073741823,1073741823,1073741823:g6
1073741823,1073741823,1073741823,1073741823,1073709055,1073676287,1071280127,1071996927,1073070079,1072676863,1073479679,1073741823,1073741823,1073741823,1073741823:g6
1073741823,1073741823,1073741823,1073741823,1073709055,1073676287,1071280127,1071996927,1073069823,1072676863,1073741823,1073741823,1073741823,1073741823,1073741823:f5
1073741823,1073741823,1073741823,1073741823,1073709055,1073676287,1071279871,1071996927,1073070079,1072676863,1073741823,1073741823,1073741823,1073741823,1073741823:f5
1073741823,1073741823,1073741823,1073741823,1073709055,1073676287,1071279103,1071996927,1073070079,1072676863,1073741823,1073741823,1073741823,1073741823,1073741823:f5
1073741823,1073741823,1073741823,1073741823,1073708799,1073676287,1071280127,1071996927,1073070079,1072676863,1073741823,1073741823,1073741823,1073741823,1073741823:g6
1073741823,1073741823,1073741823,1073741823,1073709055,1073672191,1071280127,1071996927,1073070079,1072676863,1073741823,1073741823,1073741823,1073741823,1073741823:f8
1073741823,1073741823,1073741823,1073741823,1073709055,1073676287,1071280127,1071996927,1073070079,1072676863,1073737727,1073741823,1073741823,1073741823,1073741823:g6
1073741823,1073741823,1073741823,1073741823,1073709055,1073676287,1071280127,1071996927,1073070079,1072676863,1072693247,1073741823,1073741823,1073741823,1073741823:g6
1073741823,1073741823,1073741823,1073741823,1073709055,1073676287,1071280127,1071996927,1073070079,1072676863,1073676287,1073741823,1073741823,1073741823,1073741823:g6
1073741823,1073741823,1073741823,1073741823,1073709055,1073676287,1071280127,1071996927,1073070079,1072611327,1073741823,1073741823,1073741823,1073741823,1073741823:g6
1073741823,1073741823,1073741823,1073741823,1073704959,1073676287,1071280127,1071996927,1073070079,1072676863,1073741823,1073741823,1073741823,1073741823,1073741823:g6
1073741823,1073741823,1073741823,1073741823,1073643519,1073676287,1071280127,1071996927,1073070079,1072676863,1073741823,1073741823,1073741823,1073741823,1073741823:g6
1073741823,1073741823,1073741823,1073741823,1072660479,1073676287,1071280127,1071996927,1073070079,1072676863,1073741823,1073741823,1073741823,1073741823,1073741823:f5
1073741823,1073741823,1073741823,1073741823,1073709055,1073676287,1071280127,1071996927,1072021503,1072676863,1073741823,1073741823,1073741823,1073741823,1073741823:g6
1073741823,1073741823,1073741823,1073741823,1073709055,1073676287,1071280127,1071996927,1073070079,1072675839,1073741823,1073741823,1073741823,1073741823,1073741823:f5
1073741823,1073741823,1073741823,1073741823,1073709055,1073676287,1071280127,1071996927,1073065983,1072676863,1073741823,1073741823,1073741823,1073741823,1073741823:f5
1073741823,1073741823,1073741823,1073741823,1073709055,1073676287,1071280127,1071995903,1073070079,1072676863,1073741823,1073741823,1073741823,1073741823,1073741823:f5
1073741823,1073741823,1073741823,1073741823,1073709055,1073675263,1071280127,1071996927,1073070079,1072676863,1073741823,1073741823,1073741823,1073741823,1073741823:g6
1073741823,1073741823,1073741823,1073741823,1073709055,1073659903,1071280127,1071996927,1073070079,1072676863,1073741823,1073741823,1073741823,1073741823,1073741823:g6
1073741823,1073741823,1073741823,1073741823,1073709055,1073414143,1071280127,1071996927,1073070079,1072676863,1073741823,1073741823,1073741823,1073741823,1073741823:g6
1073741823,1073741823,1073741823,1073741823,1073709055,1073676287,1071280127,1071996927,1073070079,1072414719,1073741823,1073741823,1073741823,1073741823,1073741823:g6
