1073741823,1073741823,1073741823,1073741823,1073741823,1073741823,1073594367,1073643519,1073135615,1073213439,1073608703,1073479679,1073741823,1073741823,1073741823:j7
1073741823,1073741823,1073741823,1073741823,1069547519,1073741823,1073070079,1073643519,1073135615,1073213439,1073608703,1073479679,1073741823,1073741823,1073741823:j6
1073741823,1073741823,1073741823,1073741823,1073741823,1073741823,1073070079,1073643519,1073135615,1073213439,1073608703,1073479679,1073741823,1073725439,1073741823:j6
1073741823,1073741823,1073741823,1073741823,1073741823,1073741823,1073070079,1073643519,1073135615,1073213439,1073608703,1072431103,1073741823,1073741823,1073741823:j6
1073741823,1073741823,1073741823,1073741823,1073741823,1073741823,1073070079,1073643519,1073135615,1073213439,1073608703,1073479679,1073741823,1069547519,1073741823:j6
1073741823,1073741823,1073741823,1073741823,1073741823,1073741823,1073070079,1073643519,1073135615,1073213439,1073608703,1073479679,1073741823,1073479679,1073741823:j6
1073741823,1073741823,1073741823,1073741823,1073741823,1073741823,1073070079,1073643519,1073135615,1073213439,1073608703,1073479679,1073479679,1073741823,1073741823:j6
1073741823,1073741823,1073741823,1073741823,1073741823,1073741823,1073070079,1073643519,1073135615,1073213439,1073608703,1073479679,1073741759,1073741823,1073741823:j6
1073741823,1073741823,1073741823,1073741823,1073741823,1073741823,1073070079,1073643519,1073135615,1073213439,1073608639,1073479679,1073741823,1073741823,1073741823:j6
1073741823,1073741823,1073741823,1073741823,1073741823,1073741823,1073070079,1073643519,1073135615,1073213439,1073608447,1073479679,1073741823,1073741823,1073741823:j6
1073741823,1073741823,1073741823,1073741823,1073741823,1073741823,1073070079,1073643519,1073135551,1073213439,1073608703,1073479679,1073741823,1073741823,1073741823:j6
1073741823,1073741823,1073741823,1073741823,1073741823,1073741823,1073070079,1073643519,1073135615,1073213439,1073608703,1073479679,1073725439,1073741823,1073741823:j6
1073741823,1073741823,1073741823,1073741823,1073741823,1073741823,1073070079,1073643519,1073135615,1073213439,1073608703,1073479679,1073740799,1073741823,1073741823:j6
1073741823,1073741823,1073741823,1073741823,1073741823,1073741823,1073070079,1073643519,1073135615,1073213439,1073608703,1073478655,1073741823,1073741823,1073741823:j6
1073741823,1073741823,1073741823,1073741823,1073741823,1073741823,1073070079,1073643519,1073135615,1073213439,1073608703,1073479679,1073737727,1073741823,1073741823:j6
1073741823,1073741823,1073741823,1073741823,1073741823,1073741823,1073070079,1073643519,1073135615,1073213439,1073608703,1073479679,1072693247,1073741823,1073741823:j6
1073741823,1073741823,1073741823,1073741823,1073741823,1073741823,1073070079,1073643519,1073135615,1073213439,1073608703,1073479679,1073676287,1073741823,1073741823:j6
1073741823,1073741823,1073741823,1073741823,1073741823,1073741823,1073070079,1073643519,1073135615,1073213439,1073608703,1073479423,1073741823,1073741823,1073741823:j6
1073741823,1073741823,1073741823,1073741823,1073741823,1073741823,1073070079,1073643519,1073135615,1073213183,1073608703,1073479679,1073741823,1073741823,1073741823:j6
1073741823,1073741823,1073741823,1073741823,1073741823,1073741823,1073070079,1073643263,1073135615,1073213439,1073608703,1073479679,1073741823,1073741823,1073741823:j6
1073741823,1073741823,1073741823,1073741823,1073741823,1073741823,1073070079,1073643519,1073135615,1073213439,1073608703,1073414143,1073741823,1073741823,1073741823:j6
1073741823,1073741823,1073741823,1073741823,1073741823,1073741823,1073070079,1073643519,1073135615,1073213439,1073608703,1073475583,1073741823,1073741823,1073741823:j6
1073741823,1073741823,1073741823,1073741823,1073741823,1073741823,1073070079,1073643519,1073135615,1073213439,1073608703,1073463295,1073741823,1073741823,1073741823:j6
1073741823,1073741823,1073741823,1073741823,1073741823,1073741823,1073070079,1069449215,1073135615,1073213439,1073608703,1073479679,1073741823,1073741823,1073741823:j6
1073741823,1073741823,1073741823,1073741823,1073741823,1073741823,1073070079,1073643519,1073135615,1069019135,1073608703,1073479679,1073741823,1073741823,1073741823:j6
1073741823,1073741823,1073741823,1073741823,1073741823,1073741823,1073070079,1073643519,1073135615,1073213439,1073608703,1069285375,1073741823,1073741823,1073741823:j6
1073741823,1073741823,1073741823,1073741823,1073741823,1073741823,1073070079,1073643519,1073135615,1073213439,1073604607,1073479679,1073741823,1073741823,1073741823:j6
1073741823,1073741823,1073741823,1073741823,1073741823,1073741823,1073070079,1073643519,1073135615,1073213439,1072560127,1073479679,1073741823,1073741823,1073741823:j6
1073741823,1073741823,1073741823,1073741823,1073741823,1073741823,1073070079,1073643519,1073135615,1073213439,1073592319,1073479679,1073741823,1073741823,1073741823:j6
1073741823,1073741823,1073741823,1073741823,1073741823,1073741823,1068875775,1073643519,1073135615,1073213439,1073608703,1073479679,1073741823,1073741823,1073741823:j6
1073741823,1073741823,1073741823,1073741823,1073741823,1073741823,1073070079,1073643519,1068941311,1073213439,1073608703,1073479679,1073741823,1073741823,1073741823:j6
1073741823,1073741823,1073741823,1073741823,1073741823,1073741823,1073070079,1073643519,1073135615,1073213439,1069414399,1073479679,1073741823,1073741823,1073741823:j6
1073741823,1073741823,1073741823,1073741823,1073741823,1073741823,1073070079,1073643519,1073135615,1073213439,1073346559,1073479679,1073741823,1073741823,1073741823:j6
1073741823,1073741823,1073741823,1073741823,1073741823,1072693247,1073070079,1073643519,1073135615,1073213439,1073608703,1073479679,1073741823,1073741823,1073741823:j6
1073741823,1073741823,1073741823,1073741823,1073741823,1073741823,1073070079,1072594943,1073135615,1073213439,1073608703,1073479679,1073741823,1073741823,1073741823:j6
1073741823,1073741823,1073741823,1073741823,1073741823,1073741823,1073070079,1073643519,1073135615,1072164863,1073608703,1073479679,1073741823,1073741823,1073741823:j6
1073741823,1073741823,1073741823,1073741823,1073741823,1073741823,1073070079,1073643519,1073135615,1073147903,1073608703,1073479679,1073741823,1073741823,1073741823:j6
1073741823,1073741823,1073741823,1073741823,1073737727,1073741823,1073070079,1073643519,1073135615,1073213439,1073608703,1073479679,1073741823,1073741823,1073741823:j6
1073741823,1073741823,1073741823,1073741823,1073676287,1073741823,1073070079,1073643519,1073135615,1073213439,1073608703,1073479679,1073741823,1073741823,1073741823:j6
1073741823,1073741823,1073741823,1073741823,1072693247,1073741823,1073070079,1073643519,1073135615,1073213439,1073608703,1073479679,1073741823,1073741823,1073741823:j8
1073741823,1073741823,1073741823,1073741823,1073741823,1073741823,1072021503,1073643519,1073135615,1073213439,1073608703,1073479679,1073741823,1073741823,1073741823:j6
1073741823,1073741823,1073741823,1073741823,1073741823,1073741823,1073070079,1073643519,1072087039,1073213439,1073608703,1073479679,1073741823,1073741823,1073741823:j6
1073741823,1073741823,1073741823,1073741823,1073741823,1073741823,1073070079,1073643519,1073134591,1073213439,1073608703,1073479679,1073741823,1073741823,1073741823:j8
1073741823,1073741823,1073741823,1073741823,1073741823,1073741823,1073069055,1073643519,1073135615,1073213439,1073608703,1073479679,1073741823,1073741823,1073741823:j6
1073741823,1073741823,1073741823,1073741823,1073740799,1073741823,1073070079,1073643519,1073135615,1073213439,1073608703,1073479679,1073741823,1073741823,1073741823:j6
1073741823,1073741823,1073741823,1073741823,1073741823,1073737727,1073070079,1073643519,1073135615,1073213439,1073608703,1073479679,1073741823,1073741823,1073741823:j6
1073741823,1073741823,1073741823,1073741823,1073725439,1073741823,1073070079,1073643519,1073135615,1073213439,1073608703,1073479679,1073741823,1073741823,1073741823:j6
1073741823,1073741823,1073741823,1073741823,1073479679,1073741823,1073070079,1073643519,1073135615,1073213439,1073608703,1073479679,1073741823,1073741823,1073741823:j6
1073741823,1073741823,1073741823,1073741823,1073741823,1073676287,1073070079,1073643519,1073135615,1073213439,1073608703,1073479679,1073741823,1073741823,1073741823:j6
1073741823,1073741823,1073741823,1073741823,1073741823,1073741823,1073070079,1073643519,1073135615,1073212415,1073608703,1073479679,1073741823,1073741823,1073741823:j6
1073741823,1073741823,1073741823,1073741823,1073741823,1073741823,1073070079,1073643519,1073131519,1073213439,1073608703,1073479679,1073741823,1073741823,1073741823:j8
1073741823,1073741823,1073741823,1073741823,1073741823,1073741823,1073070079,1073642495,1073135615,1073213439,1073608703,1073479679,1073741823,1073741823,1073741823:j6
1073741823,1073741823,1073741823,1073741823,1073741823,1073741823,1073070079,1073639423,1073135615,1073213439,1073608703,1073479679,1073741823,1073741823,1073741823:j6
1073741823,1073741823,1073741823,1073741823,1073741823,1073740799,1073070079,1073643519,1073135615,1073213439,1073608703,1073479679,1073741823,1073741823,1073741823:j6
1073741823,1073741823,1073741823,1073741823,1073741823,1073741823,1073065983,1073643519,1073135615,1073213439,1073608703,1073479679,1073741823,1073741823,1073741823:j6
1073741823,1073741823,1073741823,1073741823,1073741823,1073725439,1073070079,1073643519,1073135615,1073213439,1073608703,1073479679,1073741823,1073741823,1073741823:j6
1073741823,1073741823,1073741823,1073741823,1073741823,1073479679,1073070079,1073643519,1073135615,1073213439,1073608703,1073479679,1073741823,1073741823,1073741823:j8
1073741823,1073741823,1073741823,1073741823,1073741823,1073741823,1073070079,1073381375,1073135615,1073213439,1073608703,1073479679,1073741823,1073741823,1073741823:g11
1073741823,1073741823,1073741823,1073741823,1073741823,1073741823,1073070079,1073381375,1073135615,1073213439,1073600511,1073479679,1073741567,1073741823,1073741823:h12
1073741823,1073741823,1073741823,1073741823,1073741823,1073741823,1073070079,1073381375,1073135359,1073213439,1073600511,1073479679,1073741823,1073741823,1073741823:h11
1073741823,1073741823,1073741823,1073741823,1073741823,1069547519,1073070079,1073381375,1073135615,1073213439,1073600511,1073479679,1073741823,1073741823,1073741823:h11
1073741823,1073741823,1073741823,1073741823,1069547519,1073741823,1073070079,1073381375,1073135615,1073213439,1073600511,1073479679,1073741823,1073741823,1073741823:h12
1073741823,1073741823,1073741823,1073741823,1073741823,1073741823,1073070079,1073381375,1073135615,1073213439,1073600511,1073479679,1073741823,1073725439,1073741823:h12
1073741823,1073741823,1073741823,1073741823,1073741823,1073741823,1073070079,1073381375,1073135615,1073213439,1073600511,1072431103,1073741823,1073741823,1073741823:h12
1073741823,1073741823,1073741823,1073741823,1073741823,1073741823,1073070079,1073381375,1073135615,1073213439,1073600511,1073479679,1073741823,1069547519,1073741823:h12
1073741823,1073741823,1073741823,1073741823,1073741823,1073741823,1073070079,1073381375,1073135615,1073213439,1073600511,1073479679,1073741823,1073479679,1073741823:h12
1073741823,1073741823,1073741823,1073741823,1073741823,1073741823,1073070079,1073381375,1073135615,1073213439,1073600511,1073479679,1073479679,1073741823,1073741823:h12
1073741823,1073741823,1073741823,1073741823,1073741823,1073741823,1073070079,1073381375,1073135615,1073213439,1073600511,1073479679,1073741759,1073741823,1073741823:h12
1073741823,1073741823,1073741823,1073741823,1073741823,1073741823,1073070079,1073381375,1073135615,1073213439,1073600447,1073479679,1073741823,1073741823,1073741823:h12
1073741823,1073741823,1073741823,1073741823,1073741823,1073741823,1073070079,1073381375,1073135615,1073213439,1073600255,1073479679,1073741823,1073741823,1073741823:g12
1073741823,1073741823,1073741823,1073741823,1073741823,1073741823,1073070079,1073381375,1073135615,1073213439,1073600255,1073471487,1073741823,1073741567,1073741823:h11
1073741823,1073741823,1073741823,1073741823,1073741823,1073741823,1073070079,1073381375,1073135615,1073213439,1073600255,1073471487,1073741823,1073676287,1073741823:h11
1073741823,1073741823,1073741823,1073741823,1073741823,1073741823,1073070079,1073381375,1073135615,1073213439,1073600255,1073471487,1073741823,1073737727,1073741823:h11
1073741823,1073741823,1073741823,1073741823,1073741823,1073741823,1073070079,1073381375,1073135615,1073213439,1073600255,1073471487,1073741807,1073741823,1073741823:h11
1073741823,1073741823,1073741823,1073741823,1073741823,1073741823,1073070079,1073381375,1073135615,1073213439,1073600255,1073471423,1073741823,1073741823,1073741823:h11
1073741823,1073741823,1073741823,1073741823,1073741823,1073741823,1073070079,1073381375,1073135615,1073213439,1073600239,1073471487,1073741823,1073741823,1073741823:h11
1073741823,1073741823,1073741823,1073741823,1073741823,1073741823,1073070079,1073381375,1073135599,1073213439,1073600255,1073471487,1073741823,1073741823,1073741823:h11
1073741823,1073741823,1073741823,1073741823,1073741823,1073741823,1073070079,1073381375,1073135615,1073213375,1073600255,1073471487,1073741823,1073741823,1073741823:h11
1073741823,1073741823,1073741823,1073741823,1073741823,1073741823,1073070079,1073381375,1073135615,1073213439,1073600255,1073471487,1073741567,1073741823,1073741823:h11
1073741823,1073741823,1073741823,1073741823,1073741823,1073741823,1073070079,1073381375,1073135359,1073213439,1073600255,1073471487,1073741823,1073741823,1073741823:h11
1073741823,1073741823,1073741823,1073741823,1073741823,1069547519,1073070079,1073381375,1073135615,1073213439,1073600255,1073471487,1073741823,1073741823,1073741823:h11
1073741823,1073741823,1073741823,1073741823,1069547519,1073741823,1073070079,1073381375,1073135615,1073213439,1073600255,1073471487,1073741823,1073741823,1073741823:h11
1073741823,1073741823,1073741823,1073741823,1073741823,1073741823,1073070079,1073381375,1073135615,1073213439,1073600255,1073471487,1073741823,1073725439,1073741823:h11
1073741823,1073741823,1073741823,1073741823,1073741823,1073741823,1073070079,1073381375,1073135615,1073213439,1073600255,1072422911,1073741823,1073741823,1073741823:h11
1073741823,1073741823,1073741823,1073741823,1073741823,1073741823,1073070079,1073381375,1073135615,1073213439,1073600255,1073471487,1073741823,1069547519,1073741823:h11
1073741823,1073741823,1073741823,1073741823,1073741823,1073741823,1073070079,1073381375,1073135615,1073213439,1073600255,1073471487,1073741823,1073479679,1073741823:h11
1073741823,1073741823,1073741823,1073741823,1073741823,1073741823,1073070079,1073381375,1073135615,1073213439,1073600255,1073471487,1073479679,1073741823,1073741823:h11
1073741823,1073741823,1073741823,1073741823,1073741823,1073741823,1073070079,1073381375,1073135615,1073213439,1073600255,1073471487,1073741759,1073741823,1073741823:h11
1073741823,1073741823,1073741823,1073741823,1073741823,1073741823,1073070079,1073381375,1073135615,1073213439,1073600191,1073471487,1073741823,1073741823,1073741823:h11
1073741823,1073741823,1073741823,1073741823,1073741823,1073741823,1073070079,1073381375,1073135551,1073213439,1073600255,1073471487,1073741823,1073741823,1073741823:h11
1073741823,1073741823,1073741823,1073741823,1073741823,1073741823,1073070079,1073381375,1073135615,1073213439,1073600255,1073471487,1073725439,1073741823,1073741823:h11
1073741823,1073741823,1073741823,1073741823,1073741823,1073741823,1073070079,1073381375,1073135615,1073213439,1073600255,1073471487,1073740799,1073741823,1073741823:h12
1073741823,1073741823,1073741823,1073741823,1073741823,1073741823,1073070079,1073381375,1073135615,1073213439,1073600255,1073470463,1073741823,1073741823,1073741823:h11
1073741823,1073741823,1073741823,1073741823,1073741823,1073741823,1073070079,1073381375,1073135615,1073213439,1073600255,1073471487,1073737727,1073741823,1073741823:h11
1073741823,1073741823,1073741823,1073741823,1073741823,1073741823,1073070079,1073381375,1073135615,1073213439,1073600255,1073471487,1072693247,1073741823,1073741823:h11
1073741823,1073741823,1073741823,1073741823,1073741823,1073741823,1073070079,1073381375,1073135615,1073213439,1073600255,1073471487,1073676287,1073741823,1073741823:h11
1073741823,1073741823,1073741823,1073741823,1073741823,1073741823,1073070079,1073381375,1073135615,1073213439,1073600255,1073471231,1073741823,1073741823,1073741823:h11
1073741823,1073741823,1073741823,1073741823,1073741823,1073741823,1073070079,1073381375,1073135615,1073213183,1073600255,1073471487,1073741823,1073741823,1073741823:h11
1073741823,1073741823,1073741823,1073741823,1073741823,1073741823,1073070079,1073381119,1073135615,1073213439,1073600255,1073471487,1073741823,1073741823,1073741823:h11
1073741823,1073741823,1073741823,1073741823,1073741823,1073741823,1073070079,1073381375,1073135615,1073213439,1073600255,1073405951,1073741823,1073741823,1073741823:h11
1073741823,1073741823,1073741823,1073741823,1073741823,1073741823,1073070079,1073381375,1073135615,1073213439,1073600255,1073455103,1073741823,1073741823,1073741823:h11
1073741823,1073741823,1073741823,1073741823,1073741823,1073741823,1073070079,1069187071,1073135615,1073213439,1073600255,1073471487,1073741823,1073741823,1073741823:h11
1073741823,1073741823,1073741823,1073741823,1073741823,1073741823,1073070079,1073381375,1073135615,1069019135,1073600255,1073471487,1073741823,1073741823,1073741823:h11
1073741823,1073741823,1073741823,1073741823,1073741823,1073741823,1073070079,1073381375,1073135615,1073213439,1073600255,1069277183,1073741823,1073741823,1073741823:h11
1073741823,1073741823,1073741823,1073741823,1073741823,1073741823,1073070079,1073381375,1073135615,1073213439,1072551679,1073471487,1073741823,1073741823,1073741823:h11
1073741823,1073741823,1073741823,1073741823,1073741823,1073741823,1073070079,1073381375,1073135615,1073213439,1073583871,1073471487,1073741823,1073741823,1073741823:h12
1073741823,1073741823,1073741823,1073741823,1073741823,1073741823,1068875775,1073381375,1073135615,1073213439,1073600255,1073471487,1073741823,1073741823,1073741823:h11
1073741823,1073741823,1073741823,1073741823,1073741823,1073741823,1073070079,1073381375,1068941311,1073213439,1073600255,1073471487,1073741823,1073741823,1073741823:h11
1073741823,1073741823,1073741823,1073741823,1073741823,1073741823,1073070079,1073381375,1073135615,1073213439,1069405951,1073471487,1073741823,1073741823,1073741823:h11
1073741823,1073741823,1073741823,1073741823,1073741823,1073741823,1073070079,1073381375,1073135615,1073213439,1073338111,1073471487,1073741823,1073741823,1073741823:h12
1073741823,1073741823,1073741823,1073741823,1073741823,1072693247,1073070079,1073381375,1073135615,1073213439,1073600255,1073471487,1073741823,1073741823,1073741823:h11
1073741823,1073741823,1073741823,1073741823,1073741823,1073741823,1073070079,1072332799,1073135615,1073213439,1073600255,1073471487,1073741823,1073741823,1073741823:h12
1073741823,1073741823,1073741823,1073741823,1073741823,1073741823,1073070079,1073381375,1073135615,1072164863,1073600255,1073471487,1073741823,1073741823,1073741823:h11
1073741823,1073741823,1073741823,1073741823,1073741823,1073741823,1073070079,1073381375,1073135615,1073147903,1073600255,1073471487,1073741823,1073741823,1073741823:h12
1073741823,1073741823,1073741823,1073741823,1073737727,1073741823,1073070079,1073381375,1073135615,1073213439,1073600255,1073471487,1073741823,1073741823,1073741823:h11
1073741823,1073741823,1073741823,1073741823,1073676287,1073741823,1073070079,1073381375,1073135615,1073213439,1073600255,1073471487,1073741823,1073741823,1073741823:h11
1073741823,1073741823,1073741823,1073741823,1072693247,1073741823,1073070079,1073381375,1073135615,1073213439,1073600255,1073471487,1073741823,1073741823,1073741823:h11
1073741823,1073741823,1073741823,1073741823,1073741823,1073741823,1072021503,1073381375,1073135615,1073213439,1073600255,1073471487,1073741823,1073741823,1073741823:h11
1073741823,1073741823,1073741823,1073741823,1073741823,1073741823,1073070079,1073381375,1072087039,1073213439,1073600255,1073471487,1073741823,1073741823,1073741823:h11
1073741823,1073741823,1073741823,1073741823,1073741823,1073741823,1073070079,1073381375,1073134591,1073213439,1073600255,1073471487,1073741823,1073741823,1073741823:h11
1073741823,1073741823,1073741823,1073741823,1073741823,1073741823,1073069055,1073381375,1073135615,1073213439,1073600255,1073471487,1073741823,1073741823,1073741823:h11
1073741823,1073741823,1073741823,1073741823,1073740799,1073741823,1073070079,1073381375,1073135615,1073213439,1073600255,1073471487,1073741823,1073741823,1073741823:h11
1073741823,1073741823,1073741823,1073741823,1073741823,1073737727,1073070079,1073381375,1073135615,1073213439,1073600255,1073471487,1073741823,1073741823,1073741823:h11
1073741823,1073741823,1073741823,1073741823,1073725439,1073741823,1073070079,1073381375,1073135615,1073213439,1073600255,1073471487,1073741823,1073741823,1073741823:h11
1073741823,1073741823,1073741823,1073741823,1073479679,1073741823,1073070079,1073381375,1073135615,1073213439,1073600255,1073471487,1073741823,1073741823,1073741823:h11
1073741823,1073741823,1073741823,1073741823,1073741823,1073676287,1073070079,1073381375,1073135615,1073213439,1073600255,1073471487,1073741823,1073741823,1073741823:h11
1073741823,1073741823,1073741823,1073741823,1073741823,1073741823,1073070079,1073381375,1073135615,1073212415,1073600255,1073471487,1073741823,1073741823,1073741823:h11
1073741823,1073741823,1073741823,1073741823,1073741823,1073741823,1073070079,1073381375,1073131519,1073213439,1073600255,1073471487,1073741823,1073741823,1073741823:h11
1073741823,1073741823,1073741823,1073741823,1073741823,1073741823,1073070079,1073380351,1073135615,1073213439,1073600255,1073471487,1073741823,1073741823,1073741823:h11
1073741823,1073741823,1073741823,1073741823,1073741823,1073741823,1073070079,1073377279,1073135615,1073213439,1073600255,1073471487,1073741823,1073741823,1073741823:h11
1073741823,1073741823,1073741823,1073741823,1073741823,1073740799,1073070079,1073381375,1073135615,1073213439,1073600255,1073471487,1073741823,1073741823,1073741823:h11
1073741823,1073741823,1073741823,1073741823,1073741823,1073741823,1073065983,1073381375,1073135615,1073213439,1073600255,1073471487,1073741823,1073741823,1073741823:h11
1073741823,1073741823,1073741823,1073741823,1073741823,1073725439,1073070079,1073381375,1073135615,1073213439,1073600255,1073471487,1073741823,1073741823,1073741823:h11
1073741823,1073741823,1073741823,1073741823,1073741823,1073479679,1073070079,1073381375,1073135615,1073213439,1073600255,1073471487,1073741823,1073741823,1073741823:h11
1073741823,1073741823,1073741823,1073741823,1073741823,1073741823,1073070079,1073381375,1073135615,1073197055,1073600255,1073471487,1073741823,1073741823,1073741823:h11
1073741823,1073741823,1073741823,1073741823,1073741823,1073741823,1073070079,1073381375,1073135551,1073213439,1073600511,1073479679,1073741823,1073741823,1073741823:h12
1073741823,1073741823,1073741823,1073741823,1073741823,1073741823,1073070079,1073381375,1073135615,1073213439,1073600511,1073479679,1073725439,1073741823,1073741823:h12
1073741823,1073741823,1073741823,1073741823,1073741823,1073741823,1073070079,1073381375,1073135615,1073213439,1073600511,1073479679,1073740799,1073741823,1073741823:h12
1073741823,1073741823,1073741823,1073741823,1073741823,1073741823,1073070079,1073381375,1073135615,1073213439,1073600511,1073478655,1073741823,1073741823,1073741823:h12
1073741823,1073741823,1073741823,1073741823,1073741823,1073741823,1073070079,1073381375,1073135615,1073213439,1073600511,1073479679,1073737727,1073741823,1073741823:h11
1073741823,1073741823,1073741823,1073741823,1073741823,1073741823,1073070079,1073381375,1073135615,1073213439,1073600511,1073479679,1072693247,1073741823,1073741823:h12
1073741823,1073741823,1073741823,1073741823,1073741823,1073741823,1073070079,1073381375,1073135615,1073213439,1073600511,1073479679,1073676287,1073741823,1073741823:h11
1073741823,1073741823,1073741823,1073741823,1073741823,1073741823,1073070079,1073381375,1073135615,1073213439,1073600511,1073479423,1073741823,1073741823,1073741823:h12
1073741823,1073741823,1073741823,1073741823,1073741823,1073741823,1073070079,1073381375,1073135615,1073213183,1073600511,1073479679,1073741823,1073741823,1073741823:h12
1073741823,1073741823,1073741823,1073741823,1073741823,1073741823,1073070079,1073381119,1073135615,1073213439,1073600511,1073479679,1073741823,1073741823,1073741823:h12
1073741823,1073741823,1073741823,1073741823,1073741823,1073741823,1073070079,1073381375,1073135615,1073213439,1073600511,1073414143,1073741823,1073741823,1073741823:h12
1073741823,1073741823,1073741823,1073741823,1073741823,1073741823,1073070079,1073381375,1073135615,1073213439,1073600511,1073475583,1073741823,1073741823,1073741823:h12
1073741823,1073741823,1073741823,1073741823,1073741823,1073741823,1073070079,1073381375,1073135615,1073213439,1073600511,1073463295,1073741823,1073741823,1073741823:h11
1073741823,1073741823,1073741823,1073741823,1073741823,1073741823,1073070079,1069187071,1073135615,1073213439,1073600511,1073479679,1073741823,1073741823,1073741823:h11
1073741823,1073741823,1073741823,1073741823,1073741823,1073741823,1073070079,1073381375,1073135615,1069019135,1073600511,1073479679,1073741823,1073741823,1073741823:h12
1073741823,1073741823,1073741823,1073741823,1073741823,1073741823,1073070079,1073381375,1073135615,1073213439,1073600511,1069285375,1073741823,1073741823,1073741823:h12
1073741823,1073741823,1073741823,1073741823,1073741823,1073741823,1073070079,1073381375,1073135615,1073213439,1072551935,1073479679,1073741823,1073741823,1073741823:h12
1073741823,1073741823,1073741823,1073741823,1073741823,1073741823,1073070079,1073381375,1073135615,1073213439,1073584127,1073479679,1073741823,1073741823,1073741823:h12
1073741823,1073741823,1073741823,1073741823,1073741823,1073741823,1068875775,1073381375,1073135615,1073213439,1073600511,1073479679,1073741823,1073741823,1073741823:h12
1073741823,1073741823,1073741823,1073741823,1073741823,1073741823,1073070079,1073381375,1068941311,1073213439,1073600511,1073479679,1073741823,1073741823,1073741823:h12
1073741823,1073741823,1073741823,1073741823,1073741823,1073741823,1073070079,1073381375,1073135615,1073213439,1069406207,1073479679,1073741823,1073741823,1073741823:h12
1073741823,1073741823,1073741823,1073741823,1073741823,1073741823,1073070079,1073381375,1073135615,1073213439,1073338367,1073479679,1073741823,1073741823,1073741823:h12
1073741823,1073741823,1073741823,1073741823,1073741823,1072693247,1073070079,1073381375,1073135615,1073213439,1073600511,1073479679,1073741823,1073741823,1073741823:h12
1073741823,1073741823,1073741823,1073741823,1073741823,1073741823,1073070079,1072332799,1073135615,1073213439,1073600511,1073479679,1073741823,1073741823,1073741823:h12
1073741823,1073741823,1073741823,1073741823,1073741823,1073741823,1073070079,1073381375,1073135615,1072164863,1073600511,1073479679,1073741823,1073741823,1073741823:h12
1073741823,1073741823,1073741823,1073741823,1073741823,1073741823,1073070079,1073381375,1073135615,1073147903,1073600511,1073479679,1073741823,1073741823,1073741823:h12
1073741823,1073741823,1073741823,1073741823,1073737727,1073741823,1073070079,1073381375,1073135615,1073213439,1073600511,1073479679,1073741823,1073741823,1073741823:h12
1073741823,1073741823,1073741823,1073741823,1073676287,1073741823,1073070079,1073381375,1073135615,1073213439,1073600511,1073479679,1073741823,1073741823,1073741823:h12
1073741823,1073741823,1073741823,1073741823,1072693247,1073741823,1073070079,1073381375,1073135615,1073213439,1073600511,1073479679,1073741823,1073741823,1073741823:h12
1073741823,1073741823,1073741823,1073741823,1073741823,1073741823,1072021503,1073381375,1073135615,1073213439,1073600511,1073479679,1073741823,1073741823,1073741823:h11
1073741823,1073741823,1073741823,1073741823,1073741823,1073741823,1073070079,1073381375,1072087039,1073213439,1073600511,1073479679,1073741823,1073741823,1073741823:h11
1073741823,1073741823,1073741823,1073741823,1073741823,1073741823,1073070079,1073381375,1073134591,1073213439,1073600511,1073479679,1073741823,1073741823,1073741823:h11
1073741823,1073741823,1073741823,1073741823,1073741823,1073741823,1073069055,1073381375,1073135615,1073213439,1073600511,1073479679,1073741823,1073741823,1073741823:h12
1073741823,1073741823,1073741823,1073741823,1073740799,1073741823,1073070079,1073381375,1073135615,1073213439,1073600511,1073479679,1073741823,1073741823,1073741823:h12
1073741823,1073741823,1073741823,1073741823,1073741823,1073737727,1073070079,1073381375,1073135615,1073213439,1073600511,1073479679,1073741823,1073741823,1073741823:h12
1073741823,1073741823,1073741823,1073741823,1073725439,1073741823,1073070079,1073381375,1073135615,1073213439,1073600511,1073479679,1073741823,1073741823,1073741823:h12
1073741823,1073741823,1073741823,1073741823,1073479679,1073741823,1073070079,1073381375,1073135615,1073213439,1073600511,1073479679,1073741823,1073741823,1073741823:h12
1073741823,1073741823,1073741823,1073741823,1073741823,1073676287,1073070079,1073381375,1073135615,1073213439,1073600511,1073479679,1073741823,1073741823,1073741823:h12
1073741823,1073741823,1073741823,1073741823,1073741823,1073741823,1073070079,1073381375,1073135615,1073212415,1073600511,1073479679,1073741823,1073741823,1073741823:h11
1073741823,1073741823,1073741823,1073741823,1073741823,1073741823,1073070079,1073381375,1073131519,1073213439,1073600511,1073479679,1073741823,1073741823,1073741823:h11
1073741823,1073741823,1073741823,1073741823,1073741823,1073741823,1073070079,1073380351,1073135615,1073213439,1073600511,1073479679,1073741823,1073741823,1073741823:h12
1073741823,1073741823,1073741823,1073741823,1073741823,1073741823,1073070079,1073377279,1073135615,1073213439,1073600511,1073479679,1073741823,1073741823,1073741823:h12
1073741823,1073741823,1073741823,1073741823,1073741823,1073740799,1073070079,1073381375,1073135615,1073213439,1073600511,1073479679,1073741823,1073741823,1073741823:h12
1073741823,1073741823,1073741823,1073741823,1073741823,1073741823,1073065983,1073381375,1073135615,1073213439,1073600511,1073479679,1073741823,1073741823,1073741823:h12
1073741823,1073741823,1073741823,1073741823,1073741823,1073725439,1073070079,1073381375,1073135615,1073213439,1073600511,1073479679,1073741823,1073741823,1073741823:h12
1073741823,1073741823,1073741823,1073741823,1073741823,1073479679,1073070079,1073381375,1073135615,1073213439,1073600511,1073479679,1073741823,1073741823,1073741823:h12
1073741823,1073741823,1073741823,1073741823,1073741823,1073741823,1073070079,1073381375,1073135615,1073197055,1073600511,1073479679,1073741823,1073741823,1073741823:h11
1073741823,1073741823,1073741823,1073741823,1073741823,1073741823,1073070079,1073643519,1073135615,1073197055,1073608703,1073479679,1073741823,1073741823,1073741823:j6
