1073741823,1073741823,1073740543,1073741823,1073741823,1073741823,1073741823,1073184767,1073610751,1073741823,1073479679,1073741823,1073741823,1073741823,1073741823:k7
1073741823,1073741823,1073740543,1073741823,1073676287,1073741823,1071644671,1073184767,1073610751,1073741823,1073479679,1073741823,1073741823,1073741823,1073741823:l6
1073741823,1073741823,1073740543,1073741823,1072693247,1073741823,1071644671,1073184767,1073610751,1073741823,1073479679,1073741823,1073741823,1073741823,1073741823:l6
1073741823,1073741823,1073740543,1073741823,1073741823,1072693247,1071644671,1073184767,1073610751,1073741823,1073479679,1073741823,1073741823,1073741823,1073741823:l6
1073741823,1073741823,1073740543,1073741823,1056964607,1073741823,1071644671,1073184767,1073610751,1073741823,1073479679,1073741823,1073741823,1073741823,1073741823:h10
1073741823,1073741823,1073740543,1073741823,1073741823,1073741823,1054867455,1073184767,1073610751,1073741823,1073479679,1073741823,1073741823,1073741823,1073741823:l6
1073741823,1073741823,1073740543,1073741823,1073741823,1073741823,1067450367,1073184767,1073610751,1073741823,1073479679,1073741823,1073741823,1073741823,1073741823:l6
1073741823,1073741823,1073740543,1073741823,1073741823,1073741823,1071644671,1073184767,1056833535,1073741823,1073479679,1073741823,1073741823,1073741823,1073741823:l6
1073741823,1073741823,1073740543,1073741823,1073741823,1073741823,1071644671,1073184767,1073610751,1073741823,1073479679,1073741823,1073725439,1073741823,1073741823:l6
1073741823,1073741823,1073740543,1073741823,1073741823,1073741823,1071644671,1073184767,1073610751,1073741823,1073479679,1073676287,1073741823,1073741823,1073741823:l6
1073741823,1073741823,1073740543,1073741823,1073741823,1073741823,1071644671,1073184767,1073610751,1073741823,1073463295,1073741823,1073741823,1073741823,1073741823:l6
1073741823,1073741823,1073740543,1073741823,1073741823,1073741823,1071644671,1073184767,1069416447,1073741823,1073479679,1073741823,1073741823,1073741823,1073741823:l6
1073741823,1073741823,1073740543,1073741823,1073741823,1073741823,1071644671,1073184767,1073610751,1072693247,1073479679,1073741823,1073741823,1073741823,1073741823:l6
1073741823,1073741823,1073740543,1073741823,1073741823,1073741823,1071644671,1073184767,1073610751,1073741823,1069285375,1073741823,1073741823,1073741823,1073741823:l6
1073741823,1073741823,1073740543,1073741823,1073741823,1073741823,1071644671,1073184767,1073610751,1073741823,1073479679,1073741823,1069547519,1073741823,1073741823:l6
1073741823,1073741823,1073740543,1073741823,1073741823,1073741823,1071644671,1073184767,1073610751,1073741823,1073479679,1072693247,1073741823,1073741823,1073741823:l6
1073741823,1073741823,1073740543,1073741823,1073741823,1073741823,1071644671,1073184767,1073610751,1073741823,1073479679,1073741823,1073479679,1073741823,1073741823:l6
1073741823,1073741823,1073740543,1073741823,1073741823,1073741823,1071644671,1073184767,1073610751,1073741823,1073479679,1073479679,1073741823,1073741823,1073741823:l6
1073741823,1073741823,1073740543,1073741823,1073741823,1073741823,1071382527,1073184767,1073610751,1073741823,1073479679,1073741823,1073741823,1073741823,1073741823:l6
1073741823,1073741823,1073740543,1073741823,1073741823,1069547519,1071644671,1073184767,1073610751,1073741823,1073479679,1073741823,1073741823,1073741823,1073741823:k8
1073741823,1073741823,1073740543,1073741823,1073741823,1073741823,1071644671,1068990463,1073610751,1073741823,1073479679,1073741823,1073741823,1073741823,1073741823:l6
1073741823,1073741823,1073740543,1073741823,1073741823,1073741823,1071644671,1072136191,1073610751,1073741823,1073479679,1073741823,1073741823,1073741823,1073741823:l6
1073741823,1073741823,1073740543,1073741823,1073741823,1073741823,1071644671,1073184767,1073610751,1069547519,1073479679,1073741823,1073741823,1073741823,1073741823:l6
1073741823,1073741823,1073740543,1073741823,1073741807,1073741823,1071644671,1073184767,1073610751,1073741823,1073479679,1073741823,1073741823,1073741823,1073741823:l6
1073741823,1073741823,1073740543,1073741759,1073741823,1073741823,1071644671,1073184767,1073610751,1073741823,1073479679,1073741823,1073741823,1073741823,1073741823:l6
1073741823,1073741823,1073740527,1073741823,1073741823,1073741823,1071644671,1073184767,1073610751,1073741823,1073479679,1073741823,1073741823,1073741823,1073741823:l6
1073741807,1073741823,1073740543,1073741823,1073741823,1073741823,1071644671,1073184767,1073610751,1073741823,1073479679,1073741823,1073741823,1073741823,1073741823:l6
1073741823,1073741759,1073740543,1073741823,1073741823,1073741823,1071644671,1073184767,1073610751,1073741823,1073479679,1073741823,1073741823,1073741823,1073741823:l6
1073741567,1073741823,1073740543,1073741823,1073741823,1073741823,1071644671,1073184767,1073610751,1073741823,1073479679,1073741823,1073741823,1073741823,1073741823:l6
1073737727,1073741823,1073740543,1073741823,1073741823,1073741823,1071644671,1073184767,1073610751,1073741823,1073479679,1073741823,1073741823,1073741823,1073741823:l6
1073741823,1073741823,1073740543,1073741823,1073737727,1073741823,1071644671,1073184767,1073610751,1073741823,1073479679,1073741823,1073741823,1073741823,1073741823:l6
1073741823,1073741823,1073740543,1073741823,1073741567,1073741823,1071644671,1073184767,1073610751,1073741823,1073479679,1073741823,1073741823,1073741823,1073741823:l6
1073741823,1073741823,1073740543,1073741823,1073741823,1073741823,1071644671,1073184767,1073610751,1073741823,1073475583,1073741823,1073741823,1073741823,1073741823:l6
1073741823,1073741823,1073740543,1073741823,1073741823,1073741823,1071644671,1073184767,1072562175,1073741823,1073479679,1073741823,1073741823,1073741823,1073741823:l6
1073741823,1073741823,1073740543,1073741823,1073741823,1073741823,1071644671,1073184767,1073348607,1073741823,1073479679,1073741823,1073741823,1073741823,1073741823:l6
1073741823,1073741823,1073740543,1073741823,1073741823,1073741823,1071644671,1073184767,1073610751,1073741823,1072431103,1073741823,1073741823,1073741823,1073741823:l6
1073741823,1073741823,1073740543,1073741823,1073741823,1073741823,1071644671,1073184767,1073610751,1073741823,1073414143,1073741823,1073741823,1073741823,1073741823:l6
1073741823,1073741823,1073740543,1073741823,1073741823,1073741823,1071644671,1073184767,1073610751,1073676287,1073479679,1073741823,1073741823,1073741823,1073741823:l6
1073741823,1073741823,1073740543,1073741823,1073741759,1073741823,1071644671,1073184767,1073610751,1073741823,1073479679,1073741823,1073741823,1073741823,1073741823:l6
1073741823,1073741823,1073740543,1073741567,1073741823,1073741823,1071644671,1073184767,1073610751,1073741823,1073479679,1073741823,1073741823,1073741823,1073741823:l6
1073741823,1073741823,1073740479,1073741823,1073741823,1073741823,1071644671,1073184767,1073610751,1073741823,1073479679,1073741823,1073741823,1073741823,1073741823:l6
1073741759,1073741823,1073740543,1073741823,1073741823,1073741823,1071644671,1073184767,1073610751,1073741823,1073479679,1073741823,1073741823,1073741823,1073741823:l6
1073741823,1073741567,1073740543,1073741823,1073741823,1073741823,1071644671,1073184767,1073610751,1073741823,1073479679,1073741823,1073741823,1073741823,1073741823:l6
1073740799,1073741823,1073740543,1073741823,1073741823,1073741823,1071644671,1073184767,1073610751,1073741823,1073479679,1073741823,1073741823,1073741823,1073741823:l6
1073741823,1073740799,1073740543,1073741823,1073741823,1073741823,1071644671,1073184767,1073610751,1073741823,1073479679,1073741823,1073741823,1073741823,1073741823:l6
1073725439,1073741823,1073740543,1073741823,1073741823,1073741823,1071644671,1073184767,1073610751,1073741823,1073479679,1073741823,1073741823,1073741823,1073741823:l6
1073741823,1073737727,1073740543,1073741823,1073741823,1073741823,1071644671,1073184767,1073610751,1073741823,1073479679,1073741823,1073741823,1073741823,1073741823:l6
1073741823,1073741823,1073724159,1073741823,1073741823,1073741823,1071644671,1073184767,1073610751,1073741823,1073479679,1073741823,1073741823,1073741823,1073741823:l6
1073741823,1073741823,1073736447,1073741823,1073741823,1073741823,1071644671,1073184767,1073610751,1073741823,1073479679,1073741823,1073741823,1073741823,1073741823:l6
1073741823,1073741823,1073740543,1073741823,1073725439,1073741823,1071644671,1073184767,1073610751,1073741823,1073479679,1073741823,1073741823,1073741823,1073741823:l6
1073741823,1073741823,1073740543,1073737727,1073741823,1073741823,1071644671,1073184767,1073610751,1073741823,1073479679,1073741823,1073741823,1073741823,1073741823:l6
1073741823,1073741823,1073740543,1073741823,1073740799,1073741823,1071644671,1073184767,1073610751,1073741823,1073479679,1073741823,1073741823,1073741823,1073741823:l6
1073741823,1073741823,1073740543,1073740799,1073741823,1073741823,1071644671,1073184767,1073610751,1073741823,1073479679,1073741823,1073741823,1073741823,1073741823:l6
1073741823,1073741823,1073740543,1073741823,1073741823,1073741823,1071644671,1073184767,1073610751,1073740799,1073479679,1073741823,1073741823,1073741823,1073741823:l6
1073741823,1073741823,1073740543,1073741823,1073741823,1073741823,1071644671,1073184767,1073606655,1073741823,1073479679,1073741823,1073741823,1073741823,1073741823:l6
1073741823,1073741823,1073740543,1073741823,1073741823,1073741823,1071644671,1073183743,1073610751,1073741823,1073479679,1073741823,1073741823,1073741823,1073741823:l6
1073741823,1073741823,1073740543,1073741823,1073741823,1073741823,1071644671,1073180671,1073610751,1073741823,1073479679,1073741823,1073741823,1073741823,1073741823:l6
1073741823,1073741823,1073740543,1073741823,1073741823,1073740799,1071644671,1073184767,1073610751,1073741823,1073479679,1073741823,1073741823,1073741823,1073741823:l6
1073741823,1073741823,1073740543,1073741823,1073741823,1073741823,1071640575,1073184767,1073610751,1073741823,1073479679,1073741823,1073741823,1073741823,1073741823:l6
1073741823,1073741823,1073740543,1073741823,1073741823,1073725439,1071644671,1073184767,1073610751,1073741823,1073479679,1073741823,1073741823,1073741823,1073741823:l6
1073741823,1073741823,1073740543,1073741823,1073741823,1073741823,1071628287,1073184767,1073610751,1073741823,1073479679,1073741823,1073741823,1073741823,1073741823:l6
1073741823,1073741823,1073740543,1073741823,1073741823,1073479679,1071644671,1073184767,1073610751,1073741823,1073479679,1073741823,1073741823,1073741823,1073741823:l6
1073741823,1073741823,1073740543,1073741823,1073741823,1073741823,1071579135,1073184767,1073610751,1073741823,1073479679,1073741823,1073741823,1073741823,1073741823:l6
1073741823,1073741823,1073740543,1073741823,1073741823,1073741823,1071644671,1073119231,1073610751,1073741823,1073479679,1073741823,1073741823,1073741823,1073741823:l6
1073741823,1073741823,1073740543,1073741823,1073741823,1073741823,1071644671,1073184767,1073610751,1073479679,1073479679,1073741823,1073741823,1073741823,1073741823:l6
1073741823,1073741823,1073740543,1073741823,1073741823,1073741823,1071644671,1073184767,1073610751,1073725439,1073479679,1073741823,1073741823,1073741823,1073741823:k8
1073741823,1073741823,1073740543,1073741823,1073741823,1073741823,1071644671,1073184767,1073594367,1073741823,1073479679,1073741823,1073741823,1073741823,1073741823:l6
