1073741823,1073741823,1073741823,1073741823,1073737727,1072037887,1073070079,1073643519,1073737727,1073741823,1073741823,1073741823,1073741823,1073741823,1073741823:j9
1073741823,1073741823,1073741823,1073741823,1073737727,1072037887,1073070079,1073643519,1073213439,1073741823,1073725439,1073741823,1073741823,1073741823,1073741823:l9
1073741823,1073741823,1073741823,1073741823,1073737727,1072037887,1073070079,1073643519,1073213439,1073741823,1069547519,1073741823,1073741823,1073741823,1073741823:l9
1073741823,1073741823,1073741823,1073741823,1073737727,1072037887,1073070079,1073643519,1073213439,1073741823,1073479679,1073741823,1073741823,1073741823,1073741823:l9
1073741823,1073741823,1073741823,1073741823,1073737471,1072037887,1073070079,1073643519,1073213439,1073741823,1073741823,1073741823,1073741823,1073741823,1073741823:j8
1073741823,1073741823,1073741567,1073741823,1073737727,1072037887,1073070079,1073643519,1073213439,1073741823,1073741823,1073741823,1073741823,1073741823,1073741823:l9
1073741823,1073741823,1073741823,1073740799,1073737727,1072037887,1073070079,1073643519,1073213439,1073741823,1073741823,1073741823,1073741823,1073741823,1073741823:l9
1073741823,1073741823,1073737727,1073741823,1073737727,1072037887,1073070079,1073643519,1073213439,1073741823,1073741823,1073741823,1073741823,1073741823,1073741823:l9
1073741823,1073741823,1073676287,1073741823,1073737727,1072037887,1073070079,1073643519,1073213439,1073741823,1073741823,1073741823,1073741823,1073741823,1073741823:l9
1073741823,1073741823,1073741823,1073741823,1073737727,1072037887,1073070079,1073643519,1069019135,1073741823,1073741823,1073741823,1073741823,1073741823,1073741823:j8
1073741823,1073741823,1073741823,1056964607,1073737727,1072037887,1073070079,1073643519,1073213439,1073741823,1073741823,1073741823,1073741823,1073741823,1073741823:l9
1073741823,1073741823,1073741823,1073741823,1069543423,1072037887,1073070079,1073643519,1073213439,1073741823,1073741823,1073741823,1073741823,1073741823,1073741823:l9
1073741823,1073741823,1073741823,1073741823,1073737727,1055260671,1073070079,1073643519,1073213439,1073741823,1073741823,1073741823,1073741823,1073741823,1073741823:l9
1073741823,1073741823,1073741823,1073741823,1073737727,1072037887,1073070079,1056866303,1073213439,1073741823,1073741823,1073741823,1073741823,1073741823,1073741823:j8
1073741823,1073741823,1073741823,1073741823,1073737727,1072037887,1068875775,1073643519,1073213439,1073741823,1073741823,1073741823,1073741823,1073741823,1073741823:l9
1073741823,1073741823,1073741823,1073725439,1073737727,1072037887,1073070079,1073643519,1073213439,1073741823,1073741823,1073741823,1073741823,1073741823,1073741823:j8
1073741823,1073741823,1073741823,1073479679,1073737727,1072037887,1073070079,1073643519,1073213439,1073741823,1073741823,1073741823,1073741823,1073741823,1073741823:l9
1073741823,1073741823,1073741823,1069547519,1073737727,1072037887,1073070079,1073643519,1073213439,1073741823,1073741823,1073741823,1073741823,1073741823,1073741823:l9
1073741823,1073741823,1073741823,1073741823,1073737727,1067843583,1073070079,1073643519,1073213439,1073741823,1073741823,1073741823,1073741823,1073741823,1073741823:l9
1073741823,1073741823,1073741823,1073741823,1073737727,1072037887,1073070079,1069449215,1073213439,1073741823,1073741823,1073741823,1073741823,1073741823,1073741823:j8
1073741823,1073741823,1073741823,1073741823,1073737727,1072037887,1073070079,1073643519,1073213439,1072693247,1073741823,1073741823,1073741823,1073741823,1073741823:l9
1073741823,1073741823,1073741823,1073741823,1073737727,1072037887,1073070079,1073643519,1073213439,1073676287,1073741823,1073741823,1073741823,1073741823,1073741823:l9
1073741823,1073741823,1073741823,1073737727,1073737727,1072037887,1073070079,1073643519,1073213439,1073741823,1073741823,1073741823,1073741823,1073741823,1073741823:l9
1073741823,1073741823,1073741823,1073676287,1073737727,1072037887,1073070079,1073643519,1073213439,1073741823,1073741823,1073741823,1073741823,1073741823,1073741823:l9
1073741823,1073741823,1073741823,1072693247,1073737727,1072037887,1073070079,1073643519,1073213439,1073741823,1073741823,1073741823,1073741823,1073741823,1073741823:j8
1073741823,1073741823,1073741823,1073741823,1073737727,1072037887,1073070079,1072594943,1073213439,1073741823,1073741823,1073741823,1073741823,1073741823,1073741823:j8
1073741823,1073741823,1073741823,1073741823,1073737727,1072037887,1073070079,1073643519,1073213439,1073741823,1073741567,1073741823,1073741823,1073741823,1073741823:l9
1073741823,1073741823,1073741823,1073741823,1073737727,1072037887,1073070079,1073643519,1073213183,1073741823,1073741823,1073741823,1073741823,1073741823,1073741823:l9
1073741823,1073741823,1073741823,1073741823,1073737727,1072037887,1073069823,1073643519,1073213439,1073741823,1073741823,1073741823,1073741823,1073741823,1073741823:l9
1073741823,1073741823,1073741823,1073741823,1073737727,1072037887,1073070079,1073643519,1073213439,1073741823,1073676287,1073741823,1073741823,1073741823,1073741823:l9
1073741823,1073741823,1073741823,1073741823,1073737727,1072037887,1073070079,1073643519,1073213439,1073741823,1073737727,1073741823,1073741823,1073741823,1073741823:l9
1073741823,1073741823,1073741823,1073741823,1073737727,1072037887,1073070079,1073643519,1073213439,1073737727,1073741823,1073741823,1073741823,1073741823,1073741823:l9
1073741823,1073741823,1073741823,1073741823,1073672191,1072037887,1073070079,1073643519,1073213439,1073741823,1073741823,1073741823,1073741823,1073741823,1073741823:j8
1073741823,1073741823,1073741823,1073741823,1072689151,1072037887,1073070079,1073643519,1073213439,1073741823,1073741823,1073741823,1073741823,1073741823,1073741823:j8
1073741823,1073741823,1073741823,1073741823,1073737727,1072037887,1072021503,1073643519,1073213439,1073741823,1073741823,1073741823,1073741823,1073741823,1073741823:j8
1073741823,1073741823,1073741823,1073741823,1073737727,1072037887,1073070079,1073643519,1072164863,1073741823,1073741823,1073741823,1073741823,1073741823,1073741823:j8
1073741823,1073741823,1073741823,1073741823,1073737727,1072037887,1073070079,1073643519,1073212415,1073741823,1073741823,1073741823,1073741823,1073741823,1073741823:l9
1073741823,1073741823,1073741823,1073741823,1073737727,1072037887,1073069055,1073643519,1073213439,1073741823,1073741823,1073741823,1073741823,1073741823,1073741823:l9
1073741823,1073741823,1073741823,1073741823,1073736703,1072037887,1073070079,1073643519,1073213439,1073741823,1073741823,1073741823,1073741823,1073741823,1073741823:j8
1073741823,1073741823,1073741823,1073741823,1073737727,1072033791,1073070079,1073643519,1073213439,1073741823,1073741823,1073741823,1073741823,1073741823,1073741823:j8
1073741823,1073741823,1073741823,1073741823,1073721343,1072037887,1073070079,1073643519,1073213439,1073741823,1073741823,1073741823,1073741823,1073741823,1073741823:j8
1073741823,1073741823,1073741823,1073741823,1073475583,1072037887,1073070079,1073643519,1073213439,1073741823,1073741823,1073741823,1073741823,1073741823,1073741823:j8
1073741823,1073741823,1073741823,1073741823,1073737727,1072037887,1073070079,1073643519,1073213439,1073740799,1073741823,1073741823,1073741823,1073741823,1073741823:l9
1073741823,1073741823,1073741823,1073741823,1073737727,1072037887,1073070079,1073642495,1073213439,1073741823,1073741823,1073741823,1073741823,1073741823,1073741823:l9
1073741823,1073741823,1073741823,1073741823,1073737727,1072037887,1073070079,1073639423,1073213439,1073741823,1073741823,1073741823,1073741823,1073741823,1073741823:j8
1073741823,1073741823,1073741823,1073741823,1073737727,1072036863,1073070079,1073643519,1073213439,1073741823,1073741823,1073741823,1073741823,1073741823,1073741823:l9
1073741823,1073741823,1073741823,1073741823,1073737727,1072037887,1073065983,1073643519,1073213439,1073741823,1073741823,1073741823,1073741823,1073741823,1073741823:j8
1073741823,1073741823,1073741823,1073741823,1073737727,1072021503,1073070079,1073643519,1073213439,1073741823,1073741823,1073741823,1073741823,1073741823,1073741823:j8
1073741823,1073741823,1073741823,1073741823,1073737727,1072037887,1073070079,1073381375,1073213439,1073741823,1073741823,1073741823,1073741823,1073741823,1073741823:k8
1073741823,1073741823,1073741823,1073741823,1073737727,1072037887,1073070079,1071284223,1073213439,1056964607,1073741823,1073741823,1073741823,1073741823,1073741823:h5
1073741823,1073741823,1073741823,1073741823,1073737727,1072037887,1073070079,1071284223,1073213439,1069547519,1073741823,1073741823,1073741823,1073741823,1073741823:h5
1073741823,1073741823,1073741823,1073741823,1073737727,1072037887,1073070079,1071284223,1073213439,1073741823,1073725439,1073741823,1073741823,1073741823,1073741823:h5
1073741823,1073741823,1073741823,1073741823,1073737727,1072037887,1073070079,1071284223,1073213439,1073741823,1069547519,1073741823,1073741823,1073741823,1073741823:h5
1073741823,1073741823,1073741823,1073741823,1073737727,1072037887,1073070079,1071284223,1073213439,1073741823,1073479679,1073741823,1073741823,1073741823,1073741823:h5
1073741823,1073741823,1073741823,1073741823,1073737471,1072037887,1073070079,1071284223,1073213439,1073741823,1073741823,1073741823,1073741823,1073741823,1073741823:h5
1073741823,1073741823,1073741567,1073741823,1073737727,1072037887,1073070079,1071284223,1073213439,1073741823,1073741823,1073741823,1073741823,1073741823,1073741823:h5
1073741823,1073741823,1073741823,1073740799,1073737727,1072037887,1073070079,1071284223,1073213439,1073741823,1073741823,1073741823,1073741823,1073741823,1073741823:h5
1073741823,1073741823,1073737727,1073741823,1073737727,1072037887,1073070079,1071284223,1073213439,1073741823,1073741823,1073741823,1073741823,1073741823,1073741823:h5
1073741823,1073741823,1073676287,1073741823,1073737727,1072037887,1073070079,1071284223,1073213439,1073741823,1073741823,1073741823,1073741823,1073741823,1073741823:h5
1073741823,1073741823,1073741823,1073741823,1073737727,1072037887,1073070079,1071284223,1069019135,1073741823,1073741823,1073741823,1073741823,1073741823,1073741823:k5
1073741823,1073741823,1073741823,1056964607,1073737727,1072037887,1073070079,1071284223,1073213439,1073741823,1073741823,1073741823,1073741823,1073741823,1073741823:h5
1073741823,1073741823,1073741823,1073741823,1069543423,1072037887,1073070079,1071284223,1073213439,1073741823,1073741823,1073741823,1073741823,1073741823,1073741823:h5
1073741823,1073741823,1073741823,1073741823,1073737727,1055260671,1073070079,1071284223,1073213439,1073741823,1073741823,1073741823,1073741823,1073741823,1073741823:h5
1073741823,1073741823,1073741823,1073741823,1073737727,1072037887,1073070079,1054507007,1073213439,1073741823,1073741823,1073741823,1073741823,1073741823,1073741823:h5
1073741823,1073741823,1073741823,1073741823,1073737727,1072037887,1068875775,1071284223,1073213439,1073741823,1073741823,1073741823,1073741823,1073741823,1073741823:h5
1073741823,1073741823,1073741823,1073725439,1073737727,1072037887,1073070079,1071284223,1073213439,1073741823,1073741823,1073741823,1073741823,1073741823,1073741823:h5
1073741823,1073741823,1073741823,1073479679,1073737727,1072037887,1073070079,1071284223,1073213439,1073741823,1073741823,1073741823,1073741823,1073741823,1073741823:h5
1073741823,1073741823,1073741823,1069547519,1073737727,1072037887,1073070079,1071284223,1073213439,1073741823,1073741823,1073741823,1073741823,1073741823,1073741823:h5
1073741823,1073741823,1073741823,1073741823,1073737727,1067843583,1073070079,1071284223,1073213439,1073741823,1073741823,1073741823,1073741823,1073741823,1073741823:h5
1073741823,1073741823,1073741823,1073741823,1073737727,1072037887,1073070079,1067089919,1073213439,1073741823,1073741823,1073741823,1073741823,1073741823,1073741823:h5
1073741823,1073741823,1073741823,1073741823,1073737727,1072037887,1073070079,1071284223,1073213439,1072693247,1073741823,1073741823,1073741823,1073741823,1073741823:h5
1073741823,1073741823,1073741823,1073741823,1073737727,1072037887,1073070079,1071284223,1073213439,1073676287,1073741823,1073741823,1073741823,1073741823,1073741823:h5
1073741823,1073741823,1073741823,1073737727,1073737727,1072037887,1073070079,1071284223,1073213439,1073741823,1073741823,1073741823,1073741823,1073741823,1073741823:l9
1073741823,1073741823,1073741823,1073676287,1073737727,1072037887,1073070079,1071284223,1073213439,1073741823,1073741823,1073741823,1073741823,1073741823,1073741823:h5
1073741823,1073741823,1073741823,1072693247,1073737727,1072037887,1073070079,1071284223,1073213439,1073741823,1073741823,1073741823,1073741823,1073741823,1073741823:h5
1073741823,1073741823,1073741823,1073741823,1073737727,1072037887,1073070079,1071284223,1073213439,1073741823,1073741567,1073741823,1073741823,1073741823,1073741823:h5
1073741823,1073741823,1073741823,1073741823,1073737727,1072037887,1073070079,1071284223,1073213183,1073741823,1073741823,1073741823,1073741823,1073741823,1073741823:h5
1073741823,1073741823,1073741823,1073741823,1073737727,1072037887,1073069823,1071284223,1073213439,1073741823,1073741823,1073741823,1073741823,1073741823,1073741823:h5
1073741823,1073741823,1073741823,1073741823,1073737727,1072037887,1073070079,1071284223,1073213439,1073741823,1073676287,1073741823,1073741823,1073741823,1073741823:h5
1073741823,1073741823,1073741823,1073741823,1073737727,1072037887,1073070079,1071284223,1073213439,1073741823,1073737727,1073741823,1073741823,1073741823,1073741823:h5
1073741823,1073741823,1073741823,1073741823,1073737727,1072037887,1073070079,1071284223,1073213439,1073737727,1073741823,1073741823,1073741823,1073741823,1073741823:h5
1073741823,1073741823,1073741823,1073741823,1073672191,1072037887,1073070079,1071284223,1073213439,1073741823,1073741823,1073741823,1073741823,1073741823,1073741823:h5
1073741823,1073741823,1073741823,1073741823,1072689151,1072037887,1073070079,1071284223,1073213439,1073741823,1073741823,1073741823,1073741823,1073741823,1073741823:h5
1073741823,1073741823,1073741823,1073741823,1073737727,1072037887,1072021503,1071284223,1073213439,1073741823,1073741823,1073741823,1073741823,1073741823,1073741823:h5
1073741823,1073741823,1073741823,1073741823,1073737727,1072037887,1073070079,1071284223,1072164863,1073741823,1073741823,1073741823,1073741823,1073741823,1073741823:h5
1073741823,1073741823,1073741823,1073741823,1073737727,1072037887,1073070079,1071284223,1073212415,1073741823,1073741823,1073741823,1073741823,1073741823,1073741823:h5
1073741823,1073741823,1073741823,1073741823,1073737727,1072037887,1073069055,1071284223,1073213439,1073741823,1073741823,1073741823,1073741823,1073741823,1073741823:h5
1073741823,1073741823,1073741823,1073741823,1073736703,1072037887,1073070079,1071284223,1073213439,1073741823,1073741823,1073741823,1073741823,1073741823,1073741823:h5
1073741823,1073741823,1073741823,1073741823,1073737727,1072033791,1073070079,1071284223,1073213439,1073741823,1073741823,1073741823,1073741823,1073741823,1073741823:h5
1073741823,1073741823,1073741823,1073741823,1073721343,1072037887,1073070079,1071284223,1073213439,1073741823,1073741823,1073741823,1073741823,1073741823,1073741823:l9
1073741823,1073741823,1073741823,1073741823,1073475583,1072037887,1073070079,1071284223,1073213439,1073741823,1073741823,1073741823,1073741823,1073741823,1073741823:h5
1073741823,1073741823,1073741823,1073741823,1073737727,1072037887,1073070079,1071284223,1073213439,1073740799,1073741823,1073741823,1073741823,1073741823,1073741823:h5
1073741823,1073741823,1073741823,1073741823,1073737727,1072037887,1073070079,1071283199,1073213439,1073741823,1073741823,1073741823,1073741823,1073741823,1073741823:h5
1073741823,1073741823,1073741823,1073741823,1073737727,1072037887,1073070079,1071280127,1073213439,1073741823,1073741823,1073741823,1073741823,1073741823,1073741823:h5
1073741823,1073741823,1073741823,1073741823,1073737727,1072036863,1073070079,1071284223,1073213439,1073741823,1073741823,1073741823,1073741823,1073741823,1073741823:h5
1073741823,1073741823,1073741823,1073741823,1073737727,1072037887,1073065983,1071284223,1073213439,1073741823,1073741823,1073741823,1073741823,1073741823,1073741823:h5
1073741823,1073741823,1073741823,1073741823,1073737727,1072021503,1073070079,1071284223,1073213439,1073741823,1073741823,1073741823,1073741823,1073741823,1073741823:h5
1073741823,1073741823,1073741823,1073741823,1073737727,1072037887,1073070079,1071284223,1073213439,1073479679,1073741823,1073741823,1073741823,1073741823,1073741823:h5
1073741823,1073741823,1073741823,1073741823,1073737727,1072037887,1073070079,1071284223,1073147903,1073741823,1073741823,1073741823,1073741823,1073741823,1073741823:h5
1073741823,1073741823,1073741823,1073741823,1073737727,1072037887,1073070079,1071284223,1073213439,1073725439,1073741823,1073741823,1073741823,1073741823,1073741823:h5
1073741823,1073741823,1073741823,1073741823,1073737727,1072037887,1073070079,1071284223,1073197055,1073741823,1073741823,1073741823,1073741823,1073741823,1073741823:h5
1073741823,1073741823,1073741823,1073741823,1073737727,1072037887,1073070079,1073643519,1073213439,1073479679,1073741823,1073741823,1073741823,1073741823,1073741823:l9
1073741823,1073741823,1073741823,1073741823,1073737727,1072037887,1073070079,1073643519,1073147903,1073741823,1073741823,1073741823,1073741823,1073741823,1073741823:j8
1073741823,1073741823,1073741823,1073741823,1073737727,1072037887,1073070079,1073643519,1073213439,1073725439,1073741823,1073741823,1073741823,1073741823,1073741823:l9
1073741823,1073741823,1073741823,1073741823,1073737727,1072037887,1073070079,1073643519,1073197055,1073741823,1073741823,1073741823,1073741823,1073741823,1073741823:l9
