1073741823,1073725439,1073741823,1073741823,1073741823,1073741823,1073741807,1073709055,1073610751,1073741823,1073741823,1073741823,1073741823,1073741823,1073741823:g7
1073741823,1073725439,1073741823,1073741823,1073741823,1073741823,1073732591,1073709055,1073610751,1073741823,1073741823,1073741823,1073741823,1073741823,1073741823:f6
1073741823,1073725439,1073741823,1073741823,1073737727,1073741823,1073733615,1073709055,1073610751,1073741823,1073741823,1073741823,1073741823,1073741823,1073741823:f6
1073741823,1073725439,1073741823,1073741823,1073741823,1073737727,1073733615,1073709055,1073610751,1073741823,1073741823,1073741823,1073741823,1073741823,1073741823:f6
1073741823,1073725439,1073741823,1073741823,1073676287,1073741823,1073733615,1073709055,1073610751,1073741823,1073741823,1073741823,1073741823,1073741823,1073741823:f6
1073741823,1073725439,1073741823,1073741823,1073741823,1073741823,1073733615,1073709055,1073610750,1073741823,1073741823,1073741823,1073741823,1073741823,1073741823:f6
1073741823,1073725439,1073741823,1073741823,1073741823,1073741823,1073733615,1073709051,1073610751,1073741823,1073741823,1073741823,1073741823,1073741823,1073741823:f6
1073741823,1073725439,1073741823,1073741823,1073741823,1073741823,1073733614,1073709055,1073610751,1073741823,1073741823,1073741823,1073741823,1073741823,1073741823:f6
1073741823,1073725439,1073741823,1073741823,1073741823,1073741823,1073733611,1073709055,1073610751,1073741823,1073741823,1073741823,1073741823,1073741823,1073741823:f6
1073741823,1073725439,1073741823,1073741823,1073741822,1073741823,1073733615,1073709055,1073610751,1073741823,1073741823,1073741823,1073741823,1073741823,1073741823:f6
1073741823,1073725439,1073741823,1073741823,1073741823,1073741819,1073733615,1073709055,1073610751,1073741823,1073741823,1073741823,1073741823,1073741823,1073741823:f6
1073741823,1073725439,1073741823,1073741823,1073741807,1073741823,1073733615,1073709055,1073610751,1073741823,1073741823,1073741823,1073741823,1073741823,1073741823:f6
1073741823,1073725439,1073741823,1073741823,1073741823,1073741807,1073733615,1073709055,1073610751,1073741823,1073741823,1073741823,1073741823,1073741823,1073741823:f6
1073741823,1073725439,1073741823,1073741823,1073741567,1073741823,1073733615,1073709055,1073610751,1073741823,1073741823,1073741823,1073741823,1073741823,1073741823:j10
1073741823,1073725439,1073741823,1073741823,1073741823,1073741759,1073733615,1073709055,1073610751,1073741823,1073741823,1073741823,1073741823,1073741823,1073741823:f6
1073741823,1073725439,1073741823,1073741823,1073741823,1073741823,1073733359,1073709055,1073610751,1073741823,1073741823,1073741823,1073741823,1073741823,1073741823:f6
1073741823,1073725439,1073741823,1073741823,1073741823,1073741823,1073733551,1073709055,1073610751,1073741823,1073741823,1073741823,1073741823,1073741823,1073741823:f6
1073741823,1073725439,1073741823,1073741823,1073741823,1073741823,1073733615,1073709055,1073610495,1073741823,1073741823,1073741823,1073741823,1073741823,1073741823:f6
1073741823,1073725439,1073741823,1073741823,1073741823,1073741823,1073733615,1073708991,1073610751,1073741823,1073741823,1073741823,1073741823,1073741823,1073741823:f6
1073741823,1073725439,1073741823,1073741823,1073741823,1073741823,1073733615,1073709055,1073610735,1073741823,1073741823,1073741823,1073741823,1073741823,1073741823:f6
1073741823,1073725439,1073741823,1073741823,1073741823,1073741823,1073733615,1073709039,1073610751,1073741823,1073741823,1073741823,1073741823,1073741823,1073741823:f6
1073741823,1073725439,1073741823,1073741823,1073741823,1073741823,1073733615,1073709055,1073610751,1073741823,1073737727,1073741823,1073741823,1073741823,1073741823:f6
1073741823,1073725439,1073741823,1073741823,1073741823,1073741823,1072685039,1073709055,1073610751,1073741823,1073741823,1073741823,1073741823,1073741823,1073741823:f6
1073741823,1073725439,1073741823,1073741823,1073741823,1073741823,1073733615,1073709055,1072562175,1073741823,1073741823,1073741823,1073741823,1073741823,1073741823:f6
1073741823,1073725439,1073741823,1073741823,1073741823,1073741823,1073733615,1073709055,1073348607,1073741823,1073741823,1073741823,1073741823,1073741823,1073741823:f6
1073741823,1073725439,1073741823,1073741823,1073741823,1073741823,1073733615,1073709055,1073610751,1073741823,1072693247,1073741823,1073741823,1073741823,1073741823:f6
1073741823,1073725439,1073741823,1073741823,1073741823,1073741823,1073733615,1073709055,1073610751,1073741823,1073676287,1073741823,1073741823,1073741823,1073741823:f6
1073741823,1073725439,1073741823,1073741823,1073741823,1073741823,1073733615,1073709055,1073610751,1073676287,1073741823,1073741823,1073741823,1073741823,1073741823:f6
1073741823,1073725439,1073741823,1073740799,1073741823,1073741823,1073733615,1073709055,1073610751,1073741823,1073741823,1073741823,1073741823,1073741823,1073741823:f6
1073741823,1073725439,1073737727,1073741823,1073741823,1073741823,1073733615,1073709055,1073610751,1073741823,1073741823,1073741823,1073741823,1073741823,1073741823:f6
1073741823,1073724415,1073741823,1073741823,1073741823,1073741823,1073733615,1073709055,1073610751,1073741823,1073741823,1073741823,1073741823,1073741823,1073741823:f6
1073741823,1073721343,1073741823,1073741823,1073741823,1073741823,1073733615,1073709055,1073610751,1073741823,1073741823,1073741823,1073741823,1073741823,1073741823:f6
1073737727,1073725439,1073741823,1073741823,1073741823,1073741823,1073733615,1073709055,1073610751,1073741823,1073741823,1073741823,1073741823,1073741823,1073741823:f6
1073725439,1073725439,1073741823,1073741823,1073741823,1073741823,1073733615,1073709055,1073610751,1073741823,1073741823,1073741823,1073741823,1073741823,1073741823:f6
1073676287,1073725439,1073741823,1073741823,1073741823,1073741823,1073733615,1073709055,1073610751,1073741823,1073741823,1073741823,1073741823,1073741823,1073741823:f6
1073741823,1073463295,1073741823,1073741823,1073741823,1073741823,1073733615,1073709055,1073610751,1073741823,1073741823,1073741823,1073741823,1073741823,1073741823:f6
1073741823,1073659903,1073741823,1073741823,1073741823,1073741823,1073733615,1073709055,1073610751,1073741823,1073741823,1073741823,1073741823,1073741823,1073741823:f6
1073741823,1073725439,1073741823,1073479679,1073741823,1073741823,1073733615,1073709055,1073610751,1073741823,1073741823,1073741823,1073741823,1073741823,1073741823:f6
1073741823,1073725439,1073676287,1073741823,1073741823,1073741823,1073733615,1073709055,1073610751,1073741823,1073741823,1073741823,1073741823,1073741823,1073741823:f6
1073741823,1073725439,1073741823,1073725439,1073741823,1073741823,1073733615,1073709055,1073610751,1073741823,1073741823,1073741823,1073741823,1073741823,1073741823:f6
1073741823,1073725439,1073725439,1073741823,1073741823,1073741823,1073733615,1073709055,1073610751,1073741823,1073741823,1073741823,1073741823,1073741823,1073741823:f6
1073741823,1073725439,1073741823,1073741823,1073741823,1073741823,1073733615,1073709055,1073610751,1073740799,1073741823,1073741823,1073741823,1073741823,1073741823:f6
1073741823,1073725439,1073741823,1073741823,1073741823,1073741823,1073733615,1073709055,1073606655,1073741823,1073741823,1073741823,1073741823,1073741823,1073741823:f6
1073741823,1073725439,1073741823,1073741823,1073741823,1073741823,1073733615,1073708031,1073610751,1073741823,1073741823,1073741823,1073741823,1073741823,1073741823:f6
1073741823,1073725439,1073741823,1073741823,1073741823,1073741823,1073733615,1073704959,1073610751,1073741823,1073741823,1073741823,1073741823,1073741823,1073741823:f6
1073741823,1073725439,1073741823,1073741823,1073741823,1073740799,1073733615,1073709055,1073610751,1073741823,1073741823,1073741823,1073741823,1073741823,1073741823:j9
1073741823,1073725439,1073741823,1073741823,1073741823,1073740799,1073733615,1073709055,1073086463,1073741823,1073725439,1073741823,1073741823,1073741823,1073741823:h9
1073741823,1073725439,1073741823,1073741823,1073741823,1073740799,1073471471,1073709055,1073086463,1073741823,1073741823,1073741823,1073741823,1073741823,1073741823:h9
1073741823,1073725439,1073741823,1073741823,1073741823,1073740799,1069539311,1073709055,1073086463,1073741823,1073741823,1073741823,1073741823,1073741823,1073741823:j10
1073741823,1073725439,1073741823,1073741823,1073741823,1073740799,1073733615,1072660479,1073086463,1073741823,1073741823,1073741823,1073741823,1073741823,1073741823:h9
1073741823,1073725439,1073741823,1073741823,1073741823,1073740799,1073733615,1073709055,1068892159,1073741823,1073741823,1073741823,1073741823,1073741823,1073741823:j10
1073741823,1073725439,1073741823,1073741823,1073741823,1073740799,1073733615,1073709055,1073086463,1073741823,1069547519,1073741823,1073741823,1073741823,1073741823:g9
1073741823,1073725439,1073741823,1073741823,1073741823,1073740799,1073733615,1073709055,1073086463,1072693247,1073741823,1073741823,1073741823,1073741823,1073741823:j10
1073741823,1073725439,1073741823,1073741823,1073741823,1073740799,1073733615,1073709055,1073086463,1073741823,1073479679,1073741823,1073741823,1073741823,1073741823:h9
1073741823,1073725439,1073741823,1073741823,1073741823,1073740543,1073733615,1073709055,1073086463,1073741823,1073741823,1073741823,1073741823,1073741823,1073741823:j10
1073741823,1073725439,1073741823,1073741759,1073741823,1073740799,1073733615,1073709055,1073086463,1073741823,1073741823,1073741823,1073741823,1073741823,1073741823:j10
1073741823,1073725439,1073741823,1073741823,1073740799,1073740799,1073733615,1073709055,1073086463,1073741823,1073741823,1073741823,1073741823,1073741823,1073741823:j10
1073741823,1073725439,1073741823,1073741823,1073741823,1073740799,1073732591,1073709055,1073086463,1073741823,1073741823,1073741823,1073741823,1073741823,1073741823:j10
1073741823,1073725439,1073741823,1073741823,1073737727,1073740799,1073733615,1073709055,1073086463,1073741823,1073741823,1073741823,1073741823,1073741823,1073741823:j10
1073741823,1073725439,1073741823,1073741823,1073741823,1073736703,1073733615,1073709055,1073086463,1073741823,1073741823,1073741823,1073741823,1073741823,1073741823:j10
1073741823,1073725439,1073741823,1073741823,1073676287,1073740799,1073733615,1073709055,1073086463,1073741823,1073741823,1073741823,1073741823,1073741823,1073741823:j10
1073741823,1073725439,1073741823,1073741823,1073741823,1073740799,1073733615,1073709055,1073086462,1073741823,1073741823,1073741823,1073741823,1073741823,1073741823:j10
1073741823,1073725439,1073741823,1073741823,1073741823,1073740799,1073733615,1073709051,1073086463,1073741823,1073741823,1073741823,1073741823,1073741823,1073741823:j10
1073741823,1073725439,1073741823,1073741823,1073741823,1073740799,1073733614,1073709055,1073086463,1073741823,1073741823,1073741823,1073741823,1073741823,1073741823:j10
1073741823,1073725439,1073741823,1073741823,1073741823,1073740799,1073733611,1073709055,1073086463,1073741823,1073741823,1073741823,1073741823,1073741823,1073741823:j10
1073741823,1073725439,1073741823,1073741823,1073741822,1073740799,1073733615,1073709055,1073086463,1073741823,1073741823,1073741823,1073741823,1073741823,1073741823:j10
1073741823,1073725439,1073741823,1073741823,1073741823,1073740795,1073733615,1073709055,1073086463,1073741823,1073741823,1073741823,1073741823,1073741823,1073741823:j10
1073741823,1073725439,1073741823,1073741823,1073741807,1073740799,1073733615,1073709055,1073086463,1073741823,1073741823,1073741823,1073741823,1073741823,1073741823:j10
1073741823,1073725439,1073741823,1073741823,1073741823,1073740783,1073733615,1073709055,1073086463,1073741823,1073741823,1073741823,1073741823,1073741823,1073741823:j10
1073741823,1073725439,1073741823,1073741823,1073741567,1073740799,1073733615,1073709055,1073086463,1073741823,1073741823,1073741823,1073741823,1073741823,1073741823:j10
1073741823,1073725439,1073741823,1073741823,1073741823,1073740735,1073733615,1073709055,1073086463,1073741823,1073741823,1073741823,1073741823,1073741823,1073741823:j10
1073741823,1073725439,1073741823,1073741823,1073741823,1073740799,1073733359,1073709055,1073086463,1073741823,1073741823,1073741823,1073741823,1073741823,1073741823:j10
1073741823,1073725439,1073741823,1073741823,1073741823,1073740799,1073733551,1073709055,1073086463,1073741823,1073741823,1073741823,1073741823,1073741823,1073741823:j10
1073741823,1073725439,1073741823,1073741823,1073741823,1073740799,1073733615,1073709055,1073086207,1073741823,1073741823,1073741823,1073741823,1073741823,1073741823:j10
1073741823,1073725439,1073741823,1073741823,1073741823,1073740799,1073733615,1073708991,1073086463,1073741823,1073741823,1073741823,1073741823,1073741823,1073741823:j10
1073741823,1073725439,1073741823,1073741823,1073741823,1073740799,1073733615,1073709055,1073086447,1073741823,1073741823,1073741823,1073741823,1073741823,1073741823:j10
1073741823,1073725439,1073741823,1073741823,1073741823,1073740799,1073733615,1073709039,1073086463,1073741823,1073741823,1073741823,1073741823,1073741823,1073741823:j10
1073741823,1073725439,1073741823,1073741823,1073741823,1073740799,1073733615,1073709055,1073086463,1073741823,1073737727,1073741823,1073741823,1073741823,1073741823:j10
1073741823,1073725439,1073741823,1073741823,1073741823,1073740799,1072685039,1073709055,1073086463,1073741823,1073741823,1073741823,1073741823,1073741823,1073741823:h9
1073741823,1073725439,1073741823,1073741823,1073741823,1073740799,1073733615,1073709055,1072037887,1073741823,1073741823,1073741823,1073741823,1073741823,1073741823:j8
1073741823,1073725439,1073741823,1073741823,1073741823,1069546495,1073733615,1073184767,1072037887,1073741823,1073741823,1073741823,1073741823,1073741823,1073741823:j10
1073741823,1073725439,1073741823,1073741823,1073741823,1073740799,1056956399,1073184767,1072037887,1073741823,1073741823,1073741823,1073741823,1073741823,1073741823:j10
1073741823,1073725439,1073741823,1073741823,1073741823,1073740799,1073733615,1068990463,1072037887,1073741823,1073741823,1073741823,1073741823,1073741823,1073741823:j10
1073741823,1073725439,1073741823,1073741823,1073741823,1073740799,1073733615,1073184767,1055260671,1073741823,1073741823,1073741823,1073741823,1073741823,1073741823:j10
1073741823,1073725439,1073741823,1073741823,1073741823,1073740799,1073733615,1073184767,1072037887,1073741823,1056964607,1073741823,1073741823,1073741823,1073741823:j10
1073741823,1073725439,1073741823,1073741823,1073741823,1073740799,1073733615,1073184767,1072037887,1069547519,1073741823,1073741823,1073741823,1073741823,1073741823:j10
1073741823,1073725439,1073741823,1073741823,1073741823,1073740799,1073733615,1073184767,1072037887,1073741823,1073725439,1073741823,1073741823,1073741823,1073741823:j10
1073741823,1073725439,1073741823,1073741823,1073741823,1073740799,1073471471,1073184767,1072037887,1073741823,1073741823,1073741823,1073741823,1073741823,1073741823:k8
1073741823,1073725439,1073741823,1073741823,1073741823,1073740799,1069539311,1073184767,1072037887,1073741823,1073741823,1073741823,1073741823,1073741823,1073741823:j10
1073741823,1073725439,1073741823,1073741823,1073741823,1073740799,1073733615,1072136191,1072037887,1073741823,1073741823,1073741823,1073741823,1073741823,1073741823:j10
1073741823,1073725439,1073741823,1073741823,1073741823,1073740799,1073733615,1073184767,1067843583,1073741823,1073741823,1073741823,1073741823,1073741823,1073741823:j10
1073741823,1073725439,1073741823,1073741823,1073741823,1073740799,1073733615,1073184767,1072037887,1073741823,1069547519,1073741823,1073741823,1073741823,1073741823:j10
1073741823,1073725439,1073741823,1073741823,1073741823,1073740799,1073733615,1073184767,1072037887,1072693247,1073741823,1073741823,1073741823,1073741823,1073741823:j10
1073741823,1073725439,1073741823,1073741823,1073741823,1073740799,1073733615,1073184767,1072037887,1073741823,1073479679,1073741823,1073741823,1073741823,1073741823:j10
1073741823,1073725439,1073741823,1073741823,1073741823,1073740543,1073733615,1073184767,1072037887,1073741823,1073741823,1073741823,1073741823,1073741823,1073741823:j10
1073741823,1073725439,1073741823,1073741759,1073741823,1073740799,1073733615,1073184767,1072037887,1073741823,1073741823,1073741823,1073741823,1073741823,1073741823:j10
1073741823,1073725439,1073741823,1073741823,1073740799,1073740799,1073733615,1073184767,1072037887,1073741823,1073741823,1073741823,1073741823,1073741823,1073741823:j10
1073741823,1073725439,1073741823,1073741823,1073741823,1073740799,1073732591,1073184767,1072037887,1073741823,1073741823,1073741823,1073741823,1073741823,1073741823:j10
1073741823,1073725439,1073741823,1073741823,1073737727,1073740799,1073733615,1073184767,1072037887,1073741823,1073741823,1073741823,1073741823,1073741823,1073741823:j10
1073741823,1073725439,1073741823,1073741823,1073741823,1073736703,1073733615,1073184767,1072037887,1073741823,1073741823,1073741823,1073741823,1073741823,1073741823:j10
1073741823,1073725439,1073741823,1073741823,1073676287,1073740799,1073733615,1073184767,1072037887,1073741823,1073741823,1073741823,1073741823,1073741823,1073741823:j10
1073741823,1073725439,1073741823,1073741823,1073741823,1073740799,1073733615,1073184767,1072037886,1073741823,1073741823,1073741823,1073741823,1073741823,1073741823:j10
1073741823,1073725439,1073741823,1073741823,1073741823,1073740799,1073733615,1073184763,1072037887,1073741823,1073741823,1073741823,1073741823,1073741823,1073741823:j10
1073741823,1073725439,1073741823,1073741823,1073741823,1073740799,1073733614,1073184767,1072037887,1073741823,1073741823,1073741823,1073741823,1073741823,1073741823:j10
1073741823,1073725439,1073741823,1073741823,1073741823,1073740799,1073733611,1073184767,1072037887,1073741823,1073741823,1073741823,1073741823,1073741823,1073741823:j10
1073741823,1073725439,1073741823,1073741823,1073741822,1073740799,1073733615,1073184767,1072037887,1073741823,1073741823,1073741823,1073741823,1073741823,1073741823:j10
1073741823,1073725439,1073741823,1073741823,1073741823,1073740795,1073733615,1073184767,1072037887,1073741823,1073741823,1073741823,1073741823,1073741823,1073741823:j10
1073741823,1073725439,1073741823,1073741823,1073741807,1073740799,1073733615,1073184767,1072037887,1073741823,1073741823,1073741823,1073741823,1073741823,1073741823:j10
1073741823,1073725439,1073741823,1073741823,1073741823,1073740783,1073733615,1073184767,1072037887,1073741823,1073741823,1073741823,1073741823,1073741823,1073741823:j10
1073741823,1073725439,1073741823,1073741823,1073741567,1073740799,1073733615,1073184767,1072037887,1073741823,1073741823,1073741823,1073741823,1073741823,1073741823:j10
1073741823,1073725439,1073741823,1073741823,1073741823,1073740735,1073733615,1073184767,1072037887,1073741823,1073741823,1073741823,1073741823,1073741823,1073741823:j10
1073741823,1073725439,1073741823,1073741823,1073741823,1073740799,1073733359,1073184767,1072037887,1073741823,1073741823,1073741823,1073741823,1073741823,1073741823:j10
1073741823,1073725439,1073741823,1073741823,1073741823,1073740799,1073733551,1073184767,1072037887,1073741823,1073741823,1073741823,1073741823,1073741823,1073741823:j10
1073741823,1073725439,1073741823,1073741823,1073741823,1073740799,1073733615,1073184767,1072037631,1073741823,1073741823,1073741823,1073741823,1073741823,1073741823:j10
1073741823,1073725439,1073741823,1073741823,1073741823,1073740799,1073733615,1073184703,1072037887,1073741823,1073741823,1073741823,1073741823,1073741823,1073741823:j10
1073741823,1073725439,1073741823,1073741823,1073741823,1073740799,1073733615,1073184767,1072037871,1073741823,1073741823,1073741823,1073741823,1073741823,1073741823:j10
1073741823,1073725439,1073741823,1073741823,1073741823,1073740799,1073733615,1073184751,1072037887,1073741823,1073741823,1073741823,1073741823,1073741823,1073741823:j10
1073741823,1073725439,1073741823,1073741823,1073741823,1073740799,1073733615,1073184767,1072037887,1073741823,1073737727,1073741823,1073741823,1073741823,1073741823:j10
1073741823,1073725439,1073741823,1073741823,1073741823,1073740799,1072685039,1073184767,1072037887,1073741823,1073741823,1073741823,1073741823,1073741823,1073741823:j10
1073741823,1073725439,1073741823,1073741823,1073741823,1073740799,1073733615,1073184767,1072037887,1073741823,1072693247,1073741823,1073741823,1073741823,1073741823:k8
1073741823,1073725439,1073741823,1073741823,1073741823,1073740799,1073733615,1073184767,1072037887,1073741823,1073676287,1073741823,1073741823,1073741823,1073741823:j10
1073741823,1073725439,1073741823,1073741823,1073741823,1073740799,1073733615,1073184767,1072037887,1073676287,1073741823,1073741823,1073741823,1073741823,1073741823:j10
1073741823,1073725439,1073741823,1073740799,1073741823,1073740799,1073733615,1073184767,1072037887,1073741823,1073741823,1073741823,1073741823,1073741823,1073741823:j10
1073741823,1073725439,1073737727,1073741823,1073741823,1073740799,1073733615,1073184767,1072037887,1073741823,1073741823,1073741823,1073741823,1073741823,1073741823:j10
1073741823,1073724415,1073741823,1073741823,1073741823,1073740799,1073733615,1073184767,1072037887,1073741823,1073741823,1073741823,1073741823,1073741823,1073741823:j10
1073741823,1073721343,1073741823,1073741823,1073741823,1073740799,1073733615,1073184767,1072037887,1073741823,1073741823,1073741823,1073741823,1073741823,1073741823:j10
1073737727,1073725439,1073741823,1073741823,1073741823,1073740799,1073733615,1073184767,1072037887,1073741823,1073741823,1073741823,1073741823,1073741823,1073741823:j10
1073725439,1073725439,1073741823,1073741823,1073741823,1073740799,1073733615,1073184767,1072037887,1073741823,1073741823,1073741823,1073741823,1073741823,1073741823:j10
1073676287,1073725439,1073741823,1073741823,1073741823,1073740799,1073733615,1073184767,1072037887,1073741823,1073741823,1073741823,1073741823,1073741823,1073741823:j10
1073741823,1073463295,1073741823,1073741823,1073741823,1073740799,1073733615,1073184767,1072037887,1073741823,1073741823,1073741823,1073741823,1073741823,1073741823:j10
1073741823,1073659903,1073741823,1073741823,1073741823,1073740799,1073733615,1073184767,1072037887,1073741823,1073741823,1073741823,1073741823,1073741823,1073741823:j10
1073741823,1073725439,1073741823,1073479679,1073741823,1073740799,1073733615,1073184767,1072037887,1073741823,1073741823,1073741823,1073741823,1073741823,1073741823:j10
1073741823,1073725439,1073676287,1073741823,1073741823,1073740799,1073733615,1073184767,1072037887,1073741823,1073741823,1073741823,1073741823,1073741823,1073741823:j10
1073741823,1073725439,1073741823,1073725439,1073741823,1073740799,1073733615,1073184767,1072037887,1073741823,1073741823,1073741823,1073741823,1073741823,1073741823:j10
1073741823,1073725439,1073725439,1073741823,1073741823,1073740799,1073733615,1073184767,1072037887,1073741823,1073741823,1073741823,1073741823,1073741823,1073741823:j10
1073741823,1073725439,1073741823,1073741823,1073741823,1073740799,1073733615,1073184767,1072037887,1073740799,1073741823,1073741823,1073741823,1073741823,1073741823:j10
1073741823,1073725439,1073741823,1073741823,1073741823,1073740799,1073733615,1073184767,1072033791,1073741823,1073741823,1073741823,1073741823,1073741823,1073741823:j10
1073741823,1073725439,1073741823,1073741823,1073741823,1073740799,1073733615,1073183743,1072037887,1073741823,1073741823,1073741823,1073741823,1073741823,1073741823:j10
1073741823,1073725439,1073741823,1073741823,1073741823,1073740799,1073733615,1073180671,1072037887,1073741823,1073741823,1073741823,1073741823,1073741823,1073741823:j10
1073741823,1073725439,1073741823,1073741823,1073741823,1073724415,1073733615,1073184767,1072037887,1073741823,1073741823,1073741823,1073741823,1073741823,1073741823:j10
1073741823,1073725439,1073741823,1073741823,1073741823,1073740799,1073717231,1073184767,1072037887,1073741823,1073741823,1073741823,1073741823,1073741823,1073741823:j10
1073741823,1073725439,1073741823,1073741823,1073741823,1073478655,1073733615,1073184767,1072037887,1073741823,1073741823,1073741823,1073741823,1073741823,1073741823:j10
1073741823,1073725439,1073741823,1073741823,1073741823,1073740799,1073668079,1073184767,1072037887,1073741823,1073741823,1073741823,1073741823,1073741823,1073741823:j10
1073741823,1073725439,1073741823,1073741823,1073741823,1073740799,1073733615,1073119231,1072037887,1073741823,1073741823,1073741823,1073741823,1073741823,1073741823:j10
1073741823,1073725439,1073741823,1073741823,1073741823,1073740799,1073733615,1073184767,1072037887,1073479679,1073741823,1073741823,1073741823,1073741823,1073741823:i8
1073741823,1073725439,1073741823,1073741823,1073741823,1073740799,1073733615,1073184767,1072037887,1073725439,1073741823,1073741823,1073741823,1073741823,1073741823:j10
1073741823,1073725439,1073741823,1073741823,1073741823,1073740799,1073733615,1073184767,1072021503,1073741823,1073741823,1073741823,1073741823,1073741823,1073741823:j10
1073741823,1073725439,1073741823,1073741823,1073741823,1073740799,1073733615,1073709055,1073086463,1073741823,1072693247,1073741823,1073741823,1073741823,1073741823:h9
1073741823,1073725439,1073741823,1073741823,1073741823,1073740799,1073733615,1073709055,1073086463,1073741823,1073676287,1073741823,1073741823,1073741823,1073741823:g9
1073741823,1073725439,1073741823,1073741823,1073741823,1073740799,1073733615,1073709055,1073086463,1073676287,1073741823,1073741823,1073741823,1073741823,1073741823:j10
1073741823,1073725439,1073741823,1073740799,1073741823,1073740799,1073733615,1073709055,1073086463,1073741823,1073741823,1073741823,1073741823,1073741823,1073741823:j10
1073741823,1073725439,1073737727,1073741823,1073741823,1073740799,1073733615,1073709055,1073086463,1073741823,1073741823,1073741823,1073741823,1073741823,1073741823:j10
1073741823,1073724415,1073741823,1073741823,1073741823,1073740799,1073733615,1073709055,1073086463,1073741823,1073741823,1073741823,1073741823,1073741823,1073741823:j10
1073741823,1073721343,1073741823,1073741823,1073741823,1073740799,1073733615,1073709055,1073086463,1073741823,1073741823,1073741823,1073741823,1073741823,1073741823:j10
1073737727,1073725439,1073741823,1073741823,1073741823,1073740799,1073733615,1073709055,1073086463,1073741823,1073741823,1073741823,1073741823,1073741823,1073741823:j10
1073725439,1073725439,1073741823,1073741823,1073741823,1073740799,1073733615,1073709055,1073086463,1073741823,1073741823,1073741823,1073741823,1073741823,1073741823:j10
1073676287,1073725439,1073741823,1073741823,1073741823,1073740799,1073733615,1073709055,1073086463,1073741823,1073741823,1073741823,1073741823,1073741823,1073741823:j10
1073741823,1073463295,1073741823,1073741823,1073741823,1073740799,1073733615,1073709055,1073086463,1073741823,1073741823,1073741823,1073741823,1073741823,1073741823:j10
1073741823,1073659903,1073741823,1073741823,1073741823,1073740799,1073733615,1073709055,1073086463,1073741823,1073741823,1073741823,1073741823,1073741823,1073741823:j10
1073741823,1073725439,1073741823,1073479679,1073741823,1073740799,1073733615,1073709055,1073086463,1073741823,1073741823,1073741823,1073741823,1073741823,1073741823:j10
1073741823,1073725439,1073676287,1073741823,1073741823,1073740799,1073733615,1073709055,1073086463,1073741823,1073741823,1073741823,1073741823,1073741823,1073741823:j10
1073741823,1073725439,1073741823,1073725439,1073741823,1073740799,1073733615,1073709055,1073086463,1073741823,1073741823,1073741823,1073741823,1073741823,1073741823:j10
1073741823,1073725439,1073725439,1073741823,1073741823,1073740799,1073733615,1073709055,1073086463,1073741823,1073741823,1073741823,1073741823,1073741823,1073741823:j10
1073741823,1073725439,1073741823,1073741823,1073741823,1073740799,1073733615,1073709055,1073086463,1073740799,1073741823,1073741823,1073741823,1073741823,1073741823:j10
1073741823,1073725439,1073741823,1073741823,1073741823,1073740799,1073733615,1073709055,1073082367,1073741823,1073741823,1073741823,1073741823,1073741823,1073741823:j10
1073741823,1073725439,1073741823,1073741823,1073741823,1073740799,1073733615,1073708031,1073086463,1073741823,1073741823,1073741823,1073741823,1073741823,1073741823:j10
1073741823,1073725439,1073741823,1073741823,1073741823,1073740799,1073733615,1073704959,1073086463,1073741823,1073741823,1073741823,1073741823,1073741823,1073741823:j10
1073741823,1073725439,1073741823,1073741823,1073741823,1073724415,1073733615,1073709055,1073086463,1073741823,1073741823,1073741823,1073741823,1073741823,1073741823:j10
1073741823,1073725439,1073741823,1073741823,1073741823,1073740799,1073717231,1073709055,1073086463,1073741823,1073741823,1073741823,1073741823,1073741823,1073741823:j10
1073741823,1073725439,1073741823,1073741823,1073741823,1073478655,1073733615,1073709055,1073086463,1073741823,1073741823,1073741823,1073741823,1073741823,1073741823:j10
1073741823,1073725439,1073741823,1073741823,1073741823,1073740799,1073668079,1073709055,1073086463,1073741823,1073741823,1073741823,1073741823,1073741823,1073741823:j10
1073741823,1073725439,1073741823,1073741823,1073741823,1073740799,1073733615,1073446911,1073086463,1073741823,1073741823,1073741823,1073741823,1073741823,1073741823:h9
1073741823,1073725439,1073741823,1073741823,1073741823,1073740799,1073733615,1073643519,1073086463,1073741823,1073741823,1073741823,1073741823,1073741823,1073741823:j10
1073741823,1073725439,1073741823,1073741823,1073741823,1073740799,1073733615,1073709055,1073086463,1073479679,1073741823,1073741823,1073741823,1073741823,1073741823:h9
1073741823,1073725439,1073741823,1073741823,1073741823,1073740799,1073733615,1073709055,1073086463,1073725439,1073741823,1073741823,1073741823,1073741823,1073741823:j10
1073741823,1073725439,1073741823,1073741823,1073741823,1073740799,1073733615,1073709055,1073070079,1073741823,1073741823,1073741823,1073741823,1073741823,1073741823:i8
1073741823,1073725439,1073741823,1073741823,1073741823,1073675263,1073733615,1073577983,1073070079,1073741823,1073741823,1073741823,1073741823,1073741823,1073741823:j10
1073741823,1073725439,1073741823,1073741823,1073741823,1072692223,1073733615,1073577983,1073070079,1073741823,1073741823,1073741823,1073741823,1073741823,1073741823:j10
1073741823,1073725439,1073741823,1073741823,1073741823,1073740799,1073733615,1073577983,1073070079,1073741823,1073740799,1073741823,1073741823,1073741823,1073741823:j10
1073741823,1073725439,1073741823,1073741823,1073741823,1073740799,1073733615,1073577983,1073070079,1073737727,1073741823,1073741823,1073741823,1073741823,1073741823:j10
1073741823,1073725439,1073741823,1073741823,1073741823,1073740799,1073733615,1073577983,1073069055,1073741823,1073741823,1073741823,1073741823,1073741823,1073741823:j10
1073741823,1073725439,1073741823,1073741823,1073741823,1073740799,1073733615,1073577983,1073070079,1073741823,1073725439,1073741823,1073741823,1073741823,1073741823:j10
1073741823,1073725439,1073741823,1073741823,1073741823,1073740799,1073471471,1073577983,1073070079,1073741823,1073741823,1073741823,1073741823,1073741823,1073741823:g8
1073741823,1073725439,1073741823,1073741823,1073741823,1073740799,1069539311,1073577983,1073070079,1073741823,1073741823,1073741823,1073741823,1073741823,1073741823:j10
1073741823,1073725439,1073741823,1073741823,1073741823,1073740799,1073733615,1072529407,1073070079,1073741823,1073741823,1073741823,1073741823,1073741823,1073741823:j10
1073741823,1073725439,1073741823,1073741823,1073741823,1073740799,1073733615,1073577983,1068875775,1073741823,1073741823,1073741823,1073741823,1073741823,1073741823:j10
1073741823,1073725439,1073741823,1073741823,1073741823,1073740799,1073733615,1073577983,1073070079,1073741823,1069547519,1073741823,1073741823,1073741823,1073741823:j10
1073741823,1073725439,1073741823,1073741823,1073741823,1073740799,1073733615,1073577983,1073070079,1072693247,1073741823,1073741823,1073741823,1073741823,1073741823:j10
1073741823,1073725439,1073741823,1073741823,1073741823,1073740799,1073733615,1073577983,1073070079,1073741823,1073479679,1073741823,1073741823,1073741823,1073741823:g8
1073741823,1073725439,1073741823,1073741823,1073741823,1073740543,1073733615,1073577983,1073070079,1073741823,1073741823,1073741823,1073741823,1073741823,1073741823:j10
1073741823,1073725439,1073741823,1073741759,1073741823,1073740799,1073733615,1073577983,1073070079,1073741823,1073741823,1073741823,1073741823,1073741823,1073741823:j10
1073741823,1073725439,1073741823,1073741823,1073740799,1073740799,1073733615,1073577983,1073070079,1073741823,1073741823,1073741823,1073741823,1073741823,1073741823:j10
1073741823,1073725439,1073741823,1073741823,1073741823,1073740799,1073732591,1073577983,1073070079,1073741823,1073741823,1073741823,1073741823,1073741823,1073741823:j10
1073741823,1073725439,1073741823,1073741823,1073737727,1073740799,1073733615,1073577983,1073070079,1073741823,1073741823,1073741823,1073741823,1073741823,1073741823:j10
1073741823,1073725439,1073741823,1073741823,1073741823,1073736703,1073733615,1073577983,1073070079,1073741823,1073741823,1073741823,1073741823,1073741823,1073741823:j10
1073741823,1073725439,1073741823,1073741823,1073676287,1073740799,1073733615,1073577983,1073070079,1073741823,1073741823,1073741823,1073741823,1073741823,1073741823:j10
1073741823,1073725439,1073741823,1073741823,1073741823,1073740799,1073733615,1073577983,1073070078,1073741823,1073741823,1073741823,1073741823,1073741823,1073741823:j10
1073741823,1073725439,1073741823,1073741823,1073741823,1073740799,1073733615,1073577979,1073070079,1073741823,1073741823,1073741823,1073741823,1073741823,1073741823:j10
1073741823,1073725439,1073741823,1073741823,1073741823,1073740799,1073733614,1073577983,1073070079,1073741823,1073741823,1073741823,1073741823,1073741823,1073741823:j10
1073741823,1073725439,1073741823,1073741823,1073741823,1073740799,1073733611,1073577983,1073070079,1073741823,1073741823,1073741823,1073741823,1073741823,1073741823:j10
1073741823,1073725439,1073741823,1073741823,1073741822,1073740799,1073733615,1073577983,1073070079,1073741823,1073741823,1073741823,1073741823,1073741823,1073741823:j10
1073741823,1073725439,1073741823,1073741823,1073741823,1073740795,1073733615,1073577983,1073070079,1073741823,1073741823,1073741823,1073741823,1073741823,1073741823:j10
1073741823,1073725439,1073741823,1073741823,1073741807,1073740799,1073733615,1073577983,1073070079,1073741823,1073741823,1073741823,1073741823,1073741823,1073741823:j10
1073741823,1073725439,1073741823,1073741823,1073741823,1073740783,1073733615,1073577983,1073070079,1073741823,1073741823,1073741823,1073741823,1073741823,1073741823:j10
1073741823,1073725439,1073741823,1073741823,1073741567,1073740799,1073733615,1073577983,1073070079,1073741823,1073741823,1073741823,1073741823,1073741823,1073741823:j10
1073741823,1073725439,1073741823,1073741823,1073741823,1073740735,1073733615,1073577983,1073070079,1073741823,1073741823,1073741823,1073741823,1073741823,1073741823:j10
1073741823,1073725439,1073741823,1073741823,1073741823,1073740799,1073733359,1073577983,1073070079,1073741823,1073741823,1073741823,1073741823,1073741823,1073741823:j10
1073741823,1073725439,1073741823,1073741823,1073741823,1073740799,1073733551,1073577983,1073070079,1073741823,1073741823,1073741823,1073741823,1073741823,1073741823:j10
1073741823,1073725439,1073741823,1073741823,1073741823,1073740799,1073733615,1073577983,1073069823,1073741823,1073741823,1073741823,1073741823,1073741823,1073741823:j10
1073741823,1073725439,1073741823,1073741823,1073741823,1073740799,1073733615,1073577919,1073070079,1073741823,1073741823,1073741823,1073741823,1073741823,1073741823:j10
1073741823,1073725439,1073741823,1073741823,1073741823,1073740799,1073733615,1073577983,1073070063,1073741823,1073741823,1073741823,1073741823,1073741823,1073741823:j10
1073741823,1073725439,1073741823,1073741823,1073741823,1073740799,1073733615,1073577967,1073070079,1073741823,1073741823,1073741823,1073741823,1073741823,1073741823:j10
1073741823,1073725439,1073741823,1073741823,1073741823,1073740799,1073733615,1073577983,1073070079,1073741823,1073737727,1073741823,1073741823,1073741823,1073741823:j10
1073741823,1073725439,1073741823,1073741823,1073741823,1073740799,1072685039,1073577983,1073070079,1073741823,1073741823,1073741823,1073741823,1073741823,1073741823:j10
1073741823,1073725439,1073741823,1073741823,1073741823,1073740799,1073733615,1073577983,1072021503,1073741823,1073741823,1073741823,1073741823,1073741823,1073741823:j10
1073741823,1073725439,1073741823,1073741823,1073741823,1073740799,1073733615,1073577983,1073070079,1073741823,1072693247,1073741823,1073741823,1073741823,1073741823:g8
1073741823,1073725439,1073741823,1073741823,1073741823,1073740799,1073733615,1073577983,1073070079,1073741823,1073676287,1073741823,1073741823,1073741823,1073741823:j10
1073741823,1073725439,1073741823,1073741823,1073741823,1073740799,1073733615,1073577983,1073070079,1073676287,1073741823,1073741823,1073741823,1073741823,1073741823:j10
1073741823,1073725439,1073741823,1073740799,1073741823,1073740799,1073733615,1073577983,1073070079,1073741823,1073741823,1073741823,1073741823,1073741823,1073741823:j10
1073741823,1073725439,1073737727,1073741823,1073741823,1073740799,1073733615,1073577983,1073070079,1073741823,1073741823,1073741823,1073741823,1073741823,1073741823:j10
1073741823,1073724415,1073741823,1073741823,1073741823,1073740799,1073733615,1073577983,1073070079,1073741823,1073741823,1073741823,1073741823,1073741823,1073741823:j10
1073741823,1073721343,1073741823,1073741823,1073741823,1073740799,1073733615,1073577983,1073070079,1073741823,1073741823,1073741823,1073741823,1073741823,1073741823:j10
1073737727,1073725439,1073741823,1073741823,1073741823,1073740799,1073733615,1073577983,1073070079,1073741823,1073741823,1073741823,1073741823,1073741823,1073741823:j10
1073725439,1073725439,1073741823,1073741823,1073741823,1073740799,1073733615,1073577983,1073070079,1073741823,1073741823,1073741823,1073741823,1073741823,1073741823:j10
1073676287,1073725439,1073741823,1073741823,1073741823,1073740799,1073733615,1073577983,1073070079,1073741823,1073741823,1073741823,1073741823,1073741823,1073741823:j10
1073741823,1073463295,1073741823,1073741823,1073741823,1073740799,1073733615,1073577983,1073070079,1073741823,1073741823,1073741823,1073741823,1073741823,1073741823:j10
1073741823,1073659903,1073741823,1073741823,1073741823,1073740799,1073733615,1073577983,1073070079,1073741823,1073741823,1073741823,1073741823,1073741823,1073741823:j10
1073741823,1073725439,1073741823,1073479679,1073741823,1073740799,1073733615,1073577983,1073070079,1073741823,1073741823,1073741823,1073741823,1073741823,1073741823:j10
1073741823,1073725439,1073676287,1073741823,1073741823,1073740799,1073733615,1073577983,1073070079,1073741823,1073741823,1073741823,1073741823,1073741823,1073741823:j10
1073741823,1073725439,1073741823,1073725439,1073741823,1073740799,1073733615,1073577983,1073070079,1073741823,1073741823,1073741823,1073741823,1073741823,1073741823:j10
1073741823,1073725439,1073725439,1073741823,1073741823,1073740799,1073733615,1073577983,1073070079,1073741823,1073741823,1073741823,1073741823,1073741823,1073741823:j10
1073741823,1073725439,1073741823,1073741823,1073741823,1073740799,1073733615,1073577983,1073070079,1073740799,1073741823,1073741823,1073741823,1073741823,1073741823:j10
1073741823,1073725439,1073741823,1073741823,1073741823,1073740799,1073733615,1073577983,1073065983,1073741823,1073741823,1073741823,1073741823,1073741823,1073741823:j10
1073741823,1073725439,1073741823,1073741823,1073741823,1073740799,1073733615,1073576959,1073070079,1073741823,1073741823,1073741823,1073741823,1073741823,1073741823:j10
1073741823,1073725439,1073741823,1073741823,1073741823,1073740799,1073733615,1073573887,1073070079,1073741823,1073741823,1073741823,1073741823,1073741823,1073741823:j10
1073741823,1073725439,1073741823,1073741823,1073741823,1073724415,1073733615,1073577983,1073070079,1073741823,1073741823,1073741823,1073741823,1073741823,1073741823:j10
1073741823,1073725439,1073741823,1073741823,1073741823,1073740799,1073717231,1073577983,1073070079,1073741823,1073741823,1073741823,1073741823,1073741823,1073741823:j10
1073741823,1073725439,1073741823,1073741823,1073741823,1073478655,1073733615,1073577983,1073070079,1073741823,1073741823,1073741823,1073741823,1073741823,1073741823:j10
1073741823,1073725439,1073741823,1073741823,1073741823,1073740799,1073668079,1073577983,1073070079,1073741823,1073741823,1073741823,1073741823,1073741823,1073741823:j10
1073741823,1073725439,1073741823,1073741823,1073741823,1073740799,1073733615,1073315839,1073070079,1073741823,1073741823,1073741823,1073741823,1073741823,1073741823:i7
1073741823,1073725439,1073741823,1073741823,1073741823,1073740799,1073733615,1073577983,1073070079,1073479679,1073741823,1073741823,1073741823,1073741823,1073741823:g8
1073741823,1073725439,1073741823,1073741823,1073741823,1073740799,1073733615,1073577983,1073070079,1073725439,1073741823,1073741823,1073741823,1073741823,1073741823:j10
1073741823,1073725439,1073741823,1073741823,1073741823,1073725439,1073733615,1073709055,1073610751,1073741823,1073741823,1073741823,1073741823,1073741823,1073741823:f6
1073741823,1073725439,1073741823,1073741823,1073741823,1073741823,1073717231,1073709055,1073610751,1073741823,1073741823,1073741823,1073741823,1073741823,1073741823:f6
1073741823,1073725439,1073741823,1073741823,1073741823,1073479679,1073733615,1073709055,1073610751,1073741823,1073741823,1073741823,1073741823,1073741823,1073741823:f6
1073741823,1073725439,1073741823,1073741823,1073741823,1073741823,1073668079,1073709055,1073610751,1073741823,1073741823,1073741823,1073741823,1073741823,1073741823:f6
1073741823,1073725439,1073741823,1073741823,1073741823,1073741823,1073733615,1073446911,1073610751,1073741823,1073741823,1073741823,1073741823,1073741823,1073741823:f6
1073741823,1073725439,1073741823,1073741823,1073741823,1073741823,1073733615,1073643519,1073610751,1073741823,1073741823,1073741823,1073741823,1073741823,1073741823:f6
1073741823,1073725439,1073741823,1073741823,1073741823,1073741823,1073733615,1073709055,1073610751,1073479679,1073741823,1073741823,1073741823,1073741823,1073741823:h6
1073741823,1073725439,1073741823,1073741823,1073725439,1073709055,1073733615,1073709055,1073610751,1073479679,1073741823,1073741823,1073741823,1073741823,1073741823:i7
1073741823,1073725439,1073741823,1073741823,1072676863,1073709055,1073602543,1073709055,1073610751,1073479679,1073741823,1073741823,1073741823,1073741823,1073741823:g5
1073741823,1073725439,1073741823,1073741823,1073724415,1073709055,1073602543,1073709055,1073610751,1073479679,1073741823,1073741823,1073741823,1073741823,1073741823:g5
1073741823,1073725439,1073740799,1073741823,1073725439,1073709055,1073602543,1073709055,1073610751,1073479679,1073741823,1073741823,1073741823,1073741823,1073741823:g5
1073741823,1073725439,1073741823,1073737727,1073725439,1073709055,1073602543,1073709055,1073610751,1073479679,1073741823,1073741823,1073741823,1073741823,1073741823:j8
1073741823,1073725439,1073479679,1073741823,1073725439,1073709055,1073602543,1073709055,1073610751,1073479679,1073741823,1073741823,1073741823,1073741823,1073741823:g5
1073741823,1073725439,1073741823,1073676287,1073725439,1073709055,1073602543,1073709055,1073610751,1073479679,1073741823,1073741823,1073741823,1073741823,1073741823:g5
1073741823,1073725439,1073741823,1073741823,1073463295,1073709055,1073602543,1073709055,1073610751,1073479679,1073741823,1073741823,1073741823,1073741823,1073741823:g5
1073741823,1073725439,1073741823,1073741823,1073725439,1073709055,1073340399,1073709055,1073610751,1073479679,1073741823,1073741823,1073741823,1073741823,1073741823:j8
1073741823,1073725439,1073741823,1073741823,1073725439,1073643519,1073602543,1073709055,1073610751,1073479679,1073741823,1073741823,1073741823,1073741823,1073741823:j8
1073741823,1073725439,1073741823,1073741823,1073725439,1073709055,1073602543,1073709055,1073610751,1073479679,1073741823,1073725439,1073741823,1073741823,1073741823:g5
1073741823,1073725439,1073741823,1073741823,1073725439,1073709055,1073602543,1069514751,1073610751,1073479679,1073741823,1073741823,1073741823,1073741823,1073741823:g5
1073741823,1073725439,1073741823,1073741823,1073725439,1073709055,1073602543,1073709055,1073610751,1069285375,1073741823,1073741823,1073741823,1073741823,1073741823:g5
1073741823,1073725439,1073741823,1073741823,1073725439,1073709055,1073602543,1073709055,1073610751,1072431103,1073741823,1073741823,1073741823,1073741823,1073741823:g5
1073741823,1073725439,1073741823,1073741823,1073725439,1073709055,1073602543,1073709055,1073610751,1073479679,1073741823,1069547519,1073741823,1073741823,1073741823:g5
1073741823,1073725439,1073741823,1073741823,1073725439,1073709055,1073602543,1073709055,1073610751,1073479679,1073741823,1073479679,1073741823,1073741823,1073741823:j8
1073741823,1073725439,1073741823,1073741823,1073725439,1073709055,1073602543,1073709055,1073610751,1073479679,1073479679,1073741823,1073741823,1073741823,1073741823:j8
1073741823,1073725439,1073741823,1073741823,1073725439,1073709055,1073601519,1073709055,1073610751,1073479679,1073741823,1073741823,1073741823,1073741823,1073741823:g5
1073741823,1073725439,1073741823,1073741823,1073721343,1073709055,1073602543,1073709055,1073610751,1073479679,1073741823,1073741823,1073741823,1073741823,1073741823:i5
1073741823,1073725439,1073741823,1073741823,1073725439,1073704959,1073602543,1073709055,1073610751,1073479679,1073741823,1073741823,1073741823,1073741823,1073741823:j8
1073741823,1073725439,1073741823,1073741823,1073659903,1073709055,1073602543,1073709055,1073610751,1073479679,1073741823,1073741823,1073741823,1073741823,1073741823:g5
1073741823,1073725439,1073741823,1073741823,1073725439,1073709055,1073602543,1073709055,1073610750,1073479679,1073741823,1073741823,1073741823,1073741823,1073741823:g5
1073741823,1073725439,1073741823,1073741823,1073725439,1073709055,1073602543,1073709051,1073610751,1073479679,1073741823,1073741823,1073741823,1073741823,1073741823:g5
1073741823,1073725439,1073741823,1073741823,1073725439,1073709055,1073602542,1073709055,1073610751,1073479679,1073741823,1073741823,1073741823,1073741823,1073741823:g5
1073741823,1073725439,1073741823,1073741823,1073725439,1073709055,1073602539,1073709055,1073610751,1073479679,1073741823,1073741823,1073741823,1073741823,1073741823:g5
1073741823,1073725439,1073741823,1073741823,1073725438,1073709055,1073602543,1073709055,1073610751,1073479679,1073741823,1073741823,1073741823,1073741823,1073741823:g5
1073741823,1073725439,1073741823,1073741823,1073725439,1073709051,1073602543,1073709055,1073610751,1073479679,1073741823,1073741823,1073741823,1073741823,1073741823:g5
1073741823,1073725439,1073741823,1073741823,1073725423,1073709055,1073602543,1073709055,1073610751,1073479679,1073741823,1073741823,1073741823,1073741823,1073741823:g5
1073741823,1073725439,1073741823,1073741823,1073725439,1073709039,1073602543,1073709055,1073610751,1073479679,1073741823,1073741823,1073741823,1073741823,1073741823:g5
1073741823,1073725439,1073741823,1073741823,1073725183,1073709055,1073602543,1073709055,1073610751,1073479679,1073741823,1073741823,1073741823,1073741823,1073741823:i5
1073741823,1073725439,1073741823,1073741823,1073725439,1073708991,1073602543,1073709055,1073610751,1073479679,1073741823,1073741823,1073741823,1073741823,1073741823:j8
1073741823,1073725439,1073741823,1073741823,1073725439,1073709055,1073602287,1073709055,1073610751,1073479679,1073741823,1073741823,1073741823,1073741823,1073741823:g5
1073741823,1073725439,1073741823,1073741823,1073725439,1073709055,1073602479,1073709055,1073610751,1073479679,1073741823,1073741823,1073741823,1073741823,1073741823:g5
1073741823,1073725439,1073741823,1073741823,1073725439,1073709055,1073602543,1073709055,1073610495,1073479679,1073741823,1073741823,1073741823,1073741823,1073741823:g5
1073741823,1073725439,1073741823,1073741823,1073725439,1073709055,1073602543,1073708991,1073610751,1073479679,1073741823,1073741823,1073741823,1073741823,1073741823:g5
1073741823,1073725439,1073741823,1073741823,1073725439,1073709055,1073602543,1073709055,1073610735,1073479679,1073741823,1073741823,1073741823,1073741823,1073741823:g5
1073741823,1073725439,1073741823,1073741823,1073725439,1073709055,1073602543,1073709039,1073610751,1073479679,1073741823,1073741823,1073741823,1073741823,1073741823:g5
1073741823,1073725439,1073741823,1073741823,1073725439,1073709055,1073602543,1073709055,1073610751,1073479679,1073737727,1073741823,1073741823,1073741823,1073741823:g5
1073741823,1073725439,1073741823,1073741823,1073725439,1073709055,1072553967,1073709055,1073610751,1073479679,1073741823,1073741823,1073741823,1073741823,1073741823:g5
1073741823,1073725439,1073741823,1073741823,1073725439,1073709055,1073602543,1073709055,1072562175,1073479679,1073741823,1073741823,1073741823,1073741823,1073741823:g5
1073741823,1073725439,1073741823,1073741823,1073725439,1073709055,1073602543,1073709055,1073348607,1073479679,1073741823,1073741823,1073741823,1073741823,1073741823:j8
1073741823,1073725439,1073741823,1073741823,1073725439,1073709055,1073602543,1073709055,1073610751,1073479679,1072693247,1073741823,1073741823,1073741823,1073741823:g5
1073741823,1073725439,1073741823,1073741823,1073725439,1073709055,1073602543,1073709055,1073610751,1073479679,1073676287,1073741823,1073741823,1073741823,1073741823:g5
1073741823,1073725439,1073741823,1073741823,1073725439,1073709055,1073602543,1073709055,1073610751,1073414143,1073741823,1073741823,1073741823,1073741823,1073741823:g5
1073741823,1073725439,1073741823,1073740799,1073725439,1073709055,1073602543,1073709055,1073610751,1073479679,1073741823,1073741823,1073741823,1073741823,1073741823:j8
1073741823,1073725439,1073737727,1073741823,1073725439,1073709055,1073602543,1073709055,1073610751,1073479679,1073741823,1073741823,1073741823,1073741823,1073741823:j8
1073741823,1073724415,1073741823,1073741823,1073725439,1073709055,1073602543,1073709055,1073610751,1073479679,1073741823,1073741823,1073741823,1073741823,1073741823:g5
1073741823,1073721343,1073741823,1073741823,1073725439,1073709055,1073602543,1073709055,1073610751,1073479679,1073741823,1073741823,1073741823,1073741823,1073741823:g5
1073737727,1073725439,1073741823,1073741823,1073725439,1073709055,1073602543,1073709055,1073610751,1073479679,1073741823,1073741823,1073741823,1073741823,1073741823:g5
1073725439,1073725439,1073741823,1073741823,1073725439,1073709055,1073602543,1073709055,1073610751,1073479679,1073741823,1073741823,1073741823,1073741823,1073741823:i5
1073676287,1073725439,1073741823,1073741823,1073725439,1073709055,1073602543,1073709055,1073610751,1073479679,1073741823,1073741823,1073741823,1073741823,1073741823:g5
1073741823,1073463295,1073741823,1073741823,1073725439,1073709055,1073602543,1073709055,1073610751,1073479679,1073741823,1073741823,1073741823,1073741823,1073741823:g5
1073741823,1073659903,1073741823,1073741823,1073725439,1073709055,1073602543,1073709055,1073610751,1073479679,1073741823,1073741823,1073741823,1073741823,1073741823:g5
1073741823,1073725439,1073741823,1073479679,1073725439,1073709055,1073602543,1073709055,1073610751,1073479679,1073741823,1073741823,1073741823,1073741823,1073741823:g5
1073741823,1073725439,1073676287,1073741823,1073725439,1073709055,1073602543,1073709055,1073610751,1073479679,1073741823,1073741823,1073741823,1073741823,1073741823:g5
1073741823,1073725439,1073741823,1073725439,1073725439,1073709055,1073602543,1073709055,1073610751,1073479679,1073741823,1073741823,1073741823,1073741823,1073741823:g5
1073741823,1073725439,1073725439,1073741823,1073725439,1073709055,1073602543,1073709055,1073610751,1073479679,1073741823,1073741823,1073741823,1073741823,1073741823:i5
1073741823,1073725439,1073741823,1073741823,1073725439,1073709055,1073602543,1073709055,1073610751,1073478655,1073741823,1073741823,1073741823,1073741823,1073741823:g5
1073741823,1073725439,1073741823,1073741823,1073725439,1073709055,1073602543,1073709055,1073606655,1073479679,1073741823,1073741823,1073741823,1073741823,1073741823:j8
1073741823,1073725439,1073741823,1073741823,1073725439,1073709055,1073602543,1073708031,1073610751,1073479679,1073741823,1073741823,1073741823,1073741823,1073741823:g5
1073741823,1073725439,1073741823,1073741823,1073725439,1073709055,1073602543,1073704959,1073610751,1073479679,1073741823,1073741823,1073741823,1073741823,1073741823:j8
1073741823,1073725439,1073741823,1073741823,1073725439,1073708031,1073602543,1073709055,1073610751,1073479679,1073741823,1073741823,1073741823,1073741823,1073741823:g5
1073741823,1073725439,1073741823,1073741823,1073725439,1073709055,1073586159,1073709055,1073610751,1073479679,1073741823,1073741823,1073741823,1073741823,1073741823:g5
1073741823,1073725439,1073741823,1073741823,1073725439,1073446911,1073602543,1073709055,1073610751,1073479679,1073741823,1073741823,1073741823,1073741823,1073741823:j8
1073741823,1073725439,1073741823,1073741823,1073725439,1073709055,1073602543,1073446911,1073610751,1073479679,1073741823,1073741823,1073741823,1073741823,1073741823:i5
1073741823,1073725439,1073741823,1073741823,1073725439,1073709055,1073602543,1073643519,1073610751,1073479679,1073741823,1073741823,1073741823,1073741823,1073741823:g5
1073741823,1073725439,1073741823,1073741823,1073725439,1073709055,1073602543,1073709055,1073610751,1073463295,1073741823,1073741823,1073741823,1073741823,1073741823:g5
1073741823,1073725439,1073741823,1073741823,1073725439,1073709055,1073602543,1073709055,1073594367,1073479679,1073741823,1073741823,1073741823,1073741823,1073741823:g5
1073741823,1073725439,1073741823,1073741823,1073741823,1073643519,1073733615,1073709055,1073610751,1073479679,1073741823,1073741823,1073741823,1073741823,1073741823:j8
1073741823,1073725439,1073741823,1073741823,1073741823,1069449215,1073733615,1073184767,1073610751,1073479679,1073741823,1073741823,1073741823,1073741823,1073741823:h7
1073741823,1073725439,1073741823,1073737727,1073741823,1073643519,1073733615,1073184767,1073610751,1073479679,1073741823,1073741823,1073741823,1073741823,1073741823:i7
1073741823,1073725439,1073741823,1073676287,1073741823,1073643519,1073733615,1073184767,1073610751,1073479679,1073741823,1073741823,1073741823,1073741823,1073741823:h7
1073741823,1073725439,1073741823,1072693247,1073741823,1073643519,1073733615,1073184767,1073610751,1073479679,1073741823,1073741823,1073741823,1073741823,1073741823:h7
1073741823,1073725439,1073741823,1073741823,1073479679,1073643519,1073733615,1073184767,1073610751,1073479679,1073741823,1073741823,1073741823,1073741823,1073741823:h7
1073741823,1073725439,1073741823,1073741823,1073741823,1072594943,1073733615,1073184767,1073610751,1073479679,1073741823,1073741823,1073741823,1073741823,1073741823:h7
1073741823,1073725439,1073741823,1073741823,1073741823,1073643519,1073733615,1072136191,1073610751,1073479679,1073741823,1073741823,1073741823,1073741823,1073741823:g5
1073741823,1073725439,1073741823,1073741823,1073741823,1073643519,1073471471,1073184767,1073610751,1073479679,1073741823,1073741823,1073741823,1073741823,1073741823:g5
1073741823,1073725439,1073741823,1073741823,1073725439,1073643519,1073733615,1073184767,1073610751,1073479679,1073741823,1073741823,1073741823,1073741823,1073741823:g5
1073741823,1073725439,1073741823,1073741823,1073741823,1073643519,1073733615,1073184767,1073610751,1073479679,1073741823,1073725439,1073741823,1073741823,1073741823:h7
1073741823,1073725439,1073741823,1073741823,1073741823,1073643519,1073733615,1068990463,1073610751,1073479679,1073741823,1073741823,1073741823,1073741823,1073741823:h7
1073741823,1073725439,1073741823,1073741823,1073741823,1073643519,1073733615,1073184767,1073610751,1069285375,1073741823,1073741823,1073741823,1073741823,1073741823:h7
1073741823,1073725439,1073741823,1073741823,1073741823,1073643519,1073733615,1073184767,1073610751,1072431103,1073741823,1073741823,1073741823,1073741823,1073741823:h7
1073741823,1073725439,1073741823,1073741823,1073741823,1073643519,1073733615,1073184767,1073610751,1073479679,1073741823,1069547519,1073741823,1073741823,1073741823:h7
1073741823,1073725439,1073741823,1073741823,1073741823,1073643519,1073733615,1073184767,1073610751,1073479679,1073741823,1073479679,1073741823,1073741823,1073741823:h7
1073741823,1073725439,1073741823,1073741823,1073741823,1073643519,1073733615,1073184767,1073610751,1073479679,1073479679,1073741823,1073741823,1073741823,1073741823:h7
1073741823,1073725439,1073741823,1073741823,1073741823,1073643519,1073732591,1073184767,1073610751,1073479679,1073741823,1073741823,1073741823,1073741823,1073741823:h9
1073741823,1073725439,1073741823,1073741823,1073737727,1073643519,1073733615,1073184767,1073610751,1073479679,1073741823,1073741823,1073741823,1073741823,1073741823:h9
1073741823,1073725439,1073741823,1073741823,1073741823,1073639423,1073733615,1073184767,1073610751,1073479679,1073741823,1073741823,1073741823,1073741823,1073741823:h7
1073741823,1073725439,1073741823,1073741823,1073676287,1073643519,1073733615,1073184767,1073610751,1073479679,1073741823,1073741823,1073741823,1073741823,1073741823:h7
1073741823,1073725439,1073741823,1073741823,1073741823,1073643519,1073733615,1073184767,1073610750,1073479679,1073741823,1073741823,1073741823,1073741823,1073741823:h7
1073741823,1073725439,1073741823,1073741823,1073741823,1073643519,1073733615,1073184763,1073610751,1073479679,1073741823,1073741823,1073741823,1073741823,1073741823:h7
1073741823,1073725439,1073741823,1073741823,1073741823,1073643519,1073733614,1073184767,1073610751,1073479679,1073741823,1073741823,1073741823,1073741823,1073741823:h7
1073741823,1073725439,1073741823,1073741823,1073741823,1073643519,1073733611,1073184767,1073610751,1073479679,1073741823,1073741823,1073741823,1073741823,1073741823:h7
1073741823,1073725439,1073741823,1073741823,1073741822,1073643519,1073733615,1073184767,1073610751,1073479679,1073741823,1073741823,1073741823,1073741823,1073741823:h7
1073741823,1073725439,1073741823,1073741823,1073741823,1073643515,1073733615,1073184767,1073610751,1073479679,1073741823,1073741823,1073741823,1073741823,1073741823:h7
1073741823,1073725439,1073741823,1073741823,1073741807,1073643519,1073733615,1073184767,1073610751,1073479679,1073741823,1073741823,1073741823,1073741823,1073741823:h7
1073741823,1073725439,1073741823,1073741823,1073741823,1073643503,1073733615,1073184767,1073610751,1073479679,1073741823,1073741823,1073741823,1073741823,1073741823:h7
1073741823,1073725439,1073741823,1073741823,1073741567,1073643519,1073733615,1073184767,1073610751,1073479679,1073741823,1073741823,1073741823,1073741823,1073741823:h7
1073741823,1073725439,1073741823,1073741823,1073741823,1073643455,1073733615,1073184767,1073610751,1073479679,1073741823,1073741823,1073741823,1073741823,1073741823:h7
1073741823,1073725439,1073741823,1073741823,1073741823,1073643519,1073733359,1073184767,1073610751,1073479679,1073741823,1073741823,1073741823,1073741823,1073741823:h7
1073741823,1073725439,1073741823,1073741823,1073741823,1073643519,1073733551,1073184767,1073610751,1073479679,1073741823,1073741823,1073741823,1073741823,1073741823:h7
1073741823,1073725439,1073741823,1073741823,1073741823,1073643519,1073733615,1073184767,1073610495,1073479679,1073741823,1073741823,1073741823,1073741823,1073741823:h7
1073741823,1073725439,1073741823,1073741823,1073741823,1073643519,1073733615,1073184703,1073610751,1073479679,1073741823,1073741823,1073741823,1073741823,1073741823:h7
1073741823,1073725439,1073741823,1073741823,1073741823,1073643519,1073733615,1073184767,1073610735,1073479679,1073741823,1073741823,1073741823,1073741823,1073741823:h7
1073741823,1073725439,1073741823,1073741823,1073741823,1073643519,1073733615,1073184751,1073610751,1073479679,1073741823,1073741823,1073741823,1073741823,1073741823:h7
1073741823,1073725439,1073741823,1073741823,1073741823,1073643519,1073733615,1073184767,1073610751,1073479679,1073737727,1073741823,1073741823,1073741823,1073741823:h7
1073741823,1073725439,1073741823,1073741823,1073741823,1073643519,1072685039,1073184767,1073610751,1073479679,1073741823,1073741823,1073741823,1073741823,1073741823:h7
1073741823,1073725439,1073741823,1073741823,1073741823,1073643519,1073733615,1073184767,1072562175,1073479679,1073741823,1073741823,1073741823,1073741823,1073741823:h9
1073741823,1073725439,1073741823,1073741823,1073741823,1073643519,1073733615,1073184767,1073348607,1073479679,1073741823,1073741823,1073741823,1073741823,1073741823:h7
1073741823,1073725439,1073741823,1073741823,1073741823,1073643519,1073733615,1073184767,1073610751,1073479679,1072693247,1073741823,1073741823,1073741823,1073741823:h7
1073741823,1073725439,1073741823,1073741823,1073741823,1073643519,1073733615,1073184767,1073610751,1073479679,1073676287,1073741823,1073741823,1073741823,1073741823:h7
1073741823,1073725439,1073741823,1073741823,1073741823,1073643519,1073733615,1073184767,1073610751,1073414143,1073741823,1073741823,1073741823,1073741823,1073741823:h7
1073741823,1073725439,1073741823,1073740799,1073741823,1073643519,1073733615,1073184767,1073610751,1073479679,1073741823,1073741823,1073741823,1073741823,1073741823:h7
1073741823,1073725439,1073737727,1073741823,1073741823,1073643519,1073733615,1073184767,1073610751,1073479679,1073741823,1073741823,1073741823,1073741823,1073741823:h7
1073741823,1073724415,1073741823,1073741823,1073741823,1073643519,1073733615,1073184767,1073610751,1073479679,1073741823,1073741823,1073741823,1073741823,1073741823:h7
1073741823,1073721343,1073741823,1073741823,1073741823,1073643519,1073733615,1073184767,1073610751,1073479679,1073741823,1073741823,1073741823,1073741823,1073741823:h7
1073737727,1073725439,1073741823,1073741823,1073741823,1073643519,1073733615,1073184767,1073610751,1073479679,1073741823,1073741823,1073741823,1073741823,1073741823:h7
1073725439,1073725439,1073741823,1073741823,1073741823,1073643519,1073733615,1073184767,1073610751,1073479679,1073741823,1073741823,1073741823,1073741823,1073741823:h7
1073676287,1073725439,1073741823,1073741823,1073741823,1073643519,1073733615,1073184767,1073610751,1073479679,1073741823,1073741823,1073741823,1073741823,1073741823:h7
1073741823,1073463295,1073741823,1073741823,1073741823,1073643519,1073733615,1073184767,1073610751,1073479679,1073741823,1073741823,1073741823,1073741823,1073741823:h7
1073741823,1073659903,1073741823,1073741823,1073741823,1073643519,1073733615,1073184767,1073610751,1073479679,1073741823,1073741823,1073741823,1073741823,1073741823:h7
1073741823,1073725439,1073741823,1073479679,1073741823,1073643519,1073733615,1073184767,1073610751,1073479679,1073741823,1073741823,1073741823,1073741823,1073741823:h7
1073741823,1073725439,1073676287,1073741823,1073741823,1073643519,1073733615,1073184767,1073610751,1073479679,1073741823,1073741823,1073741823,1073741823,1073741823:h7
1073741823,1073725439,1073741823,1073725439,1073741823,1073643519,1073733615,1073184767,1073610751,1073479679,1073741823,1073741823,1073741823,1073741823,1073741823:h7
1073741823,1073725439,1073725439,1073741823,1073741823,1073643519,1073733615,1073184767,1073610751,1073479679,1073741823,1073741823,1073741823,1073741823,1073741823:h7
1073741823,1073725439,1073741823,1073741823,1073741823,1073643519,1073733615,1073184767,1073610751,1073478655,1073741823,1073741823,1073741823,1073741823,1073741823:h7
1073741823,1073725439,1073741823,1073741823,1073741823,1073643519,1073733615,1073184767,1073606655,1073479679,1073741823,1073741823,1073741823,1073741823,1073741823:h7
1073741823,1073725439,1073741823,1073741823,1073741823,1073643519,1073733615,1073183743,1073610751,1073479679,1073741823,1073741823,1073741823,1073741823,1073741823:h7
1073741823,1073725439,1073741823,1073741823,1073741823,1073643519,1073733615,1073180671,1073610751,1073479679,1073741823,1073741823,1073741823,1073741823,1073741823:h7
1073741823,1073725439,1073741823,1073741823,1073741823,1073642495,1073733615,1073184767,1073610751,1073479679,1073741823,1073741823,1073741823,1073741823,1073741823:h7
1073741823,1073725439,1073741823,1073741823,1073741823,1073643519,1073717231,1073184767,1073610751,1073479679,1073741823,1073741823,1073741823,1073741823,1073741823:g5
1073741823,1073725439,1073741823,1073741823,1073741823,1073381375,1073733615,1073184767,1073610751,1073479679,1073741823,1073741823,1073741823,1073741823,1073741823:h7
1073741823,1073725439,1073741823,1073741823,1073741823,1073643519,1073668079,1073184767,1073610751,1073479679,1073741823,1073741823,1073741823,1073741823,1073741823:h9
1073741823,1073725439,1073741823,1073741823,1073741823,1073643519,1073733615,1073119231,1073610751,1073479679,1073741823,1073741823,1073741823,1073741823,1073741823:h7
1073741823,1073725439,1073741823,1073741823,1073741823,1073643519,1073733615,1073184767,1073610751,1073463295,1073741823,1073741823,1073741823,1073741823,1073741823:h7
1073741823,1073725439,1073741823,1073741823,1073741823,1073643519,1073733615,1073184767,1073594367,1073479679,1073741823,1073741823,1073741823,1073741823,1073741823:g5
1073741823,1073725439,1073741823,1073741823,1073741823,1073709055,1073733615,1073709055,1073610751,1073479679,1073741823,1073725439,1073741823,1073741823,1073741823:h7
1073741823,1073725439,1073741823,1073741823,1073741823,1073709055,1073733615,1069514751,1073610751,1073479679,1073741823,1073741823,1073741823,1073741823,1073741823:h7
1073741823,1073725439,1073741823,1073741823,1073741823,1073709055,1073733615,1073709055,1073610751,1069285375,1073741823,1073741823,1073741823,1073741823,1073741823:h7
1073741823,1073725439,1073741823,1073741823,1073741823,1073709055,1073733615,1073709055,1073610751,1072431103,1073741823,1073741823,1073741823,1073741823,1073741823:h7
1073741823,1073725439,1073741823,1073741823,1073741823,1073709055,1073733615,1073709055,1073610751,1073479679,1073741823,1069547519,1073741823,1073741823,1073741823:h7
1073741823,1073725439,1073741823,1073741823,1073741823,1073709055,1073733615,1073709055,1073610751,1073479679,1073741823,1073479679,1073741823,1073741823,1073741823:h7
1073741823,1073725439,1073741823,1073741823,1073741823,1073709055,1073733615,1073709055,1073610751,1073479679,1073479679,1073741823,1073741823,1073741823,1073741823:f8
1073741823,1073725439,1073741823,1073741823,1073741823,1073709055,1073732591,1073709055,1073610751,1073479679,1073741823,1073741823,1073741823,1073741823,1073741823:h9
1073741823,1073725439,1073741823,1073741823,1073737727,1073709055,1073733615,1073709055,1073610751,1073479679,1073741823,1073741823,1073741823,1073741823,1073741823:f8
1073741823,1073725439,1073741823,1073741823,1073741823,1073704959,1073733615,1073709055,1073610751,1073479679,1073741823,1073741823,1073741823,1073741823,1073741823:f8
1073741823,1073725439,1073741823,1073741823,1073676287,1073709055,1073733615,1073709055,1073610751,1073479679,1073741823,1073741823,1073741823,1073741823,1073741823:f6
1073741823,1073725439,1073741823,1073741823,1073741823,1073709055,1073733615,1073709055,1073610750,1073479679,1073741823,1073741823,1073741823,1073741823,1073741823:h7
1073741823,1073725439,1073741823,1073741823,1073741823,1073709055,1073733615,1073709051,1073610751,1073479679,1073741823,1073741823,1073741823,1073741823,1073741823:h7
1073741823,1073725439,1073741823,1073741823,1073741823,1073709055,1073733614,1073709055,1073610751,1073479679,1073741823,1073741823,1073741823,1073741823,1073741823:h7
1073741823,1073725439,1073741823,1073741823,1073741823,1073709055,1073733611,1073709055,1073610751,1073479679,1073741823,1073741823,1073741823,1073741823,1073741823:h7
1073741823,1073725439,1073741823,1073741823,1073741822,1073709055,1073733615,1073709055,1073610751,1073479679,1073741823,1073741823,1073741823,1073741823,1073741823:h7
1073741823,1073725439,1073741823,1073741823,1073741823,1073709051,1073733615,1073709055,1073610751,1073479679,1073741823,1073741823,1073741823,1073741823,1073741823:h7
1073741823,1073725439,1073741823,1073741823,1073741807,1073709055,1073733615,1073709055,1073610751,1073479679,1073741823,1073741823,1073741823,1073741823,1073741823:h7
1073741823,1073725439,1073741823,1073741823,1073741823,1073709039,1073733615,1073709055,1073610751,1073479679,1073741823,1073741823,1073741823,1073741823,1073741823:h7
1073741823,1073725439,1073741823,1073741823,1073741567,1073709055,1073733615,1073709055,1073610751,1073479679,1073741823,1073741823,1073741823,1073741823,1073741823:h7
1073741823,1073725439,1073741823,1073741823,1073741823,1073708991,1073733615,1073709055,1073610751,1073479679,1073741823,1073741823,1073741823,1073741823,1073741823:h7
1073741823,1073725439,1073741823,1073741823,1073741823,1073709055,1073733359,1073709055,1073610751,1073479679,1073741823,1073741823,1073741823,1073741823,1073741823:h7
1073741823,1073725439,1073741823,1073741823,1073741823,1073709055,1073733551,1073709055,1073610751,1073479679,1073741823,1073741823,1073741823,1073741823,1073741823:h7
1073741823,1073725439,1073741823,1073741823,1073741823,1073709055,1073733615,1073709055,1073610495,1073479679,1073741823,1073741823,1073741823,1073741823,1073741823:h7
1073741823,1073725439,1073741823,1073741823,1073741823,1073709055,1073733615,1073708991,1073610751,1073479679,1073741823,1073741823,1073741823,1073741823,1073741823:h7
1073741823,1073725439,1073741823,1073741823,1073741823,1073709055,1073733615,1073709055,1073610735,1073479679,1073741823,1073741823,1073741823,1073741823,1073741823:h7
1073741823,1073725439,1073741823,1073741823,1073741823,1073709055,1073733615,1073709039,1073610751,1073479679,1073741823,1073741823,1073741823,1073741823,1073741823:h7
1073741823,1073725439,1073741823,1073741823,1073741823,1073709055,1073733615,1073709055,1073610751,1073479679,1073737727,1073741823,1073741823,1073741823,1073741823:h7
1073741823,1073725439,1073741823,1073741823,1073741823,1073709055,1072685039,1073709055,1073610751,1073479679,1073741823,1073741823,1073741823,1073741823,1073741823:h7
1073741823,1073725439,1073741823,1073741823,1073741823,1073709055,1073733615,1073709055,1072562175,1073479679,1073741823,1073741823,1073741823,1073741823,1073741823:h7
1073741823,1073725439,1073741823,1073741823,1073741823,1073709055,1073733615,1073709055,1073348607,1073479679,1073741823,1073741823,1073741823,1073741823,1073741823:h7
1073741823,1073725439,1073741823,1073741823,1073741823,1073709055,1073733615,1073709055,1073610751,1073479679,1072693247,1073741823,1073741823,1073741823,1073741823:h7
1073741823,1073725439,1073741823,1073741823,1073741823,1073709055,1073733615,1073709055,1073610751,1073479679,1073676287,1073741823,1073741823,1073741823,1073741823:h7
1073741823,1073725439,1073741823,1073741823,1073741823,1073709055,1073733615,1073709055,1073610751,1073414143,1073741823,1073741823,1073741823,1073741823,1073741823:f8
1073741823,1073725439,1073741823,1073740799,1073741823,1073709055,1073733615,1073709055,1073610751,1073479679,1073741823,1073741823,1073741823,1073741823,1073741823:h7
1073741823,1073725439,1073737727,1073741823,1073741823,1073709055,1073733615,1073709055,1073610751,1073479679,1073741823,1073741823,1073741823,1073741823,1073741823:h7
1073741823,1073724415,1073741823,1073741823,1073741823,1073709055,1073733615,1073709055,1073610751,1073479679,1073741823,1073741823,1073741823,1073741823,1073741823:h7
1073741823,1073721343,1073741823,1073741823,1073741823,1073709055,1073733615,1073709055,1073610751,1073479679,1073741823,1073741823,1073741823,1073741823,1073741823:h7
1073737727,1073725439,1073741823,1073741823,1073741823,1073709055,1073733615,1073709055,1073610751,1073479679,1073741823,1073741823,1073741823,1073741823,1073741823:h7
1073725439,1073725439,1073741823,1073741823,1073741823,1073709055,1073733615,1073709055,1073610751,1073479679,1073741823,1073741823,1073741823,1073741823,1073741823:h7
1073676287,1073725439,1073741823,1073741823,1073741823,1073709055,1073733615,1073709055,1073610751,1073479679,1073741823,1073741823,1073741823,1073741823,1073741823:h7
1073741823,1073463295,1073741823,1073741823,1073741823,1073709055,1073733615,1073709055,1073610751,1073479679,1073741823,1073741823,1073741823,1073741823,1073741823:h7
1073741823,1073659903,1073741823,1073741823,1073741823,1073709055,1073733615,1073709055,1073610751,1073479679,1073741823,1073741823,1073741823,1073741823,1073741823:h7
1073741823,1073725439,1073741823,1073479679,1073741823,1073709055,1073733615,1073709055,1073610751,1073479679,1073741823,1073741823,1073741823,1073741823,1073741823:h7
1073741823,1073725439,1073676287,1073741823,1073741823,1073709055,1073733615,1073709055,1073610751,1073479679,1073741823,1073741823,1073741823,1073741823,1073741823:h7
1073741823,1073725439,1073741823,1073725439,1073741823,1073709055,1073733615,1073709055,1073610751,1073479679,1073741823,1073741823,1073741823,1073741823,1073741823:h7
1073741823,1073725439,1073725439,1073741823,1073741823,1073709055,1073733615,1073709055,1073610751,1073479679,1073741823,1073741823,1073741823,1073741823,1073741823:h7
1073741823,1073725439,1073741823,1073741823,1073741823,1073709055,1073733615,1073709055,1073610751,1073478655,1073741823,1073741823,1073741823,1073741823,1073741823:h7
1073741823,1073725439,1073741823,1073741823,1073741823,1073709055,1073733615,1073709055,1073606655,1073479679,1073741823,1073741823,1073741823,1073741823,1073741823:h7
1073741823,1073725439,1073741823,1073741823,1073741823,1073709055,1073733615,1073708031,1073610751,1073479679,1073741823,1073741823,1073741823,1073741823,1073741823:h7
1073741823,1073725439,1073741823,1073741823,1073741823,1073709055,1073733615,1073704959,1073610751,1073479679,1073741823,1073741823,1073741823,1073741823,1073741823:h10
1073741823,1073725439,1073741823,1073741823,1073741823,1073709055,1073733615,1073704959,1073610751,1073446911,1073741823,1073740799,1073741823,1073741823,1073741823:h9
1073741823,1073725439,1073741823,1073741823,1073741823,1073709055,1073733615,1073704959,1073610751,1073446911,1073725439,1073741823,1073741823,1073741823,1073741823:h9
1073741823,1073725439,1073741823,1073741823,1073741823,1073709055,1073733615,1073704959,1073610751,1073446655,1073741823,1073741823,1073741823,1073741823,1073741823:f8
1073741823,1073725439,1073741823,1073741823,1073741823,1073709055,1073733615,1073704959,1073609727,1073446911,1073741823,1073741823,1073741823,1073741823,1073741823:f8
1073741823,1073725439,1073741823,1073741823,1073741823,1073709055,1073733615,1073704703,1073610751,1073446911,1073741823,1073741823,1073741823,1073741823,1073741823:h9
1073741823,1073725439,1073741823,1073741823,1073741823,1073708799,1073733615,1073704959,1073610751,1073446911,1073741823,1073741823,1073741823,1073741823,1073741823:h9
1073741823,1073725439,1073741823,1073741823,1073741823,1073709055,1073733615,1073704959,1073610751,1073442815,1073741823,1073741823,1073741823,1073741823,1073741823:f8
1073741823,1073725439,1073741823,1073741823,1073725439,1073709055,1073733615,1073704959,1073610751,1073446911,1073741823,1073741823,1073741823,1073741823,1073741823:h9
1073741823,1073725439,1073741823,1073741823,1073741823,1073643519,1073733615,1073704959,1073610751,1073446911,1073741823,1073741823,1073741823,1073741823,1073741823:f8
1073741823,1073725439,1073741823,1073741823,1073741823,1073709055,1073733615,1073704959,1073610751,1073446911,1073741823,1073725439,1073741823,1073741823,1073741823:h9
1073741823,1073725439,1073741823,1073741823,1073741823,1073709055,1073733615,1069510655,1073610751,1073446911,1073741823,1073741823,1073741823,1073741823,1073741823:h9
1073741823,1073725439,1073741823,1073741823,1073741823,1073709055,1073733615,1073704959,1073610751,1069252607,1073741823,1073741823,1073741823,1073741823,1073741823:f8
1073741823,1073725439,1073741823,1073741823,1073741823,1073709055,1073733615,1073704959,1073610751,1072398335,1073741823,1073741823,1073741823,1073741823,1073741823:f8
1073741823,1073725439,1073741823,1073741823,1073741823,1073709055,1073733615,1073704959,1073610751,1073446911,1073741823,1069547519,1073741823,1073741823,1073741823:h9
1073741823,1073725439,1073741823,1073741823,1073741823,1073709055,1073733615,1073704959,1073610751,1073446911,1073741823,1073479679,1073741823,1073741823,1073741823:f8
1073741823,1073725439,1073741823,1073741823,1073741823,1073709055,1073733615,1073704959,1073610751,1073446911,1073479679,1073741823,1073741823,1073741823,1073741823:h9
1073741823,1073725439,1073741823,1073741823,1073741823,1073709055,1073732591,1073704959,1073610751,1073446911,1073741823,1073741823,1073741823,1073741823,1073741823:h9
1073741823,1073725439,1073741823,1073741823,1073737727,1073709055,1073733615,1073704959,1073610751,1073446911,1073741823,1073741823,1073741823,1073741823,1073741823:f8
1073741823,1073725439,1073741823,1073741823,1073741823,1073704959,1073733615,1073704959,1073610751,1073446911,1073741823,1073741823,1073741823,1073741823,1073741823:f8
1073741823,1073725439,1073741823,1073741823,1073676287,1073709055,1073733615,1073704959,1073610751,1073446911,1073741823,1073741823,1073741823,1073741823,1073741823:h9
1073741823,1073725439,1073741823,1073741823,1073741823,1073709055,1073733615,1073704959,1073610750,1073446911,1073741823,1073741823,1073741823,1073741823,1073741823:h9
1073741823,1073725439,1073741823,1073741823,1073741823,1073709055,1073733615,1073704955,1073610751,1073446911,1073741823,1073741823,1073741823,1073741823,1073741823:h9
1073741823,1073725439,1073741823,1073741823,1073741823,1073709055,1073733614,1073704959,1073610751,1073446911,1073741823,1073741823,1073741823,1073741823,1073741823:h9
1073741823,1073725439,1073741823,1073741823,1073741823,1073709055,1073733611,1073704959,1073610751,1073446911,1073741823,1073741823,1073741823,1073741823,1073741823:h9
1073741823,1073725439,1073741823,1073741823,1073741822,1073709055,1073733615,1073704959,1073610751,1073446911,1073741823,1073741823,1073741823,1073741823,1073741823:h9
1073741823,1073725439,1073741823,1073741823,1073741823,1073709051,1073733615,1073704959,1073610751,1073446911,1073741823,1073741823,1073741823,1073741823,1073741823:h9
1073741823,1073725439,1073741823,1073741823,1073741807,1073709055,1073733615,1073704959,1073610751,1073446911,1073741823,1073741823,1073741823,1073741823,1073741823:h9
1073741823,1073725439,1073741823,1073741823,1073741823,1073709039,1073733615,1073704959,1073610751,1073446911,1073741823,1073741823,1073741823,1073741823,1073741823:h9
1073741823,1073725439,1073741823,1073741823,1073741567,1073709055,1073733615,1073704959,1073610751,1073446911,1073741823,1073741823,1073741823,1073741823,1073741823:h9
1073741823,1073725439,1073741823,1073741823,1073741823,1073708991,1073733615,1073704959,1073610751,1073446911,1073741823,1073741823,1073741823,1073741823,1073741823:h9
1073741823,1073725439,1073741823,1073741823,1073741823,1073709055,1073733359,1073704959,1073610751,1073446911,1073741823,1073741823,1073741823,1073741823,1073741823:h9
1073741823,1073725439,1073741823,1073741823,1073741823,1073709055,1073733551,1073704959,1073610751,1073446911,1073741823,1073741823,1073741823,1073741823,1073741823:h9
1073741823,1073725439,1073741823,1073741823,1073741823,1073709055,1073733615,1073704959,1073610495,1073446911,1073741823,1073741823,1073741823,1073741823,1073741823:h9
1073741823,1073725439,1073741823,1073741823,1073741823,1073709055,1073733615,1073704895,1073610751,1073446911,1073741823,1073741823,1073741823,1073741823,1073741823:h9
1073741823,1073725439,1073741823,1073741823,1073741823,1073709055,1073733615,1073704959,1073610735,1073446911,1073741823,1073741823,1073741823,1073741823,1073741823:h9
1073741823,1073725439,1073741823,1073741823,1073741823,1073709055,1073733615,1073704943,1073610751,1073446911,1073741823,1073741823,1073741823,1073741823,1073741823:h9
1073741823,1073725439,1073741823,1073741823,1073741823,1073709055,1073733615,1073704959,1073610751,1073446911,1073737727,1073741823,1073741823,1073741823,1073741823:f6
1073741823,1073725439,1073741823,1073741823,1073741823,1073709055,1072685039,1073704959,1073610751,1073446911,1073741823,1073741823,1073741823,1073741823,1073741823:f8
1073741823,1073725439,1073741823,1073741823,1073741823,1073709055,1073733615,1073704959,1072562175,1073446911,1073741823,1073741823,1073741823,1073741823,1073741823:f8
1073741823,1073725439,1073741823,1073741823,1073741823,1073709055,1073733615,1073704959,1073348607,1073446911,1073741823,1073741823,1073741823,1073741823,1073741823:f8
1073741823,1073725439,1073741823,1073741823,1073741823,1073709055,1073733615,1073704959,1073610751,1073446911,1072693247,1073741823,1073741823,1073741823,1073741823:h9
1073741823,1073725439,1073741823,1073741823,1073741823,1073709055,1073733615,1073704959,1073610751,1073446911,1073676287,1073741823,1073741823,1073741823,1073741823:h9
1073741823,1073725439,1073741823,1073741823,1073741823,1073709055,1073733615,1073704959,1073610751,1073381375,1073741823,1073741823,1073741823,1073741823,1073741823:h9
1073741823,1073725439,1073741823,1073740799,1073741823,1073709055,1073733615,1073704959,1073610751,1073446911,1073741823,1073741823,1073741823,1073741823,1073741823:h9
1073741823,1073725439,1073737727,1073741823,1073741823,1073709055,1073733615,1073704959,1073610751,1073446911,1073741823,1073741823,1073741823,1073741823,1073741823:h9
1073741823,1073724415,1073741823,1073741823,1073741823,1073709055,1073733615,1073704959,1073610751,1073446911,1073741823,1073741823,1073741823,1073741823,1073741823:h9
1073741823,1073721343,1073741823,1073741823,1073741823,1073709055,1073733615,1073704959,1073610751,1073446911,1073741823,1073741823,1073741823,1073741823,1073741823:h9
1073737727,1073725439,1073741823,1073741823,1073741823,1073709055,1073733615,1073704959,1073610751,1073446911,1073741823,1073741823,1073741823,1073741823,1073741823:h9
1073725439,1073725439,1073741823,1073741823,1073741823,1073709055,1073733615,1073704959,1073610751,1073446911,1073741823,1073741823,1073741823,1073741823,1073741823:h9
1073676287,1073725439,1073741823,1073741823,1073741823,1073709055,1073733615,1073704959,1073610751,1073446911,1073741823,1073741823,1073741823,1073741823,1073741823:h9
1073741823,1073463295,1073741823,1073741823,1073741823,1073709055,1073733615,1073704959,1073610751,1073446911,1073741823,1073741823,1073741823,1073741823,1073741823:h9
1073741823,1073659903,1073741823,1073741823,1073741823,1073709055,1073733615,1073704959,1073610751,1073446911,1073741823,1073741823,1073741823,1073741823,1073741823:h9
1073741823,1073725439,1073741823,1073479679,1073741823,1073709055,1073733615,1073704959,1073610751,1073446911,1073741823,1073741823,1073741823,1073741823,1073741823:h9
1073741823,1073725439,1073676287,1073741823,1073741823,1073709055,1073733615,1073704959,1073610751,1073446911,1073741823,1073741823,1073741823,1073741823,1073741823:h9
1073741823,1073725439,1073741823,1073725439,1073741823,1073709055,1073733615,1073704959,1073610751,1073446911,1073741823,1073741823,1073741823,1073741823,1073741823:h9
1073741823,1073725439,1073725439,1073741823,1073741823,1073709055,1073733615,1073704959,1073610751,1073446911,1073741823,1073741823,1073741823,1073741823,1073741823:h9
1073741823,1073725439,1073741823,1073741823,1073741823,1073709055,1073733615,1073704959,1073610751,1073445887,1073741823,1073741823,1073741823,1073741823,1073741823:h9
1073741823,1073725439,1073741823,1073741823,1073741823,1073709055,1073733615,1073704959,1073606655,1073446911,1073741823,1073741823,1073741823,1073741823,1073741823:f6
1073741823,1073725439,1073741823,1073741823,1073741823,1073709055,1073733615,1073703935,1073610751,1073446911,1073741823,1073741823,1073741823,1073741823,1073741823:h9
1073741823,1073725439,1073741823,1073741823,1073741823,1073708031,1073733615,1073704959,1073610751,1073446911,1073741823,1073741823,1073741823,1073741823,1073741823:h9
1073741823,1073725439,1073741823,1073741823,1073741823,1073709055,1073717231,1073704959,1073610751,1073446911,1073741823,1073741823,1073741823,1073741823,1073741823:j8
1073741823,1073725439,1073741823,1073741823,1073741823,1073446911,1073733615,1073704959,1073610751,1073446911,1073741823,1073741823,1073741823,1073741823,1073741823:h9
1073741823,1073725439,1073741823,1073741823,1073741823,1073709055,1073668079,1073704959,1073610751,1073446911,1073741823,1073741823,1073741823,1073741823,1073741823:f8
1073741823,1073725439,1073741823,1073741823,1073741823,1073709055,1073733615,1073442815,1073610751,1073446911,1073741823,1073741823,1073741823,1073741823,1073741823:f8
1073741823,1073725439,1073741823,1073741823,1073741823,1073709055,1073733615,1073639423,1073610751,1073446911,1073741823,1073741823,1073741823,1073741823,1073741823:f8
1073741823,1073725439,1073741823,1073741823,1073741823,1073709055,1073733615,1073704959,1073594367,1073446911,1073741823,1073741823,1073741823,1073741823,1073741823:j8
1073741823,1073725439,1073741823,1073741823,1073741823,1073708031,1073733615,1073709055,1073610751,1073479679,1073741823,1073741823,1073741823,1073741823,1073741823:h7
1073741823,1073725439,1073741823,1073741823,1073741823,1073709055,1073717231,1073709055,1073610751,1073479679,1073741823,1073741823,1073741823,1073741823,1073741823:f8
1073741823,1073725439,1073741823,1073741823,1073741823,1073446911,1073733615,1073709055,1073610751,1073479679,1073741823,1073741823,1073741823,1073741823,1073741823:h7
1073741823,1073725439,1073741823,1073741823,1073741823,1073709055,1073668079,1073709055,1073610751,1073479679,1073741823,1073741823,1073741823,1073741823,1073741823:h9
1073741823,1073725439,1073741823,1073741823,1073741823,1073709055,1073733615,1073446911,1073610751,1073479679,1073741823,1073741823,1073741823,1073741823,1073741823:f6
1073741823,1073725439,1073741823,1073741823,1073741823,1073709055,1073733615,1073643519,1073610751,1073479679,1073741823,1073741823,1073741823,1073741823,1073741823:f6
1073741823,1073725439,1073741823,1073741823,1073741823,1073709055,1073733615,1073709055,1073610751,1073463295,1073741823,1073741823,1073741823,1073741823,1073741823:h7
1073741823,1073725439,1073741823,1073741823,1073741823,1073709055,1073733615,1073709055,1073594367,1073479679,1073741823,1073741823,1073741823,1073741823,1073741823:f8
1073741823,1073725439,1073741823,1073741823,1073741823,1073741823,1073733615,1073709055,1073610751,1073725439,1073741823,1073741823,1073741823,1073741823,1073741823:f6
1073741823,1073725439,1073741823,1073741823,1073741823,1073741823,1073733615,1073709055,1073594367,1073741823,1073741823,1073741823,1073741823,1073741823,1073741823:f6
