1073741823,1073725439,1073741823,1073741823,1073741823,1073741823,805306367,1073709055,1073610751,1073741823,1073741823,1073741823,1073741823,1073741823,1073741823:j10
1073741823,1073725439,1073741823,1073741823,1073741823,1073741823,805306367,1073709055,1073610751,1073217535,1073741823,1073725439,1073741823,1073741823,1073741823:g7
1073741823,1073725439,1073741823,1073741823,1073741823,1073741823,805306367,1069514751,1073610751,1073217535,1073741823,1073741823,1073741823,1073741823,1073741823:g7
1073741823,1073725439,1073741823,1073741823,1073741823,1073741823,805306367,1073709055,1073610751,1069023231,1073741823,1073741823,1073741823,1073741823,1073741823:g7
1073741823,1073725439,1073741823,1073741823,1073741823,1073741823,805306367,1073709055,1073610751,1072168959,1073741823,1073741823,1073741823,1073741823,1073741823:g7
1073741823,1073725439,1073741823,1073741823,1073741823,1073741823,805306367,1073709055,1073610751,1073217535,1073741823,1069547519,1073741823,1073741823,1073741823:g7
1073741823,1073725439,1073741823,1073741823,1073741823,1073741823,805306367,1073709055,1073610751,1073217535,1073741823,1073479679,1073741823,1073741823,1073741823:g7
1073741823,1073725439,1073741823,1073741823,1073741823,1073741823,805306367,1073709055,1073610751,1073217535,1073479679,1073741823,1073741823,1073741823,1073741823:g7
1073741823,1073725439,1073741823,1073741823,1073741823,1073741823,805306367,1073709055,1056833535,1073217535,1073741823,1073741823,1073741823,1073741823,1073741823:g7
1073741823,1073725439,1073741823,1073741823,1073741823,1073741823,805306367,1006600191,1073610751,1073217535,1073741823,1073741823,1073741823,1073741823,1073741823:g7
1073741823,1073725439,1073741823,1073741823,1073741823,1073741823,788529151,1073709055,1073610751,1073217535,1073741823,1073741823,1073741823,1073741823,1073741823:g7
1073741823,1073725439,1073741823,1073741823,1073741823,1073741823,738197503,1073709055,1073610751,1073217535,1073741823,1073741823,1073741823,1073741823,1073741823:g7
1073741823,1073725439,1073741823,1073741823,1056964607,1073741823,805306367,1073709055,1073610751,1073217535,1073741823,1073741823,1073741823,1073741823,1073741823:g7
1073741823,1073725439,1073741823,1073741823,1073741823,1006632959,805306367,1073709055,1073610751,1073217535,1073741823,1073741823,1073741823,1073741823,1073741823:g7
1073741823,1073725439,1073741823,1073741823,805306367,1073741823,805306367,1073709055,1073610751,1073217535,1073741823,1073741823,1073741823,1073741823,1073741823:g7
1073741823,1073725439,1073741823,1073741823,1073741823,805306367,805306367,1073709055,1073610751,1073217535,1073741823,1073741823,1073741823,1073741823,1073741823:g7
1073741823,1073725439,1073741823,1073741823,1073741823,1073741823,805306367,1073709055,805175295,1073217535,1073741823,1073741823,1073741823,1073741823,1073741823:g7
1073741823,1073725439,1073741823,1073741823,1073741823,1073741823,805306367,805273599,1073610751,1073217535,1073741823,1073741823,1073741823,1073741823,1073741823:g7
1073741823,1073725439,1073741823,1073741823,1073741823,1073741823,805306367,1073709055,1073610751,1073217535,1073737727,1073741823,1073741823,1073741823,1073741823:g7
1073741823,1073725439,1073741823,1073741823,1073741823,1073741823,804257791,1073709055,1073610751,1073217535,1073741823,1073741823,1073741823,1073741823,1073741823:g7
1073741823,1073725439,1073741823,1073741823,1073741823,1073741823,805306367,1073709055,1072562175,1073217535,1073741823,1073741823,1073741823,1073741823,1073741823:g7
1073741823,1073725439,1073741823,1073741823,1073741823,1073741823,805306367,1073709055,1073348607,1073217535,1073741823,1073741823,1073741823,1073741823,1073741823:g7
1073741823,1073725439,1073741823,1073741823,1073741823,1073741823,805306367,1073709055,1073610751,1073217535,1072693247,1073741823,1073741823,1073741823,1073741823:g8
1073741823,1073725439,1073741823,1073741823,1073741823,1073741823,805306367,1073700863,1073610751,1073217279,1072693247,1073741823,1073741823,1073741823,1073741823:i8
1073741823,1073725439,1073741823,1073741823,1073741823,1073741823,805306367,1073700863,1073609727,1073217535,1072693247,1073741823,1073741823,1073741823,1073741823:i8
1073741823,1073725439,1073741823,1073741823,1073741823,1073741823,805306367,1073700607,1073610751,1073217535,1072693247,1073741823,1073741823,1073741823,1073741823:i8
1073741823,1073725439,1073741823,1073741823,1073741823,1073741567,805306367,1073700863,1073610751,1073217535,1072693247,1073741823,1073741823,1073741823,1073741823:i8
1073741823,1073725439,1073741823,1073741823,1073741823,1073741823,805305343,1073700863,1073610751,1073217535,1072693247,1073741823,1073741823,1073741823,1073741823:g7
1073741823,1073725439,1073741823,1073741823,1073741823,1073737727,805306367,1073700863,1073610751,1073217535,1072693247,1073741823,1073741823,1073741823,1073741823:i8
1073741823,1073725439,1073741823,1073741823,1073741823,1073676287,805306367,1073700863,1073610751,1073217535,1072693247,1073741823,1073741823,1073741823,1073741823:i8
1073741823,1073725439,1073741823,1073741823,1073741823,1073741823,805306367,1073700863,1073610751,1073213439,1072693247,1073741823,1073741823,1073741823,1073741823:i8
1073741823,1073725439,1073741823,1073741823,1073741823,1073741823,805306367,1073700863,1073610751,1073217535,1072693247,1073741823,1073676287,1073741823,1073741823:i8
1073741823,1073725439,1073741823,1073741823,1073741823,1073741823,805306367,1073700863,1073610751,1073217535,1055916031,1073741823,1073741823,1073741823,1073741823:i8
1073741823,1073725439,1073741823,1073741823,1073741823,1073741823,805306367,1073700863,1073610751,1073217535,1068498943,1073741823,1073741823,1073741823,1073741823:i8
1073741823,1073725439,1073741823,1073741823,1073741823,1073741823,805306367,1073700863,1073610751,1073217535,1072693247,1073741823,1056964607,1073741823,1073741823:i8
1073741823,1073725439,1073741823,1073741823,1073741823,1073741823,805306367,1073700863,1073610751,1073217535,1072693247,1073741823,1072693247,1073741823,1073741823:i8
1073741823,1073725439,1073741823,1073741823,1073741823,1073741823,805306367,1073700863,1073610751,1073217535,1072693247,1072693247,1073741823,1073741823,1073741823:i8
1073741823,1073725439,1073741823,1073741823,1073741823,1073741823,805306367,1073700863,1073610751,1073217535,1072693247,1073725439,1073741823,1073741823,1073741823:i8
1073741823,1073725439,1073741823,1073741823,1073741823,1073741823,805306367,1069506559,1073610751,1073217535,1072693247,1073741823,1073741823,1073741823,1073741823:i8
1073741823,1073725439,1073741823,1073741823,1073741823,1073741823,805306367,1073700863,1073610751,1069023231,1072693247,1073741823,1073741823,1073741823,1073741823:i8
1073741823,1073725439,1073741823,1073741823,1073741823,1073741823,805306367,1073700863,1073610751,1072168959,1072693247,1073741823,1073741823,1073741823,1073741823:i8
1073741823,1073725439,1073741823,1073741823,1073741823,1073741823,805306367,1073700863,1073610751,1073217535,1072693247,1069547519,1073741823,1073741823,1073741823:i8
1073741823,1073725439,1073741823,1073741823,1073741823,1073741823,805306367,1073700863,1073610751,1073217535,1072693247,1073479679,1073741823,1073741823,1073741823:i8
1073741823,1073725439,1073741823,1073741823,1073741823,1073741823,805306367,1073700863,1073610751,1073217535,1072431103,1073741823,1073741823,1073741823,1073741823:i8
1073741823,1073725439,1073741823,1073741823,1073741823,1073741823,805306367,1073700863,1056833535,1073217535,1072693247,1073741823,1073741823,1073741823,1073741823:i8
1073741823,1073725439,1073741823,1073741823,1073741823,1073741823,805306367,1006591999,1073610751,1073217535,1072693247,1073741823,1073741823,1073741823,1073741823:i8
1073741823,1073725439,1073741823,1073741823,1073741823,1073741823,788529151,1073700863,1073610751,1073217535,1072693247,1073741823,1073741823,1073741823,1073741823:i8
1073741823,1073725439,1073741823,1073741823,1073741823,1073741823,738197503,1073700863,1073610751,1073217535,1072693247,1073741823,1073741823,1073741823,1073741823:i8
1073741823,1073725439,1073741823,1073741823,1056964607,1073741823,805306367,1073700863,1073610751,1073217535,1072693247,1073741823,1073741823,1073741823,1073741823:i8
1073741823,1073725439,1073741823,1073741823,1073741823,1006632959,805306367,1073700863,1073610751,1073217535,1072693247,1073741823,1073741823,1073741823,1073741823:i8
1073741823,1073725439,1073741823,1073741823,805306367,1073741823,805306367,1073700863,1073610751,1073217535,1072693247,1073741823,1073741823,1073741823,1073741823:i8
1073741823,1073725439,1073741823,1073741823,1073741823,805306367,805306367,1073700863,1073610751,1073217535,1072693247,1073741823,1073741823,1073741823,1073741823:i8
1073741823,1073725439,1073741823,1073741823,1073741823,1073741823,805306367,1073700863,805175295,1073217535,1072693247,1073741823,1073741823,1073741823,1073741823:i8
1073741823,1073725439,1073741823,1073741823,1073741823,1073741823,805306367,805265407,1073610751,1073217535,1072693247,1073741823,1073741823,1073741823,1073741823:i8
1073741823,1073725439,1073741823,1073741823,1073741823,1073741823,805306367,1073700863,1073610751,1073217535,1072689151,1073741823,1073741823,1073741823,1073741823:i8
1073741823,1073725439,1073741823,1073741823,1073741823,1073741823,804257791,1073700863,1073610751,1073217535,1072693247,1073741823,1073741823,1073741823,1073741823:i8
1073741823,1073725439,1073741823,1073741823,1073741823,1073741823,805306367,1073700863,1072562175,1073217535,1072693247,1073741823,1073741823,1073741823,1073741823:i8
1073741823,1073725439,1073741823,1073741823,1073741823,1073741823,805306367,1073700863,1073348607,1073217535,1072693247,1073741823,1073741823,1073741823,1073741823:i8
1073741823,1073725439,1073741823,1073741823,1073741823,1073741823,805306367,1073700863,1073610751,1073217535,1072627711,1073741823,1073741823,1073741823,1073741823:i8
1073741823,1073725439,1073741823,1073741823,1073741823,1073741823,805306367,1073700863,1073610751,1073151999,1072693247,1073741823,1073741823,1073741823,1073741823:j8
1073741823,1073725439,1073741823,1073740799,1073741823,1073741823,805306367,1073700863,1073610751,1073217535,1072693247,1073741823,1073741823,1073741823,1073741823:i8
1073741823,1073725439,1073737727,1073741823,1073741823,1073741823,805306367,1073700863,1073610751,1073217535,1072693247,1073741823,1073741823,1073741823,1073741823:i8
1073741823,1073724415,1073741823,1073741823,1073741823,1073741823,805306367,1073700863,1073610751,1073217535,1072693247,1073741823,1073741823,1073741823,1073741823:i8
1073741823,1073721343,1073741823,1073741823,1073741823,1073741823,805306367,1073700863,1073610751,1073217535,1072693247,1073741823,1073741823,1073741823,1073741823:i8
1073737727,1073725439,1073741823,1073741823,1073741823,1073741823,805306367,1073700863,1073610751,1073217535,1072693247,1073741823,1073741823,1073741823,1073741823:i8
1073725439,1073725439,1073741823,1073741823,1073741823,1073741823,805306367,1073700863,1073610751,1073217535,1072693247,1073741823,1073741823,1073741823,1073741823:i8
1073676287,1073725439,1073741823,1073741823,1073741823,1073741823,805306367,1073700863,1073610751,1073217535,1072693247,1073741823,1073741823,1073741823,1073741823:i8
1073741823,1073463295,1073741823,1073741823,1073741823,1073741823,805306367,1073700863,1073610751,1073217535,1072693247,1073741823,1073741823,1073741823,1073741823:i8
1073741823,1073659903,1073741823,1073741823,1073741823,1073741823,805306367,1073700863,1073610751,1073217535,1072693247,1073741823,1073741823,1073741823,1073741823:i8
1073741823,1073725439,1073741823,1073479679,1073741823,1073741823,805306367,1073700863,1073610751,1073217535,1072693247,1073741823,1073741823,1073741823,1073741823:i8
1073741823,1073725439,1073676287,1073741823,1073741823,1073741823,805306367,1073700863,1073610751,1073217535,1072693247,1073741823,1073741823,1073741823,1073741823:i8
1073741823,1073725439,1073741823,1073725439,1073741823,1073741823,805306367,1073700863,1073610751,1073217535,1072693247,1073741823,1073741823,1073741823,1073741823:i8
1073741823,1073725439,1073725439,1073741823,1073741823,1073741823,805306367,1073700863,1073610751,1073217535,1072693247,1073741823,1073741823,1073741823,1073741823:i8
1073741823,1073725439,1073741823,1073741823,1073741823,1073741823,805306367,1073700863,1073610751,1073216511,1072693247,1073741823,1073741823,1073741823,1073741823:i8
1073741823,1073725439,1073741823,1073741823,1073741823,1073741823,805306367,1073700863,1073606655,1073217535,1072693247,1073741823,1073741823,1073741823,1073741823:i8
1073741823,1073725439,1073741823,1073741823,1073741823,1073741823,805306367,1073699839,1073610751,1073217535,1072693247,1073741823,1073741823,1073741823,1073741823:g9
1073741823,1073725439,1073741823,1073741823,1073741823,1073741823,805306367,1073699839,1073602559,1073217535,1072692991,1073741823,1073741823,1073741823,1073741823:g7
1073741823,1073725439,1073741823,1073741823,1073741823,1073741823,805306367,1073699839,1073602559,1073217471,1072693247,1073741823,1073741823,1073741823,1073741823:g7
1073741823,1073725439,1073741823,1073741823,1073741823,1073741823,805306367,1073699839,1073602303,1073217535,1072693247,1073741823,1073741823,1073741823,1073741823:g7
1073741823,1073725439,1073741823,1073741823,1073741823,1073741823,805306367,1073699775,1073602559,1073217535,1072693247,1073741823,1073741823,1073741823,1073741823:g7
1073741823,1073725439,1073741823,1073741823,1073741823,1073741759,805306367,1073699839,1073602559,1073217535,1072693247,1073741823,1073741823,1073741823,1073741823:g7
1073741823,1073725439,1073741823,1073741823,1073741823,1073741823,805306111,1073699839,1073602559,1073217535,1072693247,1073741823,1073741823,1073741823,1073741823:g7
1073741823,1073725439,1073741823,1073741823,1073741823,1073741823,805306367,1073699839,1073602559,1073217279,1072693247,1073741823,1073741823,1073741823,1073741823:g7
1073741823,1073725439,1073741823,1073741823,1073741823,1073741823,805306367,1073699839,1073601535,1073217535,1072693247,1073741823,1073741823,1073741823,1073741823:g7
1073741823,1073725439,1073741823,1073741823,1073741823,1073741823,805306367,1073699583,1073602559,1073217535,1072693247,1073741823,1073741823,1073741823,1073741823:g7
1073741823,1073725439,1073741823,1073741823,1073741823,1073741567,805306367,1073699839,1073602559,1073217535,1072693247,1073741823,1073741823,1073741823,1073741823:g7
1073741823,1073725439,1073741823,1073741823,1073741823,1073741823,805305343,1073699839,1073602559,1073217535,1072693247,1073741823,1073741823,1073741823,1073741823:g7
1073741823,1073725439,1073741823,1073741823,1073741823,1073737727,805306367,1073699839,1073602559,1073217535,1072693247,1073741823,1073741823,1073741823,1073741823:g10
1073741823,1073725439,1073741823,1073741823,1073741823,1073676287,805306367,1073699839,1073602559,1073217535,1072693247,1073741823,1073741823,1073741823,1073741823:g7
1073741823,1073725439,1073741823,1073741823,1073741823,1073741823,805306367,1073699839,1073602559,1073213439,1072693247,1073741823,1073741823,1073741823,1073741823:i7
1073741823,1073725439,1073741823,1073741823,1073741823,1073741823,805306367,1073699839,1073602559,1073217535,1072693247,1073741823,1073676287,1073741823,1073741823:g7
1073741823,1073725439,1073741823,1073741823,1073741823,1073741823,805306367,1073699839,1073602559,1073217535,1055916031,1073741823,1073741823,1073741823,1073741823:g7
1073741823,1073725439,1073741823,1073741823,1073741823,1073741823,805306367,1073699839,1073602559,1073217535,1068498943,1073741823,1073741823,1073741823,1073741823:g7
1073741823,1073725439,1073741823,1073741823,1073741823,1073741823,805306367,1073699839,1073602559,1073217535,1072693247,1073741823,1056964607,1073741823,1073741823:g7
1073741823,1073725439,1073741823,1073741823,1073741823,1073741823,805306367,1073699839,1073602559,1073217535,1072693247,1073741823,1072693247,1073741823,1073741823:g7
1073741823,1073725439,1073741823,1073741823,1073741823,1073741823,805306367,1073699839,1073602559,1073217535,1072693247,1072693247,1073741823,1073741823,1073741823:g7
1073741823,1073725439,1073741823,1073741823,1073741823,1073741823,805306367,1073699839,1073602559,1073217535,1072693247,1073725439,1073741823,1073741823,1073741823:g7
1073741823,1073725439,1073741823,1073741823,1073741823,1073741823,805306367,1069505535,1073602559,1073217535,1072693247,1073741823,1073741823,1073741823,1073741823:g7
1073741823,1073725439,1073741823,1073741823,1073741823,1073741823,805306367,1073699839,1073602559,1069023231,1072693247,1073741823,1073741823,1073741823,1073741823:g7
1073741823,1073725439,1073741823,1073741823,1073741823,1073741823,805306367,1073699839,1073602559,1072168959,1072693247,1073741823,1073741823,1073741823,1073741823:g7
1073741823,1073725439,1073741823,1073741823,1073741823,1073741823,805306367,1073699839,1073602559,1073217535,1072693247,1069547519,1073741823,1073741823,1073741823:g7
1073741823,1073725439,1073741823,1073741823,1073741823,1073741823,805306367,1073699839,1073602559,1073217535,1072693247,1073479679,1073741823,1073741823,1073741823:g7
1073741823,1073725439,1073741823,1073741823,1073741823,1073741823,805306367,1073699839,1073602559,1073217535,1072431103,1073741823,1073741823,1073741823,1073741823:g7
1073741823,1073725439,1073741823,1073741823,1073741823,1073741823,805306367,1073699839,1056825343,1073217535,1072693247,1073741823,1073741823,1073741823,1073741823:g7
1073741823,1073725439,1073741823,1073741823,1073741823,1073741823,805306367,1006590975,1073602559,1073217535,1072693247,1073741823,1073741823,1073741823,1073741823:g7
1073741823,1073725439,1073741823,1073741823,1073741823,1073741823,788529151,1073699839,1073602559,1073217535,1072693247,1073741823,1073741823,1073741823,1073741823:g7
1073741823,1073725439,1073741823,1073741823,1073741823,1073741823,738197503,1073699839,1073602559,1073217535,1072693247,1073741823,1073741823,1073741823,1073741823:g7
1073741823,1073725439,1073741823,1073741823,1056964607,1073741823,805306367,1073699839,1073602559,1073217535,1072693247,1073741823,1073741823,1073741823,1073741823:g7
1073741823,1073725439,1073741823,1073741823,1073741823,1006632959,805306367,1073699839,1073602559,1073217535,1072693247,1073741823,1073741823,1073741823,1073741823:g7
1073741823,1073725439,1073741823,1073741823,805306367,1073741823,805306367,1073699839,1073602559,1073217535,1072693247,1073741823,1073741823,1073741823,1073741823:g7
1073741823,1073725439,1073741823,1073741823,1073741823,805306367,805306367,1073699839,1073602559,1073217535,1072693247,1073741823,1073741823,1073741823,1073741823:g7
1073741823,1073725439,1073741823,1073741823,1073741823,1073741823,805306367,1073699839,805167103,1073217535,1072693247,1073741823,1073741823,1073741823,1073741823:g7
1073741823,1073725439,1073741823,1073741823,1073741823,1073741823,805306367,805264383,1073602559,1073217535,1072693247,1073741823,1073741823,1073741823,1073741823:g7
1073741823,1073725439,1073741823,1073741823,1073741823,1073741823,805306367,1073699839,1073602559,1073217535,1072689151,1073741823,1073741823,1073741823,1073741823:g7
1073741823,1073725439,1073741823,1073741823,1073741823,1073741823,804257791,1073699839,1073602559,1073217535,1072693247,1073741823,1073741823,1073741823,1073741823:g7
1073741823,1073725439,1073741823,1073741823,1073741823,1073741823,805306367,1073699839,1072553983,1073217535,1072693247,1073741823,1073741823,1073741823,1073741823:g7
1073741823,1073725439,1073741823,1073741823,1073741823,1073741823,805306367,1073699839,1073340415,1073217535,1072693247,1073741823,1073741823,1073741823,1073741823:g7
1073741823,1073725439,1073741823,1073741823,1073741823,1073741823,805306367,1073699839,1073602559,1073217535,1072627711,1073741823,1073741823,1073741823,1073741823:g7
1073741823,1073725439,1073741823,1073741823,1073741823,1073741823,805306367,1073699839,1073602559,1073151999,1072693247,1073741823,1073741823,1073741823,1073741823:g7
1073741823,1073725439,1073741823,1073740799,1073741823,1073741823,805306367,1073699839,1073602559,1073217535,1072693247,1073741823,1073741823,1073741823,1073741823:g7
1073741823,1073725439,1073737727,1073741823,1073741823,1073741823,805306367,1073699839,1073602559,1073217535,1072693247,1073741823,1073741823,1073741823,1073741823:g7
1073741823,1073724415,1073741823,1073741823,1073741823,1073741823,805306367,1073699839,1073602559,1073217535,1072693247,1073741823,1073741823,1073741823,1073741823:g7
1073741823,1073721343,1073741823,1073741823,1073741823,1073741823,805306367,1073699839,1073602559,1073217535,1072693247,1073741823,1073741823,1073741823,1073741823:g7
1073737727,1073725439,1073741823,1073741823,1073741823,1073741823,805306367,1073699839,1073602559,1073217535,1072693247,1073741823,1073741823,1073741823,1073741823:g7
1073725439,1073725439,1073741823,1073741823,1073741823,1073741823,805306367,1073699839,1073602559,1073217535,1072693247,1073741823,1073741823,1073741823,1073741823:g7
1073676287,1073725439,1073741823,1073741823,1073741823,1073741823,805306367,1073699839,1073602559,1073217535,1072693247,1073741823,1073741823,1073741823,1073741823:g7
1073741823,1073463295,1073741823,1073741823,1073741823,1073741823,805306367,1073699839,1073602559,1073217535,1072693247,1073741823,1073741823,1073741823,1073741823:g7
1073741823,1073659903,1073741823,1073741823,1073741823,1073741823,805306367,1073699839,1073602559,1073217535,1072693247,1073741823,1073741823,1073741823,1073741823:g7
1073741823,1073725439,1073741823,1073479679,1073741823,1073741823,805306367,1073699839,1073602559,1073217535,1072693247,1073741823,1073741823,1073741823,1073741823:g7
1073741823,1073725439,1073676287,1073741823,1073741823,1073741823,805306367,1073699839,1073602559,1073217535,1072693247,1073741823,1073741823,1073741823,1073741823:g7
1073741823,1073725439,1073741823,1073725439,1073741823,1073741823,805306367,1073699839,1073602559,1073217535,1072693247,1073741823,1073741823,1073741823,1073741823:g7
1073741823,1073725439,1073725439,1073741823,1073741823,1073741823,805306367,1073699839,1073602559,1073217535,1072693247,1073741823,1073741823,1073741823,1073741823:g7
1073741823,1073725439,1073741823,1073741823,1073741823,1073741823,805306367,1073699839,1073602559,1073216511,1072693247,1073741823,1073741823,1073741823,1073741823:g7
1073741823,1073725439,1073741823,1073741823,1073741823,1073740799,805306367,1073699839,1073602559,1073217535,1072693247,1073741823,1073741823,1073741823,1073741823:g11
1073741823,1073725439,1073741823,1073741823,1073741823,1073741823,805302271,1073699839,1073602559,1073217535,1072693247,1073741823,1073741823,1073741823,1073741823:i7
1073741823,1073725439,1073741823,1073741823,1073741823,1073725439,805306367,1073699839,1073602559,1073217535,1072693247,1073741823,1073741823,1073741823,1073741823:g7
1073741823,1073725439,1073741823,1073741823,1073741823,1073741823,805289983,1073699839,1073602559,1073217535,1072693247,1073741823,1073741823,1073741823,1073741823:g7
1073741823,1073725439,1073741823,1073741823,1073741823,1073479679,805306367,1073699839,1073602559,1073217535,1072693247,1073741823,1073741823,1073741823,1073741823:g7
1073741823,1073725439,1073741823,1073741823,1073741823,1073741823,805240831,1073699839,1073602559,1073217535,1072693247,1073741823,1073741823,1073741823,1073741823:g7
1073741823,1073725439,1073741823,1073741823,1073741823,1073741823,805306367,1073437695,1073602559,1073217535,1072693247,1073741823,1073741823,1073741823,1073741823:g7
1073741823,1073725439,1073741823,1073741823,1073741823,1073741823,805306367,1073634303,1073602559,1073217535,1072693247,1073741823,1073741823,1073741823,1073741823:g7
1073741823,1073725439,1073741823,1073741823,1073741823,1073741823,805306367,1073699839,1073602559,1073201151,1072693247,1073741823,1073741823,1073741823,1073741823:g7
1073741823,1073725439,1073741823,1073741823,1073741823,1073741823,805306367,1073699839,1073586175,1073217535,1072693247,1073741823,1073741823,1073741823,1073741823:g7
1073741823,1073725439,1073741823,1073741823,1073741823,1073740799,805306367,1073700863,1073610751,1073217535,1072693247,1073741823,1073741823,1073741823,1073741823:i8
1073741823,1073725439,1073741823,1073741823,1073741823,1073741823,805302271,1073700863,1073610751,1073217535,1072693247,1073741823,1073741823,1073741823,1073741823:i8
1073741823,1073725439,1073741823,1073741823,1073741823,1073725439,805306367,1073700863,1073610751,1073217535,1072693247,1073741823,1073741823,1073741823,1073741823:i8
1073741823,1073725439,1073741823,1073741823,1073741823,1073741823,805289983,1073700863,1073610751,1073217535,1072693247,1073741823,1073741823,1073741823,1073741823:i8
1073741823,1073725439,1073741823,1073741823,1073741823,1073479679,805306367,1073700863,1073610751,1073217535,1072693247,1073741823,1073741823,1073741823,1073741823:i8
1073741823,1073725439,1073741823,1073741823,1073741823,1073741823,805240831,1073700863,1073610751,1073217535,1072693247,1073741823,1073741823,1073741823,1073741823:j8
1073741823,1073725439,1073741823,1073741823,1073741823,1073741823,805306367,1073438719,1073610751,1073217535,1072693247,1073741823,1073741823,1073741823,1073741823:g7
1073741823,1073725439,1073741823,1073741823,1073741823,1073741823,805306367,1073635327,1073610751,1073217535,1072693247,1073741823,1073741823,1073741823,1073741823:h9
1073741823,1073725439,1073741823,1073741823,1073741823,1073741823,805306367,1073635327,1073577983,1073217535,1072692223,1073741823,1073741823,1073741823,1073741823:i10
1073741823,1073725439,1073741823,1073741823,1073741823,1073741823,805306367,1073635327,1073577983,1073217535,1072676863,1073741823,1073741823,1073741823,1073741823:j11
1073741823,1073725439,1073741823,1073741823,1073741823,1072693247,805306367,1073635327,1073577983,1073217535,1072693247,1073741823,1073741823,1073741823,1073741823:i10
1073741823,1073725439,1073741823,1073741823,1073741823,1073741823,805044223,1073635327,1073577983,1073217535,1072693247,1073741823,1073741823,1073741823,1073741823:i10
1073741823,1073725439,1073741823,1073741823,1073741823,1073741823,805306367,1072586751,1073577983,1073217535,1072693247,1073741823,1073741823,1073741823,1073741823:i10
1073741823,1073725439,1073741823,1073741823,1073741823,1073741823,805306367,1073635327,1073577983,1073217279,1072693247,1073741823,1073741823,1073741823,1073741823:i10
1073741823,1073725439,1073741823,1073741823,1073741823,1073741823,805306367,1073635327,1073576959,1073217535,1072693247,1073741823,1073741823,1073741823,1073741823:i10
1073741823,1073725439,1073741823,1073741823,1073741823,1073741823,805306367,1073635071,1073577983,1073217535,1072693247,1073741823,1073741823,1073741823,1073741823:i10
1073741823,1073725439,1073741823,1073741823,1073741823,1073741567,805306367,1073635327,1073577983,1073217535,1072693247,1073741823,1073741823,1073741823,1073741823:i10
1073741823,1073725439,1073741823,1073741823,1073741823,1073741823,805305343,1073635327,1073577983,1073217535,1072693247,1073741823,1073741823,1073741823,1073741823:h7
1073741823,1073725439,1073741823,1073741823,1073741823,1073737727,805306367,1073635327,1073577983,1073217535,1072693247,1073741823,1073741823,1073741823,1073741823:i10
1073741823,1073725439,1073741823,1073741823,1073741823,1073676287,805306367,1073635327,1073577983,1073217535,1072693247,1073741823,1073741823,1073741823,1073741823:i10
1073741823,1073725439,1073741823,1073741823,1073741823,1073741823,805306367,1073635327,1073577983,1073213439,1072693247,1073741823,1073741823,1073741823,1073741823:j11
1073741823,1073725439,1073741823,1073741823,1073741823,1073741823,805306367,1073635327,1073577983,1073217535,1072693247,1073741823,1073676287,1073741823,1073741823:i10
1073741823,1073725439,1073741823,1073741823,1073741823,1073741823,805306367,1073635327,1073577983,1073217535,1055916031,1073741823,1073741823,1073741823,1073741823:j11
1073741823,1073725439,1073741823,1073741823,1073741823,1073741823,805306367,1073635327,1073577983,1073217535,1068498943,1073741823,1073741823,1073741823,1073741823:j11
1073741823,1073725439,1073741823,1073741823,1073741823,1073741823,805306367,1073635327,1073577983,1073217535,1072693247,1073741823,1056964607,1073741823,1073741823:i10
1073741823,1073725439,1073741823,1073741823,1073741823,1073741823,805306367,1073635327,1073577983,1073217535,1072693247,1073741823,1072693247,1073741823,1073741823:i10
1073741823,1073725439,1073741823,1073741823,1073741823,1073741823,805306367,1073635327,1073577983,1073217535,1072693247,1072693247,1073741823,1073741823,1073741823:i10
1073741823,1073725439,1073741823,1073741823,1073741823,1073741823,805306367,1073635327,1073577983,1073217535,1072693247,1073725439,1073741823,1073741823,1073741823:i10
1073741823,1073725439,1073741823,1073741823,1073741823,1073741823,805306367,1069441023,1073577983,1073217535,1072693247,1073741823,1073741823,1073741823,1073741823:i10
1073741823,1073725439,1073741823,1073741823,1073741823,1073741823,805306367,1073635327,1073577983,1069023231,1072693247,1073741823,1073741823,1073741823,1073741823:i10
1073741823,1073725439,1073741823,1073741823,1073741823,1073741823,805306367,1073635327,1073577983,1072168959,1072693247,1073741823,1073741823,1073741823,1073741823:h7
1073741823,1073725439,1073741823,1073741823,1073741823,1073741823,805306367,1073635327,1073577983,1073217535,1072693247,1069547519,1073741823,1073741823,1073741823:i10
1073741823,1073725439,1073741823,1073741823,1073741823,1073741823,805306367,1073635327,1073577983,1073217535,1072693247,1073479679,1073741823,1073741823,1073741823:i10
1073741823,1073725439,1073741823,1073741823,1073741823,1073741823,805306367,1073635327,1073577983,1073217535,1072431103,1073741823,1073741823,1073741823,1073741823:h7
1073741823,1073725439,1073741823,1073741823,1073741823,1073741823,805306367,1073635327,1056800767,1073217535,1072693247,1073741823,1073741823,1073741823,1073741823:i10
1073741823,1073725439,1073741823,1073741823,1073741823,1073741823,805306367,1006526463,1073577983,1073217535,1072693247,1073741823,1073741823,1073741823,1073741823:i10
1073741823,1073725439,1073741823,1073741823,1073741823,1073741823,788529151,1073635327,1073577983,1073217535,1072693247,1073741823,1073741823,1073741823,1073741823:i10
1073741823,1073725439,1073741823,1073741823,1073741823,1073741823,738197503,1073635327,1073577983,1073217535,1072693247,1073741823,1073741823,1073741823,1073741823:i10
1073741823,1073725439,1073741823,1073741823,1056964607,1073741823,805306367,1073635327,1073577983,1073217535,1072693247,1073741823,1073741823,1073741823,1073741823:i10
1073741823,1073725439,1073741823,1073741823,1073741823,1006632959,805306367,1073635327,1073577983,1073217535,1072693247,1073741823,1073741823,1073741823,1073741823:i10
1073741823,1073725439,1073741823,1073741823,805306367,1073741823,805306367,1073635327,1073577983,1073217535,1072693247,1073741823,1073741823,1073741823,1073741823:i10
1073741823,1073725439,1073741823,1073741823,1073741823,805306367,805306367,1073635327,1073577983,1073217535,1072693247,1073741823,1073741823,1073741823,1073741823:i10
1073741823,1073725439,1073741823,1073741823,1073741823,1073741823,805306367,1073635327,805142527,1073217535,1072693247,1073741823,1073741823,1073741823,1073741823:i10
1073741823,1073725439,1073741823,1073741823,1073741823,1073741823,805306367,805199871,1073577983,1073217535,1072693247,1073741823,1073741823,1073741823,1073741823:i10
1073741823,1073725439,1073741823,1073741823,1073741823,1073741823,805306367,1073635327,1073577983,1073217535,1072689151,1073741823,1073741823,1073741823,1073741823:j11
1073741823,1073725439,1073741823,1073741823,1073741823,1073741823,804257791,1073635327,1073577983,1073217535,1072693247,1073741823,1073741823,1073741823,1073741823:i10
1073741823,1073725439,1073741823,1073741823,1073741823,1073741823,805306367,1073635327,1072529407,1073217535,1072693247,1073741823,1073741823,1073741823,1073741823:i10
1073741823,1073725439,1073741823,1073741823,1073741823,1073741823,805306367,1073635327,1073315839,1073217535,1072693247,1073741823,1073741823,1073741823,1073741823:i10
1073741823,1073725439,1073741823,1073741823,1073741823,1073741823,805306367,1073635327,1073577983,1073217535,1072627711,1073741823,1073741823,1073741823,1073741823:j11
1073741823,1073725439,1073741823,1073741823,1073741823,1073741823,805306367,1073635327,1073577983,1073151999,1072693247,1073741823,1073741823,1073741823,1073741823:h7
1073741823,1073725439,1073741823,1073740799,1073741823,1073741823,805306367,1073635327,1073577983,1073217535,1072693247,1073741823,1073741823,1073741823,1073741823:i10
1073741823,1073725439,1073737727,1073741823,1073741823,1073741823,805306367,1073635327,1073577983,1073217535,1072693247,1073741823,1073741823,1073741823,1073741823:i10
1073741823,1073724415,1073741823,1073741823,1073741823,1073741823,805306367,1073635327,1073577983,1073217535,1072693247,1073741823,1073741823,1073741823,1073741823:i10
1073741823,1073721343,1073741823,1073741823,1073741823,1073741823,805306367,1073635327,1073577983,1073217535,1072693247,1073741823,1073741823,1073741823,1073741823:i10
1073737727,1073725439,1073741823,1073741823,1073741823,1073741823,805306367,1073635327,1073577983,1073217535,1072693247,1073741823,1073741823,1073741823,1073741823:i10
1073725439,1073725439,1073741823,1073741823,1073741823,1073741823,805306367,1073635327,1073577983,1073217535,1072693247,1073741823,1073741823,1073741823,1073741823:i10
1073676287,1073725439,1073741823,1073741823,1073741823,1073741823,805306367,1073635327,1073577983,1073217535,1072693247,1073741823,1073741823,1073741823,1073741823:i10
1073741823,1073463295,1073741823,1073741823,1073741823,1073741823,805306367,1073635327,1073577983,1073217535,1072693247,1073741823,1073741823,1073741823,1073741823:i10
1073741823,1073659903,1073741823,1073741823,1073741823,1073741823,805306367,1073635327,1073577983,1073217535,1072693247,1073741823,1073741823,1073741823,1073741823:i10
1073741823,1073725439,1073741823,1073479679,1073741823,1073741823,805306367,1073635327,1073577983,1073217535,1072693247,1073741823,1073741823,1073741823,1073741823:i10
1073741823,1073725439,1073676287,1073741823,1073741823,1073741823,805306367,1073635327,1073577983,1073217535,1072693247,1073741823,1073741823,1073741823,1073741823:i10
1073741823,1073725439,1073741823,1073725439,1073741823,1073741823,805306367,1073635327,1073577983,1073217535,1072693247,1073741823,1073741823,1073741823,1073741823:i10
1073741823,1073725439,1073725439,1073741823,1073741823,1073741823,805306367,1073635327,1073577983,1073217535,1072693247,1073741823,1073741823,1073741823,1073741823:i10
1073741823,1073725439,1073741823,1073741823,1073741823,1073741823,805306367,1073635327,1073577983,1073216511,1072693247,1073741823,1073741823,1073741823,1073741823:i10
1073741823,1073725439,1073741823,1073741823,1073741823,1073741823,805306367,1073635327,1073573887,1073217535,1072693247,1073741823,1073741823,1073741823,1073741823:i10
1073741823,1073725439,1073741823,1073741823,1073741823,1073741823,805306367,1073634303,1073577983,1073217535,1072693247,1073741823,1073741823,1073741823,1073741823:i10
1073741823,1073725439,1073741823,1073741823,1073741823,1073740799,805306367,1073635327,1073577983,1073217535,1072693247,1073741823,1073741823,1073741823,1073741823:i10
1073741823,1073725439,1073741823,1073741823,1073741823,1073741823,805302271,1073635327,1073577983,1073217535,1072693247,1073741823,1073741823,1073741823,1073741823:i10
1073741823,1073725439,1073741823,1073741823,1073741823,1073725439,805306367,1073635327,1073577983,1073217535,1072693247,1073741823,1073741823,1073741823,1073741823:i10
1073741823,1073725439,1073741823,1073741823,1073741823,1073741823,805289983,1073635327,1073577983,1073217535,1072693247,1073741823,1073741823,1073741823,1073741823:i10
1073741823,1073725439,1073741823,1073741823,1073741823,1073479679,805306367,1073635327,1073577983,1073217535,1072693247,1073741823,1073741823,1073741823,1073741823:i10
1073741823,1073725439,1073741823,1073741823,1073741823,1073741823,805240831,1073635327,1073577983,1073217535,1072693247,1073741823,1073741823,1073741823,1073741823:i10
1073741823,1073725439,1073741823,1073741823,1073741823,1073741823,805306367,1073373183,1073577983,1073217535,1072693247,1073741823,1073741823,1073741823,1073741823:i10
1073741823,1073725439,1073741823,1073741823,1073741823,1073741823,805306367,1073635327,1073577983,1073201151,1072693247,1073741823,1073741823,1073741823,1073741823:j11
1073741823,1073725439,1073741823,1073741823,1073741823,1073741823,805306367,1073700863,1073610751,1073201151,1072693247,1073741823,1073741823,1073741823,1073741823:i8
1073741823,1073725439,1073741823,1073741823,1073741823,1073741823,805306367,1073700863,1073594367,1073217535,1072693247,1073741823,1073741823,1073741823,1073741823:i8
1073741823,1073725439,1073741823,1073741823,1073741823,1073741823,805306367,1073709055,1073610751,1073217535,1073676287,1073741823,1073741823,1073741823,1073741823:g7
1073741823,1073725439,1073741823,1073741823,1073741823,1073741823,805306367,1073709055,1073610751,1073151999,1073741823,1073741823,1073741823,1073741823,1073741823:g7
1073741823,1073725439,1073741823,1073740799,1073741823,1073741823,805306367,1073709055,1073610751,1073217535,1073741823,1073741823,1073741823,1073741823,1073741823:g7
1073741823,1073725439,1073737727,1073741823,1073741823,1073741823,805306367,1073709055,1073610751,1073217535,1073741823,1073741823,1073741823,1073741823,1073741823:g7
1073741823,1073724415,1073741823,1073741823,1073741823,1073741823,805306367,1073709055,1073610751,1073217535,1073741823,1073741823,1073741823,1073741823,1073741823:g7
1073741823,1073721343,1073741823,1073741823,1073741823,1073741823,805306367,1073709055,1073610751,1073217535,1073741823,1073741823,1073741823,1073741823,1073741823:g7
1073737727,1073725439,1073741823,1073741823,1073741823,1073741823,805306367,1073709055,1073610751,1073217535,1073741823,1073741823,1073741823,1073741823,1073741823:g7
1073725439,1073725439,1073741823,1073741823,1073741823,1073741823,805306367,1073709055,1073610751,1073217535,1073741823,1073741823,1073741823,1073741823,1073741823:g7
1073676287,1073725439,1073741823,1073741823,1073741823,1073741823,805306367,1073709055,1073610751,1073217535,1073741823,1073741823,1073741823,1073741823,1073741823:g7
1073741823,1073463295,1073741823,1073741823,1073741823,1073741823,805306367,1073709055,1073610751,1073217535,1073741823,1073741823,1073741823,1073741823,1073741823:g7
1073741823,1073659903,1073741823,1073741823,1073741823,1073741823,805306367,1073709055,1073610751,1073217535,1073741823,1073741823,1073741823,1073741823,1073741823:g7
1073741823,1073725439,1073741823,1073479679,1073741823,1073741823,805306367,1073709055,1073610751,1073217535,1073741823,1073741823,1073741823,1073741823,1073741823:g7
1073741823,1073725439,1073676287,1073741823,1073741823,1073741823,805306367,1073709055,1073610751,1073217535,1073741823,1073741823,1073741823,1073741823,1073741823:g7
1073741823,1073725439,1073741823,1073725439,1073741823,1073741823,805306367,1073709055,1073610751,1073217535,1073741823,1073741823,1073741823,1073741823,1073741823:g7
1073741823,1073725439,1073725439,1073741823,1073741823,1073741823,805306367,1073709055,1073610751,1073217535,1073741823,1073741823,1073741823,1073741823,1073741823:g7
1073741823,1073725439,1073741823,1073741823,1073741823,1073741823,805306367,1073709055,1073610751,1073216511,1073741823,1073741823,1073741823,1073741823,1073741823:g7
1073741823,1073725439,1073741823,1073741823,1073741823,1073741823,805306367,1073709055,1073606655,1073217535,1073741823,1073741823,1073741823,1073741823,1073741823:g7
1073741823,1073725439,1073741823,1073741823,1073741823,1073741823,805306367,1073708031,1073610751,1073217535,1073741823,1073741823,1073741823,1073741823,1073741823:g7
1073741823,1073725439,1073741823,1073741823,1073741823,1073741823,805306367,1073704959,1073610751,1073217535,1073741823,1073741823,1073741823,1073741823,1073741823:g7
1073741823,1073725439,1073741823,1073741823,1073741823,1073740799,805306367,1073709055,1073610751,1073217535,1073741823,1073741823,1073741823,1073741823,1073741823:k11
1073741823,1073725439,1073741823,1073741823,1073741823,1073741823,805302271,1073709055,1073610751,1073217535,1073741823,1073741823,1073741823,1073741823,1073741823:j9
1073741823,1073725439,1073741823,1073741823,1073741823,1073741823,805302271,1073709055,1073086463,1073217535,1073725439,1073741823,1073741823,1073741823,1073741823:g9
1073741823,1073725439,1073741823,1073741823,1073741823,1073741823,805040127,1073709055,1073086463,1073217535,1073741823,1073741823,1073741823,1073741823,1073741823:k9
1073741823,1073725439,1073741823,1073741823,1073741823,1073741823,805040127,1073709055,1070989311,1073217535,1056964607,1073741823,1073741823,1073741823,1073741823:k11
1073741823,1073725439,1073741823,1073741823,1073725439,1073741823,805040127,1073709055,1070989311,1073217535,1073741823,1073741823,1073741823,1073741823,1073741823:k11
1073741823,1073725439,1073741823,1073741823,1073741823,1073676287,805040127,1073709055,1070989311,1073217535,1073741823,1073741823,1073741823,1073741823,1073741823:h9
1073741823,1073725439,1073741823,1073741823,1073479679,1073741823,805040127,1073709055,1070989311,1073217535,1073741823,1073741823,1073741823,1073741823,1073741823:k11
1073741823,1073725439,1073741823,1073741823,1069547519,1073741823,805040127,1073709055,1070989311,1073217535,1073741823,1073741823,1073741823,1073741823,1073741823:k11
1073741823,1073725439,1073741823,1073741823,1073741823,1072693247,805040127,1073709055,1070989311,1073217535,1073741823,1073741823,1073741823,1073741823,1073741823:k11
1073741823,1073725439,1073741823,1073741823,1073741823,1073741823,805040127,1073709055,1070989311,1073217535,1073725439,1073741823,1073741823,1073741823,1073741823:k11
1073741823,1073725439,1073741823,1073741823,1073741823,1073741823,800845823,1073709055,1070989311,1073217535,1073741823,1073741823,1073741823,1073741823,1073741823:k11
1073741823,1073725439,1073741823,1073741823,1073741823,1073741823,805040127,1072660479,1070989311,1073217535,1073741823,1073741823,1073741823,1073741823,1073741823:h9
1073741823,1073725439,1073741823,1073741823,1073741823,1073741823,805040127,1073709055,1066795007,1073217535,1073741823,1073741823,1073741823,1073741823,1073741823:g9
1073741823,1073725439,1073741823,1073741823,1073741823,1073741823,805040127,1073709055,1070989311,1073217535,1069547519,1073741823,1073741823,1073741823,1073741823:k11
1073741823,1073725439,1073741823,1073741823,1073741823,1073741823,805040127,1073709055,1070989055,1073217535,1073741823,1073741823,1073741823,1073741823,1073741823:k11
1073741823,1073725439,1073741823,1073741823,1073741823,1073741823,805039871,1073709055,1070989311,1073217535,1073741823,1073741823,1073741823,1073741823,1073741823:k11
1073741823,1073725439,1073741823,1073741823,1073741823,1073741823,805039103,1073709055,1070989311,1073217535,1073741823,1073741823,1073741823,1073741823,1073741823:k11
1073741823,1073725439,1073741823,1073741823,1073741567,1073741823,805040127,1073709055,1070989311,1073217535,1073741823,1073741823,1073741823,1073741823,1073741823:k11
1073741823,1073725439,1073741823,1073741823,1073737727,1073741823,805040127,1073709055,1070989311,1073217535,1073741823,1073741823,1073741823,1073741823,1073741823:k11
1073741823,1073725439,1073741823,1073741823,1073741823,1073737727,805040127,1073709055,1070989311,1073217535,1073741823,1073741823,1073741823,1073741823,1073741823:k11
1073741823,1073725439,1073741823,1073741823,1073676287,1073741823,805040127,1073709055,1070989311,1073217535,1073741823,1073741823,1073741823,1073741823,1073741823:k11
1073741823,1073725439,1073741823,1073741823,1073741823,1073741823,805040127,1073709055,1070989311,1073217535,1073741823,1073725439,1073741823,1073741823,1073741823:k11
1073741823,1073725439,1073741823,1073741823,1073741823,1073741823,805040127,1069514751,1070989311,1073217535,1073741823,1073741823,1073741823,1073741823,1073741823:k11
1073741823,1073725439,1073741823,1073741823,1073741823,1073741823,805040127,1073709055,1070989311,1069023231,1073741823,1073741823,1073741823,1073741823,1073741823:k11
1073741823,1073725439,1073741823,1073741823,1073741823,1073741823,805040127,1073709055,1070989311,1072168959,1073741823,1073741823,1073741823,1073741823,1073741823:h9
1073741823,1073725439,1073741823,1073741823,1073741823,1073741823,805040127,1073709055,1070989311,1073217535,1073741823,1069547519,1073741823,1073741823,1073741823:h9
1073741823,1073725439,1073741823,1073741823,1073741823,1073741823,805040127,1073709055,1070989311,1073217535,1073741823,1073479679,1073741823,1073741823,1073741823:h9
1073741823,1073725439,1073741823,1073741823,1073741823,1073741823,805040127,1073709055,1070989311,1073217535,1073479679,1073741823,1073741823,1073741823,1073741823:k11
1073741823,1073725439,1073741823,1073741823,1073741823,1073741823,805040127,1073709055,1054212095,1073217535,1073741823,1073741823,1073741823,1073741823,1073741823:k11
1073741823,1073725439,1073741823,1073741823,1073741823,1073741823,805040127,1006600191,1070989311,1073217535,1073741823,1073741823,1073741823,1073741823,1073741823:k11
1073741823,1073725439,1073741823,1073741823,1073741823,1073741823,788262911,1073709055,1070989311,1073217535,1073741823,1073741823,1073741823,1073741823,1073741823:k11
1073741823,1073725439,1073741823,1073741823,1073741823,1073741823,737931263,1073709055,1070989311,1073217535,1073741823,1073741823,1073741823,1073741823,1073741823:k11
1073741823,1073725439,1073741823,1073741823,1056964607,1073741823,805040127,1073709055,1070989311,1073217535,1073741823,1073741823,1073741823,1073741823,1073741823:k11
1073741823,1073725439,1073741823,1073741823,1073741823,1006632959,805040127,1073709055,1070989311,1073217535,1073741823,1073741823,1073741823,1073741823,1073741823:k11
1073741823,1073725439,1073741823,1073741823,805306367,1073741823,805040127,1073709055,1070989311,1073217535,1073741823,1073741823,1073741823,1073741823,1073741823:k11
1073741823,1073725439,1073741823,1073741823,1073741823,805306367,805040127,1073709055,1070989311,1073217535,1073741823,1073741823,1073741823,1073741823,1073741823:k11
1073741823,1073725439,1073741823,1073741823,1073741823,1073741823,805040127,1073709055,802553855,1073217535,1073741823,1073741823,1073741823,1073741823,1073741823:k11
1073741823,1073725439,1073741823,1073741823,1073741823,1073741823,805040127,805273599,1070989311,1073217535,1073741823,1073741823,1073741823,1073741823,1073741823:k11
1073741823,1073725439,1073741823,1073741823,1073741823,1073741823,805040127,1073709055,1070989311,1073217535,1073737727,1073741823,1073741823,1073741823,1073741823:k11
1073741823,1073725439,1073741823,1073741823,1073741823,1073741823,803991551,1073709055,1070989311,1073217535,1073741823,1073741823,1073741823,1073741823,1073741823:k11
1073741823,1073725439,1073741823,1073741823,1073741823,1073741823,805040127,1073709055,1070989311,1073217535,1072693247,1073741823,1073741823,1073741823,1073741823:h9
1073741823,1073725439,1073741823,1073741823,1073741823,1073741823,805040127,1073709055,1070989311,1073217535,1073676287,1073741823,1073741823,1073741823,1073741823:k11
1073741823,1073725439,1073741823,1073741823,1073741823,1073741823,805040127,1073709055,1070989311,1073151999,1073741823,1073741823,1073741823,1073741823,1073741823:k11
1073741823,1073725439,1073741823,1073740799,1073741823,1073741823,805040127,1073709055,1070989311,1073217535,1073741823,1073741823,1073741823,1073741823,1073741823:k11
1073741823,1073725439,1073737727,1073741823,1073741823,1073741823,805040127,1073709055,1070989311,1073217535,1073741823,1073741823,1073741823,1073741823,1073741823:k11
1073741823,1073724415,1073741823,1073741823,1073741823,1073741823,805040127,1073709055,1070989311,1073217535,1073741823,1073741823,1073741823,1073741823,1073741823:k11
1073741823,1073721343,1073741823,1073741823,1073741823,1073741823,805040127,1073709055,1070989311,1073217535,1073741823,1073741823,1073741823,1073741823,1073741823:k11
1073737727,1073725439,1073741823,1073741823,1073741823,1073741823,805040127,1073709055,1070989311,1073217535,1073741823,1073741823,1073741823,1073741823,1073741823:k11
1073725439,1073725439,1073741823,1073741823,1073741823,1073741823,805040127,1073709055,1070989311,1073217535,1073741823,1073741823,1073741823,1073741823,1073741823:k11
1073676287,1073725439,1073741823,1073741823,1073741823,1073741823,805040127,1073709055,1070989311,1073217535,1073741823,1073741823,1073741823,1073741823,1073741823:k11
1073741823,1073463295,1073741823,1073741823,1073741823,1073741823,805040127,1073709055,1070989311,1073217535,1073741823,1073741823,1073741823,1073741823,1073741823:k11
1073741823,1073659903,1073741823,1073741823,1073741823,1073741823,805040127,1073709055,1070989311,1073217535,1073741823,1073741823,1073741823,1073741823,1073741823:k11
1073741823,1073725439,1073741823,1073479679,1073741823,1073741823,805040127,1073709055,1070989311,1073217535,1073741823,1073741823,1073741823,1073741823,1073741823:k11
1073741823,1073725439,1073676287,1073741823,1073741823,1073741823,805040127,1073709055,1070989311,1073217535,1073741823,1073741823,1073741823,1073741823,1073741823:k11
1073741823,1073725439,1073741823,1073725439,1073741823,1073741823,805040127,1073709055,1070989311,1073217535,1073741823,1073741823,1073741823,1073741823,1073741823:k11
1073741823,1073725439,1073725439,1073741823,1073741823,1073741823,805040127,1073709055,1070989311,1073217535,1073741823,1073741823,1073741823,1073741823,1073741823:k11
1073741823,1073725439,1073741823,1073741823,1073741823,1073741823,805040127,1073709055,1070989311,1073216511,1073741823,1073741823,1073741823,1073741823,1073741823:k11
1073741823,1073725439,1073741823,1073741823,1073741823,1073741823,805040127,1073709055,1070985215,1073217535,1073741823,1073741823,1073741823,1073741823,1073741823:k11
1073741823,1073725439,1073741823,1073741823,1073741823,1073741823,805040127,1073708031,1070989311,1073217535,1073741823,1073741823,1073741823,1073741823,1073741823:k11
1073741823,1073725439,1073741823,1073741823,1073741823,1073741823,805040127,1073704959,1070989311,1073217535,1073741823,1073741823,1073741823,1073741823,1073741823:k11
1073741823,1073725439,1073741823,1073741823,1073741823,1073740799,805040127,1073709055,1070989311,1073217535,1073741823,1073741823,1073741823,1073741823,1073741823:k11
1073741823,1073725439,1073741823,1073741823,1073741823,1073725439,805040127,1073709055,1070989311,1073217535,1073741823,1073741823,1073741823,1073741823,1073741823:k11
1073741823,1073725439,1073741823,1073741823,1073741823,1073741823,805023743,1073709055,1070989311,1073217535,1073741823,1073741823,1073741823,1073741823,1073741823:h9
1073741823,1073725439,1073741823,1073741823,1073741823,1073479679,805040127,1073709055,1070989311,1073217535,1073741823,1073741823,1073741823,1073741823,1073741823:k11
1073741823,1073725439,1073741823,1073741823,1073741823,1073741823,804974591,1073709055,1070989311,1073217535,1073741823,1073741823,1073741823,1073741823,1073741823:h9
1073741823,1073725439,1073741823,1073741823,1073741823,1073741823,805040127,1073446911,1070989311,1073217535,1073741823,1073741823,1073741823,1073741823,1073741823:k11
1073741823,1073725439,1073741823,1073741823,1073741823,1073741823,805040127,1073643519,1070989311,1073217535,1073741823,1073741823,1073741823,1073741823,1073741823:k11
1073741823,1073725439,1073741823,1073741823,1073741823,1073741823,805040127,1073709055,1070989311,1073201151,1073741823,1073741823,1073741823,1073741823,1073741823:k11
1073741823,1073725439,1073741823,1073741823,1073741823,1073741823,805040127,1073709055,1070972927,1073217535,1073741823,1073741823,1073741823,1073741823,1073741823:k11
1073741823,1073725439,1073741823,1073741823,1073741823,1073741823,801107967,1073709055,1073086463,1073217535,1073741823,1073741823,1073741823,1073741823,1073741823:g9
1073741823,1073725439,1073741823,1073741823,1073741823,1073741823,805302271,1072660479,1073086463,1073217535,1073741823,1073741823,1073741823,1073741823,1073741823:h9
1073741823,1073725439,1073741823,1073741823,1073741823,1073741823,805302271,1073709055,1068892159,1073217535,1073741823,1073741823,1073741823,1073741823,1073741823:g9
1073741823,1073725439,1073741823,1073741823,1073741823,1073741823,805302271,1073709055,1073086463,1073217535,1069547519,1073741823,1073741823,1073741823,1073741823:g9
1073741823,1073725439,1073741823,1073741823,1073741823,1073741823,805302271,1073709055,1073086207,1073217535,1073741823,1073741823,1073741823,1073741823,1073741823:g9
1073741823,1073725439,1073741823,1073741823,1073741823,1073741823,805302015,1073709055,1073086463,1073217535,1073741823,1073741823,1073741823,1073741823,1073741823:g9
1073741823,1073725439,1073741823,1073741823,1073741823,1073741823,805301247,1073709055,1073086463,1073217535,1073741823,1073741823,1073741823,1073741823,1073741823:k9
1073741823,1073725439,1073741823,1073741823,1073741567,1073741823,805302271,1073709055,1073086463,1073217535,1073741823,1073741823,1073741823,1073741823,1073741823:g9
1073741823,1073725439,1073741823,1073741823,1073737727,1073741823,805302271,1073709055,1073086463,1073217535,1073741823,1073741823,1073741823,1073741823,1073741823:g9
1073741823,1073725439,1073741823,1073741823,1073741823,1073737727,805302271,1073709055,1073086463,1073217535,1073741823,1073741823,1073741823,1073741823,1073741823:k9
1073741823,1073725439,1073741823,1073741823,1073676287,1073741823,805302271,1073709055,1073086463,1073217535,1073741823,1073741823,1073741823,1073741823,1073741823:g9
1073741823,1073725439,1073741823,1073741823,1073741823,1073741823,805302271,1073709055,1073086463,1073217535,1073741823,1073725439,1073741823,1073741823,1073741823:g9
1073741823,1073725439,1073741823,1073741823,1073741823,1073741823,805302271,1069514751,1073086463,1073217535,1073741823,1073741823,1073741823,1073741823,1073741823:g9
1073741823,1073725439,1073741823,1073741823,1073741823,1073741823,805302271,1073709055,1073086463,1069023231,1073741823,1073741823,1073741823,1073741823,1073741823:g9
1073741823,1073725439,1073741823,1073741823,1073741823,1073741823,805302271,1073709055,1073086463,1072168959,1073741823,1073741823,1073741823,1073741823,1073741823:g9
1073741823,1073725439,1073741823,1073741823,1073741823,1073741823,805302271,1073709055,1073086463,1073217535,1073741823,1069547519,1073741823,1073741823,1073741823:g9
1073741823,1073725439,1073741823,1073741823,1073741823,1073741823,805302271,1073709055,1073086463,1073217535,1073741823,1073479679,1073741823,1073741823,1073741823:h9
1073741823,1073725439,1073741823,1073741823,1073741823,1073741823,805302271,1073709055,1073086463,1073217535,1073479679,1073741823,1073741823,1073741823,1073741823:h9
1073741823,1073725439,1073741823,1073741823,1073741823,1073741823,805302271,1073709055,1056309247,1073217535,1073741823,1073741823,1073741823,1073741823,1073741823:g9
1073741823,1073725439,1073741823,1073741823,1073741823,1073741823,805302271,1006600191,1073086463,1073217535,1073741823,1073741823,1073741823,1073741823,1073741823:g9
1073741823,1073725439,1073741823,1073741823,1073741823,1073741823,788525055,1073709055,1073086463,1073217535,1073741823,1073741823,1073741823,1073741823,1073741823:g9
1073741823,1073725439,1073741823,1073741823,1073741823,1073741823,738193407,1073709055,1073086463,1073217535,1073741823,1073741823,1073741823,1073741823,1073741823:g9
1073741823,1073725439,1073741823,1073741823,1056964607,1073741823,805302271,1073709055,1073086463,1073217535,1073741823,1073741823,1073741823,1073741823,1073741823:g9
1073741823,1073725439,1073741823,1073741823,1073741823,1006632959,805302271,1073709055,1073086463,1073217535,1073741823,1073741823,1073741823,1073741823,1073741823:g9
1073741823,1073725439,1073741823,1073741823,805306367,1073741823,805302271,1073709055,1073086463,1073217535,1073741823,1073741823,1073741823,1073741823,1073741823:g9
1073741823,1073725439,1073741823,1073741823,1073741823,805306367,805302271,1073709055,1073086463,1073217535,1073741823,1073741823,1073741823,1073741823,1073741823:g9
1073741823,1073725439,1073741823,1073741823,1073741823,1073741823,805302271,1073709055,804651007,1073217535,1073741823,1073741823,1073741823,1073741823,1073741823:g9
1073741823,1073725439,1073741823,1073741823,1073741823,1073741823,805302271,805273599,1073086463,1073217535,1073741823,1073741823,1073741823,1073741823,1073741823:g9
1073741823,1073725439,1073741823,1073741823,1073741823,1073741823,805302271,1073709055,1073086463,1073217535,1073737727,1073741823,1073741823,1073741823,1073741823:g9
1073741823,1073725439,1073741823,1073741823,1073741823,1073741823,804253695,1073709055,1073086463,1073217535,1073741823,1073741823,1073741823,1073741823,1073741823:g9
1073741823,1073725439,1073741823,1073741823,1073741823,1073741823,805302271,1073709055,1072037887,1073217535,1073741823,1073741823,1073741823,1073741823,1073741823:j8
1073741823,1073725439,1073741823,1073741823,1073741823,1073741823,805302271,1073709055,1073086463,1073217535,1072693247,1073741823,1073741823,1073741823,1073741823:g9
1073741823,1073725439,1073741823,1073741823,1073741823,1073741823,805302271,1073709055,1073086463,1073217535,1073676287,1073741823,1073741823,1073741823,1073741823:g9
1073741823,1073725439,1073741823,1073741823,1073741823,1073741823,805302271,1073709055,1073086463,1073151999,1073741823,1073741823,1073741823,1073741823,1073741823:h9
1073741823,1073725439,1073741823,1073740799,1073741823,1073741823,805302271,1073709055,1073086463,1073217535,1073741823,1073741823,1073741823,1073741823,1073741823:g9
1073741823,1073725439,1073737727,1073741823,1073741823,1073741823,805302271,1073709055,1073086463,1073217535,1073741823,1073741823,1073741823,1073741823,1073741823:g9
1073741823,1073724415,1073741823,1073741823,1073741823,1073741823,805302271,1073709055,1073086463,1073217535,1073741823,1073741823,1073741823,1073741823,1073741823:g9
1073741823,1073721343,1073741823,1073741823,1073741823,1073741823,805302271,1073709055,1073086463,1073217535,1073741823,1073741823,1073741823,1073741823,1073741823:g9
1073737727,1073725439,1073741823,1073741823,1073741823,1073741823,805302271,1073709055,1073086463,1073217535,1073741823,1073741823,1073741823,1073741823,1073741823:g9
1073725439,1073725439,1073741823,1073741823,1073741823,1073741823,805302271,1073709055,1073086463,1073217535,1073741823,1073741823,1073741823,1073741823,1073741823:g9
1073676287,1073725439,1073741823,1073741823,1073741823,1073741823,805302271,1073709055,1073086463,1073217535,1073741823,1073741823,1073741823,1073741823,1073741823:g9
1073741823,1073463295,1073741823,1073741823,1073741823,1073741823,805302271,1073709055,1073086463,1073217535,1073741823,1073741823,1073741823,1073741823,1073741823:g9
1073741823,1073659903,1073741823,1073741823,1073741823,1073741823,805302271,1073709055,1073086463,1073217535,1073741823,1073741823,1073741823,1073741823,1073741823:g9
1073741823,1073725439,1073741823,1073479679,1073741823,1073741823,805302271,1073709055,1073086463,1073217535,1073741823,1073741823,1073741823,1073741823,1073741823:g9
1073741823,1073725439,1073676287,1073741823,1073741823,1073741823,805302271,1073709055,1073086463,1073217535,1073741823,1073741823,1073741823,1073741823,1073741823:g9
1073741823,1073725439,1073741823,1073725439,1073741823,1073741823,805302271,1073709055,1073086463,1073217535,1073741823,1073741823,1073741823,1073741823,1073741823:g9
1073741823,1073725439,1073725439,1073741823,1073741823,1073741823,805302271,1073709055,1073086463,1073217535,1073741823,1073741823,1073741823,1073741823,1073741823:g9
1073741823,1073725439,1073741823,1073741823,1073741823,1073741823,805302271,1073709055,1073086463,1073216511,1073741823,1073741823,1073741823,1073741823,1073741823:h9
1073741823,1073725439,1073741823,1073741823,1073741823,1073741823,805302271,1073709055,1073082367,1073217535,1073741823,1073741823,1073741823,1073741823,1073741823:k9
1073741823,1073725439,1073741823,1073741823,1073741823,1073741823,805302271,1073708031,1073086463,1073217535,1073741823,1073741823,1073741823,1073741823,1073741823:h9
1073741823,1073725439,1073741823,1073741823,1073741823,1073741823,805302271,1073704959,1073086463,1073217535,1073741823,1073741823,1073741823,1073741823,1073741823:k9
1073741823,1073725439,1073741823,1073741823,1073741823,1073740799,805302271,1073709055,1073086463,1073217535,1073741823,1073741823,1073741823,1073741823,1073741823:h9
1073741823,1073725439,1073741823,1073741823,1073741823,1073725439,805302271,1073709055,1073086463,1073217535,1073741823,1073741823,1073741823,1073741823,1073741823:h9
1073741823,1073725439,1073741823,1073741823,1073741823,1073741823,805285887,1073709055,1073086463,1073217535,1073741823,1073741823,1073741823,1073741823,1073741823:k9
1073741823,1073725439,1073741823,1073741823,1073741823,1073479679,805302271,1073709055,1073086463,1073217535,1073741823,1073741823,1073741823,1073741823,1073741823:h9
1073741823,1073725439,1073741823,1073741823,1073741823,1073741823,805236735,1073709055,1073086463,1073217535,1073741823,1073741823,1073741823,1073741823,1073741823:k9
1073741823,1073725439,1073741823,1073741823,1073741823,1073741823,805302271,1073446911,1073086463,1073217535,1073741823,1073741823,1073741823,1073741823,1073741823:h9
1073741823,1073725439,1073741823,1073741823,1073741823,1073741823,805302271,1073643519,1073086463,1073217535,1073741823,1073741823,1073741823,1073741823,1073741823:h9
1073741823,1073725439,1073741823,1073741823,1073741823,1073741823,805302271,1073709055,1073086463,1073201151,1073741823,1073741823,1073741823,1073741823,1073741823:j8
1073741823,1073725439,1073741823,1073741823,1073741823,1069547519,805302271,1073184767,1073086463,1073201151,1073741823,1073741823,1073741823,1073741823,1073741823:i8
1073741823,1073725439,1073741823,1073741823,1073741823,1073741823,805302271,1073184767,1073086463,1073201151,1073741823,1073740799,1073741823,1073741823,1073741823:i8
1073741823,1073725439,1073741823,1073741823,1073741823,1073741823,805302271,1073184767,1073086463,1073197055,1073741823,1073741823,1073741823,1073741823,1073741823:j7
1073741823,1073725439,1073741823,1073741823,1073741823,1073741823,805302271,1073184767,1073086463,1073201151,1073725439,1073741823,1073741823,1073741823,1073741823:i8
1073741823,1073725439,1073741823,1073741823,1073741823,1073741823,805040127,1073184767,1073086463,1073201151,1073741823,1073741823,1073741823,1073741823,1073741823:g9
1073741823,1073725439,1073741823,1073741823,1073741823,1073741823,801107967,1073184767,1073086463,1073201151,1073741823,1073741823,1073741823,1073741823,1073741823:i8
1073741823,1073725439,1073741823,1073741823,1073741823,1073741823,805302271,1072136191,1073086463,1073201151,1073741823,1073741823,1073741823,1073741823,1073741823:j7
1073741823,1073725439,1073741823,1073741823,1073741823,1073741823,805302271,1073184767,1068892159,1073201151,1073741823,1073741823,1073741823,1073741823,1073741823:i8
1073741823,1073725439,1073741823,1073741823,1073741823,1073741823,805302271,1073184767,1073086463,1073201151,1069547519,1073741823,1073741823,1073741823,1073741823:i8
1073741823,1073725439,1073741823,1073741823,1073741823,1073741823,805302271,1073184767,1073086207,1073201151,1073741823,1073741823,1073741823,1073741823,1073741823:i8
1073741823,1073725439,1073741823,1073741823,1073741823,1073741823,805302015,1073184767,1073086463,1073201151,1073741823,1073741823,1073741823,1073741823,1073741823:i8
1073741823,1073725439,1073741823,1073741823,1073741823,1073741823,805301247,1073184767,1073086463,1073201151,1073741823,1073741823,1073741823,1073741823,1073741823:i8
1073741823,1073725439,1073741823,1073741823,1073741567,1073741823,805302271,1073184767,1073086463,1073201151,1073741823,1073741823,1073741823,1073741823,1073741823:i8
1073741823,1073725439,1073741823,1073741823,1073737727,1073741823,805302271,1073184767,1073086463,1073201151,1073741823,1073741823,1073741823,1073741823,1073741823:j7
1073741823,1073725439,1073741823,1073741823,1073741823,1073737727,805302271,1073184767,1073086463,1073201151,1073741823,1073741823,1073741823,1073741823,1073741823:j7
1073741823,1073725439,1073741823,1073741823,1073676287,1073741823,805302271,1073184767,1073086463,1073201151,1073741823,1073741823,1073741823,1073741823,1073741823:i8
1073741823,1073725439,1073741823,1073741823,1073741823,1073741823,805302271,1073184767,1073086463,1073201151,1073741823,1073725439,1073741823,1073741823,1073741823:i8
1073741823,1073725439,1073741823,1073741823,1073741823,1073741823,805302271,1068990463,1073086463,1073201151,1073741823,1073741823,1073741823,1073741823,1073741823:i8
1073741823,1073725439,1073741823,1073741823,1073741823,1073741823,805302271,1073184767,1073086463,1069006847,1073741823,1073741823,1073741823,1073741823,1073741823:i8
1073741823,1073725439,1073741823,1073741823,1073741823,1073741823,805302271,1073184767,1073086463,1072152575,1073741823,1073741823,1073741823,1073741823,1073741823:i8
1073741823,1073725439,1073741823,1073741823,1073741823,1073741823,805302271,1073184767,1073086463,1073201151,1073741823,1069547519,1073741823,1073741823,1073741823:i8
1073741823,1073725439,1073741823,1073741823,1073741823,1073741823,805302271,1073184767,1073086463,1073201151,1073741823,1073479679,1073741823,1073741823,1073741823:i8
1073741823,1073725439,1073741823,1073741823,1073741823,1073741823,805302271,1073184767,1073086463,1073201151,1073479679,1073741823,1073741823,1073741823,1073741823:i8
1073741823,1073725439,1073741823,1073741823,1073741823,1073741823,805302271,1073184767,1056309247,1073201151,1073741823,1073741823,1073741823,1073741823,1073741823:i8
1073741823,1073725439,1073741823,1073741823,1073741823,1073741823,805302271,1006075903,1073086463,1073201151,1073741823,1073741823,1073741823,1073741823,1073741823:i8
1073741823,1073725439,1073741823,1073741823,1073741823,1073741823,788525055,1073184767,1073086463,1073201151,1073741823,1073741823,1073741823,1073741823,1073741823:i8
1073741823,1073725439,1073741823,1073741823,1073741823,1073741823,738193407,1073184767,1073086463,1073201151,1073741823,1073741823,1073741823,1073741823,1073741823:i8
1073741823,1073725439,1073741823,1073741823,1056964607,1073741823,805302271,1073184767,1073086463,1073201151,1073741823,1073741823,1073741823,1073741823,1073741823:i8
1073741823,1073725439,1073741823,1073741823,1073741823,1006632959,805302271,1073184767,1073086463,1073201151,1073741823,1073741823,1073741823,1073741823,1073741823:i8
1073741823,1073725439,1073741823,1073741823,805306367,1073741823,805302271,1073184767,1073086463,1073201151,1073741823,1073741823,1073741823,1073741823,1073741823:i8
1073741823,1073725439,1073741823,1073741823,1073741823,805306367,805302271,1073184767,1073086463,1073201151,1073741823,1073741823,1073741823,1073741823,1073741823:i8
1073741823,1073725439,1073741823,1073741823,1073741823,1073741823,805302271,1073184767,804651007,1073201151,1073741823,1073741823,1073741823,1073741823,1073741823:i8
1073741823,1073725439,1073741823,1073741823,1073741823,1073741823,805302271,804749311,1073086463,1073201151,1073741823,1073741823,1073741823,1073741823,1073741823:i8
1073741823,1073725439,1073741823,1073741823,1073741823,1073741823,805302271,1073184767,1073086463,1073201151,1073737727,1073741823,1073741823,1073741823,1073741823:j7
1073741823,1073725439,1073741823,1073741823,1073741823,1073741823,804253695,1073184767,1073086463,1073201151,1073741823,1073741823,1073741823,1073741823,1073741823:i8
1073741823,1073725439,1073741823,1073741823,1073741823,1073741823,805302271,1073184767,1072037887,1073201151,1073741823,1073741823,1073741823,1073741823,1073741823:i8
1073741823,1073725439,1073741823,1073741823,1073741823,1073741823,805302271,1073184767,1073086463,1073201151,1072693247,1073741823,1073741823,1073741823,1073741823:i8
1073741823,1073725439,1073741823,1073741823,1073741823,1073741823,805302271,1073184767,1073086463,1073201151,1073676287,1073741823,1073741823,1073741823,1073741823:i8
1073741823,1073725439,1073741823,1073741823,1073741823,1073741823,805302271,1073184767,1073086463,1073135615,1073741823,1073741823,1073741823,1073741823,1073741823:j7
1073741823,1073725439,1073741823,1073740799,1073741823,1073741823,805302271,1073184767,1073086463,1073201151,1073741823,1073741823,1073741823,1073741823,1073741823:i8
1073741823,1073725439,1073737727,1073741823,1073741823,1073741823,805302271,1073184767,1073086463,1073201151,1073741823,1073741823,1073741823,1073741823,1073741823:i8
1073741823,1073724415,1073741823,1073741823,1073741823,1073741823,805302271,1073184767,1073086463,1073201151,1073741823,1073741823,1073741823,1073741823,1073741823:i8
1073741823,1073721343,1073741823,1073741823,1073741823,1073741823,805302271,1073184767,1073086463,1073201151,1073741823,1073741823,1073741823,1073741823,1073741823:i8
1073737727,1073725439,1073741823,1073741823,1073741823,1073741823,805302271,1073184767,1073086463,1073201151,1073741823,1073741823,1073741823,1073741823,1073741823:i8
1073725439,1073725439,1073741823,1073741823,1073741823,1073741823,805302271,1073184767,1073086463,1073201151,1073741823,1073741823,1073741823,1073741823,1073741823:i8
1073676287,1073725439,1073741823,1073741823,1073741823,1073741823,805302271,1073184767,1073086463,1073201151,1073741823,1073741823,1073741823,1073741823,1073741823:i8
1073741823,1073463295,1073741823,1073741823,1073741823,1073741823,805302271,1073184767,1073086463,1073201151,1073741823,1073741823,1073741823,1073741823,1073741823:i8
1073741823,1073659903,1073741823,1073741823,1073741823,1073741823,805302271,1073184767,1073086463,1073201151,1073741823,1073741823,1073741823,1073741823,1073741823:i8
1073741823,1073725439,1073741823,1073479679,1073741823,1073741823,805302271,1073184767,1073086463,1073201151,1073741823,1073741823,1073741823,1073741823,1073741823:i8
1073741823,1073725439,1073676287,1073741823,1073741823,1073741823,805302271,1073184767,1073086463,1073201151,1073741823,1073741823,1073741823,1073741823,1073741823:i8
1073741823,1073725439,1073741823,1073725439,1073741823,1073741823,805302271,1073184767,1073086463,1073201151,1073741823,1073741823,1073741823,1073741823,1073741823:i8
1073741823,1073725439,1073725439,1073741823,1073741823,1073741823,805302271,1073184767,1073086463,1073201151,1073741823,1073741823,1073741823,1073741823,1073741823:i8
1073741823,1073725439,1073741823,1073741823,1073741823,1073741823,805302271,1073184767,1073086463,1073200127,1073741823,1073741823,1073741823,1073741823,1073741823:i8
1073741823,1073725439,1073741823,1073741823,1073741823,1073741823,805302271,1073184767,1073082367,1073201151,1073741823,1073741823,1073741823,1073741823,1073741823:j7
1073741823,1073725439,1073741823,1073741823,1073741823,1073741823,805302271,1073183743,1073086463,1073201151,1073741823,1073741823,1073741823,1073741823,1073741823:i8
1073741823,1073725439,1073741823,1073741823,1073741823,1073741823,805302271,1073180671,1073086463,1073201151,1073741823,1073741823,1073741823,1073741823,1073741823:j7
1073741823,1073725439,1073741823,1073741823,1073741823,1073740799,805302271,1073184767,1073086463,1073201151,1073741823,1073741823,1073741823,1073741823,1073741823:i8
1073741823,1073725439,1073741823,1073741823,1073741823,1073725439,805302271,1073184767,1073086463,1073201151,1073741823,1073741823,1073741823,1073741823,1073741823:i8
1073741823,1073725439,1073741823,1073741823,1073741823,1073741823,805285887,1073184767,1073086463,1073201151,1073741823,1073741823,1073741823,1073741823,1073741823:i8
1073741823,1073725439,1073741823,1073741823,1073741823,1073479679,805302271,1073184767,1073086463,1073201151,1073741823,1073741823,1073741823,1073741823,1073741823:i8
1073741823,1073725439,1073741823,1073741823,1073741823,1073741823,805236735,1073184767,1073086463,1073201151,1073741823,1073741823,1073741823,1073741823,1073741823:j7
1073741823,1073725439,1073741823,1073741823,1073741823,1073741823,805302271,1073119231,1073086463,1073201151,1073741823,1073741823,1073741823,1073741823,1073741823:j7
1073741823,1073725439,1073741823,1073741823,1073741823,1073741823,805302271,1073184767,1073070079,1073201151,1073741823,1073741823,1073741823,1073741823,1073741823:i8
1073741823,1073725439,1073741823,1073741823,1073741823,1073741823,805302271,1073709055,1073070079,1073217535,1073741823,1073741823,1073741823,1073741823,1073741823:i8
1073741823,1073725439,1073741823,1073741823,1073741823,1073676287,805302271,1073577983,1073070079,1073217535,1073741823,1073741823,1073741823,1073741823,1073741823:j8
1073741823,1073725439,1073741823,1073741823,1073741823,1072693247,805302271,1073577983,1073070079,1073217535,1073741823,1073741823,1073741823,1073741823,1073741823:j8
1073741823,1073725439,1073741823,1073741823,1073741823,1073741823,805302271,1073577983,1073070079,1073217535,1073740799,1073741823,1073741823,1073741823,1073741823:j8
1073741823,1073725439,1073741823,1073741823,1073741823,1073741823,805302271,1073577983,1073070079,1073213439,1073741823,1073741823,1073741823,1073741823,1073741823:j8
1073741823,1073725439,1073741823,1073741823,1073741823,1073741823,805302271,1073577983,1073069055,1073217535,1073741823,1073741823,1073741823,1073741823,1073741823:j8
1073741823,1073725439,1073741823,1073741823,1073741823,1073741823,805302271,1073577983,1073070079,1073217535,1073725439,1073741823,1073741823,1073741823,1073741823:j8
1073741823,1073725439,1073741823,1073741823,1073741823,1073741823,805040127,1073577983,1073070079,1073217535,1073741823,1073741823,1073741823,1073741823,1073741823:k8
1073741823,1073725439,1073741823,1073741823,1073741823,1073741823,801107967,1073577983,1073070079,1073217535,1073741823,1073741823,1073741823,1073741823,1073741823:j8
1073741823,1073725439,1073741823,1073741823,1073741823,1073741823,805302271,1072529407,1073070079,1073217535,1073741823,1073741823,1073741823,1073741823,1073741823:i10
1073741823,1073725439,1073741823,1073741823,1073741823,1073741823,805302271,1073577983,1068875775,1073217535,1073741823,1073741823,1073741823,1073741823,1073741823:j8
1073741823,1073725439,1073741823,1073741823,1073741823,1073741823,805302271,1073577983,1073070079,1073217535,1069547519,1073741823,1073741823,1073741823,1073741823:j8
1073741823,1073725439,1073741823,1073741823,1073741823,1073741823,805302271,1073577983,1073069823,1073217535,1073741823,1073741823,1073741823,1073741823,1073741823:j8
1073741823,1073725439,1073741823,1073741823,1073741823,1073741823,805302015,1073577983,1073070079,1073217535,1073741823,1073741823,1073741823,1073741823,1073741823:j8
1073741823,1073725439,1073741823,1073741823,1073741823,1073741823,805301247,1073577983,1073070079,1073217535,1073741823,1073741823,1073741823,1073741823,1073741823:j8
1073741823,1073725439,1073741823,1073741823,1073741567,1073741823,805302271,1073577983,1073070079,1073217535,1073741823,1073741823,1073741823,1073741823,1073741823:j8
1073741823,1073725439,1073741823,1073741823,1073737727,1073741823,805302271,1073577983,1073070079,1073217535,1073741823,1073741823,1073741823,1073741823,1073741823:j8
1073741823,1073725439,1073741823,1073741823,1073741823,1073737727,805302271,1073577983,1073070079,1073217535,1073741823,1073741823,1073741823,1073741823,1073741823:j8
1073741823,1073725439,1073741823,1073741823,1073676287,1073741823,805302271,1073577983,1073070079,1073217535,1073741823,1073741823,1073741823,1073741823,1073741823:j8
1073741823,1073725439,1073741823,1073741823,1073741823,1073741823,805302271,1073577983,1073070079,1073217535,1073741823,1073725439,1073741823,1073741823,1073741823:j8
1073741823,1073725439,1073741823,1073741823,1073741823,1073741823,805302271,1069383679,1073070079,1073217535,1073741823,1073741823,1073741823,1073741823,1073741823:j8
1073741823,1073725439,1073741823,1073741823,1073741823,1073741823,805302271,1073577983,1073070079,1069023231,1073741823,1073741823,1073741823,1073741823,1073741823:j8
1073741823,1073725439,1073741823,1073741823,1073741823,1073741823,805302271,1073577983,1073070079,1072168959,1073741823,1073741823,1073741823,1073741823,1073741823:j8
1073741823,1073725439,1073741823,1073741823,1073741823,1073741823,805302271,1073577983,1073070079,1073217535,1073741823,1069547519,1073741823,1073741823,1073741823:j8
1073741823,1073725439,1073741823,1073741823,1073741823,1073741823,805302271,1073577983,1073070079,1073217535,1073741823,1073479679,1073741823,1073741823,1073741823:j8
1073741823,1073725439,1073741823,1073741823,1073741823,1073741823,805302271,1073577983,1073070079,1073217535,1073479679,1073741823,1073741823,1073741823,1073741823:k8
1073741823,1073725439,1073741823,1073741823,1073741823,1073741823,805302271,1073577983,1056292863,1073217535,1073741823,1073741823,1073741823,1073741823,1073741823:j8
1073741823,1073725439,1073741823,1073741823,1073741823,1073741823,805302271,1006469119,1073070079,1073217535,1073741823,1073741823,1073741823,1073741823,1073741823:j8
1073741823,1073725439,1073741823,1073741823,1073741823,1073741823,788525055,1073577983,1073070079,1073217535,1073741823,1073741823,1073741823,1073741823,1073741823:j8
1073741823,1073725439,1073741823,1073741823,1073741823,1073741823,738193407,1073577983,1073070079,1073217535,1073741823,1073741823,1073741823,1073741823,1073741823:j8
1073741823,1073725439,1073741823,1073741823,1056964607,1073741823,805302271,1073577983,1073070079,1073217535,1073741823,1073741823,1073741823,1073741823,1073741823:j8
1073741823,1073725439,1073741823,1073741823,1073741823,1006632959,805302271,1073577983,1073070079,1073217535,1073741823,1073741823,1073741823,1073741823,1073741823:j8
1073741823,1073725439,1073741823,1073741823,805306367,1073741823,805302271,1073577983,1073070079,1073217535,1073741823,1073741823,1073741823,1073741823,1073741823:j8
1073741823,1073725439,1073741823,1073741823,1073741823,805306367,805302271,1073577983,1073070079,1073217535,1073741823,1073741823,1073741823,1073741823,1073741823:j8
1073741823,1073725439,1073741823,1073741823,1073741823,1073741823,805302271,1073577983,804634623,1073217535,1073741823,1073741823,1073741823,1073741823,1073741823:j8
1073741823,1073725439,1073741823,1073741823,1073741823,1073741823,805302271,805142527,1073070079,1073217535,1073741823,1073741823,1073741823,1073741823,1073741823:j8
1073741823,1073725439,1073741823,1073741823,1073741823,1073741823,805302271,1073577983,1073070079,1073217535,1073737727,1073741823,1073741823,1073741823,1073741823:j8
1073741823,1073725439,1073741823,1073741823,1073741823,1073741823,804253695,1073577983,1073070079,1073217535,1073741823,1073741823,1073741823,1073741823,1073741823:j8
1073741823,1073725439,1073741823,1073741823,1073741823,1073741823,805302271,1073577983,1072021503,1073217535,1073741823,1073741823,1073741823,1073741823,1073741823:j8
1073741823,1073725439,1073741823,1073741823,1073741823,1073741823,805302271,1073577983,1073070079,1073217535,1072693247,1073741823,1073741823,1073741823,1073741823:j8
1073741823,1073725439,1073741823,1073741823,1073741823,1073741823,805302271,1073577983,1073070079,1073217535,1073676287,1073741823,1073741823,1073741823,1073741823:j8
1073741823,1073725439,1073741823,1073741823,1073741823,1073741823,805302271,1073577983,1073070079,1073151999,1073741823,1073741823,1073741823,1073741823,1073741823:j8
1073741823,1073725439,1073741823,1073740799,1073741823,1073741823,805302271,1073577983,1073070079,1073217535,1073741823,1073741823,1073741823,1073741823,1073741823:j8
1073741823,1073725439,1073737727,1073741823,1073741823,1073741823,805302271,1073577983,1073070079,1073217535,1073741823,1073741823,1073741823,1073741823,1073741823:j8
1073741823,1073724415,1073741823,1073741823,1073741823,1073741823,805302271,1073577983,1073070079,1073217535,1073741823,1073741823,1073741823,1073741823,1073741823:j8
1073741823,1073721343,1073741823,1073741823,1073741823,1073741823,805302271,1073577983,1073070079,1073217535,1073741823,1073741823,1073741823,1073741823,1073741823:j8
1073737727,1073725439,1073741823,1073741823,1073741823,1073741823,805302271,1073577983,1073070079,1073217535,1073741823,1073741823,1073741823,1073741823,1073741823:j8
1073725439,1073725439,1073741823,1073741823,1073741823,1073741823,805302271,1073577983,1073070079,1073217535,1073741823,1073741823,1073741823,1073741823,1073741823:j8
1073676287,1073725439,1073741823,1073741823,1073741823,1073741823,805302271,1073577983,1073070079,1073217535,1073741823,1073741823,1073741823,1073741823,1073741823:j8
1073741823,1073463295,1073741823,1073741823,1073741823,1073741823,805302271,1073577983,1073070079,1073217535,1073741823,1073741823,1073741823,1073741823,1073741823:j8
1073741823,1073659903,1073741823,1073741823,1073741823,1073741823,805302271,1073577983,1073070079,1073217535,1073741823,1073741823,1073741823,1073741823,1073741823:j8
1073741823,1073725439,1073741823,1073479679,1073741823,1073741823,805302271,1073577983,1073070079,1073217535,1073741823,1073741823,1073741823,1073741823,1073741823:j8
1073741823,1073725439,1073676287,1073741823,1073741823,1073741823,805302271,1073577983,1073070079,1073217535,1073741823,1073741823,1073741823,1073741823,1073741823:j8
1073741823,1073725439,1073741823,1073725439,1073741823,1073741823,805302271,1073577983,1073070079,1073217535,1073741823,1073741823,1073741823,1073741823,1073741823:j8
1073741823,1073725439,1073725439,1073741823,1073741823,1073741823,805302271,1073577983,1073070079,1073217535,1073741823,1073741823,1073741823,1073741823,1073741823:j8
1073741823,1073725439,1073741823,1073741823,1073741823,1073741823,805302271,1073577983,1073070079,1073216511,1073741823,1073741823,1073741823,1073741823,1073741823:j8
1073741823,1073725439,1073741823,1073741823,1073741823,1073741823,805302271,1073577983,1073065983,1073217535,1073741823,1073741823,1073741823,1073741823,1073741823:j8
1073741823,1073725439,1073741823,1073741823,1073741823,1073741823,805302271,1073576959,1073070079,1073217535,1073741823,1073741823,1073741823,1073741823,1073741823:j8
1073741823,1073725439,1073741823,1073741823,1073741823,1073741823,805302271,1073573887,1073070079,1073217535,1073741823,1073741823,1073741823,1073741823,1073741823:i10
1073741823,1073725439,1073741823,1073741823,1073741823,1073740799,805302271,1073577983,1073070079,1073217535,1073741823,1073741823,1073741823,1073741823,1073741823:j8
1073741823,1073725439,1073741823,1073741823,1073741823,1073725439,805302271,1073577983,1073070079,1073217535,1073741823,1073741823,1073741823,1073741823,1073741823:j8
1073741823,1073725439,1073741823,1073741823,1073741823,1073741823,805285887,1073577983,1073070079,1073217535,1073741823,1073741823,1073741823,1073741823,1073741823:j8
1073741823,1073725439,1073741823,1073741823,1073741823,1073479679,805302271,1073577983,1073070079,1073217535,1073741823,1073741823,1073741823,1073741823,1073741823:j8
1073741823,1073725439,1073741823,1073741823,1073741823,1073741823,805236735,1073577983,1073070079,1073217535,1073741823,1073741823,1073741823,1073741823,1073741823:j8
1073741823,1073725439,1073741823,1073741823,1073741823,1073741823,805302271,1073315839,1073070079,1073217535,1073741823,1073741823,1073741823,1073741823,1073741823:i10
1073741823,1073725439,1073741823,1073741823,1073741823,1073741823,805302271,1073577983,1073070079,1073201151,1073741823,1073741823,1073741823,1073741823,1073741823:j8
1073741823,1073725439,1073741823,1073741823,1073741823,1073725439,805306367,1073709055,1073610751,1073217535,1073741823,1073741823,1073741823,1073741823,1073741823:g7
1073741823,1073725439,1073741823,1073741823,1073741823,1073741823,805289983,1073709055,1073610751,1073217535,1073741823,1073741823,1073741823,1073741823,1073741823:g7
1073741823,1073725439,1073741823,1073741823,1073741823,1073479679,805306367,1073709055,1073610751,1073217535,1073741823,1073741823,1073741823,1073741823,1073741823:g7
1073741823,1073725439,1073741823,1073741823,1073741823,1073741823,805240831,1073709055,1073610751,1073217535,1073741823,1073741823,1073741823,1073741823,1073741823:g7
1073741823,1073725439,1073741823,1073741823,1073741823,1073741823,805306367,1073446911,1073610751,1073217535,1073741823,1073741823,1073741823,1073741823,1073741823:g7
1073741823,1073725439,1073741823,1073741823,1073741823,1073741823,805306367,1073643519,1073610751,1073217535,1073741823,1073741823,1073741823,1073741823,1073741823:g7
1073741823,1073725439,1073741823,1073741823,1073741823,1073741823,805306367,1073709055,1073610751,1073201151,1073741823,1073741823,1073741823,1073741823,1073741823:g7
1073741823,1073725439,1073741823,1073741823,1073741823,1073741823,805306367,1073709055,1073594367,1073217535,1073741823,1073741823,1073741823,1073741823,1073741823:g7
