1073741823,1073741823,1073741823,1073659903,1073741823,1073741823,1073740799,1073577983,1073610751,1073741823,1073741823,1073741823,1073741823,1073741823,1073741823:g8
1073741823,1073741823,1073741823,1073659903,1073741823,1073741823,1073740799,1073569791,1073610751,1073741567,1073741823,1073741823,1073741823,1073741823,1073741823:f8
1073741823,1073741823,1073741823,1073659903,1073741823,1073741823,1073740799,1073569791,1073610687,1073741823,1073741823,1073741823,1073741823,1073741823,1073741823:f8
1073741823,1073741823,1073741823,1073659903,1073741823,1073741823,1073740799,1073569535,1073610751,1073741823,1073741823,1073741823,1073741823,1073741823,1073741823:j8
1073741823,1073741823,1073741823,1073659903,1073741823,1073741823,1073740735,1073569791,1073610751,1073741823,1073741823,1073741823,1073741823,1073741823,1073741823:f8
1073741823,1073741823,1073741823,1073659903,1073741823,1073741823,1073740543,1073569791,1073610751,1073741823,1073741823,1073741823,1073741823,1073741823,1073741823:f8
1073741823,1073741823,1073741823,1073659903,1073741759,1073741823,1073740799,1073569791,1073610751,1073741823,1073741823,1073741823,1073741823,1073741823,1073741823:f8
1073741823,1073741823,1073741823,1073659903,1073741823,1073741567,1073740799,1073569791,1073610751,1073741823,1073741823,1073741823,1073741823,1073741823,1073741823:f8
1073741823,1073741823,1073741823,1073659903,1073740799,1073741823,1073740799,1073569791,1073610751,1073741823,1073741823,1073741823,1073741823,1073741823,1073741823:f8
1073741823,1073741823,1073741823,1073659903,1073741823,1073741823,1073740799,1073569791,1073609727,1073741823,1073741823,1073741823,1073741823,1073741823,1073741823:f8
1073741823,1073741823,1073741823,1073659903,1073741823,1073741823,1073740799,1073569791,1073610751,1073737727,1073741823,1073741823,1073741823,1073741823,1073741823:f8
1073741823,1073741823,1073741823,1073659903,1073741823,1073741823,1073478655,1073569791,1073610751,1073741823,1073741823,1073741823,1073741823,1073741823,1073741823:f8
1073741823,1073741823,1073741823,1073659903,1073741823,1073741823,1073740799,1072521215,1073610751,1073741823,1073741823,1073741823,1073741823,1073741823,1073741823:f8
1073741823,1073741823,1073741823,1073659903,1073741823,1073741823,1073740799,1073569791,1073610751,1072693247,1073741823,1073741823,1073741823,1073741823,1073741823:f8
1073741823,1073741823,1073741823,1073659903,1073741823,1073737727,1073740799,1073569791,1073610751,1073741823,1073741823,1073741823,1073741823,1073741823,1073741823:f8
1073741823,1073737727,1073741823,1073659903,1073741823,1073741823,1073740799,1073569791,1073610751,1073741823,1073741823,1073741823,1073741823,1073741823,1073741823:f8
1073741823,1073676287,1073741823,1073659903,1073741823,1073741823,1073740799,1073569791,1073610751,1073741823,1073741823,1073741823,1073741823,1073741823,1073741823:f8
1073741823,1072693247,1073741823,1073659903,1073741823,1073741823,1073740799,1073569791,1073610751,1073741823,1073741823,1073741823,1073741823,1073741823,1073741823:f8
1073741823,1073741823,1073479679,1073659903,1073741823,1073741823,1073740799,1073569791,1073610751,1073741823,1073741823,1073741823,1073741823,1073741823,1073741823:f8
1073741823,1073741823,1073741823,1072611327,1073741823,1073741823,1073740799,1073569791,1073610751,1073741823,1073741823,1073741823,1073741823,1073741823,1073741823:f8
1073741823,1073741823,1073741823,1073659903,1073741823,1072693247,1073740799,1073569791,1073610751,1073741823,1073741823,1073741823,1073741823,1073741823,1073741823:f8
1073741823,1073741823,1073741823,1073659903,1073479679,1073741823,1073740799,1073569791,1073610751,1073741823,1073741823,1073741823,1073741823,1073741823,1073741823:f8
1073741823,1073741823,1073741823,1073659903,1073741823,1073676287,1073740799,1073569791,1073610751,1073741823,1073741823,1073741823,1073741823,1073741823,1073741823:f8
1073741823,1073741823,1073741823,1073659903,1073741823,1073741823,1073740799,1073569791,1073610751,1073741823,1073737727,1073741823,1073741823,1073741823,1073741823:f8
1073741823,1073741823,1073741823,1073659903,1073741823,1073741823,1072692223,1073569791,1073610751,1073741823,1073741823,1073741823,1073741823,1073741823,1073741823:f8
1073741823,1073741823,1073741823,1073659903,1073741823,1073741823,1073740799,1073569791,1072562175,1073741823,1073741823,1073741823,1073741823,1073741823,1073741823:f8
1073741823,1073741823,1073741823,1073659903,1073741823,1073741823,1073740799,1073569791,1073348607,1073741823,1073741823,1073741823,1073741823,1073741823,1073741823:f8
1073741823,1073741823,1073741823,1073659903,1073741823,1073741823,1073740799,1073569791,1073610751,1073741823,1072693247,1073741823,1073741823,1073741823,1073741823:f8
1073741823,1073741823,1073741823,1073659903,1073741823,1073741823,1073740799,1073569791,1073610751,1073741823,1073676287,1073741823,1073741823,1073741823,1073741823:f8
1073741823,1073741823,1073741823,1073659903,1073741823,1073741823,1073740799,1073569791,1073610751,1073676287,1073741823,1073741823,1073741823,1073741823,1073741823:f8
1073741823,1073741823,1073741823,1073659903,1073737727,1073741823,1073740799,1073569791,1073610751,1073741823,1073741823,1073741823,1073741823,1073741823,1073741823:f8
1073741823,1073741823,1073741823,1073658879,1073741823,1073741823,1073740799,1073569791,1073610751,1073741823,1073741823,1073741823,1073741823,1073741823,1073741823:f8
1073741823,1073741823,1073741823,1073655807,1073741823,1073741823,1073740799,1073569791,1073610751,1073741823,1073741823,1073741823,1073741823,1073741823,1073741823:f8
1073741823,1073740799,1073741823,1073659903,1073741823,1073741823,1073740799,1073569791,1073610751,1073741823,1073741823,1073741823,1073741823,1073741823,1073741823:f8
1073741823,1073741823,1073737727,1073659903,1073741823,1073741823,1073740799,1073569791,1073610751,1073741823,1073741823,1073741823,1073741823,1073741823,1073741823:f8
1073741823,1073725439,1073741823,1073659903,1073741823,1073741823,1073740799,1073569791,1073610751,1073741823,1073741823,1073741823,1073741823,1073741823,1073741823:f8
1073741823,1073741823,1073725439,1073659903,1073741823,1073741823,1073740799,1073569791,1073610751,1073741823,1073741823,1073741823,1073741823,1073741823,1073741823:f8
1073741823,1073479679,1073741823,1073659903,1073741823,1073741823,1073740799,1073569791,1073610751,1073741823,1073741823,1073741823,1073741823,1073741823,1073741823:f8
1073741823,1073741823,1073676287,1073659903,1073741823,1073741823,1073740799,1073569791,1073610751,1073741823,1073741823,1073741823,1073741823,1073741823,1073741823:f8
1073741823,1073741823,1073741823,1073397759,1073741823,1073741823,1073740799,1073569791,1073610751,1073741823,1073741823,1073741823,1073741823,1073741823,1073741823:f8
1073741823,1073741823,1073741823,1073659903,1073676287,1073741823,1073740799,1073569791,1073610751,1073741823,1073741823,1073741823,1073741823,1073741823,1073741823:f8
1073741823,1073741823,1073741823,1073659903,1073725439,1073741823,1073740799,1073569791,1073610751,1073741823,1073741823,1073741823,1073741823,1073741823,1073741823:f8
1073741823,1073741823,1073741823,1073659903,1073741823,1073741823,1073740799,1073569791,1073610751,1073740799,1073741823,1073741823,1073741823,1073741823,1073741823:f8
1073741823,1073741823,1073741823,1073659903,1073741823,1073741823,1073740799,1073569791,1073606655,1073741823,1073741823,1073741823,1073741823,1073741823,1073741823:f8
1073741823,1073741823,1073741823,1073659903,1073741823,1073741823,1073740799,1073568767,1073610751,1073741823,1073741823,1073741823,1073741823,1073741823,1073741823:j8
1073741823,1073741823,1073741823,1073659903,1073741823,1073740799,1073740799,1073569791,1073610751,1073741823,1073741823,1073741823,1073741823,1073741823,1073741823:f8
1073741823,1073741823,1073741823,1073659903,1073741823,1073741823,1073736703,1073569791,1073610751,1073741823,1073741823,1073741823,1073741823,1073741823,1073741823:f8
1073741823,1073741823,1073741823,1073659903,1073741823,1073725439,1073740799,1073569791,1073610751,1073741823,1073741823,1073741823,1073741823,1073741823,1073741823:f8
1073741823,1073741823,1073741823,1073659903,1073741823,1073741823,1073724415,1073569791,1073610751,1073741823,1073741823,1073741823,1073741823,1073741823,1073741823:f8
1073741823,1073741823,1073741823,1073659903,1073741823,1073479679,1073740799,1073569791,1073610751,1073741823,1073741823,1073741823,1073741823,1073741823,1073741823:f8
1073741823,1073741823,1073741823,1073659903,1073741823,1073741823,1073675263,1073569791,1073610751,1073741823,1073741823,1073741823,1073741823,1073741823,1073741823:f8
1073741823,1073741823,1073741823,1073659903,1073741823,1073741823,1073740799,1073307647,1073610751,1073741823,1073741823,1073741823,1073741823,1073741823,1073741823:i7
1073741823,1073741823,1073741823,1073659903,1073741823,1073741823,1073740799,1073569791,1073610751,1073479679,1073741823,1073741823,1073741823,1073741823,1073741823:f8
1073741823,1073741823,1073741823,1073659903,1073741823,1073741823,1073740799,1073569791,1073610751,1073725439,1073741823,1073741823,1073741823,1073741823,1073741823:f8
1073741823,1073741823,1073741823,1073659903,1073741823,1073741823,1073740799,1073569791,1073594367,1073741823,1073741823,1073741823,1073741823,1073741823,1073741823:f8
