1073741823,1073741823,1073741823,1073479679,1073741823,1073082367,1073594367,1073643519,1073213439,1073741823,1073741823,1073741823,1073741823,1073741823,1073741823:j7
1073741823,1073741823,1073741823,1073479679,1069547519,1073082367,1073070079,1073643519,1073213439,1073741823,1073741823,1073741823,1073741823,1073741823,1073741823:j8
1073741823,1073725439,1073741823,1073479679,1073741823,1073082367,1073070079,1073643519,1073213439,1073741823,1073741823,1073741823,1073741823,1073741823,1073741823:j8
1073741823,1073741823,1073676287,1073479679,1073741823,1073082367,1073070079,1073643519,1073213439,1073741823,1073741823,1073741823,1073741823,1073741823,1073741823:j8
1073741823,1073479679,1073741823,1073479679,1073741823,1073082367,1073070079,1073643519,1073213439,1073741823,1073741823,1073741823,1073741823,1073741823,1073741823:j8
1073741823,1073741823,1073479679,1073479679,1073741823,1073082367,1073070079,1073643519,1073213439,1073741823,1073741823,1073741823,1073741823,1073741823,1073741823:j8
1073741823,1069547519,1073741823,1073479679,1073741823,1073082367,1073070079,1073643519,1073213439,1073741823,1073741823,1073741823,1073741823,1073741823,1073741823:j8
1073741823,1073741823,1072693247,1073479679,1073741823,1073082367,1073070079,1073643519,1073213439,1073741823,1073741823,1073741823,1073741823,1073741823,1073741823:j8
1073741823,1073741823,1073741823,1073479679,1073741823,1073082367,1073070079,1073643519,1073213439,1073741823,1073725439,1073741823,1073741823,1073741823,1073741823:j8
1073741823,1073741823,1073741823,1073479679,1073741823,1073082367,1068875775,1073643519,1073213439,1073741823,1073741823,1073741823,1073741823,1073741823,1073741823:j8
1073741823,1073741823,1073741823,1073479679,1073741823,1073082367,1073070079,1073643519,1069019135,1073741823,1073741823,1073741823,1073741823,1073741823,1073741823:j8
1073741823,1073741823,1073741823,1073479679,1073741823,1073082367,1073070079,1073643519,1073213439,1073741823,1069547519,1073741823,1073741823,1073741823,1073741823:j8
1073741823,1073741823,1073741823,1073479679,1073741823,1073082367,1073070079,1073643519,1073213439,1073741823,1073479679,1073741823,1073741823,1073741823,1073741823:j8
1073741823,1073741823,1073741823,1073479679,1073741823,1073082367,1073070079,1073643263,1073213439,1073741823,1073741823,1073741823,1073741823,1073741823,1073741823:j8
1073741823,1073741823,1073741823,1073479679,1073741823,1073082111,1073070079,1073643519,1073213439,1073741823,1073741823,1073741823,1073741823,1073741823,1073741823:j8
1073741823,1073741823,1073741823,1073479423,1073741823,1073082367,1073070079,1073643519,1073213439,1073741823,1073741823,1073741823,1073741823,1073741823,1073741823:f5
1073741823,1073741823,1073741823,1073479423,1073739775,1073082367,1073070015,1073643519,1073213439,1073741823,1073741823,1073741823,1073741823,1073741823,1073741823:h5
1073741823,1073741823,1073725439,1073479423,1073739775,1073082367,1073070079,1073643519,1073213439,1073741823,1073741823,1073741823,1073741823,1073741823,1073741823:h5
1073741823,1073741823,1073741823,1073479423,1073739775,1073082351,1073070079,1073643519,1073213439,1073741823,1073741823,1073741823,1073741823,1073741823,1073741823:h5
1073741823,1073741823,1073741823,1073479423,1073739711,1073082367,1073070079,1073643519,1073213439,1073741823,1073741823,1073741823,1073741823,1073741823,1073741823:h5
1073741823,1073741823,1073741823,1073479407,1073739775,1073082367,1073070079,1073643519,1073213439,1073741823,1073741823,1073741823,1073741823,1073741823,1073741823:h5
1073741823,1073741823,1073741823,1073479359,1073739775,1073082367,1073070079,1073643519,1073213439,1073741823,1073741823,1073741823,1073741823,1073741823,1073741823:k8
1073741823,1073741807,1073741823,1073479423,1073739775,1073082367,1073070079,1073643519,1073213439,1073741823,1073741823,1073741823,1073741823,1073741823,1073741823:h5
1073741823,1073741823,1073741759,1073479423,1073739775,1073082367,1073070079,1073643519,1073213439,1073741823,1073741823,1073741823,1073741823,1073741823,1073741823:h5
1073741823,1073741567,1073741823,1073479423,1073739775,1073082367,1073070079,1073643519,1073213439,1073741823,1073741823,1073741823,1073741823,1073741823,1073741823:h5
1073741823,1073741823,1073741567,1073479423,1073739775,1073082367,1073070079,1073643519,1073213439,1073741823,1073741823,1073741823,1073741823,1073741823,1073741823:h5
1073741823,1073737727,1073741823,1073479423,1073739775,1073082367,1073070079,1073643519,1073213439,1073741823,1073741823,1073741823,1073741823,1073741823,1073741823:h5
1073741823,1073741823,1073740799,1073479423,1073739775,1073082367,1073070079,1073643519,1073213439,1073741823,1073741823,1073741823,1073741823,1073741823,1073741823:h5
1073741823,1073741823,1073741823,1073478399,1073739775,1073082367,1073070079,1073643519,1073213439,1073741823,1073741823,1073741823,1073741823,1073741823,1073741823:k8
1073741823,1073741823,1073741823,1073479423,1073739519,1073082367,1073070079,1073643519,1073213439,1073741823,1073741823,1073741823,1073741823,1073741823,1073741823:k8
1073741823,1073741823,1073741823,1073479423,1069545471,1073082367,1073070079,1073643519,1073213439,1073741823,1073741823,1073741823,1073741823,1073741823,1073741823:h5
1073741823,1073725439,1073741823,1073479423,1073739775,1073082367,1073070079,1073643519,1073213439,1073741823,1073741823,1073741823,1073741823,1073741823,1073741823:h5
1073741823,1073741823,1073676287,1073479423,1073739775,1073082367,1073070079,1073643519,1073213439,1073741823,1073741823,1073741823,1073741823,1073741823,1073741823:h5
1073741823,1073479679,1073741823,1073479423,1073739775,1073082367,1073070079,1073643519,1073213439,1073741823,1073741823,1073741823,1073741823,1073741823,1073741823:h5
1073741823,1073741823,1073479679,1073479423,1073739775,1073082367,1073070079,1073643519,1073213439,1073741823,1073741823,1073741823,1073741823,1073741823,1073741823:h5
1073741823,1069547519,1073741823,1073479423,1073739775,1073082367,1073070079,1073643519,1073213439,1073741823,1073741823,1073741823,1073741823,1073741823,1073741823:h5
1073741823,1073741823,1072693247,1073479423,1073739775,1073082367,1073070079,1073643519,1073213439,1073741823,1073741823,1073741823,1073741823,1073741823,1073741823:h5
1073741823,1073741823,1073741823,1073479423,1073739775,1073082367,1073070079,1073643519,1073213439,1073741823,1073725439,1073741823,1073741823,1073741823,1073741823:h5
1073741823,1073741823,1073741823,1073479423,1073739775,1073082367,1068875775,1073643519,1073213439,1073741823,1073741823,1073741823,1073741823,1073741823,1073741823:h5
1073741823,1073741823,1073741823,1073479423,1073739775,1073082367,1073070079,1073643519,1069019135,1073741823,1073741823,1073741823,1073741823,1073741823,1073741823:h5
1073741823,1073741823,1073741823,1073479423,1073739775,1073082367,1073070079,1073643519,1073213439,1073741823,1069547519,1073741823,1073741823,1073741823,1073741823:h5
1073741823,1073741823,1073741823,1073479423,1073739775,1073082367,1073070079,1073643519,1073213439,1073741823,1073479679,1073741823,1073741823,1073741823,1073741823:h5
1073741823,1073741823,1073741823,1073479423,1073739775,1073082367,1073070079,1073643263,1073213439,1073741823,1073741823,1073741823,1073741823,1073741823,1073741823:h5
1073741823,1073741823,1073741823,1073479423,1073739775,1073082111,1073070079,1073643519,1073213439,1073741823,1073741823,1073741823,1073741823,1073741823,1073741823:h5
1073741823,1073741823,1073741823,1073463039,1073739775,1073082367,1073070079,1073643519,1073213439,1073741823,1073741823,1073741823,1073741823,1073741823,1073741823:j8
1073741823,1073741823,1073741823,1069285119,1073739775,1073082367,1073070079,1073643519,1073213439,1073741823,1073741823,1073741823,1073741823,1073741823,1073741823:h5
1073741823,1073741823,1073741823,1073479423,1073739775,1068888063,1073070079,1073643519,1073213439,1073741823,1073741823,1073741823,1073741823,1073741823,1073741823:h5
1073741823,1073741823,1073741823,1073479423,1073739775,1073082367,1073070079,1069449215,1073213439,1073741823,1073741823,1073741823,1073741823,1073741823,1073741823:k8
1073741823,1073741823,1073741823,1073479423,1073739775,1073082367,1073070079,1073643519,1073213439,1072693247,1073741823,1073741823,1073741823,1073741823,1073741823:h5
1073741823,1073741823,1073741823,1073479423,1073739775,1073082367,1073070079,1073643519,1073213439,1073676287,1073741823,1073741823,1073741823,1073741823,1073741823:h5
1073741823,1073741823,1073741823,1073475327,1073739775,1073082367,1073070079,1073643519,1073213439,1073741823,1073741823,1073741823,1073741823,1073741823,1073741823:k8
1073741823,1073741823,1073741823,1073413887,1073739775,1073082367,1073070079,1073643519,1073213439,1073741823,1073741823,1073741823,1073741823,1073741823,1073741823:j8
1073741823,1073741823,1073741823,1072430847,1073739775,1073082367,1073070079,1073643519,1073213439,1073741823,1073741823,1073741823,1073741823,1073741823,1073741823:h5
1073741823,1073741823,1073741823,1073479423,1073739775,1072033791,1073070079,1073643519,1073213439,1073741823,1073741823,1073741823,1073741823,1073741823,1073741823:h5
1073741823,1073741823,1073741823,1073479423,1073739775,1073082367,1073070079,1072594943,1073213439,1073741823,1073741823,1073741823,1073741823,1073741823,1073741823:j8
1073741823,1073741823,1073741823,1073479423,1073739775,1073082367,1073070079,1073643519,1073213439,1073741823,1073741567,1073741823,1073741823,1073741823,1073741823:h5
1073741823,1073741823,1073741823,1073479423,1073739775,1073082367,1073070079,1073643519,1073213183,1073741823,1073741823,1073741823,1073741823,1073741823,1073741823:h5
1073741823,1073741823,1073741823,1073479423,1073739775,1073082367,1073069823,1073643519,1073213439,1073741823,1073741823,1073741823,1073741823,1073741823,1073741823:h5
1073741823,1073741823,1073741823,1073479423,1073739775,1073082367,1073070079,1073643519,1073213439,1073741823,1073676287,1073741823,1073741823,1073741823,1073741823:h5
1073741823,1073741823,1073741823,1073479423,1073739775,1073082367,1073070079,1073643519,1073213439,1073741823,1073737727,1073741823,1073741823,1073741823,1073741823:h5
1073741823,1073741823,1073741823,1073479423,1073739775,1073082367,1073070079,1073643519,1073213439,1073737727,1073741823,1073741823,1073741823,1073741823,1073741823:j8
1073741823,1073741823,1073741823,1073479423,1073735679,1073082367,1073070079,1073643519,1073213439,1073741823,1073741823,1073741823,1073741823,1073741823,1073741823:j8
1073741823,1073741823,1073741823,1073479423,1073674239,1073082367,1073070079,1073643519,1073213439,1073741823,1073741823,1073741823,1073741823,1073741823,1073741823:k8
1073741823,1073741823,1073741823,1073479423,1072691199,1073082367,1073070079,1073643519,1073213439,1073741823,1073741823,1073741823,1073741823,1073741823,1073741823:h5
1073741823,1073741823,1073741823,1073479423,1073739775,1073082367,1072021503,1073643519,1073213439,1073741823,1073741823,1073741823,1073741823,1073741823,1073741823:h5
1073741823,1073741823,1073741823,1073479423,1073739775,1073082367,1073070079,1073643519,1072164863,1073741823,1073741823,1073741823,1073741823,1073741823,1073741823:k8
1073741823,1073741823,1073741823,1073479423,1073739775,1073082367,1073070079,1073643519,1073212415,1073741823,1073741823,1073741823,1073741823,1073741823,1073741823:h5
1073741823,1073741823,1073741823,1073479423,1073739775,1073082367,1073069055,1073643519,1073213439,1073741823,1073741823,1073741823,1073741823,1073741823,1073741823:h5
1073741823,1073741823,1073741823,1073479423,1073723391,1073082367,1073070079,1073643519,1073213439,1073741823,1073741823,1073741823,1073741823,1073741823,1073741823:j8
1073741823,1073741823,1073741823,1073479423,1073477631,1073082367,1073070079,1073643519,1073213439,1073741823,1073741823,1073741823,1073741823,1073741823,1073741823:h5
1073741823,1073741823,1073741823,1073479423,1073739775,1073082367,1073070079,1073643519,1073213439,1073740799,1073741823,1073741823,1073741823,1073741823,1073741823:h5
1073741823,1073741823,1073741823,1073479423,1073739775,1073082367,1073070079,1073642495,1073213439,1073741823,1073741823,1073741823,1073741823,1073741823,1073741823:h5
1073741823,1073741823,1073741823,1073479423,1073739775,1073082367,1073070079,1073639423,1073213439,1073741823,1073741823,1073741823,1073741823,1073741823,1073741823:j8
1073741823,1073741823,1073741823,1073479423,1073739775,1073081343,1073070079,1073643519,1073213439,1073741823,1073741823,1073741823,1073741823,1073741823,1073741823:h5
1073741823,1073741823,1073741823,1073479423,1073739775,1073082367,1073065983,1073643519,1073213439,1073741823,1073741823,1073741823,1073741823,1073741823,1073741823:j8
1073741823,1073741823,1073741823,1073479423,1073739775,1073065983,1073070079,1073643519,1073213439,1073741823,1073741823,1073741823,1073741823,1073741823,1073741823:j8
1073741823,1073741823,1073741823,1073479423,1073739775,1073082367,1073070079,1073381375,1073213439,1073741823,1073741823,1073741823,1073741823,1073741823,1073741823:k8
1073741823,1073741823,1073741823,1073479423,1073739775,1073082367,1073070079,1073643519,1073213439,1073479679,1073741823,1073741823,1073741823,1073741823,1073741823:h5
1073741823,1073741823,1073741823,1073479423,1073739775,1073082367,1073070079,1073643519,1073147903,1073741823,1073741823,1073741823,1073741823,1073741823,1073741823:h5
1073741823,1073741823,1073741823,1073479423,1073739775,1073082367,1073070079,1073643519,1073213439,1073725439,1073741823,1073741823,1073741823,1073741823,1073741823:h5
1073741823,1073741823,1073741823,1073479423,1073739775,1073082367,1073070079,1073643519,1073197055,1073741823,1073741823,1073741823,1073741823,1073741823,1073741823:h5
1073741823,1073741823,1073741823,1073463295,1073741823,1073082367,1073070079,1073643519,1073213439,1073741823,1073741823,1073741823,1073741823,1073741823,1073741823:j8
1073741823,1073741823,1073741823,1069285375,1073741823,1073082367,1073070079,1073643519,1073213439,1073741823,1073741823,1073741823,1073741823,1073741823,1073741823:j8
1073741823,1073741823,1073741823,1073479679,1073741823,1068888063,1073070079,1073643519,1073213439,1073741823,1073741823,1073741823,1073741823,1073741823,1073741823:j8
1073741823,1073741823,1073741823,1073479679,1073741823,1073082367,1073070079,1069449215,1073213439,1073741823,1073741823,1073741823,1073741823,1073741823,1073741823:j8
1073741823,1073741823,1073741823,1073479679,1073741823,1073082367,1073070079,1073643519,1073213439,1072693247,1073741823,1073741823,1073741823,1073741823,1073741823:j8
1073741823,1073741823,1073741823,1073479679,1073741823,1073082367,1073070079,1073643519,1073213439,1073676287,1073741823,1073741823,1073741823,1073741823,1073741823:j8
1073741823,1073741823,1073741823,1073475583,1073741823,1073082367,1073070079,1073643519,1073213439,1073741823,1073741823,1073741823,1073741823,1073741823,1073741823:j8
1073741823,1073741823,1073741823,1073414143,1073741823,1073082367,1073070079,1073643519,1073213439,1073741823,1073741823,1073741823,1073741823,1073741823,1073741823:j8
1073741823,1073741823,1073741823,1072431103,1073741823,1073082367,1073070079,1073643519,1073213439,1073741823,1073741823,1073741823,1073741823,1073741823,1073741823:j8
1073741823,1073741823,1073741823,1073479679,1073741823,1072033791,1073070079,1073643519,1073213439,1073741823,1073741823,1073741823,1073741823,1073741823,1073741823:j8
1073741823,1073741823,1073741823,1073479679,1073741823,1073082367,1073070079,1072594943,1073213439,1073741823,1073741823,1073741823,1073741823,1073741823,1073741823:j8
1073741823,1073741823,1073741823,1073479679,1073741823,1073082367,1073070079,1073643519,1073213439,1073741823,1073741567,1073741823,1073741823,1073741823,1073741823:j8
1073741823,1073741823,1073741823,1073479679,1073741823,1073082367,1073070079,1073643519,1073213183,1073741823,1073741823,1073741823,1073741823,1073741823,1073741823:j8
1073741823,1073741823,1073741823,1073479679,1073741823,1073082367,1073069823,1073643519,1073213439,1073741823,1073741823,1073741823,1073741823,1073741823,1073741823:j8
1073741823,1073741823,1073741823,1073479679,1073741823,1073082367,1073070079,1073643519,1073213439,1073741823,1073676287,1073741823,1073741823,1073741823,1073741823:j8
1073741823,1073741823,1073741823,1073479679,1073741823,1073082367,1073070079,1073643519,1073213439,1073741823,1073737727,1073741823,1073741823,1073741823,1073741823:j8
1073741823,1073741823,1073741823,1073479679,1073741823,1073082367,1073070079,1073643519,1073213439,1073737727,1073741823,1073741823,1073741823,1073741823,1073741823:j8
1073741823,1073741823,1073741823,1073479679,1073737727,1073082367,1073070079,1073643519,1073213439,1073741823,1073741823,1073741823,1073741823,1073741823,1073741823:j8
1073741823,1073741823,1073741823,1073479679,1073676287,1073082367,1073070079,1073643519,1073213439,1073741823,1073741823,1073741823,1073741823,1073741823,1073741823:j8
1073741823,1073741823,1073741823,1073479679,1072693247,1073082367,1073070079,1073643519,1073213439,1073741823,1073741823,1073741823,1073741823,1073741823,1073741823:j8
1073741823,1073741823,1073741823,1073479679,1073741823,1073082367,1072021503,1073643519,1073213439,1073741823,1073741823,1073741823,1073741823,1073741823,1073741823:j8
1073741823,1073741823,1073741823,1073479679,1073741823,1073082367,1073070079,1073643519,1072164863,1073741823,1073741823,1073741823,1073741823,1073741823,1073741823:j8
1073741823,1073741823,1073741823,1073479679,1073741823,1073082367,1073070079,1073643519,1073212415,1073741823,1073741823,1073741823,1073741823,1073741823,1073741823:j8
1073741823,1073741823,1073741823,1073479679,1073741823,1073082367,1073069055,1073643519,1073213439,1073741823,1073741823,1073741823,1073741823,1073741823,1073741823:j8
1073741823,1073741823,1073741823,1073479679,1073740799,1073082367,1073070079,1073643519,1073213439,1073741823,1073741823,1073741823,1073741823,1073741823,1073741823:e4
1073741823,1073741823,1073741823,1073479167,1073740799,1073082351,1073070079,1073643519,1073213439,1073741823,1073741823,1073741823,1073741823,1073741823,1073741823:k8
1073741823,1073741823,1073741823,1073479151,1073740799,1073082367,1073070079,1073643519,1073213439,1073741823,1073741823,1073741823,1073741823,1073741823,1073741823:k8
1073741823,1073741823,1073741823,1073479103,1073740799,1073082367,1073070079,1073643519,1073213439,1073741823,1073741823,1073741823,1073741823,1073741823,1073741823:k8
1073741823,1073741807,1073741823,1073479167,1073740799,1073082367,1073070079,1073643519,1073213439,1073741823,1073741823,1073741823,1073741823,1073741823,1073741823:k8
1073741823,1073741567,1073741823,1073479167,1073740799,1073082367,1073070079,1073643519,1073213439,1073741823,1073741823,1073741823,1073741823,1073741823,1073741823:k8
1073741823,1073741823,1073741567,1073479167,1073740799,1073082367,1073070079,1073643519,1073213439,1073741823,1073741823,1073741823,1073741823,1073741823,1073741823:k8
1073741823,1073737727,1073741823,1073479167,1073740799,1073082367,1073070079,1073643519,1073213439,1073741823,1073741823,1073741823,1073741823,1073741823,1073741823:k8
1073741823,1073741823,1073741823,1073479167,1073740799,1073082367,1073070015,1073643519,1073213439,1073741823,1073741823,1073741823,1073741823,1073741823,1073741823:k8
1073741823,1073741823,1073741823,1073479167,1073740735,1073082367,1073070079,1073643519,1073213439,1073741823,1073741823,1073741823,1073741823,1073741823,1073741823:j8
1073741823,1073741823,1073741823,1073479167,1073740543,1073082367,1073070079,1073643519,1073213439,1073741823,1073741823,1073741823,1073741823,1073741823,1073741823:j8
1073741823,1073741823,1073741759,1073479167,1073740799,1073082367,1073070079,1073643519,1073213439,1073741823,1073741823,1073741823,1073741823,1073741823,1073741823:k8
1073741823,1073741823,1073740799,1073479167,1073740799,1073082367,1073070079,1073643519,1073213439,1073741823,1073741823,1073741823,1073741823,1073741823,1073741823:k8
1073741823,1073741823,1073741823,1073478143,1073740799,1073082367,1073070079,1073643519,1073213439,1073741823,1073741823,1073741823,1073741823,1073741823,1073741823:k8
1073741823,1073741823,1073725439,1073479167,1073740799,1073082367,1073070079,1073643519,1073213439,1073741823,1073741823,1073741823,1073741823,1073741823,1073741823:j8
1073741823,1073741823,1073741823,1073479167,1069546495,1073082367,1073070079,1073643519,1073213439,1073741823,1073741823,1073741823,1073741823,1073741823,1073741823:k8
1073741823,1073725439,1073741823,1073479167,1073740799,1073082367,1073070079,1073643519,1073213439,1073741823,1073741823,1073741823,1073741823,1073741823,1073741823:k8
1073741823,1073741823,1073676287,1073479167,1073740799,1073082367,1073070079,1073643519,1073213439,1073741823,1073741823,1073741823,1073741823,1073741823,1073741823:k8
1073741823,1073479679,1073741823,1073479167,1073740799,1073082367,1073070079,1073643519,1073213439,1073741823,1073741823,1073741823,1073741823,1073741823,1073741823:k8
1073741823,1073741823,1073479679,1073479167,1073740799,1073082367,1073070079,1073643519,1073213439,1073741823,1073741823,1073741823,1073741823,1073741823,1073741823:j8
1073741823,1069547519,1073741823,1073479167,1073740799,1073082367,1073070079,1073643519,1073213439,1073741823,1073741823,1073741823,1073741823,1073741823,1073741823:k8
1073741823,1073741823,1072693247,1073479167,1073740799,1073082367,1073070079,1073643519,1073213439,1073741823,1073741823,1073741823,1073741823,1073741823,1073741823:k8
1073741823,1073741823,1073741823,1073479167,1073740799,1073082367,1073070079,1073643519,1073213439,1073741823,1073725439,1073741823,1073741823,1073741823,1073741823:k8
1073741823,1073741823,1073741823,1073479167,1073740799,1073082367,1068875775,1073643519,1073213439,1073741823,1073741823,1073741823,1073741823,1073741823,1073741823:l9
1073741823,1073741823,1073741823,1073479167,1073740799,1073082367,1073070079,1073643519,1069019135,1073741823,1073741823,1073741823,1073741823,1073741823,1073741823:j8
1073741823,1073741823,1073741823,1073479167,1073740799,1073082367,1073070079,1073643519,1073213439,1073741823,1069547519,1073741823,1073741823,1073741823,1073741823:k8
1073741823,1073741823,1073741823,1073479167,1073740799,1073082367,1073070079,1073643519,1073213439,1073741823,1073479679,1073741823,1073741823,1073741823,1073741823:k8
1073741823,1073741823,1073741823,1073479167,1073740799,1073082367,1073070079,1073643263,1073213439,1073741823,1073741823,1073741823,1073741823,1073741823,1073741823:j8
1073741823,1073741823,1073741823,1073479167,1073740799,1073082111,1073070079,1073643519,1073213439,1073741823,1073741823,1073741823,1073741823,1073741823,1073741823:k8
1073741823,1073741823,1073741823,1073462783,1073740799,1073082367,1073070079,1073643519,1073213439,1073741823,1073741823,1073741823,1073741823,1073741823,1073741823:j8
1073741823,1073741823,1073741823,1069284863,1073740799,1073082367,1073070079,1073643519,1073213439,1073741823,1073741823,1073741823,1073741823,1073741823,1073741823:k8
1073741823,1073741823,1073741823,1073479167,1073740799,1068888063,1073070079,1073643519,1073213439,1073741823,1073741823,1073741823,1073741823,1073741823,1073741823:k8
1073741823,1073741823,1073741823,1073479167,1073740799,1073082367,1073070079,1069449215,1073213439,1073741823,1073741823,1073741823,1073741823,1073741823,1073741823:k8
1073741823,1073741823,1073741823,1073479167,1073740799,1073082367,1073070079,1073643519,1073213439,1072693247,1073741823,1073741823,1073741823,1073741823,1073741823:k8
1073741823,1073741823,1073741823,1073479167,1073740799,1073082367,1073070079,1073643519,1073213439,1073676287,1073741823,1073741823,1073741823,1073741823,1073741823:l9
1073741823,1073741823,1073741823,1073475071,1073740799,1073082367,1073070079,1073643519,1073213439,1073741823,1073741823,1073741823,1073741823,1073741823,1073741823:k8
1073741823,1073741823,1073741823,1073413631,1073740799,1073082367,1073070079,1073643519,1073213439,1073741823,1073741823,1073741823,1073741823,1073741823,1073741823:j8
1073741823,1073741823,1073741823,1072430591,1073740799,1073082367,1073070079,1073643519,1073213439,1073741823,1073741823,1073741823,1073741823,1073741823,1073741823:k8
1073741823,1073741823,1073741823,1073479167,1073740799,1072033791,1073070079,1073643519,1073213439,1073741823,1073741823,1073741823,1073741823,1073741823,1073741823:l9
1073741823,1073741823,1073741823,1073479167,1073740799,1073082367,1073070079,1072594943,1073213439,1073741823,1073741823,1073741823,1073741823,1073741823,1073741823:j8
1073741823,1073741823,1073741823,1073479167,1073740799,1073082367,1073070079,1073643519,1073213439,1073741823,1073741567,1073741823,1073741823,1073741823,1073741823:k8
1073741823,1073741823,1073741823,1073479167,1073740799,1073082367,1073070079,1073643519,1073213183,1073741823,1073741823,1073741823,1073741823,1073741823,1073741823:k8
1073741823,1073741823,1073741823,1073479167,1073740799,1073082367,1073069823,1073643519,1073213439,1073741823,1073741823,1073741823,1073741823,1073741823,1073741823:k8
1073741823,1073741823,1073741823,1073479167,1073740799,1073082367,1073070079,1073643519,1073213439,1073741823,1073676287,1073741823,1073741823,1073741823,1073741823:k8
1073741823,1073741823,1073741823,1073479167,1073740799,1073082367,1073070079,1073643519,1073213439,1073741823,1073737727,1073741823,1073741823,1073741823,1073741823:k8
1073741823,1073741823,1073741823,1073479167,1073740799,1073082367,1073070079,1073643519,1073213439,1073737727,1073741823,1073741823,1073741823,1073741823,1073741823:j8
1073741823,1073741823,1073741823,1073479167,1073736703,1073082367,1073070079,1073643519,1073213439,1073741823,1073741823,1073741823,1073741823,1073741823,1073741823:j8
1073741823,1073741823,1073741823,1073479167,1073675263,1073082367,1073070079,1073643519,1073213439,1073741823,1073741823,1073741823,1073741823,1073741823,1073741823:j8
1073741823,1073741823,1073741823,1073479167,1072692223,1073082367,1073070079,1073643519,1073213439,1073741823,1073741823,1073741823,1073741823,1073741823,1073741823:l9
1073741823,1073741823,1073741823,1073479167,1073740799,1073082367,1072021503,1073643519,1073213439,1073741823,1073741823,1073741823,1073741823,1073741823,1073741823:l9
1073741823,1073741823,1073741823,1073479167,1073740799,1073082367,1073070079,1073643519,1072164863,1073741823,1073741823,1073741823,1073741823,1073741823,1073741823:k8
1073741823,1073741823,1073741823,1073479167,1073740799,1073082367,1073070079,1073643519,1073212415,1073741823,1073741823,1073741823,1073741823,1073741823,1073741823:k8
1073741823,1073741823,1073741823,1073479167,1073740799,1073082367,1073069055,1073643519,1073213439,1073741823,1073741823,1073741823,1073741823,1073741823,1073741823:j8
1073741823,1073741823,1073741823,1073479167,1073724415,1073082367,1073070079,1073643519,1073213439,1073741823,1073741823,1073741823,1073741823,1073741823,1073741823:j8
1073741823,1073741823,1073741823,1073479167,1073478655,1073082367,1073070079,1073643519,1073213439,1073741823,1073741823,1073741823,1073741823,1073741823,1073741823:j8
1073741823,1073741823,1073741823,1073479167,1073740799,1073082367,1073070079,1073643519,1073213439,1073740799,1073741823,1073741823,1073741823,1073741823,1073741823:k8
1073741823,1073741823,1073741823,1073479167,1073740799,1073082367,1073070079,1073642495,1073213439,1073741823,1073741823,1073741823,1073741823,1073741823,1073741823:k8
1073741823,1073741823,1073741823,1073479167,1073740799,1073082367,1073070079,1073639423,1073213439,1073741823,1073741823,1073741823,1073741823,1073741823,1073741823:j8
1073741823,1073741823,1073741823,1073479167,1073740799,1073081343,1073070079,1073643519,1073213439,1073741823,1073741823,1073741823,1073741823,1073741823,1073741823:k8
1073741823,1073741823,1073741823,1073479167,1073740799,1073082367,1073065983,1073643519,1073213439,1073741823,1073741823,1073741823,1073741823,1073741823,1073741823:j8
1073741823,1073741823,1073741823,1073479167,1073740799,1073065983,1073070079,1073643519,1073213439,1073741823,1073741823,1073741823,1073741823,1073741823,1073741823:j8
1073741823,1073741823,1073741823,1073479167,1073740799,1073082367,1073070079,1073381375,1073213439,1073741823,1073741823,1073741823,1073741823,1073741823,1073741823:k8
1073741823,1073741823,1073741823,1073479167,1073740799,1073082367,1073070079,1073643519,1073213439,1073479679,1073741823,1073741823,1073741823,1073741823,1073741823:k8
1073741823,1073741823,1073741823,1073479167,1073740799,1073082367,1073070079,1073643519,1073147903,1073741823,1073741823,1073741823,1073741823,1073741823,1073741823:k8
1073741823,1073741823,1073741823,1073479167,1073740799,1073082367,1073070079,1073643519,1073213439,1073725439,1073741823,1073741823,1073741823,1073741823,1073741823:k8
1073741823,1073741823,1073741823,1073479167,1073740799,1073082367,1073070079,1073643519,1073197055,1073741823,1073741823,1073741823,1073741823,1073741823,1073741823:k8
1073741823,1073741823,1073741823,1073479679,1073725439,1073082367,1073070079,1073643519,1073213439,1073741823,1073741823,1073741823,1073741823,1073741823,1073741823:j8
1073741823,1073741823,1073741823,1073479679,1073479679,1073082367,1073070079,1073643519,1073213439,1073741823,1073741823,1073741823,1073741823,1073741823,1073741823:j8
1073741823,1073741823,1073741823,1073479679,1073741823,1073082367,1073070079,1073643519,1073213439,1073740799,1073741823,1073741823,1073741823,1073741823,1073741823:j8
1073741823,1073741823,1073741823,1073479679,1073741823,1073082367,1073070079,1073642495,1073213439,1073741823,1073741823,1073741823,1073741823,1073741823,1073741823:j8
1073741823,1073741823,1073741823,1073479679,1073741823,1073082367,1073070079,1073639423,1073213439,1073741823,1073741823,1073741823,1073741823,1073741823,1073741823:j8
1073741823,1073741823,1073741823,1073479679,1073741823,1073081343,1073070079,1073643519,1073213439,1073741823,1073741823,1073741823,1073741823,1073741823,1073741823:j8
1073741823,1073741823,1073741823,1073479679,1073741823,1073082367,1073065983,1073643519,1073213439,1073741823,1073741823,1073741823,1073741823,1073741823,1073741823:j8
1073741823,1073741823,1073741823,1073479679,1073741823,1073065983,1073070079,1073643519,1073213439,1073741823,1073741823,1073741823,1073741823,1073741823,1073741823:j8
1073741823,1073741823,1073741823,1073479679,1073741823,1073082367,1073070079,1073381375,1073213439,1073741823,1073741823,1073741823,1073741823,1073741823,1073741823:k6
1073741823,1073741823,1073741823,1073479679,1073741823,1073082367,1073070079,1073643519,1073213439,1073479679,1073741823,1073741823,1073741823,1073741823,1073741823:j8
1073741823,1073741823,1073741823,1073479679,1073741823,1073082367,1073070079,1073643519,1073147903,1073741823,1073741823,1073741823,1073741823,1073741823,1073741823:j8
1073741823,1073741823,1073741823,1073479679,1073741823,1073082367,1073070079,1073643519,1073213439,1073725439,1073741823,1073741823,1073741823,1073741823,1073741823:j8
1073741823,1073741823,1073741823,1073479679,1073741823,1073082367,1073070079,1073643519,1073197055,1073741823,1073741823,1073741823,1073741823,1073741823,1073741823:j8
