1073741823,1073741823,1073741823,1073741823,1073479679,1073082367,1073594367,1073643519,1073213439,1073741823,1073741823,1073741823,1073741823,1073741823,1073741823:j7
1073741823,1073741823,1073725439,1073741823,1073479679,1073082367,1073070079,1073643519,1073213439,1073741823,1073741823,1073741823,1073741823,1073741823,1073741823:l6
1073741823,1073741823,1073479679,1073741823,1073479679,1073082367,1073070079,1073643519,1073213439,1073741823,1073741823,1073741823,1073741823,1073741823,1073741823:j8
1073741823,1073741823,1069547519,1073741823,1073479679,1073082367,1073070079,1073643519,1073213439,1073741823,1073741823,1073741823,1073741823,1073741823,1073741823:j8
1073741823,1073741823,1073741823,1073741823,1069285375,1073082367,1073070079,1073643519,1073213439,1073741823,1073741823,1073741823,1073741823,1073741823,1073741823:j8
1073741823,1073741823,1073741823,1073741823,1073479679,1073082367,1073070079,1073643519,1073213439,1073741823,1073725439,1073741823,1073741823,1073741823,1073741823:j8
1073741823,1073741823,1073741823,1073741823,1073479679,1073082367,1068875775,1073643519,1073213439,1073741823,1073741823,1073741823,1073741823,1073741823,1073741823:j8
1073741823,1073741823,1073741823,1073741823,1073479679,1073082367,1073070079,1073643519,1069019135,1073741823,1073741823,1073741823,1073741823,1073741823,1073741823:l6
1073741823,1073741823,1073741823,1073741823,1073479679,1073082367,1073070079,1073643519,1073213439,1073741823,1069547519,1073741823,1073741823,1073741823,1073741823:j8
1073741823,1073741823,1073741823,1073741823,1073479679,1073082367,1073070079,1073643519,1073213439,1073741823,1073479679,1073741823,1073741823,1073741823,1073741823:j8
1073741823,1073741823,1073741823,1073741823,1073479679,1073082367,1073070079,1073643263,1073213439,1073741823,1073741823,1073741823,1073741823,1073741823,1073741823:j8
1073741823,1073741823,1073741823,1073741823,1073479679,1073082111,1073070079,1073643519,1073213439,1073741823,1073741823,1073741823,1073741823,1073741823,1073741823:j8
1073741823,1073741823,1073741823,1073741567,1073479679,1073082367,1073070079,1073643519,1073213439,1073741823,1073741823,1073741823,1073741823,1073741823,1073741823:f5
1073741823,1073741823,1073741823,1073725439,1073479679,1073082367,1073070079,1073643519,1073213439,1073741823,1073741823,1073741823,1073741823,1073741823,1073741823:k6
1073741823,1073741823,1073741823,1073479679,1073479679,1073082367,1073070079,1073643519,1073213439,1073741823,1073741823,1073741823,1073741823,1073741823,1073741823:j8
1073741823,1073741823,1073741823,1069547519,1073479679,1073082367,1073070079,1073643519,1073213439,1073741823,1073741823,1073741823,1073741823,1073741823,1073741823:j8
1073741823,1073741823,1073741823,1073741823,1073479679,1068888063,1073070079,1073643519,1073213439,1073741823,1073741823,1073741823,1073741823,1073741823,1073741823:j8
1073741823,1073741823,1073741823,1073741823,1073479679,1073082367,1073070079,1069449215,1073213439,1073741823,1073741823,1073741823,1073741823,1073741823,1073741823:j8
1073741823,1073741823,1073741823,1073741823,1073479679,1073082367,1073070079,1073643519,1073213439,1072693247,1073741823,1073741823,1073741823,1073741823,1073741823:j8
1073741823,1073741823,1073741823,1073741823,1073479679,1073082367,1073070079,1073643519,1073213439,1073676287,1073741823,1073741823,1073741823,1073741823,1073741823:j8
1073741823,1073741823,1073741823,1073737727,1073479679,1073082367,1073070079,1073643519,1073213439,1073741823,1073741823,1073741823,1073741823,1073741823,1073741823:k6
1073741823,1073741823,1073741823,1073676287,1073479679,1073082367,1073070079,1073643519,1073213439,1073741823,1073741823,1073741823,1073741823,1073741823,1073741823:j8
1073741823,1073741823,1073741823,1072693247,1073479679,1073082367,1073070079,1073643519,1073213439,1073741823,1073741823,1073741823,1073741823,1073741823,1073741823:j8
1073741823,1073741823,1073741823,1073741823,1073479679,1072033791,1073070079,1073643519,1073213439,1073741823,1073741823,1073741823,1073741823,1073741823,1073741823:j8
1073741823,1073741823,1073741823,1073741823,1073479679,1073082367,1073070079,1072594943,1073213439,1073741823,1073741823,1073741823,1073741823,1073741823,1073741823:j8
1073741823,1073741823,1073741823,1073741823,1073479679,1073082367,1073070079,1073643519,1073213439,1073741823,1073741567,1073741823,1073741823,1073741823,1073741823:j8
1073741823,1073741823,1073741823,1073741823,1073479679,1073082367,1073070079,1073643519,1073213183,1073741823,1073741823,1073741823,1073741823,1073741823,1073741823:j8
1073741823,1073741823,1073741823,1073741823,1073479679,1073082367,1073069823,1073643519,1073213439,1073741823,1073741823,1073741823,1073741823,1073741823,1073741823:l6
1073741823,1073741823,1073741823,1073741823,1073479679,1073082367,1073070079,1073643519,1073213439,1073741823,1073676287,1073741823,1073741823,1073741823,1073741823:j8
1073741823,1073741823,1073741823,1073741823,1073479679,1073082367,1073070079,1073643519,1073213439,1073741823,1073737727,1073741823,1073741823,1073741823,1073741823:j8
1073741823,1073741823,1073741823,1073741823,1073479679,1073082367,1073070079,1073643519,1073213439,1073737727,1073741823,1073741823,1073741823,1073741823,1073741823:l6
1073741823,1073741823,1073741823,1073741823,1073475583,1073082367,1073070079,1073643519,1073213439,1073741823,1073741823,1073741823,1073741823,1073741823,1073741823:g7
1073741823,1073741823,1073741823,1073741823,1073414143,1073082367,1073070079,1073643519,1073213439,1073741823,1073741823,1073741823,1073741823,1073741823,1073741823:h5
1073741823,1073741823,1073741823,1073741823,1072431103,1073082367,1073070079,1073643519,1073213439,1073741823,1073741823,1073741823,1073741823,1073741823,1073741823:j8
1073741823,1073741823,1073741823,1073741823,1073479679,1073082367,1072021503,1073643519,1073213439,1073741823,1073741823,1073741823,1073741823,1073741823,1073741823:j8
1073741823,1073741823,1073741823,1073741823,1073479679,1073082367,1073070079,1073643519,1072164863,1073741823,1073741823,1073741823,1073741823,1073741823,1073741823:l6
1073741823,1073741823,1073741823,1073741823,1073479679,1073082367,1073070079,1073643519,1073212415,1073741823,1073741823,1073741823,1073741823,1073741823,1073741823:j8
1073741823,1073741823,1073741823,1073741823,1073479679,1073082367,1073069055,1073643519,1073213439,1073741823,1073741823,1073741823,1073741823,1073741823,1073741823:l6
1073741823,1073741823,1073741823,1073741823,1073478655,1073082367,1073070079,1073643519,1073213439,1073741823,1073741823,1073741823,1073741823,1073741823,1073741823:e4
1073741823,1073741823,1073741823,1073741823,1073463295,1073082367,1073070079,1073643519,1073213439,1073741823,1073741823,1073741823,1073741823,1073741823,1073741823:l6
1073741823,1073741823,1073741823,1073741823,1073479679,1073082367,1073070079,1073643519,1073213439,1073740799,1073741823,1073741823,1073741823,1073741823,1073741823:j8
1073741823,1073741823,1073741823,1073741823,1073479679,1073082367,1073070079,1073642495,1073213439,1073741823,1073741823,1073741823,1073741823,1073741823,1073741823:k6
1073741823,1073741823,1073741823,1073741823,1073479679,1073082367,1073070079,1073639423,1073213439,1073741823,1073741823,1073741823,1073741823,1073741823,1073741823:g7
1073741823,1073741823,1073741823,1073741823,1073479679,1073081343,1073070079,1073643519,1073213439,1073741823,1073741823,1073741823,1073741823,1073741823,1073741823:j8
1073741823,1073741823,1073741823,1073741823,1073479679,1073082367,1073065983,1073643519,1073213439,1073741823,1073741823,1073741823,1073741823,1073741823,1073741823:g5
1073741823,1073741823,1073741823,1073741823,1073479679,1073065983,1073070079,1073643519,1073213439,1073741823,1073741823,1073741823,1073741823,1073741823,1073741823:k8
1073741823,1073741823,1073741823,1073741823,1073479679,1073082367,1073070079,1073381375,1073213439,1073741823,1073741823,1073741823,1073741823,1073741823,1073741823:k6
1073741823,1073741823,1073741823,1073741823,1073479679,1073082367,1073070079,1073643519,1073213439,1073479679,1073741823,1073741823,1073741823,1073741823,1073741823:k6
1073741823,1073741823,1073741823,1073741823,1073479679,1073082367,1073070079,1073643519,1073147903,1073741823,1073741823,1073741823,1073741823,1073741823,1073741823:k6
1073741823,1073741823,1073741823,1073741823,1073479679,1073082367,1073070079,1073643519,1073213439,1073725439,1073741823,1073741823,1073741823,1073741823,1073741823:j8
1073741823,1073741823,1073741823,1073741823,1073479679,1073082367,1073070079,1073643519,1073197055,1073741823,1073741823,1073741823,1073741823,1073741823,1073741823:j8
