1073741823,1073741823,1073741823,1073741823,1072693247,1072103423,1073594367,1073700863,1073741823,1073741823,1073741823,1073741823,1073741823,1073741823,1073741823:f8
1073741823,1073741823,1073741823,1073741823,1072693247,1072103423,1073594367,1073698815,1073741823,1073741759,1073741823,1073741823,1073741823,1073741823,1073741823:e8
1073741823,1073741823,1073741823,1073741823,1072693247,1072103423,1073594367,1073698815,1073741567,1073741823,1073741823,1073741823,1073741823,1073741823,1073741823:e8
1073741823,1073741823,1073741823,1073741823,1072693247,1072103423,1073594367,1073698751,1073741823,1073741823,1073741823,1073741823,1073741823,1073741823,1073741823:g9
1073741823,1073741823,1073741823,1073741823,1072693247,1072103359,1073594367,1073698815,1073741823,1073741823,1073741823,1073741823,1073741823,1073741823,1073741823:g9
1073741823,1073741823,1073741823,1073741823,1072693247,1072103423,1073594111,1073698815,1073741823,1073741823,1073741823,1073741823,1073741823,1073741823,1073741823:g9
1073741823,1073741823,1073741823,1056964607,1072693247,1072103423,1073594367,1073698815,1073741823,1073741823,1073741823,1073741823,1073741823,1073741823,1073741823:g9
1073741823,1073741823,1073741823,1073741823,1072693247,1055326207,1073594367,1073698815,1073741823,1073741823,1073741823,1073741823,1073741823,1073741823,1073741823:g9
1073741823,1073741823,1073741823,1073741823,1072693247,1072103423,1073594367,1056921599,1073741823,1073741823,1073741823,1073741823,1073741823,1073741823,1073741823:g9
1073741823,1073741823,1073741823,1073741823,1072693247,1072103423,1069400063,1073698815,1073741823,1073741823,1073741823,1073741823,1073741823,1073741823,1073741823:g9
1073741823,1073741823,1073741823,1073741823,1072693247,1072103423,1073594367,1073698815,1073741823,1073741567,1073741823,1073741823,1073741823,1073741823,1073741823:e8
1073741823,1073741823,1073741823,1073741823,1072693247,1072103423,1073594367,1073698559,1073741823,1073741823,1073741823,1073741823,1073741823,1073741823,1073741823:g9
1073741823,1073741823,1073741823,1073741823,1072693247,1072103167,1073594367,1073698815,1073741823,1073741823,1073741823,1073741823,1073741823,1073741823,1073741823:g9
1073741823,1073741823,1073741823,1073741823,1072693247,1072103423,1073594367,1073698815,1073741823,1073676287,1073741823,1073741823,1073741823,1073741823,1073741823:e8
1073741823,1073741823,1073741823,1073741823,1072693247,1072103423,1073594367,1073698815,1073741823,1073737727,1073741823,1073741823,1073741823,1073741823,1073741823:e8
1073741823,1073741823,1073676287,1073741823,1072693247,1072103423,1073594367,1073698815,1073741823,1073741823,1073741823,1073741823,1073741823,1073741823,1073741823:g9
1073741823,1073741823,1072693247,1073741823,1072693247,1072103423,1073594367,1073698815,1073741823,1073741823,1073741823,1073741823,1073741823,1073741823,1073741823:e8
1073741823,1073741823,1056964607,1073741823,1072693247,1072103423,1073594367,1073698815,1073741823,1073741823,1073741823,1073741823,1073741823,1073741823,1073741823:g9
1073741823,1073741823,1073741823,1073741823,1055916031,1072103423,1073594367,1073698815,1073741823,1073741823,1073741823,1073741823,1073741823,1073741823,1073741823:g9
1073741823,1073741823,1073741823,1073741823,1068498943,1072103423,1073594367,1073698815,1073741823,1073741823,1073741823,1073741823,1073741823,1073741823,1073741823:g9
1073741823,1073741823,1073741823,1073741823,1072693247,1072103423,1056817151,1073698815,1073741823,1073741823,1073741823,1073741823,1073741823,1073741823,1073741823:g9
1073741823,1073741823,1073741823,1073725439,1072693247,1072103423,1073594367,1073698815,1073741823,1073741823,1073741823,1073741823,1073741823,1073741823,1073741823:g9
1073741823,1073741823,1073741823,1073479679,1072693247,1072103423,1073594367,1073698815,1073741823,1073741823,1073741823,1073741823,1073741823,1073741823,1073741823:g9
1073741823,1073741823,1073741823,1069547519,1072693247,1072103423,1073594367,1073698815,1073741823,1073741823,1073741823,1073741823,1073741823,1073741823,1073741823:g9
1073741823,1073741823,1073741823,1073741823,1072693247,1067909119,1073594367,1073698815,1073741823,1073741823,1073741823,1073741823,1073741823,1073741823,1073741823:g9
1073741823,1073741823,1073741823,1073741823,1072693247,1072103423,1073594367,1069504511,1073741823,1073741823,1073741823,1073741823,1073741823,1073741823,1073741823:g9
1073741823,1073741823,1073741823,1073737727,1072693247,1072103423,1073594367,1073698815,1073741823,1073741823,1073741823,1073741823,1073741823,1073741823,1073741823:g9
1073741823,1073741823,1073741823,1073676287,1072693247,1072103423,1073594367,1073698815,1073741823,1073741823,1073741823,1073741823,1073741823,1073741823,1073741823:g9
1073741823,1073741823,1073741823,1072693247,1072693247,1072103423,1073594367,1073698815,1073741823,1073741823,1073741823,1073741823,1073741823,1073741823,1073741823:e8
1073741823,1073741823,1073741823,1073741823,1072693247,1072103423,1073594367,1072650239,1073741823,1073741823,1073741823,1073741823,1073741823,1073741823,1073741823:e8
1073741823,1073741823,1073741823,1073741823,1072689151,1072103423,1073594367,1073698815,1073741823,1073741823,1073741823,1073741823,1073741823,1073741823,1073741823:e8
1073741823,1073741823,1073741823,1073741823,1072627711,1072103423,1073594367,1073698815,1073741823,1073741823,1073741823,1073741823,1073741823,1073741823,1073741823:e8
1073741823,1073741823,1073741823,1073741823,1072693247,1072103423,1072545791,1073698815,1073741823,1073741823,1073741823,1073741823,1073741823,1073741823,1073741823:e8
1073741823,1073741823,1073741823,1073741823,1072693247,1072103423,1073594367,1073698815,1072693247,1073741823,1073741823,1073741823,1073741823,1073741823,1073741823:e8
1073741823,1073741823,1073741823,1073741823,1072693247,1072103423,1073594367,1073698815,1073740799,1073741823,1073741823,1073741823,1073741823,1073741823,1073741823:g9
1073741823,1073741823,1073741823,1073741823,1072693247,1072103423,1073593343,1073698815,1073741823,1073741823,1073741823,1073741823,1073741823,1073741823,1073741823:g9
1073741823,1073741823,1073741823,1073741823,1072692223,1072103423,1073594367,1073698815,1073741823,1073741823,1073741823,1073741823,1073741823,1073741823,1073741823:e8
1073741823,1073741823,1073741823,1073741823,1072693247,1072099327,1073594367,1073698815,1073741823,1073741823,1073741823,1073741823,1073741823,1073741823,1073741823:e8
1073741823,1073741823,1073741823,1073741823,1072676863,1072103423,1073594367,1073698815,1073741823,1073741823,1073741823,1073741823,1073741823,1073741823,1073741823:g9
1073741823,1073741823,1073741823,1073741823,1072431103,1072103423,1073594367,1073698815,1073741823,1073741823,1073741823,1073741823,1073741823,1073741823,1073741823:e8
1073741823,1073741823,1073741823,1073741823,1072693247,1072103423,1073332223,1073698815,1073741823,1073741823,1073741823,1073741823,1073741823,1073741823,1073741823:e8
1073741823,1073741823,1073741823,1073741823,1072693247,1072103423,1073594367,1073698815,1073479679,1073741823,1073741823,1073741823,1073741823,1073741823,1073741823:e8
1073741823,1073741823,1073741823,1073741823,1072693247,1072103423,1073594367,1073698815,1073741823,1073740799,1073741823,1073741823,1073741823,1073741823,1073741823:e8
1073741823,1073741823,1073741823,1073741823,1072693247,1072103423,1073594367,1073698815,1073737727,1073741823,1073741823,1073741823,1073741823,1073741823,1073741823:e8
1073741823,1073741823,1073741823,1073741823,1072693247,1072102399,1073594367,1073698815,1073741823,1073741823,1073741823,1073741823,1073741823,1073741823,1073741823:g9
1073741823,1073741823,1073741823,1073741823,1072693247,1072103423,1073590271,1073698815,1073741823,1073741823,1073741823,1073741823,1073741823,1073741823,1073741823:e8
1073741823,1073741823,1073741823,1073741823,1072693247,1072087039,1073594367,1073698815,1073741823,1073741823,1073741823,1073741823,1073741823,1073741823,1073741823:e8
1073741823,1073741823,1073741823,1073741823,1072693247,1072103423,1073594367,1073436671,1073741823,1073741823,1073741823,1073741823,1073741823,1073741823,1073741823:e8
1073741823,1073741823,1073741823,1073741823,1072693247,1072103423,1073594367,1073633279,1073741823,1073741823,1073741823,1073741823,1073741823,1073741823,1073741823:g9
1073741823,1073741823,1073741823,1073741823,1072693247,1072103423,1073594367,1073633279,1073733631,1073741823,1073741567,1073741823,1073741823,1073741823,1073741823:f10
1073741823,1073741823,1073741823,1073741823,1072693247,1072103423,1073594367,1073633279,1073733631,1073741823,1073676287,1073741823,1073741823,1073741823,1073741823:f10
1073741823,1073741823,1073741823,1073741823,1072693247,1072103423,1073594367,1073633279,1073733631,1073741823,1073737727,1073741823,1073741823,1073741823,1073741823:f10
1073741823,1073741823,1073741823,1073741823,1072693247,1072103423,1073594367,1073633279,1073733631,1072693247,1073741823,1073741823,1073741823,1073741823,1073741823:f10
1073741823,1073741823,1073741823,1073741823,1072693247,1072103423,1073594367,1073633279,1073733631,1073741759,1073741823,1073741823,1073741823,1073741823,1073741823:f10
1073741823,1073741823,1073741823,1073741823,1072693247,1072103423,1073594367,1073633279,1073733375,1073741823,1073741823,1073741823,1073741823,1073741823,1073741823:f10
1073741823,1073741823,1073741823,1073741823,1072693247,1072103423,1073594367,1073633215,1073733631,1073741823,1073741823,1073741823,1073741823,1073741823,1073741823:f10
1073741823,1073741823,1073741823,1073741823,1072693247,1072103359,1073594367,1073633279,1073733631,1073741823,1073741823,1073741823,1073741823,1073741823,1073741823:f10
1073741823,1073741823,1073741823,1073741823,1072693247,1072103423,1073594111,1073633279,1073733631,1073741823,1073741823,1073741823,1073741823,1073741823,1073741823:f10
1073741823,1073741823,1073741823,1056964607,1072693247,1072103423,1073594367,1073633279,1073733631,1073741823,1073741823,1073741823,1073741823,1073741823,1073741823:f10
1073741823,1073741823,1073741823,1073741823,1072693247,1055326207,1073594367,1073633279,1073733631,1073741823,1073741823,1073741823,1073741823,1073741823,1073741823:f10
1073741823,1073741823,1073741823,1073741823,1072693247,1072103423,1073594367,1056856063,1073733631,1073741823,1073741823,1073741823,1073741823,1073741823,1073741823:f10
1073741823,1073741823,1073741823,1073741823,1072693247,1072103423,1069400063,1073633279,1073733631,1073741823,1073741823,1073741823,1073741823,1073741823,1073741823:f10
1073741823,1073741823,1073741823,1073741823,1072693247,1072103423,1073594367,1073633279,1073733631,1073741567,1073741823,1073741823,1073741823,1073741823,1073741823:f10
1073741823,1073741823,1073741823,1073741823,1072693247,1072103423,1073594367,1073633023,1073733631,1073741823,1073741823,1073741823,1073741823,1073741823,1073741823:f10
1073741823,1073741823,1073741823,1073741823,1072693247,1072103167,1073594367,1073633279,1073733631,1073741823,1073741823,1073741823,1073741823,1073741823,1073741823:f10
1073741823,1073741823,1073741823,1073741823,1072693247,1072103423,1073594367,1073633279,1073733631,1073676287,1073741823,1073741823,1073741823,1073741823,1073741823:f10
1073741823,1073741823,1073741823,1073741823,1072693247,1072103423,1073594367,1073633279,1073733631,1073737727,1073741823,1073741823,1073741823,1073741823,1073741823:f10
1073741823,1073741823,1073676287,1073741823,1072693247,1072103423,1073594367,1073633279,1073733631,1073741823,1073741823,1073741823,1073741823,1073741823,1073741823:f10
1073741823,1073741823,1072693247,1073741823,1072693247,1072103423,1073594367,1073633279,1073733631,1073741823,1073741823,1073741823,1073741823,1073741823,1073741823:f10
1073741823,1073741823,1056964607,1073741823,1072693247,1072103423,1073594367,1073633279,1073733631,1073741823,1073741823,1073741823,1073741823,1073741823,1073741823:f10
1073741823,1073741823,1073741823,1073741823,1055916031,1072103423,1073594367,1073633279,1073733631,1073741823,1073741823,1073741823,1073741823,1073741823,1073741823:f10
1073741823,1073741823,1073741823,1073741823,1068498943,1072103423,1073594367,1073633279,1073733631,1073741823,1073741823,1073741823,1073741823,1073741823,1073741823:f10
1073741823,1073741823,1073741823,1073741823,1072693247,1072103423,1056817151,1073633279,1073733631,1073741823,1073741823,1073741823,1073741823,1073741823,1073741823:f10
1073741823,1073741823,1073741823,1073725439,1072693247,1072103423,1073594367,1073633279,1073733631,1073741823,1073741823,1073741823,1073741823,1073741823,1073741823:f10
1073741823,1073741823,1073741823,1073479679,1072693247,1072103423,1073594367,1073633279,1073733631,1073741823,1073741823,1073741823,1073741823,1073741823,1073741823:f10
1073741823,1073741823,1073741823,1069547519,1072693247,1072103423,1073594367,1073633279,1073733631,1073741823,1073741823,1073741823,1073741823,1073741823,1073741823:f10
1073741823,1073741823,1073741823,1073741823,1072693247,1067909119,1073594367,1073633279,1073733631,1073741823,1073741823,1073741823,1073741823,1073741823,1073741823:f10
1073741823,1073741823,1073741823,1073741823,1072693247,1072103423,1073594367,1069438975,1073733631,1073741823,1073741823,1073741823,1073741823,1073741823,1073741823:f10
1073741823,1073741823,1073741823,1073737727,1072693247,1072103423,1073594367,1073633279,1073733631,1073741823,1073741823,1073741823,1073741823,1073741823,1073741823:f10
1073741823,1073741823,1073741823,1073676287,1072693247,1072103423,1073594367,1073633279,1073733631,1073741823,1073741823,1073741823,1073741823,1073741823,1073741823:f10
1073741823,1073741823,1073741823,1072693247,1072693247,1072103423,1073594367,1073633279,1073733631,1073741823,1073741823,1073741823,1073741823,1073741823,1073741823:f10
1073741823,1073741823,1073741823,1073741823,1072693247,1072103423,1073594367,1072584703,1073733631,1073741823,1073741823,1073741823,1073741823,1073741823,1073741823:f10
1073741823,1073741823,1073741823,1073741823,1072689151,1072103423,1073594367,1073633279,1073733631,1073741823,1073741823,1073741823,1073741823,1073741823,1073741823:f10
1073741823,1073741823,1073741823,1073741823,1072627711,1072103423,1073594367,1073633279,1073733631,1073741823,1073741823,1073741823,1073741823,1073741823,1073741823:f10
1073741823,1073741823,1073741823,1073741823,1072693247,1072103423,1072545791,1073633279,1073733631,1073741823,1073741823,1073741823,1073741823,1073741823,1073741823:f10
1073741823,1073741823,1073741823,1073741823,1072693247,1072103423,1073594367,1073633279,1072685055,1073741823,1073741823,1073741823,1073741823,1073741823,1073741823:f10
1073741823,1073741823,1073741823,1073741823,1072693247,1072103423,1073594367,1073633279,1073732607,1073741823,1073741823,1073741823,1073741823,1073741823,1073741823:f10
1073741823,1073741823,1073741823,1073741823,1072693247,1072103423,1073593343,1073633279,1073733631,1073741823,1073741823,1073741823,1073741823,1073741823,1073741823:f10
1073741823,1073741823,1073741823,1073741823,1072692223,1072103423,1073594367,1073633279,1073733631,1073741823,1073741823,1073741823,1073741823,1073741823,1073741823:f10
1073741823,1073741823,1073741823,1073741823,1072693247,1072099327,1073594367,1073633279,1073733631,1073741823,1073741823,1073741823,1073741823,1073741823,1073741823:f10
1073741823,1073741823,1073741823,1073741823,1072676863,1072103423,1073594367,1073633279,1073733631,1073741823,1073741823,1073741823,1073741823,1073741823,1073741823:f10
1073741823,1073741823,1073741823,1073741823,1072431103,1072103423,1073594367,1073633279,1073733631,1073741823,1073741823,1073741823,1073741823,1073741823,1073741823:f10
1073741823,1073741823,1073741823,1073741823,1072693247,1072103423,1073332223,1073633279,1073733631,1073741823,1073741823,1073741823,1073741823,1073741823,1073741823:f10
1073741823,1073741823,1073741823,1073741823,1072693247,1072103423,1073594367,1073633279,1073471487,1073741823,1073741823,1073741823,1073741823,1073741823,1073741823:f10
1073741823,1073741823,1073741823,1073741823,1072693247,1072103423,1073594367,1073633279,1073733631,1073740799,1073741823,1073741823,1073741823,1073741823,1073741823:d8
1073741823,1073741823,1073741823,1073741823,1072693247,1072102399,1073594367,1073633279,1073733631,1073741823,1073741823,1073741823,1073741823,1073741823,1073741823:f10
1073741823,1073741823,1073741823,1073741823,1072693247,1072103423,1073590271,1073633279,1073733631,1073741823,1073741823,1073741823,1073741823,1073741823,1073741823:f10
1073741823,1073741823,1073741823,1073741823,1072693247,1072087039,1073594367,1073633279,1073733631,1073741823,1073741823,1073741823,1073741823,1073741823,1073741823:f10
1073741823,1073741823,1073741823,1073741823,1072693247,1072103423,1073594367,1073371135,1073733631,1073741823,1073741823,1073741823,1073741823,1073741823,1073741823:f10
1073741823,1073741823,1073741823,1073741823,1072693247,1072103423,1073594367,1073633279,1073733631,1073479679,1073741823,1073741823,1073741823,1073741823,1073741823:f10
1073741823,1073741823,1073741823,1073741823,1072693247,1072103423,1073594367,1073633279,1073668095,1073741823,1073741823,1073741823,1073741823,1073741823,1073741823:f10
1073741823,1073741823,1073741823,1073741823,1072693247,1072103423,1073594367,1073633279,1073733631,1073725439,1073741823,1073741823,1073741823,1073741823,1073741823:f10
1073741823,1073741823,1073741823,1073741823,1072693247,1072103423,1073594367,1073633279,1073717247,1073741823,1073741823,1073741823,1073741823,1073741823,1073741823:f10
1073741823,1073741823,1073741823,1073741823,1072693247,1072103423,1073594367,1073698815,1073741823,1073479679,1073741823,1073741823,1073741823,1073741823,1073741823:g9
1073741823,1073741823,1073741823,1073741823,1072693247,1072103423,1073594367,1073698815,1073676287,1073741823,1073741823,1073741823,1073741823,1073741823,1073741823:g9
1073741823,1073741823,1073741823,1073741823,1072693247,1072103423,1073594367,1073698815,1073741823,1073725439,1073741823,1073741823,1073741823,1073741823,1073741823:e8
1073741823,1073741823,1073741823,1073741823,1072693247,1072103423,1073594367,1073698815,1073725439,1073741823,1073741823,1073741823,1073741823,1073741823,1073741823:e8
