1073741823,1073741823,1073741823,1073741823,1073741823,1073741823,1073594367,1073119231,1073217535,1073475583,1073741823,1073741823,1073741823,1073741823,1073741823:k9
1073741823,1073741823,1073741823,1073741823,1073741823,1073741823,1056817151,1073119231,1071120383,1073475583,1073741823,1073741823,1073741823,1073741823,1073741823:h6
1073741823,1073741823,1073741823,1073741823,1073741823,1073741823,1073594367,1073119231,1054343167,1073475583,1073741823,1073741823,1073741823,1073741823,1073741823:h6
1073741823,1073741823,1073741823,1073741823,1073741823,1073741823,1073594367,1073119231,1071120383,1073475583,1056964607,1073741823,1073741823,1073741823,1073741823:h6
1073741823,1073741823,1073741823,1073741823,1073741823,1073741823,1073594367,1073119231,1071120383,1073475583,1073741823,1073725439,1073741823,1073741823,1073741823:h6
1073741823,1073741823,1073741823,1073741823,1073741823,1073741823,1073594367,1073119231,1071120383,1073475583,1073676287,1073741823,1073741823,1073741823,1073741823:h6
1073741823,1073741823,1073741823,1073741823,1073741823,1073741823,1073594367,1073119231,1071120383,1073475583,1073741823,1069547519,1073741823,1073741823,1073741823:h6
1073741823,1073741823,1073741823,1073741823,1073741823,1073741823,1073594367,1073119231,1071120383,1073475583,1072693247,1073741823,1073741823,1073741823,1073741823:h6
1073741823,1073741823,1073741823,1073741823,1073741823,1073741823,1073594367,1073119231,1071120383,1073475583,1073741823,1073479679,1073741823,1073741823,1073741823:h6
1073741823,1073741823,1073741823,1073741823,1073741823,1073741823,1069400063,1073119231,1071120383,1073475583,1073741823,1073741823,1073741823,1073741823,1073741823:h6
1073741823,1073741823,1073741823,1073741823,1073741823,1073741823,1073594367,1073119231,1066926079,1073475583,1073741823,1073741823,1073741823,1073741823,1073741823:h6
1073741823,1073741823,1073741823,1073741823,1073741823,1073741823,1073594367,1073119231,1071120383,1073475583,1069547519,1073741823,1073741823,1073741823,1073741823:h6
1073741823,1073741823,1073741823,1073741823,1073741823,1073741823,1073594367,1073119231,1071120383,1073475583,1073479679,1073741823,1073741823,1073741823,1073741823:h6
1073741823,1073741823,1073741823,1073741823,1073741823,1072693247,1073594367,1073119231,1071120383,1073475583,1073741823,1073741823,1073741823,1073741823,1073741823:h6
1073741823,1073741823,1073741823,1073741823,1073741823,1073741823,1073594367,1073119231,1071120383,1072427007,1073741823,1073741823,1073741823,1073741823,1073741823:h6
1073741823,1073741823,1073741823,1073741823,1073741823,1069547519,1073594367,1073119231,1071120383,1073475583,1073741823,1073741823,1073741823,1073741823,1073741823:h6
1073741823,1073741823,1073741823,1073741823,1073741823,1073741823,1073594367,1068924927,1071120383,1073475583,1073741823,1073741823,1073741823,1073741823,1073741823:h6
1073741823,1073741823,1073741823,1073741823,1073741823,1073741823,1073594367,1072070655,1071120383,1073475583,1073741823,1073741823,1073741823,1073741823,1073741823:h6
1073741823,1073741823,1073741823,1073741823,1073741823,1073741823,1073594367,1073119231,1071120383,1069281279,1073741823,1073741823,1073741823,1073741823,1073741823:l9
1073741823,1073741823,1073741823,1073741823,1073741823,1073741823,1006485503,1073119231,1062731775,1069281279,1073741823,1073741823,1073741823,1073741823,1073741823:g9
1073741823,1073741823,1073741823,1073741823,1073741823,1073741823,1073594367,1056342015,1062731775,1069281279,1073741823,1073741823,1073741823,1073741823,1073741823:g9
1073741823,1073741823,1073741823,1073741823,1073741823,1073741823,1073594367,1073119231,995622911,1069281279,1073741823,1073741823,1073741823,1073741823,1073741823:g9
1073741823,1073741823,1073741823,1073741823,1073741823,1073741823,1073594367,1073119231,1062731775,1069281279,1006632959,1073741823,1073741823,1073741823,1073741823:g9
1073741823,1073741823,1073741823,1073741823,1073741823,1073741823,1073594367,1006010367,1062731775,1069281279,1073741823,1073741823,1073741823,1073741823,1073741823:g9
1073741823,1073741823,1073741823,1073741823,1073741823,1073741823,1073594367,1073119231,1062731775,1002172415,1073741823,1073741823,1073741823,1073741823,1073741823:g9
1073741823,1073741823,1073741823,1073741823,1073741823,1073741823,1073594367,1073119231,1062731775,1052504063,1073741823,1073741823,1073741823,1073741823,1073741823:i9
1073741823,1073741823,1073741823,1073741823,1073741823,1073741823,1073594367,1073119231,1062731775,1069281279,1073741823,1006632959,1073741823,1073741823,1073741823:g9
1073741823,1073741823,1073741823,1073741823,1073741823,1073741823,1056817151,1073119231,1062731775,1069281279,1073741823,1073741823,1073741823,1073741823,1073741823:g9
1073741823,1073741823,1073741823,1073741823,1073741823,1073741823,1073594367,1073119231,1045954559,1069281279,1073741823,1073741823,1073741823,1073741823,1073741823:j6
1073741823,1073741823,1073741823,1073741823,1073741823,1073741823,1073594367,1073119231,1062731775,1069281279,1056964607,1073741823,1073741823,1073741823,1073741823:g9
1073741823,1073741823,1073741823,1073741823,1073741823,1073741823,1073594367,1073119231,1062731775,1069281279,1073741823,1073725439,1073741823,1073741823,1073741823:g9
1073741823,1073741823,1073741823,1073741823,1073741823,1073741823,1073594367,1073119231,1062731775,1069281279,1073676287,1073741823,1073741823,1073741823,1073741823:g9
1073741823,1073741823,1073741823,1073741823,1073741823,1073741823,1073594367,1073119231,1062731775,1069281279,1073741823,1069547519,1073741823,1073741823,1073741823:g9
1073741823,1073741823,1073741823,1073741823,1073741823,1073741823,1073594367,1073119231,1062731775,1069281279,1072693247,1073741823,1073741823,1073741823,1073741823:g9
1073741823,1073741823,1073741823,1073741823,1073741823,1073741823,1073594367,1073119231,1062731775,1069281279,1073741823,1073479679,1073741823,1073741823,1073741823:g9
1073741823,1073741823,1073741823,1073741823,1073741823,1073741823,1069400063,1073119231,1062731775,1069281279,1073741823,1073741823,1073741823,1073741823,1073741823:g9
1073741823,1073741823,1073741823,1073741823,1073741823,1073741823,1073594367,1073119231,1062731775,1069281279,1069547519,1073741823,1073741823,1073741823,1073741823:g9
1073741823,1073741823,1073741823,1073741823,1073741823,1073741823,1073594367,1073119231,1062731775,1069281279,1073479679,1073741823,1073741823,1073741823,1073741823:g9
1073741823,1073741823,1073741823,1073741823,1073741823,1072693247,1073594367,1073119231,1062731775,1069281279,1073741823,1073741823,1073741823,1073741823,1073741823:i9
1073741823,1073741823,1073741823,1073741823,1073741823,1073741823,1073594367,1073119231,1062731775,1068232703,1073741823,1073741823,1073741823,1073741823,1073741823:i9
1073741823,1073741823,1073741823,1073741823,1073741823,1069547519,1073594367,1073119231,1062731775,1069281279,1073741823,1073741823,1073741823,1073741823,1073741823:g9
1073741823,1073741823,1073741823,1073741823,1073741823,1073741823,1073594367,1068924927,1062731775,1069281279,1073741823,1073741823,1073741823,1073741823,1073741823:g9
1073741823,1073741823,1073741823,1073741823,1073741823,1073741823,1073594367,1072070655,1062731775,1069281279,1073741823,1073741823,1073741823,1073741823,1073741823:g9
1073741823,1073741823,1073741823,1073741823,1073741823,1073741823,1073594367,1073119231,1062731775,1069281279,1073741823,1073741567,1073741823,1073741823,1073741823:i9
1073741823,1073741823,1073741823,1073741823,1073741823,1073741823,1073594367,1073119231,1062731775,1069281279,1073740799,1073741823,1073741823,1073741823,1073741823:i9
1073741823,1073741823,1073741823,1073741823,1073741823,1073741823,1073594367,1073119231,1062731775,1069281023,1073741823,1073741823,1073741823,1073741823,1073741823:g9
1073741823,1073741823,1073741823,1073741823,1073741823,1073741823,1073594367,1073118975,1062731775,1069281279,1073741823,1073741823,1073741823,1073741823,1073741823:g9
1073741823,1073741823,1073741823,1073741823,1073741823,1073741823,1073594367,1073119231,1062731775,1069215743,1073741823,1073741823,1073741823,1073741823,1073741823:i9
1073741823,1073741823,1073741823,1073741823,1073741823,1073741823,1073594367,1073119231,1062731775,1069281279,1073741823,1073676287,1073741823,1073741823,1073741823:g9
1073741823,1073741823,1073741823,1073741823,1073741823,1073741823,1073594367,1073119231,1062731775,1069281279,1073725439,1073741823,1073741823,1073741823,1073741823:g9
1073741823,1073741823,1073741823,1073741823,1073741823,1073741823,1073594367,1073119231,1062731775,1069281279,1073741823,1073737727,1073741823,1073741823,1073741823:g9
1073741823,1073741823,1073741823,1073741823,1073741823,1073741823,1073594367,1073119231,1062731775,1069281279,1073737727,1073741823,1073741823,1073741823,1073741823:g9
1073741823,1073741823,1073741823,1073741823,1073737727,1073741823,1073594367,1073119231,1062731775,1069281279,1073741823,1073741823,1073741823,1073741823,1073741823:g9
1073741823,1073741823,1073741823,1073741823,1073676287,1073741823,1073594367,1073119231,1062731775,1069281279,1073741823,1073741823,1073741823,1073741823,1073741823:g9
1073741823,1073741823,1073741823,1073741823,1072693247,1073741823,1073594367,1073119231,1062731775,1069281279,1073741823,1073741823,1073741823,1073741823,1073741823:g9
1073741823,1073741823,1073741823,1073741823,1073741823,1073741823,1072545791,1073119231,1062731775,1069281279,1073741823,1073741823,1073741823,1073741823,1073741823:g9
1073741823,1073741823,1073741823,1073741823,1073741823,1073741823,1073594367,1073119231,1062730751,1069281279,1073741823,1073741823,1073741823,1073741823,1073741823:g9
1073741823,1073741823,1073741823,1073741823,1073741823,1073741823,1073593343,1073119231,1062731775,1069281279,1073741823,1073741823,1073741823,1073741823,1073741823:g9
1073741823,1073741823,1073741823,1073741823,1073740799,1073741823,1073594367,1073119231,1062731775,1069281279,1073741823,1073741823,1073741823,1073741823,1073741823:g9
1073741823,1073741823,1073741823,1073741823,1073741823,1073737727,1073594367,1073119231,1062731775,1069281279,1073741823,1073741823,1073741823,1073741823,1073741823:g9
1073741823,1073741823,1073741823,1073741823,1073725439,1073741823,1073594367,1073119231,1062731775,1069281279,1073741823,1073741823,1073741823,1073741823,1073741823:g9
1073741823,1073741823,1073741823,1073741823,1073479679,1073741823,1073594367,1073119231,1062731775,1069281279,1073741823,1073741823,1073741823,1073741823,1073741823:g9
1073741823,1073741823,1073741823,1073741823,1073741823,1073676287,1073594367,1073119231,1062731775,1069281279,1073741823,1073741823,1073741823,1073741823,1073741823:g9
1073741823,1073741823,1073741823,1073741823,1073741823,1073741823,1073332223,1073119231,1062731775,1069281279,1073741823,1073741823,1073741823,1073741823,1073741823:i9
1073741823,1073741823,1073741823,1073741823,1073741823,1073741823,1073594367,1073119231,1062731775,1069280255,1073741823,1073741823,1073741823,1073741823,1073741823:i9
1073741823,1073741823,1073741823,1073741823,1073741823,1073741823,1073594367,1073119231,1062727679,1069281279,1073741823,1073741823,1073741823,1073741823,1073741823:i9
1073741823,1073741823,1073741823,1073741823,1073741823,1073741823,1073594367,1073118207,1062731775,1069281279,1073741823,1073741823,1073741823,1073741823,1073741823:g9
1073741823,1073741823,1073741823,1073741823,1073741823,1073741823,1073594367,1073115135,1062731775,1069281279,1073741823,1073741823,1073741823,1073741823,1073741823:g9
1073741823,1073741823,1073741823,1073741823,1073741823,1073740799,1073594367,1073119231,1062731775,1069281279,1073741823,1073741823,1073741823,1073741823,1073741823:g9
1073741823,1073741823,1073741823,1073741823,1073741823,1073741823,1073590271,1073119231,1062731775,1069281279,1073741823,1073741823,1073741823,1073741823,1073741823:g9
1073741823,1073741823,1073741823,1073741823,1073741823,1073725439,1073594367,1073119231,1062731775,1069281279,1073741823,1073741823,1073741823,1073741823,1073741823:g9
1073741823,1073741823,1073741823,1073741823,1073741823,1073479679,1073594367,1073119231,1062731775,1069281279,1073741823,1073741823,1073741823,1073741823,1073741823:i9
1073741823,1073741823,1073741823,1073741823,1073741823,1073741823,1073594367,1073119231,1062666239,1069281279,1073741823,1073741823,1073741823,1073741823,1073741823:j6
1073741823,1073741823,1073741823,1073725439,1073741823,1073217535,1073594367,1073119231,1062666239,1069281279,1073741823,1073741823,1073741823,1073741823,1073741823:j7
1073741823,1073741823,1073741823,1073479679,1073741823,1073217535,1073594367,1073119231,1062666239,1069281279,1073741823,1073741823,1073741823,1073741823,1073741823:j7
1073741823,1073741823,1073741823,1069547519,1073741823,1073217535,1073594367,1073119231,1062666239,1069281279,1073741823,1073741823,1073741823,1073741823,1073741823:j7
1073741823,1073741823,1073741823,1073741823,1073741823,1073217535,1006485503,1073119231,1062666239,1069281279,1073741823,1073741823,1073741823,1073741823,1073741823:j7
1073741823,1073741823,1073741823,1073741823,1073741823,1073217535,1073594367,1056342015,1062666239,1069281279,1073741823,1073741823,1073741823,1073741823,1073741823:j7
1073741823,1073741823,1073741823,1073741823,1073741823,1073217535,1073594367,1073119231,995557375,1069281279,1073741823,1073741823,1073741823,1073741823,1073741823:j7
1073741823,1073741823,1073741823,1073741823,1073741823,1073217535,1073594367,1073119231,1062666239,1069281279,1006632959,1073741823,1073741823,1073741823,1073741823:j7
1073741823,1073741823,1073741823,1073741823,1073741823,1073217535,1073594367,1006010367,1062666239,1069281279,1073741823,1073741823,1073741823,1073741823,1073741823:j7
1073741823,1073741823,1073741823,1073741823,1073741823,1073217535,1073594367,1073119231,1062666239,1002172415,1073741823,1073741823,1073741823,1073741823,1073741823:k5
1073741823,1073741823,1073741823,1073741823,1073741823,1073217535,1073594367,1073119231,1062666239,1052504063,1073741823,1073741823,1073741823,1073741823,1073741823:k5
1073741823,1073741823,1073741823,1073741823,1073741823,1073217535,1073594367,1073119231,1062666239,1069281279,1073741823,1006632959,1073741823,1073741823,1073741823:j7
1073741823,1073741823,1073741823,1073741823,1073741823,1073217535,1056817151,1073119231,1062666239,1069281279,1073741823,1073741823,1073741823,1073741823,1073741823:j7
1073741823,1073741823,1073741823,1073741823,1073741823,1073217535,1073594367,1073119231,1045889023,1069281279,1073741823,1073741823,1073741823,1073741823,1073741823:j7
1073741823,1073741823,1073741823,1073741823,1073741823,1073217535,1073594367,1073119231,1062666239,1069281279,1056964607,1073741823,1073741823,1073741823,1073741823:j7
1073741823,1073741823,1073741823,1073741823,1073741823,1073217535,1073594367,1073119231,1062666239,1069281279,1073741823,1073725439,1073741823,1073741823,1073741823:j7
1073741823,1073741823,1073741823,1073741823,1073741823,1073217535,1073594367,1073119231,1062666239,1069281279,1073676287,1073741823,1073741823,1073741823,1073741823:k5
1073741823,1073741823,1073741823,1073741823,1073741823,1073217535,1073594367,1073119231,1062666239,1069281279,1073741823,1069547519,1073741823,1073741823,1073741823:k5
1073741823,1073741823,1073741823,1073741823,1073741823,1073217535,1073594367,1073119231,1062666239,1069281279,1072693247,1073741823,1073741823,1073741823,1073741823:j7
1073741823,1073741823,1073741823,1073741823,1073741823,1073217535,1073594367,1073119231,1062666239,1069281279,1073741823,1073479679,1073741823,1073741823,1073741823:j7
1073741823,1073741823,1073741823,1073741823,1073741823,1073217535,1069400063,1073119231,1062666239,1069281279,1073741823,1073741823,1073741823,1073741823,1073741823:j7
1073741823,1073741823,1073741823,1073741823,1073741823,1073217535,1073594367,1073119231,1062666239,1069281279,1069547519,1073741823,1073741823,1073741823,1073741823:j7
1073741823,1073741823,1073741823,1073741823,1073741823,1073217535,1073594367,1073119231,1062666239,1069281279,1073479679,1073741823,1073741823,1073741823,1073741823:j7
1073741823,1073741823,1073741823,1073741823,1073741823,1072168959,1073594367,1073119231,1062666239,1069281279,1073741823,1073741823,1073741823,1073741823,1073741823:k5
1073741823,1073741823,1073741823,1073741823,1073741823,1073217535,1073594367,1073119231,1062666239,1068232703,1073741823,1073741823,1073741823,1073741823,1073741823:k5
1073741823,1073741823,1073741823,1073741823,1073741823,1069023231,1073594367,1073119231,1062666239,1069281279,1073741823,1073741823,1073741823,1073741823,1073741823:j7
1073741823,1073741823,1073741823,1073741823,1073741823,1073217535,1073594367,1068924927,1062666239,1069281279,1073741823,1073741823,1073741823,1073741823,1073741823:j7
1073741823,1073741823,1073741823,1073741823,1073741823,1073217535,1073594367,1072070655,1062666239,1069281279,1073741823,1073741823,1073741823,1073741823,1073741823:k5
1073741823,1073741823,1073741823,1073741823,1073741823,1073217535,1073594367,1073119231,1062666239,1069281279,1073741823,1073741567,1073741823,1073741823,1073741823:j7
1073741823,1073741823,1073741823,1073741823,1073741823,1073217535,1073594367,1073119231,1062666239,1069281279,1073740799,1073741823,1073741823,1073741823,1073741823:k5
1073741823,1073741823,1073741823,1073741823,1073741823,1073217535,1073594367,1073119231,1062666239,1069281023,1073741823,1073741823,1073741823,1073741823,1073741823:j7
1073741823,1073741823,1073741823,1073741823,1073741823,1073217535,1073594367,1073118975,1062666239,1069281279,1073741823,1073741823,1073741823,1073741823,1073741823:j7
1073741823,1073741823,1073741823,1073741823,1073741823,1073217535,1073594367,1073119231,1062666239,1069215743,1073741823,1073741823,1073741823,1073741823,1073741823:k5
1073741823,1073741823,1073741823,1073741823,1073741823,1073217535,1073594367,1073119231,1062666239,1069281279,1073741823,1073676287,1073741823,1073741823,1073741823:k5
1073741823,1073741823,1073741823,1073741823,1073741823,1073217535,1073594367,1073119231,1062666239,1069281279,1073725439,1073741823,1073741823,1073741823,1073741823:j7
1073741823,1073741823,1073741823,1073741823,1073741823,1073217535,1073594367,1073119231,1062666239,1069281279,1073741823,1073737727,1073741823,1073741823,1073741823:j7
1073741823,1073741823,1073741823,1073741823,1073741823,1073217535,1073594367,1073119231,1062666239,1069281279,1073737727,1073741823,1073741823,1073741823,1073741823:j7
1073741823,1073741823,1073741823,1073741823,1073737727,1073217535,1073594367,1073119231,1062666239,1069281279,1073741823,1073741823,1073741823,1073741823,1073741823:k5
1073741823,1073741823,1073741823,1073741823,1073676287,1073217535,1073594367,1073119231,1062666239,1069281279,1073741823,1073741823,1073741823,1073741823,1073741823:k5
1073741823,1073741823,1073741823,1073741823,1072693247,1073217535,1073594367,1073119231,1062666239,1069281279,1073741823,1073741823,1073741823,1073741823,1073741823:h6
1073741823,1073741823,1073741823,1073741823,1073741823,1073217535,1072545791,1073119231,1062666239,1069281279,1073741823,1073741823,1073741823,1073741823,1073741823:j7
1073741823,1073741823,1073741823,1073741823,1073741823,1073217535,1073594367,1073119231,1062665215,1069281279,1073741823,1073741823,1073741823,1073741823,1073741823:j7
1073741823,1073741823,1073741823,1073741823,1073741823,1073217535,1073593343,1073119231,1062666239,1069281279,1073741823,1073741823,1073741823,1073741823,1073741823:j7
1073741823,1073741823,1073741823,1073741823,1073740799,1073217535,1073594367,1073119231,1062666239,1069281279,1073741823,1073741823,1073741823,1073741823,1073741823:k5
1073741823,1073741823,1073741823,1073741823,1073741823,1073213439,1073594367,1073119231,1062666239,1069281279,1073741823,1073741823,1073741823,1073741823,1073741823:k5
1073741823,1073741823,1073741823,1073741823,1073725439,1073217535,1073594367,1073119231,1062666239,1069281279,1073741823,1073741823,1073741823,1073741823,1073741823:k5
1073741823,1073741823,1073741823,1073741823,1073479679,1073217535,1073594367,1073119231,1062666239,1069281279,1073741823,1073741823,1073741823,1073741823,1073741823:k5
1073741823,1073741823,1073741823,1073741823,1073741823,1073151999,1073594367,1073119231,1062666239,1069281279,1073741823,1073741823,1073741823,1073741823,1073741823:k5
1073741823,1073741823,1073741823,1073741823,1073741823,1073217535,1073332223,1073119231,1062666239,1069281279,1073741823,1073741823,1073741823,1073741823,1073741823:k5
1073741823,1073741823,1073741823,1073741823,1073741823,1073217535,1073594367,1073119231,1062666239,1069280255,1073741823,1073741823,1073741823,1073741823,1073741823:k5
1073741823,1073741823,1073741823,1073741823,1073741823,1073217535,1073594367,1073119231,1062662143,1069281279,1073741823,1073741823,1073741823,1073741823,1073741823:j7
1073741823,1073741823,1073741823,1073741823,1073741823,1073217535,1073594367,1073118207,1062666239,1069281279,1073741823,1073741823,1073741823,1073741823,1073741823:j7
1073741823,1073741823,1073741823,1073741823,1073741823,1073217535,1073594367,1073115135,1062666239,1069281279,1073741823,1073741823,1073741823,1073741823,1073741823:j7
1073741823,1073741823,1073741823,1073741823,1073741823,1073216511,1073594367,1073119231,1062666239,1069281279,1073741823,1073741823,1073741823,1073741823,1073741823:j7
1073741823,1073741823,1073741823,1073741823,1073741823,1073217535,1073590271,1073119231,1062666239,1069281279,1073741823,1073741823,1073741823,1073741823,1073741823:j7
1073741823,1073741823,1073741823,1073741823,1073741823,1073201151,1073594367,1073119231,1062666239,1069281279,1073741823,1073741823,1073741823,1073741823,1073741823:k5
1073741823,1073741823,1073741823,1073741823,1073741823,1073217535,1073594367,1073119231,1062666239,1069264895,1073741823,1073741823,1073741823,1073741823,1073741823:k5
1073741823,1073741823,1073741823,1073741823,1073741823,1073217535,1073594367,1073119231,1062649855,1069281279,1073741823,1073741823,1073741823,1073741823,1073741823:k5
1073741823,1073741823,1073741823,1073741823,1073741823,1073741823,1073594367,1073119231,1062731775,1069264895,1073741823,1073741823,1073741823,1073741823,1073741823:i9
1073741823,1073741823,1073741823,1073741823,1073741823,1073741823,1073594367,1073119231,1062715391,1069281279,1073741823,1073741823,1073741823,1073741823,1073741823:m9
1073741823,1073741823,1073741823,1073741823,1073741823,1073741823,1073594367,1073119231,1071120383,1073475583,1073741823,1073741567,1073741823,1073741823,1073741823:h6
1073741823,1073741823,1073741823,1073741823,1073741823,1073741823,1073594367,1073119231,1071120383,1073475583,1073740799,1073741823,1073741823,1073741823,1073741823:h6
1073741823,1073741823,1073741823,1073741823,1073741823,1073741823,1073594367,1073119231,1071120383,1073475327,1073741823,1073741823,1073741823,1073741823,1073741823:h6
1073741823,1073741823,1073741823,1073741823,1073741823,1073741823,1073594367,1073118975,1071120383,1073475583,1073741823,1073741823,1073741823,1073741823,1073741823:h6
1073741823,1073741823,1073741823,1073741823,1073741823,1073741823,1073594367,1073119231,1071120383,1073410047,1073741823,1073741823,1073741823,1073741823,1073741823:h6
1073741823,1073741823,1073741823,1073741823,1073741823,1073741823,1073594367,1073119231,1071120383,1073475583,1073741823,1073676287,1073741823,1073741823,1073741823:h6
1073741823,1073741823,1073741823,1073741823,1073741823,1073741823,1073594367,1073119231,1071120383,1073475583,1073725439,1073741823,1073741823,1073741823,1073741823:h6
1073741823,1073741823,1073741823,1073741823,1073741823,1073741823,1073594367,1073119231,1071120383,1073475583,1073741823,1073737727,1073741823,1073741823,1073741823:h6
1073741823,1073741823,1073741823,1073741823,1073741823,1073741823,1073594367,1073119231,1071120383,1073475583,1073737727,1073741823,1073741823,1073741823,1073741823:h6
1073741823,1073741823,1073741823,1073741823,1073737727,1073741823,1073594367,1073119231,1071120383,1073475583,1073741823,1073741823,1073741823,1073741823,1073741823:l10
1073741823,1073741823,1073741823,1073741823,1073676287,1073741823,1073594367,1073119231,1071120383,1073475583,1073741823,1073741823,1073741823,1073741823,1073741823:h6
1073741823,1073741823,1073741823,1073741823,1072693247,1073741823,1073594367,1073119231,1071120383,1073475583,1073741823,1073741823,1073741823,1073741823,1073741823:h6
1073741823,1073741823,1073741823,1073741823,1073741823,1073741823,1072545791,1073119231,1071120383,1073475583,1073741823,1073741823,1073741823,1073741823,1073741823:h6
1073741823,1073741823,1073741823,1073741823,1073741823,1073741823,1073594367,1073119231,1071119359,1073475583,1073741823,1073741823,1073741823,1073741823,1073741823:h6
1073741823,1073741823,1073741823,1073741823,1073741823,1073741823,1073593343,1073119231,1071120383,1073475583,1073741823,1073741823,1073741823,1073741823,1073741823:h6
1073741823,1073741823,1073741823,1073741823,1073740799,1073741823,1073594367,1073119231,1071120383,1073475583,1073741823,1073741823,1073741823,1073741823,1073741823:h6
1073741823,1073741823,1073741823,1073741823,1073741823,1073737727,1073594367,1073119231,1071120383,1073475583,1073741823,1073741823,1073741823,1073741823,1073741823:h6
1073741823,1073741823,1073741823,1073741823,1073725439,1073741823,1073594367,1073119231,1071120383,1073475583,1073741823,1073741823,1073741823,1073741823,1073741823:h6
1073741823,1073741823,1073741823,1073741823,1073479679,1073741823,1073594367,1073119231,1071120383,1073475583,1073741823,1073741823,1073741823,1073741823,1073741823:h6
1073741823,1073741823,1073741823,1073741823,1073741823,1073676287,1073594367,1073119231,1071120383,1073475583,1073741823,1073741823,1073741823,1073741823,1073741823:h6
1073741823,1073741823,1073741823,1073741823,1073741823,1073741823,1073332223,1073119231,1071120383,1073475583,1073741823,1073741823,1073741823,1073741823,1073741823:h6
1073741823,1073741823,1073741823,1073741823,1073741823,1073741823,1073594367,1073119231,1071120383,1073474559,1073741823,1073741823,1073741823,1073741823,1073741823:h6
1073741823,1073741823,1073741823,1073741823,1073741823,1073741823,1073594367,1073119231,1071116287,1073475583,1073741823,1073741823,1073741823,1073741823,1073741823:h6
1073741823,1073741823,1073741823,1073741823,1073741823,1073741823,1073594367,1073118207,1071120383,1073475583,1073741823,1073741823,1073741823,1073741823,1073741823:h6
1073741823,1073741823,1073741823,1073741823,1073741823,1073741823,1073594367,1073115135,1071120383,1073475583,1073741823,1073741823,1073741823,1073741823,1073741823:h6
1073741823,1073741823,1073741823,1073741823,1073741823,1073740799,1073594367,1073119231,1071120383,1073475583,1073741823,1073741823,1073741823,1073741823,1073741823:h6
1073741823,1073741823,1073741823,1073741823,1073741823,1073741823,1073590271,1073119231,1071120383,1073475583,1073741823,1073741823,1073741823,1073741823,1073741823:h6
1073741823,1073741823,1073741823,1073741823,1073741823,1073725439,1073594367,1073119231,1071120383,1073475583,1073741823,1073741823,1073741823,1073741823,1073741823:l9
1073741823,1073741823,1073741823,1073741823,1073741823,1073725439,1006485503,1073119231,1062731775,1073475583,1073741823,1073741823,1073741823,1073741823,1073741823:g9
1073741823,1073741823,1073741823,1073741823,1073741823,1073725439,1073594367,1056342015,1062731775,1073475583,1073741823,1073741823,1073741823,1073741823,1073741823:g9
1073741823,1073741823,1073741823,1073741823,1073741823,1073725439,1073594367,1073119231,995622911,1073475583,1073741823,1073741823,1073741823,1073741823,1073741823:g9
1073741823,1073741823,1073741823,1073741823,1073741823,1073725439,1073594367,1073119231,1062731775,1073475583,1006632959,1073741823,1073741823,1073741823,1073741823:g9
1073741823,1073741823,1073741823,1073741823,1073741823,1073725439,1073594367,1073119231,1062731775,1056698367,1073741823,1073741823,1073741823,1073741823,1073741823:g9
1073741823,1073741823,1073741823,1073740799,1073741823,1073725439,1073594367,1073119231,1062731775,1073475583,1073741823,1073741823,1073741823,1073741823,1073741823:g9
1073741823,1073741823,1073741823,1073725439,1073741823,1073725439,1073594367,1073119231,1062731775,1073475583,1073741823,1073741823,1073741823,1073741823,1073741823:g9
1073741823,1073741823,1073741823,1073479679,1073741823,1073725439,1073594367,1073119231,1062731775,1073475583,1073741823,1073741823,1073741823,1073741823,1073741823:g9
1073741823,1073741823,1073741823,1073741823,1073741823,1073725439,1056817151,1073119231,1062731775,1073475583,1073741823,1073741823,1073741823,1073741823,1073741823:g9
1073741823,1073741823,1073741823,1073741823,1073741823,1073725439,1073594367,1073119231,1045954559,1073475583,1073741823,1073741823,1073741823,1073741823,1073741823:j6
1073741823,1073741823,1073741823,1073741823,1073741823,1073725439,1073594367,1073119231,1062731775,1073475583,1056964607,1073741823,1073741823,1073741823,1073741823:g9
1073741823,1073741823,1073741823,1073741823,1073741823,1073725439,1073594367,1073119231,1062731775,1073475583,1073741823,1073725439,1073741823,1073741823,1073741823:g9
1073741823,1073741823,1073741823,1073741823,1073741823,1073725439,1073594367,1073119231,1062731775,1073475583,1073676287,1073741823,1073741823,1073741823,1073741823:g9
1073741823,1073741823,1073741823,1073741823,1073741823,1073725439,1073594367,1073119231,1062731775,1073475583,1073741823,1069547519,1073741823,1073741823,1073741823:g9
1073741823,1073741823,1073741823,1073741823,1073741823,1073725439,1073594367,1073119231,1062731775,1073475583,1072693247,1073741823,1073741823,1073741823,1073741823:g9
1073741823,1073741823,1073741823,1073741823,1073741823,1073725439,1073594367,1073119231,1062731775,1073475583,1073741823,1073479679,1073741823,1073741823,1073741823:g9
1073741823,1073741823,1073741823,1073741823,1073741823,1073725439,1069400063,1073119231,1062731775,1073475583,1073741823,1073741823,1073741823,1073741823,1073741823:g9
1073741823,1073741823,1073741823,1073741823,1073741823,1073725439,1073594367,1073119231,1062731775,1073475583,1069547519,1073741823,1073741823,1073741823,1073741823:g9
1073741823,1073741823,1073741823,1073741823,1073741823,1073725439,1073594367,1073119231,1062731775,1073475583,1073479679,1073741823,1073741823,1073741823,1073741823:g9
1073741823,1073741823,1073741823,1073741823,1073741823,1072676863,1073594367,1073119231,1062731775,1073475583,1073741823,1073741823,1073741823,1073741823,1073741823:i9
1073741823,1073741823,1073741823,1073741823,1073741823,1073725439,1073594367,1073119231,1062731775,1072427007,1073741823,1073741823,1073741823,1073741823,1073741823:g9
1073741823,1073741823,1073741823,1073741823,1073741823,1069531135,1073594367,1073119231,1062731775,1073475583,1073741823,1073741823,1073741823,1073741823,1073741823:g9
1073741823,1073741823,1073741823,1073741823,1073741823,1073725439,1073594367,1068924927,1062731775,1073475583,1073741823,1073741823,1073741823,1073741823,1073741823:g9
1073741823,1073741823,1073741823,1073741823,1073741823,1073725439,1073594367,1072070655,1062731775,1073475583,1073741823,1073741823,1073741823,1073741823,1073741823:g9
1073741823,1073741823,1073741823,1073741823,1073741823,1073725439,1073594367,1073119231,1062731775,1069281279,1073741823,1073741823,1073741823,1073741823,1073741823:g9
1073741823,1073741823,1073741823,1073741823,1073741823,1073725439,1073594367,1073119231,1062731775,1073475583,1073741823,1073741567,1073741823,1073741823,1073741823:i9
1073741823,1073741823,1073741823,1073741823,1073741823,1073725439,1073594367,1073119231,1062731775,1073475583,1073740799,1073741823,1073741823,1073741823,1073741823:i9
1073741823,1073741823,1073741823,1073741823,1073741823,1073725439,1073594367,1073119231,1062731775,1073475327,1073741823,1073741823,1073741823,1073741823,1073741823:g9
1073741823,1073741823,1073741823,1073741823,1073741823,1073725439,1073594367,1073118975,1062731775,1073475583,1073741823,1073741823,1073741823,1073741823,1073741823:g9
1073741823,1073741823,1073741823,1073741823,1073741823,1073725439,1073594367,1073119231,1062731775,1073410047,1073741823,1073741823,1073741823,1073741823,1073741823:i9
1073741823,1073741823,1073741823,1073741823,1073741823,1073725439,1073594367,1073119231,1062731775,1073475583,1073741823,1073676287,1073741823,1073741823,1073741823:g9
1073741823,1073741823,1073741823,1073741823,1073741823,1073725439,1073594367,1073119231,1062731775,1073475583,1073725439,1073741823,1073741823,1073741823,1073741823:g9
1073741823,1073741823,1073741823,1073741823,1073741823,1073725439,1073594367,1073119231,1062731775,1073475583,1073741823,1073737727,1073741823,1073741823,1073741823:g9
1073741823,1073741823,1073741823,1073741823,1073741823,1073725439,1073594367,1073119231,1062731775,1073475583,1073737727,1073741823,1073741823,1073741823,1073741823:g9
1073741823,1073741823,1073741823,1073741823,1073737727,1073725439,1073594367,1073119231,1062731775,1073475583,1073741823,1073741823,1073741823,1073741823,1073741823:g9
1073741823,1073741823,1073741823,1073741823,1073676287,1073725439,1073594367,1073119231,1062731775,1073475583,1073741823,1073741823,1073741823,1073741823,1073741823:g9
1073741823,1073741823,1073741823,1073741823,1072693247,1073725439,1073594367,1073119231,1062731775,1073475583,1073741823,1073741823,1073741823,1073741823,1073741823:g9
1073741823,1073741823,1073741823,1073741823,1073741823,1073725439,1072545791,1073119231,1062731775,1073475583,1073741823,1073741823,1073741823,1073741823,1073741823:g9
1073741823,1073741823,1073741823,1073741823,1073741823,1073725439,1073594367,1073119231,1062730751,1073475583,1073741823,1073741823,1073741823,1073741823,1073741823:g9
1073741823,1073741823,1073741823,1073741823,1073741823,1073725439,1073593343,1073119231,1062731775,1073475583,1073741823,1073741823,1073741823,1073741823,1073741823:g9
1073741823,1073741823,1073741823,1073741823,1073740799,1073725439,1073594367,1073119231,1062731775,1073475583,1073741823,1073741823,1073741823,1073741823,1073741823:i9
1073741823,1073741823,1073741823,1073741823,1073741823,1073721343,1073594367,1073119231,1062731775,1073475583,1073741823,1073741823,1073741823,1073741823,1073741823:g9
1073741823,1073741823,1073741823,1073741823,1073725439,1073725439,1073594367,1073119231,1062731775,1073475583,1073741823,1073741823,1073741823,1073741823,1073741823:g9
1073741823,1073741823,1073741823,1073741823,1073479679,1073725439,1073594367,1073119231,1062731775,1073475583,1073741823,1073741823,1073741823,1073741823,1073741823:g9
1073741823,1073741823,1073741823,1073741823,1073741823,1073659903,1073594367,1073119231,1062731775,1073475583,1073741823,1073741823,1073741823,1073741823,1073741823:g9
1073741823,1073741823,1073741823,1073741823,1073741823,1073725439,1073332223,1073119231,1062731775,1073475583,1073741823,1073741823,1073741823,1073741823,1073741823:i9
1073741823,1073741823,1073741823,1073741823,1073741823,1073725439,1073594367,1073119231,1062731775,1073474559,1073741823,1073741823,1073741823,1073741823,1073741823:i9
1073741823,1073741823,1073741823,1073741823,1073741823,1073725439,1073594367,1073119231,1062727679,1073475583,1073741823,1073741823,1073741823,1073741823,1073741823:i9
1073741823,1073741823,1073741823,1073741823,1073741823,1073725439,1073594367,1073118207,1062731775,1073475583,1073741823,1073741823,1073741823,1073741823,1073741823:g9
1073741823,1073741823,1073741823,1073741823,1073741823,1073725439,1073594367,1073115135,1062731775,1073475583,1073741823,1073741823,1073741823,1073741823,1073741823:g9
1073741823,1073741823,1073741823,1073741823,1073741823,1073724415,1073594367,1073119231,1062731775,1073475583,1073741823,1073741823,1073741823,1073741823,1073741823:g9
1073741823,1073741823,1073741823,1073741823,1073741823,1073725439,1073590271,1073119231,1062731775,1073475583,1073741823,1073741823,1073741823,1073741823,1073741823:g9
1073741823,1073741823,1073741823,1073741823,1073741823,1073463295,1073594367,1073119231,1062731775,1073475583,1073741823,1073741823,1073741823,1073741823,1073741823:i9
1073741823,1073741823,1073741823,1073741823,1073741823,1073725439,1073594367,1073119231,1062666239,1073475583,1073741823,1073741823,1073741823,1073741823,1073741823:j6
1073741823,1073741823,1073741823,1069547519,1073741823,1073201151,1073594367,1073119231,1062666239,1073475583,1073741823,1073741823,1073741823,1073741823,1073741823:g9
1073741823,1073741823,1073741823,1073741823,1073741823,1073201151,1006485503,1073119231,1062666239,1073475583,1073741823,1073741823,1073741823,1073741823,1073741823:k5
1073741823,1073741823,1073741823,1073741823,1073741823,1073201151,1073594367,1056342015,1062666239,1073475583,1073741823,1073741823,1073741823,1073741823,1073741823:k5
1073741823,1073741823,1073741823,1073741823,1073741823,1073201151,1073594367,1073119231,995557375,1073475583,1073741823,1073741823,1073741823,1073741823,1073741823:k5
1073741823,1073741823,1073741823,1073741823,1073741823,1073201151,1073594367,1073119231,1062666239,1073475583,1006632959,1073741823,1073741823,1073741823,1073741823:k5
1073741823,1073741823,1073741823,1073741823,1073741823,1073201151,1073594367,1073119231,1062666239,1056698367,1073741823,1073741823,1073741823,1073741823,1073741823:k5
1073741823,1073741823,1073741823,1073740799,1073741823,1073201151,1073594367,1073119231,1062666239,1073475583,1073741823,1073741823,1073741823,1073741823,1073741823:k5
1073741823,1073741823,1073741823,1073725439,1073741823,1073201151,1073594367,1073119231,1062666239,1073475583,1073741823,1073741823,1073741823,1073741823,1073741823:k5
1073741823,1073741823,1073741823,1073479679,1073741823,1073201151,1073594367,1073119231,1062666239,1073475583,1073741823,1073741823,1073741823,1073741823,1073741823:k5
1073741823,1073741823,1073741823,1073741823,1073741823,1073201151,1056817151,1073119231,1062666239,1073475583,1073741823,1073741823,1073741823,1073741823,1073741823:k5
1073741823,1073741823,1073741823,1073741823,1073741823,1073201151,1073594367,1073119231,1045889023,1073475583,1073741823,1073741823,1073741823,1073741823,1073741823:k5
1073741823,1073741823,1073741823,1073741823,1073741823,1073201151,1073594367,1073119231,1062666239,1073475583,1056964607,1073741823,1073741823,1073741823,1073741823:k5
1073741823,1073741823,1073741823,1073741823,1073741823,1073201151,1073594367,1073119231,1062666239,1073475583,1073741823,1073725439,1073741823,1073741823,1073741823:k5
1073741823,1073741823,1073741823,1073741823,1073741823,1073201151,1073594367,1073119231,1062666239,1073475583,1073676287,1073741823,1073741823,1073741823,1073741823:k5
1073741823,1073741823,1073741823,1073741823,1073741823,1073201151,1073594367,1073119231,1062666239,1073475583,1073741823,1069547519,1073741823,1073741823,1073741823:k5
1073741823,1073741823,1073741823,1073741823,1073741823,1073201151,1073594367,1073119231,1062666239,1073475583,1072693247,1073741823,1073741823,1073741823,1073741823:k5
1073741823,1073741823,1073741823,1073741823,1073741823,1073201151,1073594367,1073119231,1062666239,1073475583,1073741823,1073479679,1073741823,1073741823,1073741823:k5
1073741823,1073741823,1073741823,1073741823,1073741823,1073201151,1069400063,1073119231,1062666239,1073475583,1073741823,1073741823,1073741823,1073741823,1073741823:k5
1073741823,1073741823,1073741823,1073741823,1073741823,1073201151,1073594367,1073119231,1062666239,1073475583,1069547519,1073741823,1073741823,1073741823,1073741823:k5
1073741823,1073741823,1073741823,1073741823,1073741823,1073201151,1073594367,1073119231,1062666239,1073475583,1073479679,1073741823,1073741823,1073741823,1073741823:k5
1073741823,1073741823,1073741823,1073741823,1073741823,1072152575,1073594367,1073119231,1062666239,1073475583,1073741823,1073741823,1073741823,1073741823,1073741823:k5
1073741823,1073741823,1073741823,1073741823,1073741823,1073201151,1073594367,1073119231,1062666239,1072427007,1073741823,1073741823,1073741823,1073741823,1073741823:k5
1073741823,1073741823,1073741823,1073741823,1073741823,1069006847,1073594367,1073119231,1062666239,1073475583,1073741823,1073741823,1073741823,1073741823,1073741823:k5
1073741823,1073741823,1073741823,1073741823,1073741823,1073201151,1073594367,1068924927,1062666239,1073475583,1073741823,1073741823,1073741823,1073741823,1073741823:k5
1073741823,1073741823,1073741823,1073741823,1073741823,1073201151,1073594367,1072070655,1062666239,1073475583,1073741823,1073741823,1073741823,1073741823,1073741823:k5
1073741823,1073741823,1073741823,1073741823,1073741823,1073201151,1073594367,1073119231,1062666239,1069281279,1073741823,1073741823,1073741823,1073741823,1073741823:k5
1073741823,1073741823,1073741823,1073741823,1073741823,1073201151,1073594367,1073119231,1062666239,1073475583,1073741823,1073741567,1073741823,1073741823,1073741823:k5
1073741823,1073741823,1073741823,1073741823,1073741823,1073201151,1073594367,1073119231,1062666239,1073475583,1073740799,1073741823,1073741823,1073741823,1073741823:k5
1073741823,1073741823,1073741823,1073741823,1073741823,1073201151,1073594367,1073119231,1062666239,1073475327,1073741823,1073741823,1073741823,1073741823,1073741823:k5
1073741823,1073741823,1073741823,1073741823,1073741823,1073201151,1073594367,1073118975,1062666239,1073475583,1073741823,1073741823,1073741823,1073741823,1073741823:k5
1073741823,1073741823,1073741823,1073741823,1073741823,1073201151,1073594367,1073119231,1062666239,1073410047,1073741823,1073741823,1073741823,1073741823,1073741823:k5
1073741823,1073741823,1073741823,1073741823,1073741823,1073201151,1073594367,1073119231,1062666239,1073475583,1073741823,1073676287,1073741823,1073741823,1073741823:k5
1073741823,1073741823,1073741823,1073741823,1073741823,1073201151,1073594367,1073119231,1062666239,1073475583,1073725439,1073741823,1073741823,1073741823,1073741823:k5
1073741823,1073741823,1073741823,1073741823,1073741823,1073201151,1073594367,1073119231,1062666239,1073475583,1073741823,1073737727,1073741823,1073741823,1073741823:k5
1073741823,1073741823,1073741823,1073741823,1073741823,1073201151,1073594367,1073119231,1062666239,1073475583,1073737727,1073741823,1073741823,1073741823,1073741823:k5
1073741823,1073741823,1073741823,1073741823,1073737727,1073201151,1073594367,1073119231,1062666239,1073475583,1073741823,1073741823,1073741823,1073741823,1073741823:k5
1073741823,1073741823,1073741823,1073741823,1073676287,1073201151,1073594367,1073119231,1062666239,1073475583,1073741823,1073741823,1073741823,1073741823,1073741823:k5
1073741823,1073741823,1073741823,1073741823,1072693247,1073201151,1073594367,1073119231,1062666239,1073475583,1073741823,1073741823,1073741823,1073741823,1073741823:l10
1073741823,1073741823,1073741823,1073741823,1073741823,1073201151,1072545791,1073119231,1062666239,1073475583,1073741823,1073741823,1073741823,1073741823,1073741823:k5
1073741823,1073741823,1073741823,1073741823,1073741823,1073201151,1073594367,1073119231,1062665215,1073475583,1073741823,1073741823,1073741823,1073741823,1073741823:k5
1073741823,1073741823,1073741823,1073741823,1073741823,1073201151,1073593343,1073119231,1062666239,1073475583,1073741823,1073741823,1073741823,1073741823,1073741823:k5
1073741823,1073741823,1073741823,1073741823,1073740799,1073201151,1073594367,1073119231,1062666239,1073475583,1073741823,1073741823,1073741823,1073741823,1073741823:k5
1073741823,1073741823,1073741823,1073741823,1073741823,1073197055,1073594367,1073119231,1062666239,1073475583,1073741823,1073741823,1073741823,1073741823,1073741823:k5
1073741823,1073741823,1073741823,1073741823,1073725439,1073201151,1073594367,1073119231,1062666239,1073475583,1073741823,1073741823,1073741823,1073741823,1073741823:k5
1073741823,1073741823,1073741823,1073741823,1073479679,1073201151,1073594367,1073119231,1062666239,1073475583,1073741823,1073741823,1073741823,1073741823,1073741823:k5
1073741823,1073741823,1073741823,1073741823,1073741823,1073135615,1073594367,1073119231,1062666239,1073475583,1073741823,1073741823,1073741823,1073741823,1073741823:k5
1073741823,1073741823,1073741823,1073741823,1073741823,1073201151,1073332223,1073119231,1062666239,1073475583,1073741823,1073741823,1073741823,1073741823,1073741823:k5
1073741823,1073741823,1073741823,1073741823,1073741823,1073201151,1073594367,1073119231,1062666239,1073474559,1073741823,1073741823,1073741823,1073741823,1073741823:k5
1073741823,1073741823,1073741823,1073741823,1073741823,1073201151,1073594367,1073119231,1062662143,1073475583,1073741823,1073741823,1073741823,1073741823,1073741823:l10
1073741823,1073741823,1073741823,1073741823,1073741823,1073201151,1073594367,1073118207,1062666239,1073475583,1073741823,1073741823,1073741823,1073741823,1073741823:k5
1073741823,1073741823,1073741823,1073741823,1073741823,1073201151,1073594367,1073115135,1062666239,1073475583,1073741823,1073741823,1073741823,1073741823,1073741823:k5
1073741823,1073741823,1073741823,1073741823,1073741823,1073200127,1073594367,1073119231,1062666239,1073475583,1073741823,1073741823,1073741823,1073741823,1073741823:k5
1073741823,1073741823,1073741823,1073741823,1073741823,1073201151,1073590271,1073119231,1062666239,1073475583,1073741823,1073741823,1073741823,1073741823,1073741823:k5
1073741823,1073741823,1073741823,1073741823,1073741823,1073201151,1073594367,1073119231,1062666239,1073459199,1073741823,1073741823,1073741823,1073741823,1073741823:k5
1073741823,1073741823,1073741823,1073741823,1073741823,1073201151,1073594367,1073119231,1062649855,1073475583,1073741823,1073741823,1073741823,1073741823,1073741823:k5
1073741823,1073741823,1073741823,1073741823,1073741823,1073725439,1073594367,1073119231,1062731775,1073459199,1073741823,1073741823,1073741823,1073741823,1073741823:i9
1073741823,1073741823,1073741823,1073741823,1073741823,1073725439,1073594367,1073119231,1062715391,1073475583,1073741823,1073741823,1073741823,1073741823,1073741823:m9
1073741823,1073741823,1073741823,1073741823,1073741823,1073479679,1073594367,1073119231,1071120383,1073475583,1073741823,1073741823,1073741823,1073741823,1073741823:h6
1073741823,1073741823,1073741823,1073741823,1073741823,1073741823,1073594367,1073119231,1071054847,1073475583,1073741823,1073741823,1073741823,1073741823,1073741823:h6
1073741823,1073741823,1073741823,1073741823,1073741823,1073741823,1073594367,1073119231,1071120383,1073459199,1073741823,1073741823,1073741823,1073741823,1073741823:h6
1073741823,1073741823,1073741823,1073741823,1073741823,1073741823,1073594367,1073119231,1071103999,1073475583,1073741823,1073741823,1073741823,1073741823,1073741823:h6
