1073741823,1073741823,1073741823,1073741823,1073741823,1073475583,1073594367,1073709055,1073602559,1073676287,1073741823,1073741823,1073741823,1073741823,1073741823:j9
1073741823,1073741823,1073741823,1073741823,1073741823,1073475583,1069400063,1073709055,1073078271,1073676287,1073741823,1073741823,1073741823,1073741823,1073741823:j10
1073741823,1073741823,1073741823,1073741823,1073741823,1073475583,1073594367,1073709055,1068883967,1073676287,1073741823,1073741823,1073741823,1073741823,1073741823:j10
1073741823,1073741823,1073741823,1073741823,1073741823,1073475583,1073594367,1073709055,1073078271,1073676287,1069547519,1073741823,1073741823,1073741823,1073741823:j10
1073741823,1073741823,1073741823,1073741823,1073741823,1073475583,1073594367,1073709055,1073078271,1073676287,1073741823,1073737727,1073741823,1073741823,1073741823:j10
1073741823,1073741823,1073741823,1073741823,1073741823,1073475583,1073594367,1073709055,1073078271,1073676287,1073725439,1073741823,1073741823,1073741823,1073741823:j10
1073741823,1073741823,1073741823,1073741823,1073741823,1073475583,1073594367,1072660479,1073078271,1073676287,1073741823,1073741823,1073741823,1073741823,1073741823:j10
1073741823,1073741823,1073741823,1073741823,1073741823,1073475583,1073594367,1073709055,1073078271,1072627711,1073741823,1073741823,1073741823,1073741823,1073741823:j10
1073741823,1073741823,1073741823,1073741823,1073741823,1073475583,1073594367,1073709055,1073078271,1073676287,1073741823,1072693247,1073741823,1073741823,1073741823:h9
1073741823,1073741823,1073741823,1073741823,1073741823,1073475583,1073594367,1073709055,1073078271,1073676287,1073479679,1073741823,1073741823,1073741823,1073741823:h9
1073741823,1073741823,1073741823,1073741823,1073741823,1073475583,1073594367,1073709055,1073078271,1073676287,1073741823,1073676287,1073741823,1073741823,1073741823:j10
1073741823,1073741823,1073741823,1073741823,1073741823,1073475583,1073594367,1073709055,1073078271,1073676287,1072693247,1073741823,1073741823,1073741823,1073741823:h9
1073741823,1073741823,1073741823,1073741823,1073741823,1073475583,1073594367,1073708799,1073078271,1073676287,1073741823,1073741823,1073741823,1073741823,1073741823:j10
1073741823,1073741823,1073741823,1073741823,1073741823,1073475327,1073594367,1073709055,1073078271,1073676287,1073741823,1073741823,1073741823,1073741823,1073741823:j10
1073741823,1073741823,1073741823,1073741567,1073741823,1073475583,1073594367,1073709055,1073078271,1073676287,1073741823,1073741823,1073741823,1073741823,1073741823:h9
1073741823,1073741823,1073741823,1073737727,1073741823,1073475583,1073594367,1073709055,1073078271,1073676287,1073741823,1073741823,1073741823,1073741823,1073741823:h9
1073741823,1073741823,1073741823,1073676287,1073741823,1073475583,1073594367,1073709055,1073078271,1073676287,1073741823,1073741823,1073741823,1073741823,1073741823:j10
1073741823,1073741823,1073741823,1073741823,1073741823,1073475583,1073594367,1073709055,1073078271,1073676287,1073741567,1073741823,1073741823,1073741823,1073741823:j10
1073741823,1073741823,1073741823,1073741823,1073741823,1073475583,1073594367,1073709055,1073078015,1073676287,1073741823,1073741823,1073741823,1073741823,1073741823:j10
1073741823,1073741823,1073741823,1073741823,1073741823,1073475583,1073594111,1073709055,1073078271,1073676287,1073741823,1073741823,1073741823,1073741823,1073741823:h9
1073741823,1073741823,1073741823,1073741823,1073741823,1073475583,1073594367,1073709055,1073078271,1073676287,1073676287,1073741823,1073741823,1073741823,1073741823:j10
1073741823,1073741823,1073741823,1073741823,1073741823,1073475583,1073594367,1073709055,1073078271,1073676287,1073737727,1073741823,1073741823,1073741823,1073741823:j10
1073741823,1073741823,1073741823,1073741823,1073741823,1073475583,1073594367,1073709055,1073078271,1073672191,1073741823,1073741823,1073741823,1073741823,1073741823:j10
1073741823,1073741823,1073741823,1073725439,1073741823,1073475583,1073594367,1073709055,1073078271,1073676287,1073741823,1073741823,1073741823,1073741823,1073741823:j10
1073741823,1073741823,1073741823,1073479679,1073741823,1073475583,1073594367,1073709055,1073078271,1073676287,1073741823,1073741823,1073741823,1073741823,1073741823:j10
1073741823,1073741823,1073741823,1069547519,1073741823,1073475583,1073594367,1073709055,1073078271,1073676287,1073741823,1073741823,1073741823,1073741823,1073741823:j10
1073741823,1073741823,1073741823,1073741823,1073741823,1069281279,1073594367,1073709055,1073078271,1073676287,1073741823,1073741823,1073741823,1073741823,1073741823:j10
1073741823,1073741823,1073741823,1073741823,1073741823,1072427007,1073594367,1073709055,1073078271,1073676287,1073741823,1073741823,1073741823,1073741823,1073741823:h9
1073741823,1073741823,1073741823,1073741823,1073741823,1073475583,1073594367,1069514751,1073078271,1073676287,1073741823,1073741823,1073741823,1073741823,1073741823:j10
1073741823,1073741823,1073741823,1073741823,1073737727,1073475583,1073594367,1073709055,1073078271,1073676287,1073741823,1073741823,1073741823,1073741823,1073741823:h9
1073741823,1073741823,1073741823,1073741823,1073676287,1073475583,1073594367,1073709055,1073078271,1073676287,1073741823,1073741823,1073741823,1073741823,1073741823:j10
1073741823,1073741823,1073741823,1073741823,1072693247,1073475583,1073594367,1073709055,1073078271,1073676287,1073741823,1073741823,1073741823,1073741823,1073741823:j10
1073741823,1073741823,1073741823,1073741823,1073741823,1073475583,1072545791,1073709055,1073078271,1073676287,1073741823,1073741823,1073741823,1073741823,1073741823:j10
1073741823,1073741823,1073741823,1073741823,1073741823,1073475583,1073594367,1073709055,1072029695,1073676287,1073741823,1073741823,1073741823,1073741823,1073741823:j10
1073741823,1073741823,1073741823,1073741823,1073741823,1073475583,1073594367,1073709055,1072029695,1073151999,1073741823,1073725439,1073741823,1073741823,1073741823:g7
1073741823,1073741823,1073741823,1073741823,1073741823,1073475583,1073594367,1073709055,1072029695,1073151999,1073741823,1069547519,1073741823,1073741823,1073741823:g7
1073741823,1073741823,1073741823,1073741823,1073741823,1073475583,1073594367,1073709055,1072029695,1073151999,1073741823,1073479679,1073741823,1073741823,1073741823:g7
1073741823,1073741823,1073741823,1073741823,1073741823,1073475583,1056817151,1073709055,1072029695,1073151999,1073741823,1073741823,1073741823,1073741823,1073741823:g7
1073741823,1073741823,1073741823,1073741823,1073741823,1073475583,1073594367,1073709055,1055252479,1073151999,1073741823,1073741823,1073741823,1073741823,1073741823:g7
1073741823,1073741823,1073741823,1073741823,1073741823,1073475583,1073594367,1073709055,1072029695,1073151999,1056964607,1073741823,1073741823,1073741823,1073741823:g7
1073741823,1073741823,1073741823,1073741823,1073741823,1073475583,1073594367,1073709055,1072029695,1068957695,1073741823,1073741823,1073741823,1073741823,1073741823:g7
1073741823,1073741823,1073741823,1073741823,1073741823,1073475583,1069400063,1073709055,1072029695,1073151999,1073741823,1073741823,1073741823,1073741823,1073741823:g7
1073741823,1073741823,1073741823,1073741823,1073741823,1073475583,1073594367,1073709055,1067835391,1073151999,1073741823,1073741823,1073741823,1073741823,1073741823:g7
1073741823,1073741823,1073741823,1073741823,1073741823,1073475583,1073594367,1073709055,1072029695,1073151999,1069547519,1073741823,1073741823,1073741823,1073741823:g7
1073741823,1073741823,1073741823,1073741823,1073741823,1073475583,1073594367,1073709055,1072029695,1073151999,1073741823,1073737727,1073741823,1073741823,1073741823:g7
1073741823,1073741823,1073741823,1073741823,1073741823,1073475583,1073594367,1073709055,1072029695,1073151999,1073725439,1073741823,1073741823,1073741823,1073741823:g7
1073741823,1073741823,1073741823,1073741823,1073741823,1073475583,1073594367,1072660479,1072029695,1073151999,1073741823,1073741823,1073741823,1073741823,1073741823:g7
1073741823,1073741823,1073741823,1073741823,1073741823,1073475583,1073594367,1073709055,1072029695,1072103423,1073741823,1073741823,1073741823,1073741823,1073741823:g7
1073741823,1073741823,1073741823,1073741823,1073741823,1073475583,1073594367,1073709055,1072029695,1073151999,1073741823,1072693247,1073741823,1073741823,1073741823:g7
1073741823,1073741823,1073741823,1073741823,1073741823,1073475583,1073594367,1073709055,1072029695,1073151999,1073479679,1073741823,1073741823,1073741823,1073741823:g7
1073741823,1073741823,1073741823,1073741823,1073741823,1073475583,1073594367,1073709055,1072029695,1073151999,1073741823,1073676287,1073741823,1073741823,1073741823:g7
1073741823,1073741823,1073741823,1073741823,1073741823,1073475583,1073594367,1073709055,1072029695,1073151999,1072693247,1073741823,1073741823,1073741823,1073741823:f8
1073741823,1073741823,1073741823,1073741823,1073741823,1073475583,1073594367,1073707007,1072029695,1073151935,1072693247,1073741823,1073741823,1073741823,1073741823:f10
1073741823,1073741823,1073741823,1073741823,1073741823,1073475583,1073594367,1073706943,1072029695,1073151999,1072693247,1073741823,1073741823,1073741823,1073741823:f10
1073741823,1073741823,1073741823,1073741823,1073741823,1073475519,1073594367,1073707007,1072029695,1073151999,1072693247,1073741823,1073741823,1073741823,1073741823:f10
1073741823,1073741823,1073741823,1073741823,1073741823,1073475583,1073594367,1073707007,1072029695,1073151999,1072693247,1073741823,1073676287,1073741823,1073741823:f10
1073741823,1073741823,1073741823,1073741823,1073741823,1073475583,1073594367,1073707007,1072029695,1073151999,1072693247,1073741823,1056964607,1073741823,1073741823:f10
1073741823,1073741823,1073741823,1073741823,1073741823,1073475583,1073594367,1073707007,1072029695,1073151999,1072693247,1073741823,1072693247,1073741823,1073741823:f10
1073741823,1073741823,1073741823,1073741823,1073741823,1073475583,1073594367,1073707007,1072029695,1073151999,1072693247,1073725439,1073741823,1073741823,1073741823:f10
1073741823,1073741823,1073741823,1073741823,1073741823,1073475583,1073594367,1073707007,1072029695,1073151999,1072693247,1069547519,1073741823,1073741823,1073741823:f10
1073741823,1073741823,1073741823,1073741823,1073741823,1073475583,1073594367,1073707007,1072029695,1073151999,1072693247,1073479679,1073741823,1073741823,1073741823:f10
1073741823,1073741823,1073741823,1073741823,1073741823,1073475583,1056817151,1073707007,1072029695,1073151999,1072693247,1073741823,1073741823,1073741823,1073741823:f10
1073741823,1073741823,1073741823,1073741823,1073741823,1073475583,1073594367,1073707007,1055252479,1073151999,1072693247,1073741823,1073741823,1073741823,1073741823:f10
1073741823,1073741823,1073741823,1073741823,1073741823,1073475583,1073594367,1073707007,1072029695,1073151999,1055916031,1073741823,1073741823,1073741823,1073741823:f10
1073741823,1073741823,1073741823,1073741823,1073741823,1073475583,1073594367,1073707007,1072029695,1068957695,1072693247,1073741823,1073741823,1073741823,1073741823:f10
1073741823,1073741823,1073741823,1073741823,1073741823,1073475583,1069400063,1073707007,1072029695,1073151999,1072693247,1073741823,1073741823,1073741823,1073741823:f10
1073741823,1073741823,1073741823,1073741823,1073741823,1073475583,1073594367,1073707007,1067835391,1073151999,1072693247,1073741823,1073741823,1073741823,1073741823:f10
1073741823,1073741823,1073741823,1073741823,1073741823,1073475583,1073594367,1073707007,1072029695,1073151999,1068498943,1073741823,1073741823,1073741823,1073741823:f10
1073741823,1073741823,1073741823,1073741823,1073741823,1073475583,1073594367,1073707007,1072029695,1073151999,1072693247,1073737727,1073741823,1073741823,1073741823:f10
1073741823,1073741823,1073741823,1073741823,1073741823,1073475583,1073594367,1073707007,1072029695,1073151999,1072676863,1073741823,1073741823,1073741823,1073741823:f10
1073741823,1073741823,1073741823,1073741823,1073741823,1073475583,1073594367,1072658431,1072029695,1073151999,1072693247,1073741823,1073741823,1073741823,1073741823:f10
1073741823,1073741823,1073741823,1073741823,1073741823,1073475583,1073594367,1073707007,1072029695,1072103423,1072693247,1073741823,1073741823,1073741823,1073741823:f10
1073741823,1073741823,1073741823,1073741823,1073741823,1073475583,1073594367,1073707007,1072029695,1073151999,1072693247,1072693247,1073741823,1073741823,1073741823:f10
1073741823,1073741823,1073741823,1073741823,1073741823,1073475583,1073594367,1073707007,1072029695,1073151999,1072431103,1073741823,1073741823,1073741823,1073741823:f10
1073741823,1073741823,1073741823,1073741823,1073741823,1073475583,1073594367,1073707007,1072029695,1073151999,1072693247,1073676287,1073741823,1073741823,1073741823:f10
1073741823,1073741823,1073741823,1073741823,1073741823,1073475583,1073594367,1073706751,1072029695,1073151999,1072693247,1073741823,1073741823,1073741823,1073741823:f10
1073741823,1073741823,1073741823,1073741823,1073741823,1073475327,1073594367,1073707007,1072029695,1073151999,1072693247,1073741823,1073741823,1073741823,1073741823:f10
1073741823,1073741823,1073741823,1073741567,1073741823,1073475583,1073594367,1073707007,1072029695,1073151999,1072693247,1073741823,1073741823,1073741823,1073741823:f10
1073741823,1073741823,1073741823,1073737727,1073741823,1073475583,1073594367,1073707007,1072029695,1073151999,1072693247,1073741823,1073741823,1073741823,1073741823:f10
1073741823,1073741823,1073741823,1073676287,1073741823,1073475583,1073594367,1073707007,1072029695,1073151999,1072693247,1073741823,1073741823,1073741823,1073741823:f10
1073741823,1073741823,1073741823,1073741823,1073741823,1073475583,1073594367,1073707007,1072029695,1073151999,1072692991,1073741823,1073741823,1073741823,1073741823:g8
1073741823,1073741823,1073741823,1073741823,1073741823,1073475583,1073594367,1073707007,1072029439,1073151999,1072693247,1073741823,1073741823,1073741823,1073741823:f10
1073741823,1073741823,1073741823,1073741823,1073741823,1073475583,1073594111,1073707007,1072029695,1073151999,1072693247,1073741823,1073741823,1073741823,1073741823:f10
1073741823,1073741823,1073741823,1073741823,1073741823,1073475583,1073594367,1073707007,1072029695,1073151999,1072627711,1073741823,1073741823,1073741823,1073741823:f10
1073741823,1073741823,1073741823,1073741823,1073741823,1073475583,1073594367,1073707007,1072029695,1073151999,1072689151,1073741823,1073741823,1073741823,1073741823:f10
1073741823,1073741823,1073741823,1073741823,1073741823,1073475583,1073594367,1073707007,1072029695,1073147903,1072693247,1073741823,1073741823,1073741823,1073741823:f10
1073741823,1073741823,1073741823,1073725439,1073741823,1073475583,1073594367,1073707007,1072029695,1073151999,1072693247,1073741823,1073741823,1073741823,1073741823:f10
1073741823,1073741823,1073741823,1073479679,1073741823,1073475583,1073594367,1073707007,1072029695,1073151999,1072693247,1073741823,1073741823,1073741823,1073741823:f10
1073741823,1073741823,1073741823,1069547519,1073741823,1073475583,1073594367,1073707007,1072029695,1073151999,1072693247,1073741823,1073741823,1073741823,1073741823:f10
1073741823,1073741823,1073741823,1073741823,1073741823,1069281279,1073594367,1073707007,1072029695,1073151999,1072693247,1073741823,1073741823,1073741823,1073741823:f10
1073741823,1073741823,1073741823,1073741823,1073741823,1072427007,1073594367,1073707007,1072029695,1073151999,1072693247,1073741823,1073741823,1073741823,1073741823:f10
1073741823,1073741823,1073741823,1073741823,1073741823,1073475583,1073594367,1069512703,1072029695,1073151999,1072693247,1073741823,1073741823,1073741823,1073741823:f10
1073741823,1073741823,1073741823,1073741823,1073737727,1073475583,1073594367,1073707007,1072029695,1073151999,1072693247,1073741823,1073741823,1073741823,1073741823:f10
1073741823,1073741823,1073741823,1073741823,1073676287,1073475583,1073594367,1073707007,1072029695,1073151999,1072693247,1073741823,1073741823,1073741823,1073741823:f10
1073741823,1073741823,1073741823,1073741823,1072693247,1073475583,1073594367,1073707007,1072029695,1073151999,1072693247,1073741823,1073741823,1073741823,1073741823:f10
1073741823,1073741823,1073741823,1073741823,1073741823,1073475583,1072545791,1073707007,1072029695,1073151999,1072693247,1073741823,1073741823,1073741823,1073741823:f10
1073741823,1073741823,1073741823,1073741823,1073741823,1073475583,1073594367,1073707007,1072028671,1073151999,1072693247,1073741823,1073741823,1073741823,1073741823:h10
1073741823,1073741823,1073741823,1073741823,1073741823,1073475583,1073593343,1073707007,1072029695,1073151999,1072693247,1073741823,1073741823,1073741823,1073741823:i8
1073741823,1073741823,1073741823,1073741823,1073740799,1073475583,1073594367,1073707007,1072029695,1073151999,1072693247,1073741823,1073741823,1073741823,1073741823:f10
1073741823,1073741823,1073741823,1073741823,1073725439,1073475583,1073594367,1073707007,1072029695,1073151999,1072693247,1073741823,1073741823,1073741823,1073741823:f10
1073741823,1073741823,1073741823,1073741823,1073479679,1073475583,1073594367,1073707007,1072029695,1073151999,1072693247,1073741823,1073741823,1073741823,1073741823:f10
1073741823,1073741823,1073741823,1073741823,1073741823,1073410047,1073594367,1073707007,1072029695,1073151999,1072693247,1073741823,1073741823,1073741823,1073741823:f10
1073741823,1073741823,1073741823,1073741823,1073741823,1073475583,1073332223,1073707007,1072029695,1073151999,1072693247,1073741823,1073741823,1073741823,1073741823:f10
1073741823,1073741823,1073741823,1073741823,1073741823,1073475583,1073594367,1073707007,1072029695,1073150975,1072693247,1073741823,1073741823,1073741823,1073741823:g8
1073741823,1073741823,1073741823,1073741823,1073741823,1073475583,1073594367,1073702911,1072029695,1073151999,1072693247,1073741823,1073741823,1073741823,1073741823:f10
1073741823,1073741823,1073741823,1073741823,1073741823,1073474559,1073594367,1073707007,1072029695,1073151999,1072693247,1073741823,1073741823,1073741823,1073741823:f10
1073741823,1073741823,1073741823,1073741823,1073741823,1073475583,1073590271,1073707007,1072029695,1073151999,1072693247,1073741823,1073741823,1073741823,1073741823:f10
1073741823,1073741823,1073741823,1073741823,1073741823,1073459199,1073594367,1073707007,1072029695,1073151999,1072693247,1073741823,1073741823,1073741823,1073741823:f10
1073741823,1073741823,1073741823,1073741823,1073741823,1073475583,1073594367,1073444863,1072029695,1073151999,1072693247,1073741823,1073741823,1073741823,1073741823:f10
1073741823,1073741823,1073741823,1073741823,1073741823,1073475583,1073594367,1073641471,1072029695,1073151999,1072693247,1073741823,1073741823,1073741823,1073741823:f10
1073741823,1073741823,1073741823,1073741823,1073741823,1073475583,1073594367,1073707007,1072029695,1073135615,1072693247,1073741823,1073741823,1073741823,1073741823:f10
1073741823,1073741823,1073741823,1073741823,1073741823,1073475583,1073594367,1073707007,1072013311,1073151999,1072693247,1073741823,1073741823,1073741823,1073741823:i8
1073741823,1073741823,1073741823,1073741823,1073741823,1073475583,1073594367,1073708799,1072029695,1073151999,1073741823,1073741823,1073741823,1073741823,1073741823:g7
1073741823,1073741823,1073741823,1073741823,1073741823,1073475327,1073594367,1073709055,1072029695,1073151999,1073741823,1073741823,1073741823,1073741823,1073741823:g7
1073741823,1073741823,1073741823,1073741567,1073741823,1073475583,1073594367,1073709055,1072029695,1073151999,1073741823,1073741823,1073741823,1073741823,1073741823:g7
1073741823,1073741823,1073741823,1073737727,1073741823,1073475583,1073594367,1073709055,1072029695,1073151999,1073741823,1073741823,1073741823,1073741823,1073741823:g7
1073741823,1073741823,1073741823,1073676287,1073741823,1073475583,1073594367,1073709055,1072029695,1073151999,1073741823,1073741823,1073741823,1073741823,1073741823:g7
1073741823,1073741823,1073741823,1073741823,1073741823,1073475583,1073594367,1073709055,1072029695,1073151999,1073741567,1073741823,1073741823,1073741823,1073741823:g7
1073741823,1073741823,1073741823,1073741823,1073741823,1073475583,1073594367,1073709055,1072029439,1073151999,1073741823,1073741823,1073741823,1073741823,1073741823:g7
1073741823,1073741823,1073741823,1073741823,1073741823,1073475583,1073594111,1073709055,1072029695,1073151999,1073741823,1073741823,1073741823,1073741823,1073741823:g7
1073741823,1073741823,1073741823,1073741823,1073741823,1073475583,1073594367,1073709055,1072029695,1073151999,1073676287,1073741823,1073741823,1073741823,1073741823:g7
1073741823,1073741823,1073741823,1073741823,1073741823,1073475583,1073594367,1073709055,1072029695,1073151999,1073737727,1073741823,1073741823,1073741823,1073741823:g7
1073741823,1073741823,1073741823,1073741823,1073741823,1073475583,1073594367,1073709055,1072029695,1073147903,1073741823,1073741823,1073741823,1073741823,1073741823:g7
1073741823,1073741823,1073741823,1073725439,1073741823,1073475583,1073594367,1073709055,1072029695,1073151999,1073741823,1073741823,1073741823,1073741823,1073741823:g7
1073741823,1073741823,1073741823,1073479679,1073741823,1073475583,1073594367,1073709055,1072029695,1073151999,1073741823,1073741823,1073741823,1073741823,1073741823:g7
1073741823,1073741823,1073741823,1069547519,1073741823,1073475583,1073594367,1073709055,1072029695,1073151999,1073741823,1073741823,1073741823,1073741823,1073741823:g7
1073741823,1073741823,1073741823,1073741823,1073741823,1069281279,1073594367,1073709055,1072029695,1073151999,1073741823,1073741823,1073741823,1073741823,1073741823:g7
1073741823,1073741823,1073741823,1073741823,1073741823,1072427007,1073594367,1073709055,1072029695,1073151999,1073741823,1073741823,1073741823,1073741823,1073741823:g7
1073741823,1073741823,1073741823,1073741823,1073741823,1073475583,1073594367,1069514751,1072029695,1073151999,1073741823,1073741823,1073741823,1073741823,1073741823:g7
1073741823,1073741823,1073741823,1073741823,1073737727,1073475583,1073594367,1073709055,1072029695,1073151999,1073741823,1073741823,1073741823,1073741823,1073741823:g7
1073741823,1073741823,1073741823,1073741823,1073676287,1073475583,1073594367,1073709055,1072029695,1073151999,1073741823,1073741823,1073741823,1073741823,1073741823:g7
1073741823,1073741823,1073741823,1073741823,1072693247,1073475583,1073594367,1073709055,1072029695,1073151999,1073741823,1073741823,1073741823,1073741823,1073741823:g7
1073741823,1073741823,1073741823,1073741823,1073741823,1073475583,1072545791,1073709055,1072029695,1073151999,1073741823,1073741823,1073741823,1073741823,1073741823:g7
1073741823,1073741823,1073741823,1073741823,1073741823,1073475583,1073594367,1073709055,1072028671,1073151999,1073741823,1073741823,1073741823,1073741823,1073741823:g7
1073741823,1073741823,1073741823,1073741823,1073741823,1073475583,1073593343,1073709055,1072029695,1073151999,1073741823,1073741823,1073741823,1073741823,1073741823:g7
1073741823,1073741823,1073741823,1073741823,1073740799,1073475583,1073594367,1073709055,1072029695,1073151999,1073741823,1073741823,1073741823,1073741823,1073741823:g7
1073741823,1073741823,1073741823,1073741823,1073725439,1073475583,1073594367,1073709055,1072029695,1073151999,1073741823,1073741823,1073741823,1073741823,1073741823:g7
1073741823,1073741823,1073741823,1073741823,1073479679,1073475583,1073594367,1073709055,1072029695,1073151999,1073741823,1073741823,1073741823,1073741823,1073741823:g7
1073741823,1073741823,1073741823,1073741823,1073741823,1073410047,1073594367,1073709055,1072029695,1073151999,1073741823,1073741823,1073741823,1073741823,1073741823:g7
1073741823,1073741823,1073741823,1073741823,1073741823,1073475583,1073332223,1073709055,1072029695,1073151999,1073741823,1073741823,1073741823,1073741823,1073741823:g7
1073741823,1073741823,1073741823,1073741823,1073741823,1073475583,1073594367,1073709055,1072029695,1073150975,1073741823,1073741823,1073741823,1073741823,1073741823:g7
1073741823,1073741823,1073741823,1073741823,1073741823,1073475583,1073594367,1073708031,1072029695,1073151999,1073741823,1073741823,1073741823,1073741823,1073741823:g7
1073741823,1073741823,1073741823,1073741823,1073741823,1073475583,1073594367,1073704959,1072029695,1073151999,1073741823,1073741823,1073741823,1073741823,1073741823:g7
1073741823,1073741823,1073741823,1073741823,1073741823,1073474559,1073594367,1073709055,1072029695,1073151999,1073741823,1073741823,1073741823,1073741823,1073741823:k11
1073741823,1073741823,1073741823,1073741823,1073741823,1073475583,1073590271,1073709055,1072029695,1073151999,1073741823,1073741823,1073741823,1073741823,1073741823:f10
1073741823,1073741823,1073741823,1073741823,1073741823,1073459199,1073594367,1073709055,1072029695,1073151999,1073741823,1073741823,1073741823,1073741823,1073741823:g7
1073741823,1073741823,1073741823,1073741823,1073741823,1073475583,1073594367,1073446911,1072029695,1073151999,1073741823,1073741823,1073741823,1073741823,1073741823:g7
1073741823,1073741823,1073741823,1073741823,1073741823,1073475583,1073594367,1073643519,1072029695,1073151999,1073741823,1073741823,1073741823,1073741823,1073741823:g7
1073741823,1073741823,1073741823,1073741823,1073741823,1073475583,1073594367,1073709055,1072029695,1073135615,1073741823,1073741823,1073741823,1073741823,1073741823:g7
1073741823,1073741823,1073741823,1073741823,1073741823,1073475583,1073594367,1073709055,1072013311,1073151999,1073741823,1073741823,1073741823,1073741823,1073741823:g7
1073741823,1073741823,1073741823,1073741823,1073741823,1073475583,1073594367,1073709055,1073077247,1073676287,1073741823,1073741823,1073741823,1073741823,1073741823:j10
1073741823,1073741823,1073741823,1073741823,1073741823,1073475583,1073593343,1073709055,1073078271,1073676287,1073741823,1073741823,1073741823,1073741823,1073741823:h9
1073741823,1073741823,1073741823,1073741823,1073740799,1073475583,1073594367,1073709055,1073078271,1073676287,1073741823,1073741823,1073741823,1073741823,1073741823:h9
1073741823,1073741823,1073741823,1073741823,1073725439,1073475583,1073594367,1073709055,1073078271,1073676287,1073741823,1073741823,1073741823,1073741823,1073741823:j10
1073741823,1073741823,1073741823,1073741823,1073479679,1073475583,1073594367,1073709055,1073078271,1073676287,1073741823,1073741823,1073741823,1073741823,1073741823:j10
1073741823,1073741823,1073741823,1073741823,1073741823,1073410047,1073594367,1073709055,1073078271,1073676287,1073741823,1073741823,1073741823,1073741823,1073741823:h9
1073741823,1073741823,1073741823,1073741823,1073741823,1073475583,1073332223,1073709055,1073078271,1073676287,1073741823,1073741823,1073741823,1073741823,1073741823:h9
1073741823,1073741823,1073741823,1073741823,1073741823,1073475583,1073594367,1073709055,1073078271,1073675263,1073741823,1073741823,1073741823,1073741823,1073741823:j10
1073741823,1073741823,1073741823,1073741823,1073741823,1073475583,1073594367,1073708031,1073078271,1073676287,1073741823,1073741823,1073741823,1073741823,1073741823:j10
1073741823,1073741823,1073741823,1073741823,1073741823,1073475583,1073594367,1073704959,1073078271,1073676287,1073741823,1073741823,1073741823,1073741823,1073741823:h9
1073741823,1073741823,1073741823,1073741823,1073741823,1073474559,1073594367,1073709055,1073078271,1073676287,1073741823,1073741823,1073741823,1073741823,1073741823:h9
1073741823,1073741823,1073741823,1073741823,1073741823,1073475583,1073590271,1073709055,1073078271,1073676287,1073741823,1073741823,1073741823,1073741823,1073741823:h9
1073741823,1073741823,1073741823,1073741823,1073741823,1073459199,1073594367,1073709055,1073078271,1073676287,1073741823,1073741823,1073741823,1073741823,1073741823:h9
1073741823,1073741823,1073741823,1073741823,1073741823,1073475583,1073594367,1073446911,1073078271,1073676287,1073741823,1073741823,1073741823,1073741823,1073741823:h9
1073741823,1073741823,1073741823,1073741823,1073741823,1073475583,1073594367,1073643519,1073078271,1073676287,1073741823,1073741823,1073741823,1073741823,1073741823:j10
1073741823,1073741823,1073741823,1073741823,1073741823,1073475583,1073594367,1073709055,1073078271,1073414143,1073741823,1073741823,1073741823,1073741823,1073741823:h9
1073741823,1073741823,1073741823,1073741823,1073741823,1073475583,1073594367,1073709055,1073078271,1073659903,1073741823,1073741823,1073741823,1073741823,1073741823:j10
1073741823,1073741823,1073741823,1073741823,1073741823,1073475583,1073594367,1073709055,1073061887,1073676287,1073741823,1073741823,1073741823,1073741823,1073741823:j10
1073741823,1073741823,1073741823,1073741823,1073741823,1073475583,1073594367,1073709055,1073061887,1073151999,1073741823,1073725439,1073741823,1073741823,1073741823:g7
1073741823,1073741823,1073741823,1073741823,1073741823,1073475583,1073594367,1073709055,1073061887,1068957695,1073741823,1073741823,1073741823,1073741823,1073741823:g7
1073741823,1073741823,1073741823,1073741823,1073741823,1073475583,1073594367,1073709055,1073061887,1073151999,1073741823,1069547519,1073741823,1073741823,1073741823:g7
1073741823,1073741823,1073741823,1073741823,1073741823,1073475583,1073594367,1073709055,1073061887,1073151999,1073741823,1073479679,1073741823,1073741823,1073741823:g7
1073741823,1073741823,1073741823,1073741823,1073741823,1073475583,1073594367,1073709055,1073061887,1073151999,1073740799,1073741823,1073741823,1073741823,1073741823:g7
1073741823,1073741823,1073741823,1073741823,1073741823,1073475583,1069400063,1073709055,1073061887,1073151999,1073741823,1073741823,1073741823,1073741823,1073741823:g7
1073741823,1073741823,1073741823,1073741823,1073741823,1073475583,1073594367,1073709055,1068867583,1073151999,1073741823,1073741823,1073741823,1073741823,1073741823:g7
1073741823,1073741823,1073741823,1073741823,1073741823,1073475583,1073594367,1073709055,1073061887,1073151999,1069547519,1073741823,1073741823,1073741823,1073741823:g7
1073741823,1073741823,1073741823,1073741823,1073741823,1073475583,1073594367,1073709055,1073061887,1073151999,1073741823,1073737727,1073741823,1073741823,1073741823:g7
1073741823,1073741823,1073741823,1073741823,1073741823,1073475583,1073594367,1073709055,1073061887,1073151999,1073725439,1073741823,1073741823,1073741823,1073741823:g7
1073741823,1073741823,1073741823,1073741823,1073741823,1073475583,1073594367,1072660479,1073061887,1073151999,1073741823,1073741823,1073741823,1073741823,1073741823:g7
1073741823,1073741823,1073741823,1073741823,1073741823,1073475583,1073594367,1073709055,1073061887,1072103423,1073741823,1073741823,1073741823,1073741823,1073741823:g7
1073741823,1073741823,1073741823,1073741823,1073741823,1073475583,1073594367,1073709055,1073061887,1073151999,1073741823,1072693247,1073741823,1073741823,1073741823:g7
1073741823,1073741823,1073741823,1073741823,1073741823,1073475583,1073594367,1073709055,1073061887,1073151999,1073479679,1073741823,1073741823,1073741823,1073741823:g7
1073741823,1073741823,1073741823,1073741823,1073741823,1073475583,1073594367,1073709055,1073061887,1073151999,1073741823,1073676287,1073741823,1073741823,1073741823:g7
1073741823,1073741823,1073741823,1073741823,1073741823,1073475583,1073594367,1073709055,1073061887,1073151999,1072693247,1073741823,1073741823,1073741823,1073741823:j8
1073741823,1073741823,1073741823,1073741823,1073741823,1073475583,1073594367,1073184767,1073061887,1073151999,1072693247,1073741823,1073676287,1073741823,1073741823:j11
1073741823,1073741823,1073741823,1073741823,1073741823,1073475583,1073594367,1073184767,1056284671,1073151999,1072693247,1073741823,1073741823,1073741823,1073741823:j11
1073741823,1073741823,1073741823,1073741823,1073741823,1073475583,1073594367,1073184767,1073061887,1073151999,1055916031,1073741823,1073741823,1073741823,1073741823:j11
1073741823,1073741823,1073741823,1073741823,1073741823,1073475583,1073594367,1073184767,1073061887,1073151999,1072693247,1073741823,1056964607,1073741823,1073741823:j11
1073741823,1073741823,1073741823,1073741823,1073741823,1073475583,1073594367,1073184767,1073061887,1073151999,1072693247,1073741823,1072693247,1073741823,1073741823:j11
1073741823,1073741823,1073741823,1073741823,1073741823,1073475583,1073594367,1073184767,1073061887,1073151999,1072693247,1073725439,1073741823,1073741823,1073741823:j11
1073741823,1073741823,1073741823,1073741823,1073741823,1073475583,1073594367,1073184767,1073061887,1068957695,1072693247,1073741823,1073741823,1073741823,1073741823:j11
1073741823,1073741823,1073741823,1073741823,1073741823,1073475583,1073594367,1073184767,1073061887,1073151999,1072693247,1069547519,1073741823,1073741823,1073741823:j11
1073741823,1073741823,1073741823,1073741823,1073741823,1073475583,1073594367,1073184767,1073061887,1073151999,1072693247,1073479679,1073741823,1073741823,1073741823:h10
1073741823,1073741823,1073741823,1073741823,1073741823,1073475583,1073594367,1073184767,1073061887,1073151999,1072692223,1073741823,1073741823,1073741823,1073741823:j11
1073741823,1073741823,1073741823,1073741823,1073741823,1073475583,1069400063,1073184767,1073061887,1073151999,1072693247,1073741823,1073741823,1073741823,1073741823:j11
1073741823,1073741823,1073741823,1073741823,1073741823,1073475583,1073594367,1073184767,1068867583,1073151999,1072693247,1073741823,1073741823,1073741823,1073741823:j11
1073741823,1073741823,1073741823,1073741823,1073741823,1073475583,1073594367,1073184767,1073061887,1073151999,1068498943,1073741823,1073741823,1073741823,1073741823:j11
1073741823,1073741823,1073741823,1073741823,1073741823,1073475583,1073594367,1073184767,1073061887,1073151999,1072693247,1073737727,1073741823,1073741823,1073741823:j11
1073741823,1073741823,1073741823,1073741823,1073741823,1073475583,1073594367,1073184767,1073061887,1073151999,1072676863,1073741823,1073741823,1073741823,1073741823:j11
1073741823,1073741823,1073741823,1073741823,1073741823,1073475583,1073594367,1072136191,1073061887,1073151999,1072693247,1073741823,1073741823,1073741823,1073741823:j11
1073741823,1073741823,1073741823,1073741823,1073741823,1073475583,1073594367,1073184767,1073061887,1072103423,1072693247,1073741823,1073741823,1073741823,1073741823:j11
1073741823,1073741823,1073741823,1073741823,1073741823,1073475583,1073594367,1073184767,1073061887,1073151999,1072693247,1072693247,1073741823,1073741823,1073741823:j11
1073741823,1073741823,1073741823,1073741823,1073741823,1073475583,1073594367,1073184767,1073061887,1073151999,1072431103,1073741823,1073741823,1073741823,1073741823:g8
1073741823,1073741823,1073741823,1073741823,1073741823,1073475583,1073594367,1073176575,1073061887,1073151743,1072431103,1073741823,1073741823,1073741823,1073741823:i8
1073741823,1073741823,1073741823,1073741823,1073741823,1073475583,1073594367,1073176575,1073061887,1073151999,1072431103,1073741823,1073725439,1073741823,1073741823:i8
1073741823,1073741823,1073741823,1073741823,1073741823,1073475583,1073594367,1073176575,1073061887,1073151999,1072431103,1073741823,1069547519,1073741823,1073741823:k12
1073741823,1073741823,1073741823,1073741823,1073741823,1073475583,1073594367,1073176575,1073061887,1073151999,1072431103,1071644671,1069547519,1073676287,1073741823:i8
1073741823,1073741823,1073741823,1073741823,1073741823,1073475583,1073594367,1073176575,1073061887,1056374783,1072431103,1071644671,1069547519,1073741823,1073741823:i8
1073741823,1073741823,1073741823,1073741823,1073741823,1073475583,1073594367,1073176575,1073061887,1073151999,1072431103,1071644671,1069547519,1073741823,1073479679:i8
1073741823,1073741823,1073741823,1073741823,1073741823,1073475583,1073594367,1073176575,1073061887,1073151999,1072431103,1071644671,1069547519,1072693247,1073741823:i8
1073741823,1073741823,1073741823,1073741823,1073741823,1073475583,1073594367,1073176575,1073061887,1073151999,1005322239,1071644671,1069547519,1073741823,1073741823:i8
1073741823,1073741823,1073741823,1073741823,1073741823,1073475583,1073594367,1073176575,1073061887,1073151999,1072431103,1054867455,1069547519,1073741823,1073741823:i8
1073741823,1073741823,1073741823,1073741823,1073741823,1073475583,1073594367,1073176575,1073061887,1073151999,1072431103,1071644671,1002438655,1073741823,1073741823:i8
1073741823,1073741823,1073741823,1073741823,1073741823,1073475583,1073594367,1073176575,1073061887,1073151999,1072431103,1071644671,1069547519,1073741823,1006632959:i8
1073741823,1073741823,1073741823,1073741823,1073741823,1073475583,1073594367,1073176575,1073061887,1073151999,1072431103,1071644671,1069547519,1056964607,1073741823:i8
1073741823,1073741823,1073741823,1073741823,1073741823,1073475583,1073594367,1073176575,1073061887,1073151999,1072431103,1071644671,1069547519,1073741823,1069547519:i8
1073741823,1073741823,1073741823,1073741823,1073741823,1073475583,1073594367,1073176575,1073061887,1073151999,1072431103,1071644671,1069547519,1069547519,1073741823:i8
1073741823,1073741823,1073741823,1073741823,1073741823,1073475583,1073594367,1073176575,1073061887,1073151743,1072431103,1071644671,1069547519,1073741823,1073741823:i8
1073741823,1073741823,1073741823,1073741823,1073741823,1073475583,1073594367,1073176575,1073061887,1073151999,1072431103,1071644671,1069531135,1073741823,1073741823:i8
1073741823,1073741823,1073741823,1073741823,1073741823,1073475583,1073594367,1073176575,1073061887,1073151999,1072431103,1071644671,1069285375,1073741823,1073741823:i8
1073741823,1073741823,1073741823,1073741823,1073741823,1073475583,1073594367,1073176575,1073061887,1073151999,1072431103,1071644671,1069481983,1073741823,1073741823:i8
1073741823,1073741823,1073741823,1073741823,1073741823,1073475583,1073594367,1073176575,1056284671,1073151999,1072431103,1071644671,1069547519,1073741823,1073741823:i8
1073741823,1073741823,1073741823,1073741823,1073741823,1073475583,1073594367,1073176575,1073061887,1073151999,1055653887,1071644671,1069547519,1073741823,1073741823:i8
1073741823,1073741823,1073741823,1073741823,1073741823,1073475583,1073594367,1073176575,1073061887,1073151999,1072431103,1071644671,1052770303,1073741823,1073741823:i8
1073741823,1073741823,1073741823,1073741823,1073741823,1073475583,1073594367,1073176575,1073061887,1073151999,1072431103,1071644671,1068498943,1073741823,1073741823:i8
1073741823,1073741823,1073741823,1073741823,1073741823,1073475583,1073594367,1073176575,1073061887,1073151999,1072431103,1071628287,1069547519,1073741823,1073741823:i8
1073741823,1073741823,1073741823,1073741823,1073741823,1073475583,1073594367,1073176575,1073061887,1068957695,1072431103,1071644671,1069547519,1073741823,1073741823:i8
1073741823,1073741823,1073741823,1073741823,1073741823,1073475583,1073594367,1073176575,1073061887,1073151999,1072431103,1067450367,1069547519,1073741823,1073741823:i8
1073741823,1073741823,1073741823,1073741823,1073741823,1073475583,1073594367,1073176575,1073061887,1073151999,1072431103,1071382527,1069547519,1073741823,1073741823:i8
1073741823,1073741823,1073741823,1073741823,1073741823,1073475583,1073594367,1073176575,1073061887,1073151999,1072430079,1071644671,1069547519,1073741823,1073741823:i8
1073741823,1073741823,1073741823,1073741823,1073741823,1073475583,1069400063,1073176575,1073061887,1073151999,1072431103,1071644671,1069547519,1073741823,1073741823:i8
1073741823,1073741823,1073741823,1073741823,1073741823,1073475583,1073594367,1073176575,1068867583,1073151999,1072431103,1071644671,1069547519,1073741823,1073741823:i8
1073741823,1073741823,1073741823,1073741823,1073741823,1073475583,1073594367,1073176575,1073061887,1073151999,1068236799,1071644671,1069547519,1073741823,1073741823:i8
1073741823,1073741823,1073741823,1073741823,1073741823,1073475583,1073594367,1073176575,1073061887,1073151999,1072431103,1071640575,1069547519,1073741823,1073741823:i8
1073741823,1073741823,1073741823,1073741823,1073741823,1073475583,1073594367,1073176575,1073061887,1073151999,1072414719,1071644671,1069547519,1073741823,1073741823:i8
1073741823,1073741823,1073741823,1073741823,1073741823,1073475583,1073594367,1072127999,1073061887,1073151999,1072431103,1071644671,1069547519,1073741823,1073741823:f8
1073741823,1073741823,1073741823,1073741823,1073741823,1073475583,1073594367,1073176575,1073061887,1072103423,1072431103,1071644671,1069547519,1073741823,1073741823:i8
1073741823,1073741823,1073741823,1073741823,1073741823,1073475583,1073594367,1073176575,1073061887,1073151999,1072431103,1071579135,1069547519,1073741823,1073741823:i8
1073741823,1073741823,1073741823,1073741823,1073741823,1073475583,1073594367,1073176319,1073061887,1073151999,1072431103,1071644671,1069547519,1073741823,1073741823:i8
1073741823,1073741823,1073741823,1073741823,1073741823,1073475327,1073594367,1073176575,1073061887,1073151999,1072431103,1071644671,1069547519,1073741823,1073741823:i8
1073741823,1073741823,1073741823,1073741567,1073741823,1073475583,1073594367,1073176575,1073061887,1073151999,1072431103,1071644671,1069547519,1073741823,1073741823:i8
1073741823,1073741823,1073741823,1073737727,1073741823,1073475583,1073594367,1073176575,1073061887,1073151999,1072431103,1071644671,1069547519,1073741823,1073741823:i8
1073741823,1073741823,1073741823,1073676287,1073741823,1073475583,1073594367,1073176575,1073061887,1073151999,1072431103,1071644671,1069547519,1073741823,1073741823:i8
1073741823,1073741823,1073741823,1073741823,1073741823,1073475583,1073594367,1073176575,1073061887,1073151999,1072430847,1071644671,1069547519,1073741823,1073741823:i8
1073741823,1073741823,1073741823,1073741823,1073741823,1073475583,1073594367,1073176575,1073061631,1073151999,1072431103,1071644671,1069547519,1073741823,1073741823:i8
1073741823,1073741823,1073741823,1073741823,1073741823,1073475583,1073594111,1073176575,1073061887,1073151999,1072431103,1071644671,1069547519,1073741823,1073741823:i8
1073741823,1073741823,1073741823,1073741823,1073741823,1073475583,1073594367,1073176575,1073061887,1073151999,1072365567,1071644671,1069547519,1073741823,1073741823:i8
1073741823,1073741823,1073741823,1073741823,1073741823,1073475583,1073594367,1073176575,1073061887,1073151999,1072427007,1071644671,1069547519,1073741823,1073741823:i8
1073741823,1073741823,1073741823,1073741823,1073741823,1073475583,1073594367,1073176575,1073061887,1073147903,1072431103,1071644671,1069547519,1073741823,1073741823:i8
1073741823,1073741823,1073741823,1073725439,1073741823,1073475583,1073594367,1073176575,1073061887,1073151999,1072431103,1071644671,1069547519,1073741823,1073741823:i8
1073741823,1073741823,1073741823,1073479679,1073741823,1073475583,1073594367,1073176575,1073061887,1073151999,1072431103,1071644671,1069547519,1073741823,1073741823:i8
1073741823,1073741823,1073741823,1069547519,1073741823,1073475583,1073594367,1073176575,1073061887,1073151999,1072431103,1071644671,1069547519,1073741823,1073741823:i8
1073741823,1073741823,1073741823,1073741823,1073741823,1069281279,1073594367,1073176575,1073061887,1073151999,1072431103,1071644671,1069547519,1073741823,1073741823:i8
1073741823,1073741823,1073741823,1073741823,1073741823,1072427007,1073594367,1073176575,1073061887,1073151999,1072431103,1071644671,1069547519,1073741823,1073741823:i8
1073741823,1073741823,1073741823,1073741823,1073741823,1073475583,1073594367,1068982271,1073061887,1073151999,1072431103,1071644671,1069547519,1073741823,1073741823:i8
1073741823,1073741823,1073741823,1073741823,1073737727,1073475583,1073594367,1073176575,1073061887,1073151999,1072431103,1071644671,1069547519,1073741823,1073741823:i8
1073741823,1073741823,1073741823,1073741823,1073676287,1073475583,1073594367,1073176575,1073061887,1073151999,1072431103,1071644671,1069547519,1073741823,1073741823:i8
1073741823,1073741823,1073741823,1073741823,1072693247,1073475583,1073594367,1073176575,1073061887,1073151999,1072431103,1071644671,1069547519,1073741823,1073741823:i8
1073741823,1073741823,1073741823,1073741823,1073741823,1073475583,1072545791,1073176575,1073061887,1073151999,1072431103,1071644671,1069547519,1073741823,1073741823:i8
1073741823,1073741823,1073741823,1073741823,1073741823,1073475583,1073594367,1073176575,1072013311,1073151999,1072431103,1071644671,1069547519,1073741823,1073741823:i8
1073741823,1073741823,1073741823,1073741823,1073741823,1073475583,1073594367,1073176575,1073060863,1073151999,1072431103,1071644671,1069547519,1073741823,1073741823:i8
1073741823,1073741823,1073741823,1073741823,1073741823,1073475583,1073593343,1073176575,1073061887,1073151999,1072431103,1071644671,1069547519,1073741823,1073741823:i8
1073741823,1073741823,1073741823,1073741823,1073740799,1073475583,1073594367,1073176575,1073061887,1073151999,1072431103,1071644671,1069547519,1073741823,1073741823:i8
1073741823,1073741823,1073741823,1073741823,1073725439,1073475583,1073594367,1073176575,1073061887,1073151999,1072431103,1071644671,1069547519,1073741823,1073741823:i8
1073741823,1073741823,1073741823,1073741823,1073479679,1073475583,1073594367,1073176575,1073061887,1073151999,1072431103,1071644671,1069547519,1073741823,1073741823:i8
1073741823,1073741823,1073741823,1073741823,1073741823,1073410047,1073594367,1073176575,1073061887,1073151999,1072431103,1071644671,1069547519,1073741823,1073741823:i8
1073741823,1073741823,1073741823,1073741823,1073741823,1073475583,1073332223,1073176575,1073061887,1073151999,1072431103,1071644671,1069547519,1073741823,1073741823:i8
1073741823,1073741823,1073741823,1073741823,1073741823,1073475583,1073594367,1073176575,1073061887,1073150975,1072431103,1071644671,1069547519,1073741823,1073741823:i8
1073741823,1073741823,1073741823,1073741823,1073741823,1073475583,1073594367,1073175551,1073061887,1073151999,1072431103,1071644671,1069547519,1073741823,1073741823:g11
1073741823,1073741823,1073741823,1073741823,1073741823,1073474559,1073594367,1073176575,1073061887,1073151999,1072431103,1071644671,1069547519,1073741823,1073741823:i8
1073741823,1073741823,1073741823,1073741823,1073741823,1073475583,1073590271,1073176575,1073061887,1073151999,1072431103,1071644671,1069547519,1073741823,1073741823:i8
1073741823,1073741823,1073741823,1073741823,1073741823,1073459199,1073594367,1073176575,1073061887,1073151999,1072431103,1071644671,1069547519,1073741823,1073741823:i8
1073741823,1073741823,1073741823,1073741823,1073741823,1073475583,1073594367,1073111039,1073061887,1073151999,1072431103,1071644671,1069547519,1073741823,1073741823:g11
1073741823,1073741823,1073741823,1073741823,1073741823,1073475583,1073594367,1073176575,1073061887,1073135615,1072431103,1071644671,1069547519,1073741823,1073741823:i8
1073741823,1073741823,1073741823,1073741823,1073741823,1073475583,1073594367,1073176575,1073061887,1073151999,1072431103,1073741823,1073479679,1073741823,1073741823:i8
1073741823,1073741823,1073741823,1073741823,1073741823,1073475583,1073594367,1073176575,1073061887,1073151999,1072431103,1073741823,1073676287,1073741823,1073741823:i8
1073741823,1073741823,1073741823,1073741823,1073741823,1073475583,1073594367,1073176575,1056284671,1073151999,1072431103,1073741823,1073741823,1073741823,1073741823:i8
1073741823,1073741823,1073741823,1073741823,1073741823,1073475583,1073594367,1073176575,1073061887,1073151999,1055653887,1073741823,1073741823,1073741823,1073741823:i8
1073741823,1073741823,1073741823,1073741823,1073741823,1073475583,1073594367,1073176575,1073061887,1073151999,1072431103,1073741823,1056964607,1073741823,1073741823:i8
1073741823,1073741823,1073741823,1073741823,1073741823,1073475583,1073594367,1073176575,1073061887,1073151999,1072431103,1073741823,1072693247,1073741823,1073741823:i8
1073741823,1073741823,1073741823,1073741823,1073741823,1073475583,1073594367,1073176575,1073061887,1073151999,1072431103,1073725439,1073741823,1073741823,1073741823:i8
1073741823,1073741823,1073741823,1073741823,1073741823,1073475583,1073594367,1073176575,1073061887,1068957695,1072431103,1073741823,1073741823,1073741823,1073741823:i8
1073741823,1073741823,1073741823,1073741823,1073741823,1073475583,1073594367,1073176575,1073061887,1073151999,1072431103,1069547519,1073741823,1073741823,1073741823:i8
1073741823,1073741823,1073741823,1073741823,1073741823,1073475583,1073594367,1073176575,1073061887,1073151999,1072431103,1073479679,1073741823,1073741823,1073741823:i8
1073741823,1073741823,1073741823,1073741823,1073741823,1073475583,1073594367,1073176575,1073061887,1073151999,1072430079,1073741823,1073741823,1073741823,1073741823:i8
1073741823,1073741823,1073741823,1073741823,1073741823,1073475583,1069400063,1073176575,1073061887,1073151999,1072431103,1073741823,1073741823,1073741823,1073741823:i8
1073741823,1073741823,1073741823,1073741823,1073741823,1073475583,1073594367,1073176575,1068867583,1073151999,1072431103,1073741823,1073741823,1073741823,1073741823:i8
1073741823,1073741823,1073741823,1073741823,1073741823,1073475583,1073594367,1073176575,1073061887,1073151999,1068236799,1073741823,1073741823,1073741823,1073741823:i8
1073741823,1073741823,1073741823,1073741823,1073741823,1073475583,1073594367,1073176575,1073061887,1073151999,1072431103,1073737727,1073741823,1073741823,1073741823:i8
1073741823,1073741823,1073741823,1073741823,1073741823,1073475583,1073594367,1073176575,1073061887,1073151999,1072414719,1073741823,1073741823,1073741823,1073741823:i8
1073741823,1073741823,1073741823,1073741823,1073741823,1073475583,1073594367,1072127999,1073061887,1073151999,1072431103,1073741823,1073741823,1073741823,1073741823:g7
1073741823,1073741823,1073741823,1073741823,1073741823,1073475583,1073594367,1073176575,1073061887,1072103423,1072431103,1073741823,1073741823,1073741823,1073741823:i8
1073741823,1073741823,1073741823,1073741823,1073741823,1073475583,1073594367,1073176575,1073061887,1073151999,1072431103,1072693247,1073741823,1073741823,1073741823:l13
1073741823,1073741823,1073741823,1073741823,1073741823,1073475583,1073594367,1073176575,1073061887,1073151999,1072431103,1072693247,1065353215,1073741823,1073479679:i8
1073741823,1073741823,1073741823,1073741823,1073741823,1073475583,1073594367,1073176575,1073061887,1073151999,1005322239,1072693247,1065353215,1073741823,1073741823:i8
1073741823,1073741823,1073741823,1073741823,1073741823,1073475583,1073594367,1073176575,1073061887,1073151999,1072431103,1072693247,998244351,1073741823,1073741823:i8
1073741823,1073741823,1073741823,1073741823,1073741823,1073475583,1073594367,1073176575,1073061887,1073151999,1072431103,1072693247,1065353215,1073741823,1006632959:i8
1073741823,1073741823,1073741823,1073741823,1073741823,1073475583,1073594367,1073176575,1073061887,1073151999,1072431103,1072693247,1065353215,1073741823,1069547519:i8
1073741823,1073741823,1073741823,1073741823,1073741823,1073475583,1073594367,1073176575,1073061887,1073151999,1072431103,1072693247,1065353215,1069547519,1073741823:i8
1073741823,1073741823,1073741823,1073741823,1073741823,1073475583,1073594367,1073176575,1073061887,1073151999,1072431103,1072693247,1065353215,1073676287,1073741823:i8
1073741823,1073741823,1073741823,1073741823,1073741823,1073475583,1073594367,1073176575,1073061887,1056374783,1072431103,1072693247,1065353215,1073741823,1073741823:i8
1073741823,1073741823,1073741823,1073741823,1073741823,1073475583,1073594367,1073176575,1073061887,1073151999,1072431103,1055916031,1065353215,1073741823,1073741823:i8
1073741823,1073741823,1073741823,1073741823,1073741823,1073475583,1073594367,1073176575,1073061887,1073151999,1072431103,1072693247,1065353215,1056964607,1073741823:i8
1073741823,1073741823,1073741823,1073741823,1073741823,1073475583,1073594367,1073176575,1073061887,1073151999,1072431103,1072693247,1065353215,1072693247,1073741823:i8
1073741823,1073741823,1073741823,1073741823,1073741823,1073475583,1073594367,1073176575,1073061887,1073151743,1072431103,1072693247,1065353215,1073741823,1073741823:i8
1073741823,1073741823,1073741823,1073741823,1073741823,1073475583,1073594367,1073176575,1073061887,1073151999,1072431103,1072693247,1065336831,1073741823,1073741823:i8
1073741823,1073741823,1073741823,1073741823,1073741823,1073475583,1073594367,1073176575,1073061887,1073151999,1072431103,1072693247,1065091071,1073741823,1073741823:i8
1073741823,1073741823,1073741823,1073741823,1073741823,1073475583,1073594367,1073176575,1073061887,1073151999,1072431103,1072693247,1065287679,1073741823,1073741823:i8
1073741823,1073741823,1073741823,1073741823,1073741823,1073475583,1073594367,1073176575,1056284671,1073151999,1072431103,1072693247,1065353215,1073741823,1073741823:i8
1073741823,1073741823,1073741823,1073741823,1073741823,1073475583,1073594367,1073176575,1073061887,1073151999,1055653887,1072693247,1065353215,1073741823,1073741823:i8
1073741823,1073741823,1073741823,1073741823,1073741823,1073475583,1073594367,1073176575,1073061887,1073151999,1072431103,1072693247,1048575999,1073741823,1073741823:i8
1073741823,1073741823,1073741823,1073741823,1073741823,1073475583,1073594367,1073176575,1073061887,1073151999,1072431103,1072693247,1064304639,1073741823,1073741823:i8
1073741823,1073741823,1073741823,1073741823,1073741823,1073475583,1073594367,1073176575,1073061887,1073151999,1072431103,1072676863,1065353215,1073741823,1073741823:i8
1073741823,1073741823,1073741823,1073741823,1073741823,1073475583,1073594367,1073176575,1073061887,1068957695,1072431103,1072693247,1065353215,1073741823,1073741823:i8
1073741823,1073741823,1073741823,1073741823,1073741823,1073475583,1073594367,1073176575,1073061887,1073151999,1072431103,1068498943,1065353215,1073741823,1073741823:i8
1073741823,1073741823,1073741823,1073741823,1073741823,1073475583,1073594367,1073176575,1073061887,1073151999,1072431103,1072431103,1065353215,1073741823,1073741823:i8
1073741823,1073741823,1073741823,1073741823,1073741823,1073475583,1073594367,1073176575,1073061887,1073151999,1072430079,1072693247,1065353215,1073741823,1073741823:i8
1073741823,1073741823,1073741823,1073741823,1073741823,1073475583,1069400063,1073176575,1073061887,1073151999,1072431103,1072693247,1065353215,1073741823,1073741823:i8
1073741823,1073741823,1073741823,1073741823,1073741823,1073475583,1073594367,1073176575,1068867583,1073151999,1072431103,1072693247,1065353215,1073741823,1073741823:i8
1073741823,1073741823,1073741823,1073741823,1073741823,1073475583,1073594367,1073176575,1073061887,1073151999,1068236799,1072693247,1065353215,1073741823,1073741823:i8
1073741823,1073741823,1073741823,1073741823,1073741823,1073475583,1073594367,1073176575,1073061887,1073151999,1072431103,1072689151,1065353215,1073741823,1073741823:i8
1073741823,1073741823,1073741823,1073741823,1073741823,1073475583,1073594367,1073176575,1073061887,1073151999,1072414719,1072693247,1065353215,1073741823,1073741823:i8
1073741823,1073741823,1073741823,1073741823,1073741823,1073475583,1073594367,1072127999,1073061887,1073151999,1072431103,1072693247,1065353215,1073741823,1073741823:g7
1073741823,1073741823,1073741823,1073741823,1073741823,1073475583,1073594367,1073176575,1073061887,1072103423,1072431103,1072693247,1065353215,1073741823,1073741823:i8
1073741823,1073741823,1073741823,1073741823,1073741823,1073475583,1073594367,1073176575,1073061887,1073151999,1072431103,1072627711,1065353215,1073741823,1073741823:i8
1073741823,1073741823,1073741823,1073741823,1073741823,1073475583,1073594367,1073176319,1073061887,1073151999,1072431103,1072693247,1065353215,1073741823,1073741823:i8
1073741823,1073741823,1073741823,1073741823,1073741823,1073475327,1073594367,1073176575,1073061887,1073151999,1072431103,1072693247,1065353215,1073741823,1073741823:i8
1073741823,1073741823,1073741823,1073741567,1073741823,1073475583,1073594367,1073176575,1073061887,1073151999,1072431103,1072693247,1065353215,1073741823,1073741823:i8
1073741823,1073741823,1073741823,1073737727,1073741823,1073475583,1073594367,1073176575,1073061887,1073151999,1072431103,1072693247,1065353215,1073741823,1073741823:i8
1073741823,1073741823,1073741823,1073676287,1073741823,1073475583,1073594367,1073176575,1073061887,1073151999,1072431103,1072693247,1065353215,1073741823,1073741823:i8
1073741823,1073741823,1073741823,1073741823,1073741823,1073475583,1073594367,1073176575,1073061887,1073151999,1072430847,1072693247,1065353215,1073741823,1073741823:i8
1073741823,1073741823,1073741823,1073741823,1073741823,1073475583,1073594367,1073176575,1073061631,1073151999,1072431103,1072693247,1065353215,1073741823,1073741823:i8
1073741823,1073741823,1073741823,1073741823,1073741823,1073475583,1073594111,1073176575,1073061887,1073151999,1072431103,1072693247,1065353215,1073741823,1073741823:i8
1073741823,1073741823,1073741823,1073741823,1073741823,1073475583,1073594367,1073176575,1073061887,1073151999,1072365567,1072693247,1065353215,1073741823,1073741823:i8
1073741823,1073741823,1073741823,1073741823,1073741823,1073475583,1073594367,1073176575,1073061887,1073151999,1072427007,1072693247,1065353215,1073741823,1073741823:i8
1073741823,1073741823,1073741823,1073741823,1073741823,1073475583,1073594367,1073176575,1073061887,1073147903,1072431103,1072693247,1065353215,1073741823,1073741823:i8
1073741823,1073741823,1073741823,1073725439,1073741823,1073475583,1073594367,1073176575,1073061887,1073151999,1072431103,1072693247,1065353215,1073741823,1073741823:i8
1073741823,1073741823,1073741823,1073479679,1073741823,1073475583,1073594367,1073176575,1073061887,1073151999,1072431103,1072693247,1065353215,1073741823,1073741823:i8
1073741823,1073741823,1073741823,1069547519,1073741823,1073475583,1073594367,1073176575,1073061887,1073151999,1072431103,1072693247,1065353215,1073741823,1073741823:i8
1073741823,1073741823,1073741823,1073741823,1073741823,1069281279,1073594367,1073176575,1073061887,1073151999,1072431103,1072693247,1065353215,1073741823,1073741823:i8
1073741823,1073741823,1073741823,1073741823,1073741823,1072427007,1073594367,1073176575,1073061887,1073151999,1072431103,1072693247,1065353215,1073741823,1073741823:i8
1073741823,1073741823,1073741823,1073741823,1073741823,1073475583,1073594367,1068982271,1073061887,1073151999,1072431103,1072693247,1065353215,1073741823,1073741823:i8
1073741823,1073741823,1073741823,1073741823,1073737727,1073475583,1073594367,1073176575,1073061887,1073151999,1072431103,1072693247,1065353215,1073741823,1073741823:i8
1073741823,1073741823,1073741823,1073741823,1073676287,1073475583,1073594367,1073176575,1073061887,1073151999,1072431103,1072693247,1065353215,1073741823,1073741823:i8
1073741823,1073741823,1073741823,1073741823,1072693247,1073475583,1073594367,1073176575,1073061887,1073151999,1072431103,1072693247,1065353215,1073741823,1073741823:i8
1073741823,1073741823,1073741823,1073741823,1073741823,1073475583,1072545791,1073176575,1073061887,1073151999,1072431103,1072693247,1065353215,1073741823,1073741823:i8
1073741823,1073741823,1073741823,1073741823,1073741823,1073475583,1073594367,1073176575,1072013311,1073151999,1072431103,1072693247,1065353215,1073741823,1073741823:i8
1073741823,1073741823,1073741823,1073741823,1073741823,1073475583,1073594367,1073176575,1073060863,1073151999,1072431103,1072693247,1065353215,1073741823,1073741823:i8
1073741823,1073741823,1073741823,1073741823,1073741823,1073475583,1073593343,1073176575,1073061887,1073151999,1072431103,1072693247,1065353215,1073741823,1073741823:i8
1073741823,1073741823,1073741823,1073741823,1073740799,1073475583,1073594367,1073176575,1073061887,1073151999,1072431103,1072693247,1065353215,1073741823,1073741823:i8
1073741823,1073741823,1073741823,1073741823,1073725439,1073475583,1073594367,1073176575,1073061887,1073151999,1072431103,1072693247,1065353215,1073741823,1073741823:i8
1073741823,1073741823,1073741823,1073741823,1073479679,1073475583,1073594367,1073176575,1073061887,1073151999,1072431103,1072693247,1065353215,1073741823,1073741823:i8
1073741823,1073741823,1073741823,1073741823,1073741823,1073410047,1073594367,1073176575,1073061887,1073151999,1072431103,1072693247,1065353215,1073741823,1073741823:i8
1073741823,1073741823,1073741823,1073741823,1073741823,1073475583,1073332223,1073176575,1073061887,1073151999,1072431103,1072693247,1065353215,1073741823,1073741823:i8
1073741823,1073741823,1073741823,1073741823,1073741823,1073475583,1073594367,1073176575,1073061887,1073150975,1072431103,1072693247,1065353215,1073741823,1073741823:i8
1073741823,1073741823,1073741823,1073741823,1073741823,1073475583,1073594367,1073175551,1073061887,1073151999,1072431103,1072693247,1065353215,1073741823,1073741823:g11
1073741823,1073741823,1073741823,1073741823,1073741823,1073474559,1073594367,1073176575,1073061887,1073151999,1072431103,1072693247,1065353215,1073741823,1073741823:i8
1073741823,1073741823,1073741823,1073741823,1073741823,1073475583,1073590271,1073176575,1073061887,1073151999,1072431103,1072693247,1065353215,1073741823,1073741823:i8
1073741823,1073741823,1073741823,1073741823,1073741823,1073459199,1073594367,1073176575,1073061887,1073151999,1072431103,1072693247,1065353215,1073741823,1073741823:i8
1073741823,1073741823,1073741823,1073741823,1073741823,1073475583,1073594367,1073111039,1073061887,1073151999,1072431103,1072693247,1065353215,1073741823,1073741823:g11
1073741823,1073741823,1073741823,1073741823,1073741823,1073475583,1073594367,1073176575,1073061887,1073135615,1072431103,1072693247,1065353215,1073741823,1073741823:i8
1073741823,1073741823,1073741823,1073741823,1073741823,1073475583,1073594367,1073176575,1073061887,1073151999,1072431103,1073676287,1073741823,1073741823,1073741823:i8
1073741823,1073741823,1073741823,1073741823,1073741823,1073475583,1073594367,1073176319,1073061887,1073151999,1072431103,1073741823,1073741823,1073741823,1073741823:i8
1073741823,1073741823,1073741823,1073741823,1073741823,1073475327,1073594367,1073176575,1073061887,1073151999,1072431103,1073741823,1073741823,1073741823,1073741823:i8
1073741823,1073741823,1073741823,1073741567,1073741823,1073475583,1073594367,1073176575,1073061887,1073151999,1072431103,1073741823,1073741823,1073741823,1073741823:i8
1073741823,1073741823,1073741823,1073737727,1073741823,1073475583,1073594367,1073176575,1073061887,1073151999,1072431103,1073741823,1073741823,1073741823,1073741823:i8
1073741823,1073741823,1073741823,1073676287,1073741823,1073475583,1073594367,1073176575,1073061887,1073151999,1072431103,1073741823,1073741823,1073741823,1073741823:i8
1073741823,1073741823,1073741823,1073741823,1073741823,1073475583,1073594367,1073176575,1073061887,1073151999,1072430847,1073741823,1073741823,1073741823,1073741823:i8
1073741823,1073741823,1073741823,1073741823,1073741823,1073475583,1073594367,1073176575,1073061631,1073151999,1072431103,1073741823,1073741823,1073741823,1073741823:i8
1073741823,1073741823,1073741823,1073741823,1073741823,1073475583,1073594111,1073176575,1073061887,1073151999,1072431103,1073741823,1073741823,1073741823,1073741823:i8
1073741823,1073741823,1073741823,1073741823,1073741823,1073475583,1073594367,1073176575,1073061887,1073151999,1072365567,1073741823,1073741823,1073741823,1073741823:i8
1073741823,1073741823,1073741823,1073741823,1073741823,1073475583,1073594367,1073176575,1073061887,1073151999,1072427007,1073741823,1073741823,1073741823,1073741823:i8
1073741823,1073741823,1073741823,1073741823,1073741823,1073475583,1073594367,1073176575,1073061887,1073147903,1072431103,1073741823,1073741823,1073741823,1073741823:i8
1073741823,1073741823,1073741823,1073725439,1073741823,1073475583,1073594367,1073176575,1073061887,1073151999,1072431103,1073741823,1073741823,1073741823,1073741823:i8
1073741823,1073741823,1073741823,1073479679,1073741823,1073475583,1073594367,1073176575,1073061887,1073151999,1072431103,1073741823,1073741823,1073741823,1073741823:i8
1073741823,1073741823,1073741823,1069547519,1073741823,1073475583,1073594367,1073176575,1073061887,1073151999,1072431103,1073741823,1073741823,1073741823,1073741823:i8
1073741823,1073741823,1073741823,1073741823,1073741823,1069281279,1073594367,1073176575,1073061887,1073151999,1072431103,1073741823,1073741823,1073741823,1073741823:i8
1073741823,1073741823,1073741823,1073741823,1073741823,1072427007,1073594367,1073176575,1073061887,1073151999,1072431103,1073741823,1073741823,1073741823,1073741823:i8
1073741823,1073741823,1073741823,1073741823,1073741823,1073475583,1073594367,1068982271,1073061887,1073151999,1072431103,1073741823,1073741823,1073741823,1073741823:i8
1073741823,1073741823,1073741823,1073741823,1073737727,1073475583,1073594367,1073176575,1073061887,1073151999,1072431103,1073741823,1073741823,1073741823,1073741823:i8
1073741823,1073741823,1073741823,1073741823,1073676287,1073475583,1073594367,1073176575,1073061887,1073151999,1072431103,1073741823,1073741823,1073741823,1073741823:i8
1073741823,1073741823,1073741823,1073741823,1072693247,1073475583,1073594367,1073176575,1073061887,1073151999,1072431103,1073741823,1073741823,1073741823,1073741823:i8
1073741823,1073741823,1073741823,1073741823,1073741823,1073475583,1072545791,1073176575,1073061887,1073151999,1072431103,1073741823,1073741823,1073741823,1073741823:i8
1073741823,1073741823,1073741823,1073741823,1073741823,1073475583,1073594367,1073176575,1072013311,1073151999,1072431103,1073741823,1073741823,1073741823,1073741823:i8
1073741823,1073741823,1073741823,1073741823,1073741823,1073475583,1073594367,1073176575,1073060863,1073151999,1072431103,1073741823,1073741823,1073741823,1073741823:i8
1073741823,1073741823,1073741823,1073741823,1073741823,1073475583,1073593343,1073176575,1073061887,1073151999,1072431103,1073741823,1073741823,1073741823,1073741823:i8
1073741823,1073741823,1073741823,1073741823,1073740799,1073475583,1073594367,1073176575,1073061887,1073151999,1072431103,1073741823,1073741823,1073741823,1073741823:i8
1073741823,1073741823,1073741823,1073741823,1073725439,1073475583,1073594367,1073176575,1073061887,1073151999,1072431103,1073741823,1073741823,1073741823,1073741823:i8
1073741823,1073741823,1073741823,1073741823,1073479679,1073475583,1073594367,1073176575,1073061887,1073151999,1072431103,1073741823,1073741823,1073741823,1073741823:i8
1073741823,1073741823,1073741823,1073741823,1073741823,1073410047,1073594367,1073176575,1073061887,1073151999,1072431103,1073741823,1073741823,1073741823,1073741823:i8
1073741823,1073741823,1073741823,1073741823,1073741823,1073475583,1073332223,1073176575,1073061887,1073151999,1072431103,1073741823,1073741823,1073741823,1073741823:i8
1073741823,1073741823,1073741823,1073741823,1073741823,1073475583,1073594367,1073176575,1073061887,1073150975,1072431103,1073741823,1073741823,1073741823,1073741823:i8
1073741823,1073741823,1073741823,1073741823,1073741823,1073475583,1073594367,1073175551,1073061887,1073151999,1072431103,1073741823,1073741823,1073741823,1073741823:g7
1073741823,1073741823,1073741823,1073741823,1073741823,1073474559,1073594367,1073176575,1073061887,1073151999,1072431103,1073741823,1073741823,1073741823,1073741823:i8
1073741823,1073741823,1073741823,1073741823,1073741823,1073475583,1073590271,1073176575,1073061887,1073151999,1072431103,1073741823,1073741823,1073741823,1073741823:i8
1073741823,1073741823,1073741823,1073741823,1073741823,1073459199,1073594367,1073176575,1073061887,1073151999,1072431103,1073741823,1073741823,1073741823,1073741823:i8
1073741823,1073741823,1073741823,1073741823,1073741823,1073475583,1073594367,1073111039,1073061887,1073151999,1072431103,1073741823,1073741823,1073741823,1073741823:g7
1073741823,1073741823,1073741823,1073741823,1073741823,1073475583,1073594367,1073176575,1073061887,1073135615,1072431103,1073741823,1073741823,1073741823,1073741823:i8
1073741823,1073741823,1073741823,1073741823,1073741823,1073475583,1073594367,1073184767,1073061887,1073151999,1072693247,1073676287,1073741823,1073741823,1073741823:j11
1073741823,1073741823,1073741823,1073741823,1073741823,1073475583,1073594367,1073184511,1073061887,1073151999,1072693247,1073741823,1073741823,1073741823,1073741823:j11
1073741823,1073741823,1073741823,1073741823,1073741823,1073475327,1073594367,1073184767,1073061887,1073151999,1072693247,1073741823,1073741823,1073741823,1073741823:j11
1073741823,1073741823,1073741823,1073741567,1073741823,1073475583,1073594367,1073184767,1073061887,1073151999,1072693247,1073741823,1073741823,1073741823,1073741823:j11
1073741823,1073741823,1073741823,1073737727,1073741823,1073475583,1073594367,1073184767,1073061887,1073151999,1072693247,1073741823,1073741823,1073741823,1073741823:j11
1073741823,1073741823,1073741823,1073676287,1073741823,1073475583,1073594367,1073184767,1073061887,1073151999,1072693247,1073741823,1073741823,1073741823,1073741823:j11
1073741823,1073741823,1073741823,1073741823,1073741823,1073475583,1073594367,1073184767,1073061887,1073151999,1072692991,1073741823,1073741823,1073741823,1073741823:j11
1073741823,1073741823,1073741823,1073741823,1073741823,1073475583,1073594367,1073184767,1073061631,1073151999,1072693247,1073741823,1073741823,1073741823,1073741823:j11
1073741823,1073741823,1073741823,1073741823,1073741823,1073475583,1073594111,1073184767,1073061887,1073151999,1072693247,1073741823,1073741823,1073741823,1073741823:j11
1073741823,1073741823,1073741823,1073741823,1073741823,1073475583,1073594367,1073184767,1073061887,1073151999,1072627711,1073741823,1073741823,1073741823,1073741823:j11
1073741823,1073741823,1073741823,1073741823,1073741823,1073475583,1073594367,1073184767,1073061887,1073151999,1072689151,1073741823,1073741823,1073741823,1073741823:j11
1073741823,1073741823,1073741823,1073741823,1073741823,1073475583,1073594367,1073184767,1073061887,1073147903,1072693247,1073741823,1073741823,1073741823,1073741823:j11
1073741823,1073741823,1073741823,1073725439,1073741823,1073475583,1073594367,1073184767,1073061887,1073151999,1072693247,1073741823,1073741823,1073741823,1073741823:j11
1073741823,1073741823,1073741823,1073479679,1073741823,1073475583,1073594367,1073184767,1073061887,1073151999,1072693247,1073741823,1073741823,1073741823,1073741823:j11
1073741823,1073741823,1073741823,1069547519,1073741823,1073475583,1073594367,1073184767,1073061887,1073151999,1072693247,1073741823,1073741823,1073741823,1073741823:j11
1073741823,1073741823,1073741823,1073741823,1073741823,1069281279,1073594367,1073184767,1073061887,1073151999,1072693247,1073741823,1073741823,1073741823,1073741823:j11
1073741823,1073741823,1073741823,1073741823,1073741823,1072427007,1073594367,1073184767,1073061887,1073151999,1072693247,1073741823,1073741823,1073741823,1073741823:j11
1073741823,1073741823,1073741823,1073741823,1073741823,1073475583,1073594367,1068990463,1073061887,1073151999,1072693247,1073741823,1073741823,1073741823,1073741823:j11
1073741823,1073741823,1073741823,1073741823,1073737727,1073475583,1073594367,1073184767,1073061887,1073151999,1072693247,1073741823,1073741823,1073741823,1073741823:j11
1073741823,1073741823,1073741823,1073741823,1073676287,1073475583,1073594367,1073184767,1073061887,1073151999,1072693247,1073741823,1073741823,1073741823,1073741823:j11
1073741823,1073741823,1073741823,1073741823,1072693247,1073475583,1073594367,1073184767,1073061887,1073151999,1072693247,1073741823,1073741823,1073741823,1073741823:j11
1073741823,1073741823,1073741823,1073741823,1073741823,1073475583,1072545791,1073184767,1073061887,1073151999,1072693247,1073741823,1073741823,1073741823,1073741823:j11
1073741823,1073741823,1073741823,1073741823,1073741823,1073475583,1073594367,1073184767,1072013311,1073151999,1072693247,1073741823,1073741823,1073741823,1073741823:j11
1073741823,1073741823,1073741823,1073741823,1073741823,1073475583,1073594367,1073184767,1073060863,1073151999,1072693247,1073741823,1073741823,1073741823,1073741823:j11
1073741823,1073741823,1073741823,1073741823,1073741823,1073475583,1073593343,1073184767,1073061887,1073151999,1072693247,1073741823,1073741823,1073741823,1073741823:j11
1073741823,1073741823,1073741823,1073741823,1073740799,1073475583,1073594367,1073184767,1073061887,1073151999,1072693247,1073741823,1073741823,1073741823,1073741823:j11
1073741823,1073741823,1073741823,1073741823,1073725439,1073475583,1073594367,1073184767,1073061887,1073151999,1072693247,1073741823,1073741823,1073741823,1073741823:j11
1073741823,1073741823,1073741823,1073741823,1073479679,1073475583,1073594367,1073184767,1073061887,1073151999,1072693247,1073741823,1073741823,1073741823,1073741823:j11
1073741823,1073741823,1073741823,1073741823,1073741823,1073410047,1073594367,1073184767,1073061887,1073151999,1072693247,1073741823,1073741823,1073741823,1073741823:j11
1073741823,1073741823,1073741823,1073741823,1073741823,1073475583,1073332223,1073184767,1073061887,1073151999,1072693247,1073741823,1073741823,1073741823,1073741823:h10
1073741823,1073741823,1073741823,1073741823,1073741823,1073475583,1073594367,1073184767,1073061887,1073150975,1072693247,1073741823,1073741823,1073741823,1073741823:j11
1073741823,1073741823,1073741823,1073741823,1073741823,1073475583,1073594367,1073183743,1073061887,1073151999,1072693247,1073741823,1073741823,1073741823,1073741823:j11
1073741823,1073741823,1073741823,1073741823,1073741823,1073475583,1073594367,1073180671,1073061887,1073151999,1072693247,1073741823,1073741823,1073741823,1073741823:j11
1073741823,1073741823,1073741823,1073741823,1073741823,1073474559,1073594367,1073184767,1073061887,1073151999,1072693247,1073741823,1073741823,1073741823,1073741823:j11
1073741823,1073741823,1073741823,1073741823,1073741823,1073475583,1073590271,1073184767,1073061887,1073151999,1072693247,1073741823,1073741823,1073741823,1073741823:j11
1073741823,1073741823,1073741823,1073741823,1073741823,1073459199,1073594367,1073184767,1073061887,1073151999,1072693247,1073741823,1073741823,1073741823,1073741823:j11
1073741823,1073741823,1073741823,1073741823,1073741823,1073475583,1073594367,1073119231,1073061887,1073151999,1072693247,1073741823,1073741823,1073741823,1073741823:j11
1073741823,1073741823,1073741823,1073741823,1073741823,1073475583,1073594367,1073184767,1073061887,1073135615,1072693247,1073741823,1073741823,1073741823,1073741823:j11
1073741823,1073741823,1073741823,1073741823,1073741823,1073475583,1073594367,1073708799,1073061887,1073151999,1073741823,1073741823,1073741823,1073741823,1073741823:g7
1073741823,1073741823,1073741823,1073741823,1073741823,1073475327,1073594367,1073709055,1073061887,1073151999,1073741823,1073741823,1073741823,1073741823,1073741823:g7
1073741823,1073741823,1073741823,1073741567,1073741823,1073475583,1073594367,1073709055,1073061887,1073151999,1073741823,1073741823,1073741823,1073741823,1073741823:g7
1073741823,1073741823,1073741823,1073737727,1073741823,1073475583,1073594367,1073709055,1073061887,1073151999,1073741823,1073741823,1073741823,1073741823,1073741823:g7
1073741823,1073741823,1073741823,1073676287,1073741823,1073475583,1073594367,1073709055,1073061887,1073151999,1073741823,1073741823,1073741823,1073741823,1073741823:g7
1073741823,1073741823,1073741823,1073741823,1073741823,1073475583,1073594367,1073709055,1073061887,1073151999,1073741567,1073741823,1073741823,1073741823,1073741823:g7
1073741823,1073741823,1073741823,1073741823,1073741823,1073475583,1073594367,1073709055,1073061631,1073151999,1073741823,1073741823,1073741823,1073741823,1073741823:g7
1073741823,1073741823,1073741823,1073741823,1073741823,1073475583,1073594111,1073709055,1073061887,1073151999,1073741823,1073741823,1073741823,1073741823,1073741823:g7
1073741823,1073741823,1073741823,1073741823,1073741823,1073475583,1073594367,1073709055,1073061887,1073151999,1073676287,1073741823,1073741823,1073741823,1073741823:g7
1073741823,1073741823,1073741823,1073741823,1073741823,1073475583,1073594367,1073709055,1073061887,1073151999,1073737727,1073741823,1073741823,1073741823,1073741823:g7
1073741823,1073741823,1073741823,1073741823,1073741823,1073475583,1073594367,1073709055,1073061887,1073147903,1073741823,1073741823,1073741823,1073741823,1073741823:g7
1073741823,1073741823,1073741823,1073725439,1073741823,1073475583,1073594367,1073709055,1073061887,1073151999,1073741823,1073741823,1073741823,1073741823,1073741823:g7
1073741823,1073741823,1073741823,1073479679,1073741823,1073475583,1073594367,1073709055,1073061887,1073151999,1073741823,1073741823,1073741823,1073741823,1073741823:g7
1073741823,1073741823,1073741823,1069547519,1073741823,1073475583,1073594367,1073709055,1073061887,1073151999,1073741823,1073741823,1073741823,1073741823,1073741823:g7
1073741823,1073741823,1073741823,1073741823,1073741823,1069281279,1073594367,1073709055,1073061887,1073151999,1073741823,1073741823,1073741823,1073741823,1073741823:g7
1073741823,1073741823,1073741823,1073741823,1073741823,1072427007,1073594367,1073709055,1073061887,1073151999,1073741823,1073741823,1073741823,1073741823,1073741823:g7
1073741823,1073741823,1073741823,1073741823,1073741823,1073475583,1073594367,1069514751,1073061887,1073151999,1073741823,1073741823,1073741823,1073741823,1073741823:g7
1073741823,1073741823,1073741823,1073741823,1073737727,1073475583,1073594367,1073709055,1073061887,1073151999,1073741823,1073741823,1073741823,1073741823,1073741823:g7
1073741823,1073741823,1073741823,1073741823,1073676287,1073475583,1073594367,1073709055,1073061887,1073151999,1073741823,1073741823,1073741823,1073741823,1073741823:g7
1073741823,1073741823,1073741823,1073741823,1072693247,1073475583,1073594367,1073709055,1073061887,1073151999,1073741823,1073741823,1073741823,1073741823,1073741823:g7
1073741823,1073741823,1073741823,1073741823,1073741823,1073475583,1072545791,1073709055,1073061887,1073151999,1073741823,1073741823,1073741823,1073741823,1073741823:g7
1073741823,1073741823,1073741823,1073741823,1073741823,1073475583,1073594367,1073709055,1072013311,1073151999,1073741823,1073741823,1073741823,1073741823,1073741823:g7
1073741823,1073741823,1073741823,1073741823,1073741823,1073475583,1073594367,1073709055,1073060863,1073151999,1073741823,1073741823,1073741823,1073741823,1073741823:g7
1073741823,1073741823,1073741823,1073741823,1073741823,1073475583,1073593343,1073709055,1073061887,1073151999,1073741823,1073741823,1073741823,1073741823,1073741823:g7
1073741823,1073741823,1073741823,1073741823,1073740799,1073475583,1073594367,1073709055,1073061887,1073151999,1073741823,1073741823,1073741823,1073741823,1073741823:g7
1073741823,1073741823,1073741823,1073741823,1073725439,1073475583,1073594367,1073709055,1073061887,1073151999,1073741823,1073741823,1073741823,1073741823,1073741823:g7
1073741823,1073741823,1073741823,1073741823,1073479679,1073475583,1073594367,1073709055,1073061887,1073151999,1073741823,1073741823,1073741823,1073741823,1073741823:g7
1073741823,1073741823,1073741823,1073741823,1073741823,1073410047,1073594367,1073709055,1073061887,1073151999,1073741823,1073741823,1073741823,1073741823,1073741823:g7
1073741823,1073741823,1073741823,1073741823,1073741823,1073475583,1073332223,1073709055,1073061887,1073151999,1073741823,1073741823,1073741823,1073741823,1073741823:g7
1073741823,1073741823,1073741823,1073741823,1073741823,1073475583,1073594367,1073709055,1073061887,1073150975,1073741823,1073741823,1073741823,1073741823,1073741823:g7
1073741823,1073741823,1073741823,1073741823,1073741823,1073475583,1073594367,1073708031,1073061887,1073151999,1073741823,1073741823,1073741823,1073741823,1073741823:g7
1073741823,1073741823,1073741823,1073741823,1073741823,1073475583,1073594367,1073704959,1073061887,1073151999,1073741823,1073741823,1073741823,1073741823,1073741823:g7
1073741823,1073741823,1073741823,1073741823,1073741823,1073474559,1073594367,1073709055,1073061887,1073151999,1073741823,1073741823,1073741823,1073741823,1073741823:k11
1073741823,1073741823,1073741823,1073741823,1073741823,1073475583,1073590271,1073709055,1073061887,1073151999,1073741823,1073741823,1073741823,1073741823,1073741823:j11
1073741823,1073741823,1073741823,1073741823,1073741823,1073475583,1073590271,1073709055,1073061887,1073151999,1073217535,1073741823,1073725439,1073741823,1073741823:k11
1073741823,1073741823,1073741823,1073741823,1073741823,1073475583,1073590271,1073709055,1073061887,1073151999,1073217535,1073741823,1069547519,1073741823,1073741823:k11
1073741823,1073741823,1073741823,1073741823,1073741823,1073475583,1073590271,1073709055,1073061887,1073151999,1073217535,1073741823,1073479679,1073741823,1073741823:k11
1073741823,1073741823,1073741823,1073741823,1073741567,1073475583,1073590271,1073709055,1073061887,1073151999,1073217535,1073741823,1073741823,1073741823,1073741823:k11
1073741823,1073741823,1073741823,1073741823,1073741823,1073475583,1073590271,1073709055,1073061887,1073151999,1073217535,1073725439,1073741823,1073741823,1073741823:k11
1073741823,1073741823,1073741823,1073741823,1073741823,1073475583,1073590271,1073709055,1073061887,1068957695,1073217535,1073741823,1073741823,1073741823,1073741823:k11
1073741823,1073741823,1073741823,1073741823,1073741823,1073475583,1073590271,1073709055,1073061887,1073151999,1073217535,1069547519,1073741823,1073741823,1073741823:j8
1073741823,1073741823,1073741823,1073741823,1073741823,1073475583,1073590271,1073709055,1073061887,1073151999,1073217535,1073479679,1073741823,1073741823,1073741823:k11
1073741823,1073741823,1073741823,1073741823,1073741823,1073475583,1073590271,1073709055,1073061887,1073151999,1073216511,1073741823,1073741823,1073741823,1073741823:k11
1073741823,1073741823,1073741823,1073741823,1073741823,1073475583,1069395967,1073709055,1073061887,1073151999,1073217535,1073741823,1073741823,1073741823,1073741823:k11
1073741823,1073741823,1073741823,1073741823,1073741823,1073475583,1073590271,1073709055,1068867583,1073151999,1073217535,1073741823,1073741823,1073741823,1073741823:k11
1073741823,1073741823,1073741823,1073741823,1073741823,1073475583,1073590271,1073709055,1073061887,1073151999,1069023231,1073741823,1073741823,1073741823,1073741823:j8
1073741823,1073741823,1073741823,1073741823,1073741823,1073475583,1073590271,1073709055,1073061887,1073151999,1073217535,1073737727,1073741823,1073741823,1073741823:k11
1073741823,1073741823,1073741823,1073741823,1073741823,1073475583,1073590271,1073709055,1073061887,1073151999,1073201151,1073741823,1073741823,1073741823,1073741823:k11
1073741823,1073741823,1073741823,1073741823,1073741823,1073475583,1073590271,1072660479,1073061887,1073151999,1073217535,1073741823,1073741823,1073741823,1073741823:k11
1073741823,1073741823,1073741823,1073741823,1073741823,1073475583,1073590271,1073709055,1073061887,1072103423,1073217535,1073741823,1073741823,1073741823,1073741823:k11
1073741823,1073741823,1073741823,1073741823,1073741823,1073475583,1073590271,1073709055,1073061887,1073151999,1073217535,1072693247,1073741823,1073741823,1073741823:k11
1073741823,1073741823,1073741823,1073741823,1073741823,1073475583,1073590271,1073709055,1073061887,1073151999,1073217535,1073676287,1073741823,1073741823,1073741823:k11
1073741823,1073741823,1073741823,1073741823,1073741823,1073475583,1073590271,1073709055,1073061887,1073151999,1072168959,1073741823,1073741823,1073741823,1073741823:j8
1073741823,1073741823,1073741823,1073741823,1073741823,1073475583,1073590271,1073708799,1073061887,1073151999,1073217535,1073741823,1073741823,1073741823,1073741823:k11
1073741823,1073741823,1073741823,1073741823,1073741823,1073475327,1073590271,1073709055,1073061887,1073151999,1073217535,1073741823,1073741823,1073741823,1073741823:j8
1073741823,1073741823,1073741823,1073741567,1073741823,1073475583,1073590271,1073709055,1073061887,1073151999,1073217535,1073741823,1073741823,1073741823,1073741823:j8
1073741823,1073741823,1073741823,1073737727,1073741823,1073475583,1073590271,1073709055,1073061887,1073151999,1073217535,1073741823,1073741823,1073741823,1073741823:j8
1073741823,1073741823,1073741823,1073676287,1073741823,1073475583,1073590271,1073709055,1073061887,1073151999,1073217535,1073741823,1073741823,1073741823,1073741823:k11
1073741823,1073741823,1073741823,1073741823,1073741823,1073475583,1073590271,1073709055,1073061887,1073151999,1073217279,1073741823,1073741823,1073741823,1073741823:k11
1073741823,1073741823,1073741823,1073741823,1073741823,1073475583,1073590271,1073709055,1073061631,1073151999,1073217535,1073741823,1073741823,1073741823,1073741823:k11
1073741823,1073741823,1073741823,1073741823,1073741823,1073475583,1073590015,1073709055,1073061887,1073151999,1073217535,1073741823,1073741823,1073741823,1073741823:j8
1073741823,1073741823,1073741823,1073741823,1073741823,1073475583,1073590271,1073709055,1073061887,1073151999,1073151999,1073741823,1073741823,1073741823,1073741823:j8
1073741823,1073741823,1073741823,1073741823,1073741823,1073475583,1073590271,1073709055,1073061887,1073151999,1073213439,1073741823,1073741823,1073741823,1073741823:k11
1073741823,1073741823,1073741823,1073741823,1073741823,1073475583,1073590271,1073709055,1073061887,1073147903,1073217535,1073741823,1073741823,1073741823,1073741823:k11
1073741823,1073741823,1073741823,1073725439,1073741823,1073475583,1073590271,1073709055,1073061887,1073151999,1073217535,1073741823,1073741823,1073741823,1073741823:k11
1073741823,1073741823,1073741823,1073479679,1073741823,1073475583,1073590271,1073709055,1073061887,1073151999,1073217535,1073741823,1073741823,1073741823,1073741823:k11
1073741823,1073741823,1073741823,1069547519,1073741823,1073475583,1073590271,1073709055,1073061887,1073151999,1073217535,1073741823,1073741823,1073741823,1073741823:k11
1073741823,1073741823,1073741823,1073741823,1073741823,1069281279,1073590271,1073709055,1073061887,1073151999,1073217535,1073741823,1073741823,1073741823,1073741823:k11
1073741823,1073741823,1073741823,1073741823,1073741823,1072427007,1073590271,1073709055,1073061887,1073151999,1073217535,1073741823,1073741823,1073741823,1073741823:j8
1073741823,1073741823,1073741823,1073741823,1073741823,1073475583,1073590271,1069514751,1073061887,1073151999,1073217535,1073741823,1073741823,1073741823,1073741823:k11
1073741823,1073741823,1073741823,1073741823,1073737727,1073475583,1073590271,1073709055,1073061887,1073151999,1073217535,1073741823,1073741823,1073741823,1073741823:j8
1073741823,1073741823,1073741823,1073741823,1073676287,1073475583,1073590271,1073709055,1073061887,1073151999,1073217535,1073741823,1073741823,1073741823,1073741823:k11
1073741823,1073741823,1073741823,1073741823,1072693247,1073475583,1073590271,1073709055,1073061887,1073151999,1073217535,1073741823,1073741823,1073741823,1073741823:k11
1073741823,1073741823,1073741823,1073741823,1073741823,1073475583,1072541695,1073709055,1073061887,1073151999,1073217535,1073741823,1073741823,1073741823,1073741823:k11
1073741823,1073741823,1073741823,1073741823,1073741823,1073475583,1073590271,1073709055,1072013311,1073151999,1073217535,1073741823,1073741823,1073741823,1073741823:k11
1073741823,1073741823,1073741823,1073741823,1073741823,1073475583,1073590271,1073709055,1073060863,1073151999,1073217535,1073741823,1073741823,1073741823,1073741823:k11
1073741823,1073741823,1073741823,1073741823,1073741823,1073475583,1073589247,1073709055,1073061887,1073151999,1073217535,1073741823,1073741823,1073741823,1073741823:j8
1073741823,1073741823,1073741823,1073741823,1073740799,1073475583,1073590271,1073709055,1073061887,1073151999,1073217535,1073741823,1073741823,1073741823,1073741823:j8
1073741823,1073741823,1073741823,1073741823,1073725439,1073475583,1073590271,1073709055,1073061887,1073151999,1073217535,1073741823,1073741823,1073741823,1073741823:k11
1073741823,1073741823,1073741823,1073741823,1073479679,1073475583,1073590271,1073709055,1073061887,1073151999,1073217535,1073741823,1073741823,1073741823,1073741823:k11
1073741823,1073741823,1073741823,1073741823,1073741823,1073410047,1073590271,1073709055,1073061887,1073151999,1073217535,1073741823,1073741823,1073741823,1073741823:j8
1073741823,1073741823,1073741823,1073741823,1073741823,1073475583,1073328127,1073709055,1073061887,1073151999,1073217535,1073741823,1073741823,1073741823,1073741823:k11
1073741823,1073741823,1073741823,1073741823,1073741823,1073475583,1073590271,1073709055,1073061887,1073150975,1073217535,1073741823,1073741823,1073741823,1073741823:k11
1073741823,1073741823,1073741823,1073741823,1073741823,1073475583,1073590271,1073708031,1073061887,1073151999,1073217535,1073741823,1073741823,1073741823,1073741823:k11
1073741823,1073741823,1073741823,1073741823,1073741823,1073475583,1073590271,1073704959,1073061887,1073151999,1073217535,1073741823,1073741823,1073741823,1073741823:j8
1073741823,1073741823,1073741823,1073741823,1073741823,1073474559,1073590271,1073709055,1073061887,1073151999,1073217535,1073741823,1073741823,1073741823,1073741823:j8
1073741823,1073741823,1073741823,1073741823,1073741823,1073459199,1073590271,1073709055,1073061887,1073151999,1073217535,1073741823,1073741823,1073741823,1073741823:j8
1073741823,1073741823,1073741823,1073741823,1073741823,1073475583,1073590271,1073446911,1073061887,1073151999,1073217535,1073741823,1073741823,1073741823,1073741823:k11
1073741823,1073741823,1073741823,1073741823,1073741823,1073475583,1073590271,1073643519,1073061887,1073151999,1073217535,1073741823,1073741823,1073741823,1073741823:k11
1073741823,1073741823,1073741823,1073741823,1073741823,1073475583,1073590271,1073709055,1073061887,1073135615,1073217535,1073741823,1073741823,1073741823,1073741823:k11
1073741823,1073741823,1073741823,1073741823,1073741823,1073459199,1073594367,1073709055,1073061887,1073151999,1073741823,1073741823,1073741823,1073741823,1073741823:g7
1073741823,1073741823,1073741823,1073741823,1073741823,1073475583,1073594367,1073446911,1073061887,1073151999,1073741823,1073741823,1073741823,1073741823,1073741823:g7
1073741823,1073741823,1073741823,1073741823,1073741823,1073475583,1073594367,1073643519,1073061887,1073151999,1073741823,1073741823,1073741823,1073741823,1073741823:g7
1073741823,1073741823,1073741823,1073741823,1073741823,1073475583,1073594367,1073709055,1073061887,1073135615,1073741823,1073741823,1073741823,1073741823,1073741823:g7
