1073741823,1073741823,1073741823,1073463295,1073741823,1073741823,1073676287,1073577983,1073610751,1073741823,1073741823,1073741823,1073741823,1073741823,1073741823:j8
1073741823,1073741823,1073741823,1073463295,1073741823,1073741823,1073676287,1068859391,1073610751,1073741823,1073741823,1073741823,1073741823,1073741823,1073741823:g8
1073741823,1073741823,1073741823,1073463295,1073741823,1073741823,1073676287,1073053695,1073610751,1069547519,1073741823,1073741823,1073741823,1073741823,1073741823:g8
1073741823,1073741823,1073741823,1073463295,1073741823,1073741823,1073676287,1073053695,1073610751,1073737727,1073741823,1073741823,1073741823,1073741823,1073741823:g8
1073741823,1073741823,1073741823,1073463295,1073741823,1073737727,1073676287,1073053695,1073610751,1073741823,1073741823,1073741823,1073741823,1073741823,1073741823:g8
1073741823,1073741823,1073741823,1073463295,1073741823,1073676287,1073676287,1073053695,1073610751,1073741823,1073741823,1073741823,1073741823,1073741823,1073741823:g8
1073741823,1073741823,1073741823,1073463295,1073741823,1072693247,1073676287,1073053695,1073610751,1073741823,1073741823,1073741823,1073741823,1073741823,1073741823:g8
1073741823,1073741823,1073741823,1073463295,1073741823,1073741823,1073414143,1073053695,1073610751,1073741823,1073741823,1073741823,1073741823,1073741823,1073741823:g8
1073741823,1073741823,1073741823,1073463295,1073741823,1073741823,1073676287,1072005119,1073610751,1073741823,1073741823,1073741823,1073741823,1073741823,1073741823:j10
1073741823,1073741823,1073741823,1073463295,1073741823,1073741823,1073676287,1073053695,1073610751,1072693247,1073741823,1073741823,1073741823,1073741823,1073741823:g8
1073741823,1073741823,1073479679,1073463295,1073741823,1073741823,1073676287,1073053695,1073610751,1073741823,1073741823,1073741823,1073741823,1073741823,1073741823:g8
1073741823,1069547519,1073741823,1073463295,1073741823,1073741823,1073676287,1073053695,1073610751,1073741823,1073741823,1073741823,1073741823,1073741823,1073741823:g8
1073741823,1073741823,1072693247,1073463295,1073741823,1073741823,1073676287,1073053695,1073610751,1073741823,1073741823,1073741823,1073741823,1073741823,1073741823:g8
1073741823,1073741823,1073741823,1069268991,1073741823,1073741823,1073676287,1073053695,1073610751,1073741823,1073741823,1073741823,1073741823,1073741823,1073741823:g8
1073741823,1073741823,1073741823,1072414719,1073741823,1073741823,1073676287,1073053695,1073610751,1073741823,1073741823,1073741823,1073741823,1073741823,1073741823:g8
1073741823,1073741823,1073741823,1073463295,1073741823,1069547519,1073676287,1073053695,1073610751,1073741823,1073741823,1073741823,1073741823,1073741823,1073741823:g8
1073741823,1073741823,1073741823,1073463295,1072693247,1073741823,1073676287,1073053695,1073610751,1073741823,1073741823,1073741823,1073741823,1073741823,1073741823:g8
1073741823,1073741823,1073741823,1073463295,1073479679,1073741823,1073676287,1073053695,1073610751,1073741823,1073741823,1073741823,1073741823,1073741823,1073741823:g8
1073741823,1073741823,1073741823,1073463295,1073741823,1073741823,1073676287,1073053695,1073610751,1073741823,1073737727,1073741823,1073741823,1073741823,1073741823:g8
1073741823,1073741823,1073741823,1073463295,1073741823,1073741823,1072627711,1073053695,1073610751,1073741823,1073741823,1073741823,1073741823,1073741823,1073741823:g8
1073741823,1073741823,1073741823,1073463295,1073741823,1073741823,1073676287,1073053695,1072562175,1073741823,1073741823,1073741823,1073741823,1073741823,1073741823:g8
1073741823,1073741823,1073741823,1073463295,1073741823,1073741823,1073676287,1073053695,1073348607,1073741823,1073741823,1073741823,1073741823,1073741823,1073741823:g8
1073741823,1073741823,1073741823,1073463295,1073741823,1073741823,1073676287,1073053695,1073610751,1073741823,1072693247,1073741823,1073741823,1073741823,1073741823:g8
1073741823,1073741823,1073741823,1073463295,1073741823,1073741823,1073676287,1073053695,1073610751,1073741823,1073676287,1073741823,1073741823,1073741823,1073741823:g8
1073741823,1073741823,1073741823,1073463295,1073741823,1073741823,1073676287,1073053695,1073610751,1073676287,1073741823,1073741823,1073741823,1073741823,1073741823:g8
1073741823,1073741823,1073741823,1073463295,1073737727,1073741823,1073676287,1073053695,1073610751,1073741823,1073741823,1073741823,1073741823,1073741823,1073741823:g8
1073741823,1073741823,1073741823,1073462271,1073741823,1073741823,1073676287,1073053695,1073610751,1073741823,1073741823,1073741823,1073741823,1073741823,1073741823:g8
1073741823,1073741823,1073741823,1073459199,1073741823,1073741823,1073676287,1073053695,1073610751,1073741823,1073741823,1073741823,1073741823,1073741823,1073741823:g8
1073741823,1073740799,1073741823,1073463295,1073741823,1073741823,1073676287,1073053695,1073610751,1073741823,1073741823,1073741823,1073741823,1073741823,1073741823:g8
1073741823,1073741823,1073737727,1073463295,1073741823,1073741823,1073676287,1073053695,1073610751,1073741823,1073741823,1073741823,1073741823,1073741823,1073741823:g8
1073741823,1073725439,1073741823,1073463295,1073741823,1073741823,1073676287,1073053695,1073610751,1073741823,1073741823,1073741823,1073741823,1073741823,1073741823:g8
1073741823,1073741823,1073725439,1073463295,1073741823,1073741823,1073676287,1073053695,1073610751,1073741823,1073741823,1073741823,1073741823,1073741823,1073741823:g8
1073741823,1073479679,1073741823,1073463295,1073741823,1073741823,1073676287,1073053695,1073610751,1073741823,1073741823,1073741823,1073741823,1073741823,1073741823:g8
1073741823,1073741823,1073676287,1073463295,1073741823,1073741823,1073676287,1073053695,1073610751,1073741823,1073741823,1073741823,1073741823,1073741823,1073741823:g8
1073741823,1073741823,1073741823,1073397759,1073741823,1073741823,1073676287,1073053695,1073610751,1073741823,1073741823,1073741823,1073741823,1073741823,1073741823:g8
1073741823,1073741823,1073741823,1073463295,1073676287,1073741823,1073676287,1073053695,1073610751,1073741823,1073741823,1073741823,1073741823,1073741823,1073741823:g8
1073741823,1073741823,1073741823,1073463295,1073725439,1073741823,1073676287,1073053695,1073610751,1073741823,1073741823,1073741823,1073741823,1073741823,1073741823:g8
1073741823,1073741823,1073741823,1073463295,1073741823,1073741823,1073676287,1073053695,1073610751,1073740799,1073741823,1073741823,1073741823,1073741823,1073741823:g8
1073741823,1073741823,1073741823,1073463295,1073741823,1073741823,1073676287,1073053695,1073606655,1073741823,1073741823,1073741823,1073741823,1073741823,1073741823:g8
1073741823,1073741823,1073741823,1073463295,1073741823,1073741823,1073676287,1073052671,1073610751,1073741823,1073741823,1073741823,1073741823,1073741823,1073741823:k8
1073741823,1073741823,1073741823,1073463295,1073741823,1073741823,1073676287,1073049599,1073610751,1073741823,1073741823,1073741823,1073741823,1073741823,1073741823:j10
1073741823,1073741823,1073741823,1073463295,1073741823,1073740799,1073676287,1073053695,1073610751,1073741823,1073741823,1073741823,1073741823,1073741823,1073741823:g8
1073741823,1073741823,1073741823,1073463295,1073741823,1073741823,1073672191,1073053695,1073610751,1073741823,1073741823,1073741823,1073741823,1073741823,1073741823:g8
1073741823,1073741823,1073741823,1073463295,1073741823,1073725439,1073676287,1073053695,1073610751,1073741823,1073741823,1073741823,1073741823,1073741823,1073741823:g8
1073741823,1073741823,1073741823,1073463295,1073741823,1073741823,1073659903,1073053695,1073610751,1073741823,1073741823,1073741823,1073741823,1073741823,1073741823:g8
1073741823,1073741823,1073741823,1073463295,1073741823,1073479679,1073676287,1073053695,1073610751,1073741823,1073741823,1073741823,1073741823,1073741823,1073741823:g8
1073741823,1073741823,1073741823,1073463295,1073741823,1073741823,1073676287,1073053695,1073610751,1073479679,1073741823,1073741823,1073741823,1073741823,1073741823:g8
1073741823,1073741823,1073741823,1073463295,1073741823,1073741823,1073676287,1073053695,1073610751,1073725439,1073741823,1073741823,1073741823,1073741823,1073741823:g8
1073741823,1073741823,1073741823,1073463295,1073741823,1073741823,1073676287,1073053695,1073594367,1073741823,1073741823,1073741823,1073741823,1073741823,1073741823:g8
