1073741823,1073741823,1073741823,1073741823,1073741823,1073741823,1073672191,1073184767,1073070079,1073741823,1073737727,1073741823,1073741823,1073741823,1073741823:j7
1073741823,1073741823,1073741823,1073741823,1073725439,1073741823,1073147903,1073184767,1073070079,1073741823,1073737727,1073741823,1073741823,1073741823,1073741823:j6
1073741823,1073741823,1073741823,1073741823,1073479679,1073741823,1073147903,1073184767,1073070079,1073741823,1073737727,1073741823,1073741823,1073741823,1073741823:j10
1073741823,1073741823,1073741823,1073741823,1069547519,1073741823,1073147903,1073184767,1073070079,1073741823,1073737727,1073741823,1073741823,1073741823,1073741823:j6
1073741823,1073741823,1073741823,1073741823,1073741823,1072693247,1073147903,1073184767,1073070079,1073741823,1073737727,1073741823,1073741823,1073741823,1073741823:j6
1073741823,1073741823,1073741823,1073741823,1073741823,1073741823,1073147903,1073184767,1073070079,1073741823,1073737727,1073741823,1073741567,1073741823,1073741823:j6
1073741823,1073741823,1073741823,1073741823,1073741823,1073741823,1073147903,1073184767,1073070079,1073741823,1073737727,1073740799,1073741823,1073741823,1073741823:j6
1073741823,1073741823,1073741823,1073741823,1073741823,1073741823,1073147903,1073184767,1073070079,1073741823,1073737471,1073741823,1073741823,1073741823,1073741823:j6
1073741823,1073741823,1073741823,1073741823,1073741823,1073741823,1073147903,1073184767,1073070079,1073741823,1073737727,1073741823,1073676287,1073741823,1073741823:j6
1073741823,1073741823,1073741823,1073741823,1073741823,1073741823,1073147903,1073184767,1073070079,1073741823,1073737727,1073725439,1073741823,1073741823,1073741823:j6
1073741823,1073741823,1073741823,1073741823,1073741823,1073741823,1073147903,1073184767,1073070079,1073741823,1073737727,1073741823,1073737727,1073741823,1073741823:j6
1073741823,1073741823,1073741823,1073741823,1073741823,1073741823,1073147903,1073184767,1073070079,1073741823,1073737727,1073737727,1073741823,1073741823,1073741823:j6
1073741823,1073741823,1073741823,1073741823,1073741823,1069547519,1073147903,1073184767,1073070079,1073741823,1073737727,1073741823,1073741823,1073741823,1073741823:j6
1073741823,1073741823,1073741823,1073741823,1073741823,1073741823,1073147903,1068990463,1073070079,1073741823,1073737727,1073741823,1073741823,1073741823,1073741823:j6
1073741823,1073741823,1073741823,1073741823,1073741823,1073741823,1073147903,1073184767,1073070079,1069547519,1073737727,1073741823,1073741823,1073741823,1073741823:j6
1073741823,1073741823,1073741823,1073741823,1073741823,1073741823,1073147903,1073184767,1073070079,1073741823,1073736703,1073741823,1073741823,1073741823,1073741823:j6
1073741823,1073741823,1073741823,1073741823,1073741823,1073741823,1073147903,1073184767,1073070079,1073737727,1073737727,1073741823,1073741823,1073741823,1073741823:j6
1073741823,1073741823,1073741823,1073741823,1073741823,1073741823,1073147903,1073184767,1073069055,1073741823,1073737727,1073741823,1073741823,1073741823,1073741823:j6
1073741823,1073741823,1073741823,1073741823,1073741823,1073741823,1073147903,1073184767,1073070079,1073741823,1073721343,1073741823,1073741823,1073741823,1073741823:j6
1073741823,1073741823,1073741823,1073741823,1073741823,1073741823,1068953599,1073184767,1073070079,1073741823,1073737727,1073741823,1073741823,1073741823,1073741823:j6
1073741823,1073741823,1073741823,1073741823,1073741823,1073741823,1073147903,1072136191,1073070079,1073741823,1073737727,1073741823,1073741823,1073741823,1073741823:j6
1073741823,1073741823,1073741823,1073741823,1073741823,1073741823,1073147903,1073184767,1068875775,1073741823,1073737727,1073741823,1073741823,1073741823,1073741823:j6
1073741823,1073741823,1073741823,1073741823,1073741823,1073741823,1073147903,1073184767,1073070079,1073741823,1069543423,1073741823,1073741823,1073741823,1073741823:j6
1073741823,1073741823,1073741823,1073741823,1073741823,1073741823,1073147903,1073184767,1073070079,1072693247,1073737727,1073741823,1073741823,1073741823,1073741823:j6
1073741823,1073741823,1073741823,1073741823,1073741823,1073741823,1073147903,1073184767,1073070079,1073741823,1073475583,1073741823,1073741823,1073741823,1073741823:j6
1073741823,1073741823,1073741823,1073741823,1073741823,1073741823,1073147903,1073184767,1073069823,1073741823,1073737727,1073741823,1073741823,1073741823,1073741823:j6
1073741823,1073741823,1073741823,1073741823,1073741823,1073741823,1073147647,1073184767,1073070079,1073741823,1073737727,1073741823,1073741823,1073741823,1073741823:j6
1073741823,1073741823,1073741823,1073741823,1073741823,1073741823,1073146879,1073184767,1073070079,1073741823,1073737727,1073741823,1073741823,1073741823,1073741823:j6
1073741823,1073741823,1073741823,1073741823,1073741567,1073741823,1073147903,1073184767,1073070079,1073741823,1073737727,1073741823,1073741823,1073741823,1073741823:j6
1073741823,1073741823,1073741823,1073741823,1073741823,1073737727,1073147903,1073184767,1073070079,1073741823,1073737727,1073741823,1073741823,1073741823,1073741823:j6
1073741823,1073741823,1073741823,1073741823,1073741823,1073741823,1073147903,1073184767,1073070079,1073741823,1072689151,1073741823,1073741823,1073741823,1073741823:j6
1073741823,1073741823,1073741823,1073741823,1073741823,1073741823,1073147903,1073184767,1073070079,1073741823,1073672191,1073741823,1073741823,1073741823,1073741823:j6
1073741823,1073741823,1073741823,1073741823,1073741823,1073741823,1073147903,1073184767,1073070079,1073676287,1073737727,1073741823,1073741823,1073741823,1073741823:j6
1073741823,1073741823,1073741823,1073741823,1073737727,1073741823,1073147903,1073184767,1073070079,1073741823,1073737727,1073741823,1073741823,1073741823,1073741823:j6
1073741823,1073741823,1073741823,1073741823,1073676287,1073741823,1073147903,1073184767,1073070079,1073741823,1073737727,1073741823,1073741823,1073741823,1073741823:j6
1073741823,1073741823,1073741823,1073741823,1073741823,1073676287,1073147903,1073184767,1073070079,1073741823,1073737727,1073741823,1073741823,1073741823,1073741823:j6
1073741823,1073741823,1073741823,1073741823,1072693247,1073741823,1073147903,1073184767,1073070079,1073741823,1073737727,1073741823,1073741823,1073741823,1073741823:j6
1073741823,1073741823,1073741823,1073741823,1073741823,1073741823,1072099327,1073184767,1073070079,1073741823,1073737727,1073741823,1073741823,1073741823,1073741823:j6
1073741823,1073741823,1073741823,1073741823,1073741823,1073741823,1073147903,1073184767,1072021503,1073741823,1073737727,1073741823,1073741823,1073741823,1073741823:j6
1073741823,1073741823,1073741823,1073741823,1073741823,1073741823,1073147903,1073184767,1073070079,1073740799,1073737727,1073741823,1073741823,1073741823,1073741823:j6
1073741823,1073741823,1073741823,1073741823,1073741823,1073741823,1073147903,1073184767,1073065983,1073741823,1073737727,1073741823,1073741823,1073741823,1073741823:j6
1073741823,1073741823,1073741823,1073741823,1073741823,1073741823,1073147903,1073183743,1073070079,1073741823,1073737727,1073741823,1073741823,1073741823,1073741823:j6
1073741823,1073741823,1073741823,1073741823,1073741823,1073741823,1073147903,1073180671,1073070079,1073741823,1073737727,1073741823,1073741823,1073741823,1073741823:j6
1073741823,1073741823,1073741823,1073741823,1073741823,1073740799,1073147903,1073184767,1073070079,1073741823,1073737727,1073741823,1073741823,1073741823,1073741823:j6
1073741823,1073741823,1073741823,1073741823,1073741823,1073725439,1073147903,1073184767,1073070079,1073741823,1073737727,1073741823,1073741823,1073741823,1073741823:j6
1073741823,1073741823,1073741823,1073741823,1073741823,1073741823,1073131519,1073184767,1073070079,1073741823,1073737727,1073741823,1073741823,1073741823,1073741823:j6
1073741823,1073741823,1073741823,1073741823,1073741823,1073479679,1073147903,1073184767,1073070079,1073741823,1073737727,1073741823,1073741823,1073741823,1073741823:k11
1073741823,1073741823,1073741823,1073741823,1073741823,1073479679,1073147903,1073184767,1073070079,1073741823,1071640575,1073479679,1073741823,1073741823,1073741823:j10
1073741823,1073741823,1073741823,1073741823,1073741823,1073479679,1073147903,1073184767,1056292863,1073741823,1071640575,1073741823,1073741823,1073741823,1073741823:j10
1073741823,1073741823,1073741823,1073741823,1073741823,1073479679,1073147903,1073184767,1073070079,1073741823,1054863359,1073741823,1073741823,1073741823,1073741823:j10
1073741823,1073741823,1073741823,1073741823,1073741823,1073479679,1073147903,1073184767,1073070079,1073741823,1071640575,1073741823,1056964607,1073741823,1073741823:j10
1073741823,1073741823,1073741823,1073741823,1073741823,1073479679,1073147903,1073184767,1073070079,1073741823,1071640575,1069547519,1073741823,1073741823,1073741823:j11
1073741823,1073741823,1073741823,1073741823,1073741823,1073479679,1073147903,1073184767,1073070079,1073741823,1071640575,1073741823,1072693247,1073741823,1073741823:j10
1073741823,1073741823,1073741823,1073741823,1073741823,1073479679,1073147903,1073184767,1073070079,1073741823,1071640575,1072693247,1073741823,1073741823,1073741823:j10
1073741823,1073741823,1073741823,1073725439,1073741823,1073479679,1073147903,1073184767,1073070079,1073741823,1071640575,1073741823,1073741823,1073741823,1073741823:j10
1073741823,1073741823,1073741823,1073479679,1073741823,1073479679,1073147903,1073184767,1073070079,1073741823,1071640575,1073741823,1073741823,1073741823,1073741823:j10
1073741823,1073741823,1073741823,1069547519,1073741823,1073479679,1073147903,1073184767,1073070079,1073741823,1071640575,1073741823,1073741823,1073741823,1073741823:j10
1073741823,1073741823,1073741823,1073741823,1073725439,1073479679,1073147903,1073184767,1073070079,1073741823,1071640575,1073741823,1073741823,1073741823,1073741823:j10
1073741823,1073741823,1073741823,1073741823,1073479679,1073479679,1073147903,1073184767,1073070079,1073741823,1071640575,1073741823,1073741823,1073741823,1073741823:j10
1073741823,1073741823,1073741823,1073741823,1069547519,1073479679,1073147903,1073184767,1073070079,1073741823,1071640575,1073741823,1073741823,1073741823,1073741823:j10
1073741823,1073741823,1073741823,1073741823,1073741823,1072431103,1073147903,1073184767,1073070079,1073741823,1071640575,1073741823,1073741823,1073741823,1073741823:j10
1073741823,1073741823,1073741823,1073741823,1073741823,1073479679,1073147903,1073184767,1073070079,1073741823,1071640575,1073741823,1073741567,1073741823,1073741823:j10
1073741823,1073741823,1073741823,1073741823,1073741823,1073479679,1073147903,1073184767,1073070079,1073741823,1071640575,1073740799,1073741823,1073741823,1073741823:j10
1073741823,1073741823,1073741823,1073741823,1073741823,1073479679,1073147903,1073184767,1073070079,1073741823,1071640319,1073741823,1073741823,1073741823,1073741823:j10
1073741823,1073741823,1073741823,1073741823,1073741823,1073479679,1073147903,1073184767,1073070079,1073741823,1071640575,1073741823,1073676287,1073741823,1073741823:j10
1073741823,1073741823,1073741823,1073741823,1073741823,1073479679,1073147903,1073184767,1073070079,1073741823,1071640575,1073725439,1073741823,1073741823,1073741823:j10
1073741823,1073741823,1073741823,1073741823,1073741823,1073479679,1073147903,1073184767,1073070079,1073741823,1071640575,1073741823,1073737727,1073741823,1073741823:j10
1073741823,1073741823,1073741823,1073741823,1073741823,1073479679,1073147903,1073184767,1073070079,1073741823,1071640575,1073737727,1073741823,1073741823,1073741823:j10
1073741823,1073741823,1073741823,1073741823,1073741823,1069285375,1073147903,1073184767,1073070079,1073741823,1071640575,1073741823,1073741823,1073741823,1073741823:j10
1073741823,1073741823,1073741823,1073741823,1073741823,1073479679,1073147903,1068990463,1073070079,1073741823,1071640575,1073741823,1073741823,1073741823,1073741823:j10
1073741823,1073741823,1073741823,1073741823,1073741823,1073479679,1073147903,1073184767,1073070079,1069547519,1071640575,1073741823,1073741823,1073741823,1073741823:j10
1073741823,1073741823,1073741823,1073741823,1073741823,1073479679,1073147903,1073184767,1073070079,1073741823,1071639551,1073741823,1073741823,1073741823,1073741823:j10
1073741823,1073741823,1073741823,1073741823,1073741823,1073479679,1073147903,1073184767,1073070079,1073737727,1071640575,1073741823,1073741823,1073741823,1073741823:j10
1073741823,1073741823,1073741823,1073741823,1073741823,1073479679,1073147903,1073184767,1073069055,1073741823,1071640575,1073741823,1073741823,1073741823,1073741823:j10
1073741823,1073741823,1073741823,1073741823,1073741823,1073479679,1073147903,1073184767,1073070079,1073741823,1071624191,1073741823,1073741823,1073741823,1073741823:j10
1073741823,1073741823,1073741823,1073741823,1073741823,1073479679,1068953599,1073184767,1073070079,1073741823,1071640575,1073741823,1073741823,1073741823,1073741823:j10
1073741823,1073741823,1073741823,1073741823,1073741823,1073479679,1073147903,1072136191,1073070079,1073741823,1071640575,1073741823,1073741823,1073741823,1073741823:j10
1073741823,1073741823,1073741823,1073741823,1073741823,1073479679,1073147903,1073184767,1068875775,1073741823,1071640575,1073741823,1073741823,1073741823,1073741823:j10
1073741823,1073741823,1073741823,1073741823,1073741823,1073479679,1073147903,1073184767,1073070079,1073741823,1067446271,1073741823,1073741823,1073741823,1073741823:j10
1073741823,1073741823,1073741823,1073741823,1073741823,1073479679,1073147903,1073184767,1073070079,1072693247,1071640575,1073741823,1073741823,1073741823,1073741823:j10
1073741823,1073741823,1073741823,1073741823,1073741823,1073479679,1073147903,1073184767,1073070079,1073741823,1071378431,1073741823,1073741823,1073741823,1073741823:k7
1073741823,1073741823,1073741823,1073741823,1056964607,1073479679,1071050751,1073184767,1073070079,1073741823,1071378431,1073741823,1073741823,1073741823,1073741823:k8
1073741823,1073741823,1073741823,1073741823,1073741823,1073479679,1054273535,1073184767,1073070079,1073741823,1071378431,1073741823,1073741823,1073741823,1073741823:l6
1073741823,1073741823,1073741823,1073741823,1073741823,1073479679,1071050751,1073184767,1073070079,1073741823,1071378431,1073741823,1073725439,1073741823,1073741823:l6
1073741823,1073741823,1073741823,1073741823,1073741823,1073479679,1071050751,1073184767,1073070079,1073741823,1071378431,1073676287,1073741823,1073741823,1073741823:l6
1073741823,1073741823,1073741823,1073741823,1073741823,1073479679,1071050751,1073184767,1073070079,1073741823,1071378431,1073741823,1069547519,1073741823,1073741823:l6
1073741823,1073741823,1073741823,1073741823,1073741823,1073479679,1071050751,1073184767,1073070079,1073741823,1071378431,1073741823,1073479679,1073741823,1073741823:l6
1073741823,1073741823,1073741823,1073741823,1073741823,1073479679,1071050751,1073184767,1073070079,1073741823,1071378431,1073479679,1073741823,1073741823,1073741823:l6
1073741823,1073741823,1073741823,1073741823,1073741823,1073479679,1071050751,1073184767,1056292863,1073741823,1071378431,1073741823,1073741823,1073741823,1073741823:l6
1073741823,1073741823,1073741823,1073741823,1073741823,1073479679,1071050751,1073184767,1073070079,1073741823,1054601215,1073741823,1073741823,1073741823,1073741823:l6
1073741823,1073741823,1073741823,1073741823,1073741823,1073479679,1071050751,1073184767,1073070079,1073741823,1071378431,1073741823,1056964607,1073741823,1073741823:l6
1073741823,1073741823,1073741823,1073741823,1073741823,1073479679,1071050751,1073184767,1073070079,1073741823,1071378431,1069547519,1073741823,1073741823,1073741823:l6
1073741823,1073741823,1073741823,1073741823,1073741823,1073479679,1071050751,1073184767,1073070079,1073741823,1071378431,1073741823,1072693247,1073741823,1073741823:l6
1073741823,1073741823,1073741823,1073741823,1073741823,1073479679,1071050751,1073184767,1073070079,1073741823,1071378431,1072693247,1073741823,1073741823,1073741823:l6
1073741823,1073741823,1073741823,1073725439,1073741823,1073479679,1071050751,1073184767,1073070079,1073741823,1071378431,1073741823,1073741823,1073741823,1073741823:l6
1073741823,1073741823,1073741823,1073479679,1073741823,1073479679,1071050751,1073184767,1073070079,1073741823,1071378431,1073741823,1073741823,1073741823,1073741823:l6
1073741823,1073741823,1073741823,1069547519,1073741823,1073479679,1071050751,1073184767,1073070079,1073741823,1071378431,1073741823,1073741823,1073741823,1073741823:l6
1073741823,1073741823,1073741823,1073741823,1073725439,1073479679,1071050751,1073184767,1073070079,1073741823,1071378431,1073741823,1073741823,1073741823,1073741823:l6
1073741823,1073741823,1073741823,1073741823,1073479679,1073479679,1071050751,1073184767,1073070079,1073741823,1071378431,1073741823,1073741823,1073741823,1073741823:l6
1073741823,1073741823,1073741823,1073741823,1069547519,1073479679,1071050751,1073184767,1073070079,1073741823,1071378431,1073741823,1073741823,1073741823,1073741823:l6
1073741823,1073741823,1073741823,1073741823,1073741823,1072431103,1071050751,1073184767,1073070079,1073741823,1071378431,1073741823,1073741823,1073741823,1073741823:l6
1073741823,1073741823,1073741823,1073741823,1073741823,1073479679,1071050751,1073184767,1073070079,1073741823,1071378431,1073741823,1073741567,1073741823,1073741823:l6
1073741823,1073741823,1073741823,1073741823,1073741823,1073479679,1071050751,1073184767,1073070079,1073741823,1071378431,1073740799,1073741823,1073741823,1073741823:l6
1073741823,1073741823,1073741823,1073741823,1073741823,1073479679,1071050751,1073184767,1073070079,1073741823,1071378175,1073741823,1073741823,1073741823,1073741823:l6
1073741823,1073741823,1073741823,1073741823,1073741823,1073479679,1071050751,1073184767,1073070079,1073741823,1071378431,1073741823,1073676287,1073741823,1073741823:l6
1073741823,1073741823,1073741823,1073741823,1073741823,1073479679,1071050751,1073184767,1073070079,1073741823,1071378431,1073725439,1073741823,1073741823,1073741823:l6
1073741823,1073741823,1073741823,1073741823,1073741823,1073479679,1071050751,1073184767,1073070079,1073741823,1071378431,1073741823,1073737727,1073741823,1073741823:l6
1073741823,1073741823,1073741823,1073741823,1073741823,1073479679,1071050751,1073184767,1073070079,1073741823,1071378431,1073737727,1073741823,1073741823,1073741823:l6
1073741823,1073741823,1073741823,1073741823,1073741823,1069285375,1071050751,1073184767,1073070079,1073741823,1071378431,1073741823,1073741823,1073741823,1073741823:k8
1073741823,1073741823,1073741823,1073741823,1073741823,1073479679,1071050751,1068990463,1073070079,1073741823,1071378431,1073741823,1073741823,1073741823,1073741823:l6
1073741823,1073741823,1073741823,1073741823,1073741823,1073479679,1071050751,1073184767,1073070079,1069547519,1071378431,1073741823,1073741823,1073741823,1073741823:l6
1073741823,1073741823,1073741823,1073741823,1073741823,1073479679,1071050751,1073184767,1073070079,1073741823,1071377407,1073741823,1073741823,1073741823,1073741823:l6
1073741823,1073741823,1073741823,1073741823,1073741823,1073479679,1071050751,1073184767,1073070079,1073737727,1071378431,1073741823,1073741823,1073741823,1073741823:l6
1073741823,1073741823,1073741823,1073741823,1073741823,1073479679,1071050751,1073184767,1073069055,1073741823,1071378431,1073741823,1073741823,1073741823,1073741823:l6
1073741823,1073741823,1073741823,1073741823,1073741823,1073479679,1071050751,1073184767,1073070079,1073741823,1071362047,1073741823,1073741823,1073741823,1073741823:l6
1073741823,1073741823,1073741823,1073741823,1073741823,1073479679,1066856447,1073184767,1073070079,1073741823,1071378431,1073741823,1073741823,1073741823,1073741823:l6
1073741823,1073741823,1073741823,1073741823,1073741823,1073479679,1071050751,1072136191,1073070079,1073741823,1071378431,1073741823,1073741823,1073741823,1073741823:l6
1073741823,1073741823,1073741823,1073741823,1073741823,1073479679,1071050751,1073184767,1068875775,1073741823,1071378431,1073741823,1073741823,1073741823,1073741823:l6
1073741823,1073741823,1073741823,1073741823,1073741823,1073479679,1071050751,1073184767,1073070079,1073741823,1067184127,1073741823,1073741823,1073741823,1073741823:l6
1073741823,1073741823,1073741823,1073741823,1073741823,1073479679,1071050751,1073184767,1073070079,1072693247,1071378431,1073741823,1073741823,1073741823,1073741823:l6
1073741823,1073741823,1073741823,1073741823,1073741823,1073479679,1071050751,1073184767,1073069823,1073741823,1071378431,1073741823,1073741823,1073741823,1073741823:l6
1073741823,1073741823,1073741823,1073741823,1073741823,1073479679,1071050495,1073184767,1073070079,1073741823,1071378431,1073741823,1073741823,1073741823,1073741823:l6
1073741823,1073741823,1073741823,1073741823,1073741823,1073479679,1071049727,1073184767,1073070079,1073741823,1071378431,1073741823,1073741823,1073741823,1073741823:l6
1073741823,1073741823,1073741823,1073741823,1073741567,1073479679,1071050751,1073184767,1073070079,1073741823,1071378431,1073741823,1073741823,1073741823,1073741823:l6
1073741823,1073741823,1073741823,1073741823,1073741823,1073475583,1071050751,1073184767,1073070079,1073741823,1071378431,1073741823,1073741823,1073741823,1073741823:l6
1073741823,1073741823,1073741823,1073741823,1073741823,1073479679,1071050751,1073184767,1073070079,1073741823,1071312895,1073741823,1073741823,1073741823,1073741823:l6
1073741823,1073741823,1073741823,1073741823,1073741823,1073479679,1071050751,1073184767,1073070079,1073676287,1071378431,1073741823,1073741823,1073741823,1073741823:l6
1073741823,1073741823,1073741823,1073741823,1073737727,1073479679,1071050751,1073184767,1073070079,1073741823,1071378431,1073741823,1073741823,1073741823,1073741823:l6
1073741823,1073741823,1073741823,1073741823,1073676287,1073479679,1071050751,1073184767,1073070079,1073741823,1071378431,1073741823,1073741823,1073741823,1073741823:l6
1073741823,1073741823,1073741823,1073741823,1073741823,1073414143,1071050751,1073184767,1073070079,1073741823,1071378431,1073741823,1073741823,1073741823,1073741823:l6
1073741823,1073741823,1073741823,1073741823,1072693247,1073479679,1071050751,1073184767,1073070079,1073741823,1071378431,1073741823,1073741823,1073741823,1073741823:l6
1073741823,1073741823,1073741823,1073741823,1073741823,1073479679,1071050751,1073184767,1072021503,1073741823,1071378431,1073741823,1073741823,1073741823,1073741823:l6
1073741823,1073741823,1073741823,1073741823,1073741823,1073479679,1071050751,1073184767,1073070079,1073740799,1071378431,1073741823,1073741823,1073741823,1073741823:l6
1073741823,1073741823,1073741823,1073741823,1073741823,1073479679,1071050751,1073184767,1073065983,1073741823,1071378431,1073741823,1073741823,1073741823,1073741823:l6
1073741823,1073741823,1073741823,1073741823,1073741823,1073479679,1071050751,1073183743,1073070079,1073741823,1071378431,1073741823,1073741823,1073741823,1073741823:l6
1073741823,1073741823,1073741823,1073741823,1073741823,1073479679,1071050751,1073180671,1073070079,1073741823,1071378431,1073741823,1073741823,1073741823,1073741823:l6
1073741823,1073741823,1073741823,1073741823,1073741823,1073478655,1071050751,1073184767,1073070079,1073741823,1071378431,1073741823,1073741823,1073741823,1073741823:l6
1073741823,1073741823,1073741823,1073741823,1073741823,1073463295,1071050751,1073184767,1073070079,1073741823,1071378431,1073741823,1073741823,1073741823,1073741823:l6
1073741823,1073741823,1073741823,1073741823,1073741823,1073479679,1071034367,1073184767,1073070079,1073741823,1071378431,1073741823,1073741823,1073741823,1073741823:l6
1073741823,1073741823,1073741823,1073741823,1073741823,1073479679,1071050751,1073119231,1073070079,1073741823,1071378431,1073741823,1073741823,1073741823,1073741823:l6
1073741823,1073741823,1073741823,1073741823,1073741823,1073479679,1071050751,1073184767,1073070079,1073479679,1071378431,1073741823,1073741823,1073741823,1073741823:l6
1073741823,1073741823,1073741823,1073741823,1073741823,1073479679,1071050751,1073184767,1073070079,1073725439,1071378431,1073741823,1073741823,1073741823,1073741823:k8
1073741823,1073741823,1073741823,1073741823,1073741823,1073479679,1073147903,1073184767,1073069823,1073741823,1071640575,1073741823,1073741823,1073741823,1073741823:j10
1073741823,1073741823,1073741823,1073741823,1073741823,1073479679,1073147647,1073184767,1073070079,1073741823,1071640575,1073741823,1073741823,1073741823,1073741823:j10
1073741823,1073741823,1073741823,1073741823,1073741823,1073479679,1073146879,1073184767,1073070079,1073741823,1071640575,1073741823,1073741823,1073741823,1073741823:j10
1073741823,1073741823,1073741823,1073741823,1073741567,1073479679,1073147903,1073184767,1073070079,1073741823,1071640575,1073741823,1073741823,1073741823,1073741823:j10
1073741823,1073741823,1073741823,1073741823,1073741823,1073475583,1073147903,1073184767,1073070079,1073741823,1071640575,1073741823,1073741823,1073741823,1073741823:j10
1073741823,1073741823,1073741823,1073741823,1073741823,1073479679,1073147903,1073184767,1073070079,1073741823,1071575039,1073741823,1073741823,1073741823,1073741823:j10
1073741823,1073741823,1073741823,1073741823,1073741823,1073479679,1073147903,1073184767,1073070079,1073676287,1071640575,1073741823,1073741823,1073741823,1073741823:j10
1073741823,1073741823,1073741823,1073741823,1073737727,1073479679,1073147903,1073184767,1073070079,1073741823,1071640575,1073741823,1073741823,1073741823,1073741823:j10
1073741823,1073741823,1073741823,1073741823,1073676287,1073479679,1073147903,1073184767,1073070079,1073741823,1071640575,1073741823,1073741823,1073741823,1073741823:j10
1073741823,1073741823,1073741823,1073741823,1073741823,1073414143,1073147903,1073184767,1073070079,1073741823,1071640575,1073741823,1073741823,1073741823,1073741823:j10
1073741823,1073741823,1073741823,1073741823,1072693247,1073479679,1073147903,1073184767,1073070079,1073741823,1071640575,1073741823,1073741823,1073741823,1073741823:j10
1073741823,1073741823,1073741823,1073741823,1073741823,1073479679,1072099327,1073184767,1073070079,1073741823,1071640575,1073741823,1073741823,1073741823,1073741823:j10
1073741823,1073741823,1073741823,1073741823,1073741823,1073479679,1073147903,1073184767,1072021503,1073741823,1071640575,1073741823,1073741823,1073741823,1073741823:j10
1073741823,1073741823,1073741823,1073741823,1073741823,1073479679,1073147903,1073184767,1073070079,1073740799,1071640575,1073741823,1073741823,1073741823,1073741823:j10
1073741823,1073741823,1073741823,1073741823,1073741823,1073479679,1073147903,1073184767,1073065983,1073741823,1071640575,1073741823,1073741823,1073741823,1073741823:j10
1073741823,1073741823,1073741823,1073741823,1073741823,1073479679,1073147903,1073183743,1073070079,1073741823,1071640575,1073741823,1073741823,1073741823,1073741823:j10
1073741823,1073741823,1073741823,1073741823,1073741823,1073479679,1073147903,1073180671,1073070079,1073741823,1071640575,1073741823,1073741823,1073741823,1073741823:j10
1073741823,1073741823,1073741823,1073741823,1073741823,1073478655,1073147903,1073184767,1073070079,1073741823,1071640575,1073741823,1073741823,1073741823,1073741823:j10
1073741823,1073741823,1073741823,1073741823,1073741823,1073463295,1073147903,1073184767,1073070079,1073741823,1071640575,1073741823,1073741823,1073741823,1073741823:j10
1073741823,1073741823,1073741823,1073741823,1073741823,1073479679,1073131519,1073184767,1073070079,1073741823,1071640575,1073741823,1073741823,1073741823,1073741823:j10
1073741823,1073741823,1073741823,1073741823,1073741823,1073479679,1073147903,1073119231,1073070079,1073741823,1071640575,1073741823,1073741823,1073741823,1073741823:j10
1073741823,1073741823,1073741823,1073741823,1073741823,1073479679,1073147903,1073184767,1073070079,1073479679,1071640575,1073741823,1073741823,1073741823,1073741823:k7
1073741823,1073741823,1073741823,1073741823,1056964607,1073479679,1071050751,1073184767,1073070079,1073479679,1071640575,1073741823,1073741823,1073741823,1073741823:k8
1073741823,1073741823,1073741823,1073741823,1073741823,1073479679,1054273535,1073184767,1073070079,1073479679,1071640575,1073741823,1073741823,1073741823,1073741823:l6
1073741823,1073741823,1073741823,1073741823,1073741823,1073479679,1071050751,1073184767,1073070079,1073479679,1071640575,1073479679,1073741823,1073741823,1073741823:l6
1073741823,1073741823,1073741823,1073741823,1073741823,1073479679,1071050751,1073184767,1056292863,1073479679,1071640575,1073741823,1073741823,1073741823,1073741823:l6
1073741823,1073741823,1073741823,1073741823,1073741823,1073479679,1071050751,1073184767,1073070079,1073479679,1054863359,1073741823,1073741823,1073741823,1073741823:l6
1073741823,1073741823,1073741823,1073741823,1073741823,1073479679,1071050751,1073184767,1073070079,1073479679,1071640575,1073741823,1056964607,1073741823,1073741823:l6
1073741823,1073741823,1073741823,1073741823,1073741823,1073479679,1071050751,1073184767,1073070079,1073479679,1071640575,1069547519,1073741823,1073741823,1073741823:l6
1073741823,1073741823,1073741823,1073741823,1073741823,1073479679,1071050751,1073184767,1073070079,1073479679,1071640575,1073741823,1072693247,1073741823,1073741823:l6
1073741823,1073741823,1073741823,1073741823,1073741823,1073479679,1071050751,1073184767,1073070079,1073479679,1071640575,1072693247,1073741823,1073741823,1073741823:l6
1073741823,1073741823,1073741823,1073725439,1073741823,1073479679,1071050751,1073184767,1073070079,1073479679,1071640575,1073741823,1073741823,1073741823,1073741823:l6
1073741823,1073741823,1073741823,1073479679,1073741823,1073479679,1071050751,1073184767,1073070079,1073479679,1071640575,1073741823,1073741823,1073741823,1073741823:l6
1073741823,1073741823,1073741823,1069547519,1073741823,1073479679,1071050751,1073184767,1073070079,1073479679,1071640575,1073741823,1073741823,1073741823,1073741823:l6
1073741823,1073741823,1073741823,1073741823,1073725439,1073479679,1071050751,1073184767,1073070079,1073479679,1071640575,1073741823,1073741823,1073741823,1073741823:l6
1073741823,1073741823,1073741823,1073741823,1073479679,1073479679,1071050751,1073184767,1073070079,1073479679,1071640575,1073741823,1073741823,1073741823,1073741823:l6
1073741823,1073741823,1073741823,1073741823,1069547519,1073479679,1071050751,1073184767,1073070079,1073479679,1071640575,1073741823,1073741823,1073741823,1073741823:l6
1073741823,1073741823,1073741823,1073741823,1073741823,1072431103,1071050751,1073184767,1073070079,1073479679,1071640575,1073741823,1073741823,1073741823,1073741823:l6
1073741823,1073741823,1073741823,1073741823,1073741823,1073479679,1071050751,1073184767,1073070079,1073479679,1071640575,1073741823,1073741567,1073741823,1073741823:l6
1073741823,1073741823,1073741823,1073741823,1073741823,1073479679,1071050751,1073184767,1073070079,1073479679,1071640575,1073740799,1073741823,1073741823,1073741823:l6
1073741823,1073741823,1073741823,1073741823,1073741823,1073479679,1071050751,1073184767,1073070079,1073479679,1071640319,1073741823,1073741823,1073741823,1073741823:l6
1073741823,1073741823,1073741823,1073741823,1073741823,1073479679,1071050751,1073184767,1073070079,1073479679,1071640575,1073741823,1073676287,1073741823,1073741823:l6
1073741823,1073741823,1073741823,1073741823,1073741823,1073479679,1071050751,1073184767,1073070079,1073479679,1071640575,1073725439,1073741823,1073741823,1073741823:l6
1073741823,1073741823,1073741823,1073741823,1073741823,1073479679,1071050751,1073184767,1073070079,1073479679,1071640575,1073741823,1073737727,1073741823,1073741823:l6
1073741823,1073741823,1073741823,1073741823,1073741823,1073479679,1071050751,1073184767,1073070079,1073479679,1071640575,1073737727,1073741823,1073741823,1073741823:l6
1073741823,1073741823,1073741823,1073741823,1073741823,1069285375,1071050751,1073184767,1073070079,1073479679,1071640575,1073741823,1073741823,1073741823,1073741823:k8
1073741823,1073741823,1073741823,1073741823,1073741823,1073479679,1071050751,1068990463,1073070079,1073479679,1071640575,1073741823,1073741823,1073741823,1073741823:l6
1073741823,1073741823,1073741823,1073741823,1073741823,1073479679,1071050751,1073184767,1073070079,1069285375,1071640575,1073741823,1073741823,1073741823,1073741823:l6
1073741823,1073741823,1073741823,1073741823,1073741823,1073479679,1071050751,1073184767,1073070079,1073479679,1071639551,1073741823,1073741823,1073741823,1073741823:l6
1073741823,1073741823,1073741823,1073741823,1073741823,1073479679,1071050751,1073184767,1073070079,1073475583,1071640575,1073741823,1073741823,1073741823,1073741823:l6
1073741823,1073741823,1073741823,1073741823,1073741823,1073479679,1071050751,1073184767,1073069055,1073479679,1071640575,1073741823,1073741823,1073741823,1073741823:l6
1073741823,1073741823,1073741823,1073741823,1073741823,1073479679,1071050751,1073184767,1073070079,1073479679,1071624191,1073741823,1073741823,1073741823,1073741823:l6
1073741823,1073741823,1073741823,1073741823,1073741823,1073479679,1066856447,1073184767,1073070079,1073479679,1071640575,1073741823,1073741823,1073741823,1073741823:l6
1073741823,1073741823,1073741823,1073741823,1073741823,1073479679,1071050751,1072136191,1073070079,1073479679,1071640575,1073741823,1073741823,1073741823,1073741823:l6
1073741823,1073741823,1073741823,1073741823,1073741823,1073479679,1071050751,1073184767,1068875775,1073479679,1071640575,1073741823,1073741823,1073741823,1073741823:l6
1073741823,1073741823,1073741823,1073741823,1073741823,1073479679,1071050751,1073184767,1073070079,1073479679,1067446271,1073741823,1073741823,1073741823,1073741823:l6
1073741823,1073741823,1073741823,1073741823,1073741823,1073479679,1071050751,1073184767,1073070079,1072431103,1071640575,1073741823,1073741823,1073741823,1073741823:l6
1073741823,1073741823,1073741823,1073741823,1073741823,1073479679,1071050751,1073184767,1073070079,1073479679,1071378431,1073741823,1073741823,1073741823,1073741823:l6
1073741823,1073741823,1073741823,1073741823,1073741823,1073479679,1071050751,1073184767,1073069823,1073479679,1071640575,1073741823,1073741823,1073741823,1073741823:l6
1073741823,1073741823,1073741823,1073741823,1073741823,1073479679,1071050495,1073184767,1073070079,1073479679,1071640575,1073741823,1073741823,1073741823,1073741823:l6
1073741823,1073741823,1073741823,1073741823,1073741823,1073479679,1071049727,1073184767,1073070079,1073479679,1071640575,1073741823,1073741823,1073741823,1073741823:l6
1073741823,1073741823,1073741823,1073741823,1073741567,1073479679,1071050751,1073184767,1073070079,1073479679,1071640575,1073741823,1073741823,1073741823,1073741823:l6
1073741823,1073741823,1073741823,1073741823,1073741823,1073475583,1071050751,1073184767,1073070079,1073479679,1071640575,1073741823,1073741823,1073741823,1073741823:l6
1073741823,1073741823,1073741823,1073741823,1073741823,1073479679,1071050751,1073184767,1073070079,1073479679,1071575039,1073741823,1073741823,1073741823,1073741823:l6
1073741823,1073741823,1073741823,1073741823,1073741823,1073479679,1071050751,1073184767,1073070079,1073414143,1071640575,1073741823,1073741823,1073741823,1073741823:l6
1073741823,1073741823,1073741823,1073741823,1073737727,1073479679,1071050751,1073184767,1073070079,1073479679,1071640575,1073741823,1073741823,1073741823,1073741823:l6
1073741823,1073741823,1073741823,1073741823,1073676287,1073479679,1071050751,1073184767,1073070079,1073479679,1071640575,1073741823,1073741823,1073741823,1073741823:l6
1073741823,1073741823,1073741823,1073741823,1073741823,1073414143,1071050751,1073184767,1073070079,1073479679,1071640575,1073741823,1073741823,1073741823,1073741823:l6
1073741823,1073741823,1073741823,1073741823,1072693247,1073479679,1071050751,1073184767,1073070079,1073479679,1071640575,1073741823,1073741823,1073741823,1073741823:l6
1073741823,1073741823,1073741823,1073741823,1073741823,1073479679,1071050751,1073184767,1072021503,1073479679,1071640575,1073741823,1073741823,1073741823,1073741823:l6
1073741823,1073741823,1073741823,1073741823,1073741823,1073479679,1071050751,1073184767,1073070079,1073478655,1071640575,1073741823,1073741823,1073741823,1073741823:l6
1073741823,1073741823,1073741823,1073741823,1073741823,1073479679,1071050751,1073184767,1073065983,1073479679,1071640575,1073741823,1073741823,1073741823,1073741823:l6
1073741823,1073741823,1073741823,1073741823,1073741823,1073479679,1071050751,1073183743,1073070079,1073479679,1071640575,1073741823,1073741823,1073741823,1073741823:l6
1073741823,1073741823,1073741823,1073741823,1073741823,1073479679,1071050751,1073180671,1073070079,1073479679,1071640575,1073741823,1073741823,1073741823,1073741823:l6
1073741823,1073741823,1073741823,1073741823,1073741823,1073478655,1071050751,1073184767,1073070079,1073479679,1071640575,1073741823,1073741823,1073741823,1073741823:l6
1073741823,1073741823,1073741823,1073741823,1073741823,1073463295,1071050751,1073184767,1073070079,1073479679,1071640575,1073741823,1073741823,1073741823,1073741823:l6
1073741823,1073741823,1073741823,1073741823,1073741823,1073479679,1071034367,1073184767,1073070079,1073479679,1071640575,1073741823,1073741823,1073741823,1073741823:l6
1073741823,1073741823,1073741823,1073741823,1073741823,1073479679,1071050751,1073119231,1073070079,1073479679,1071640575,1073741823,1073741823,1073741823,1073741823:l6
1073741823,1073741823,1073741823,1073741823,1073741823,1073479679,1071050751,1073184767,1073070079,1073463295,1071640575,1073741823,1073741823,1073741823,1073741823:k8
1073741823,1073741823,1073741823,1073741823,1073741823,1073479679,1073147903,1073184767,1073070079,1073725439,1071640575,1073741823,1073741823,1073741823,1073741823:j10
1073741823,1073741823,1073741823,1073741823,1073741823,1073741823,1073147903,1073119231,1073070079,1073741823,1073737727,1073741823,1073741823,1073741823,1073741823:j6
1073741823,1073741823,1073741823,1073741823,1073741823,1073741823,1073147903,1073184767,1073070079,1073479679,1073737727,1073741823,1073741823,1073741823,1073741823:j6
1073741823,1073741823,1073741823,1073725439,1073741823,1073217535,1073147903,1073184767,1073070079,1073479679,1073737727,1073741823,1073741823,1073741823,1073741823:j5
1073741823,1073741823,1073741823,1073479679,1073741823,1073217535,1073147903,1073184767,1073070079,1073479679,1073737727,1073741823,1073741823,1073741823,1073741823:j5
1073741823,1073741823,1073741823,1069547519,1073741823,1073217535,1073147903,1073184767,1073070079,1073479679,1073737727,1073741823,1073741823,1073741823,1073741823:j5
1073741823,1073741823,1073741823,1073741823,1073741823,1073217535,1073147903,1073184767,1073070079,1073479679,1073737727,1069547519,1073741823,1073741823,1073741823:j5
1073741823,1073741823,1073741823,1073741823,1073741823,1073217535,1073147903,1073184767,1073070079,1073479679,1073737727,1073479679,1073741823,1073741823,1073741823:j5
1073741823,1073741823,1073741823,1073741823,1073725439,1073217535,1073147903,1073184767,1073070079,1073479679,1073737727,1073741823,1073741823,1073741823,1073741823:j5
1073741823,1073741823,1073741823,1073741823,1073479679,1073217535,1073147903,1073184767,1073070079,1073479679,1073737727,1073741823,1073741823,1073741823,1073741823:l6
1073741823,1073741823,1073741823,1073741823,1069547519,1073217535,1073147903,1073184767,1073070079,1073479679,1073737727,1073741823,1073741823,1073741823,1073741823:j5
1073741823,1073741823,1073741823,1073741823,1073741823,1072168959,1073147903,1073184767,1073070079,1073479679,1073737727,1073741823,1073741823,1073741823,1073741823:j5
1073741823,1073741823,1073741823,1073741823,1073741823,1073217535,1073147903,1073184767,1073070079,1073479679,1073737727,1073741823,1073741567,1073741823,1073741823:j5
1073741823,1073741823,1073741823,1073741823,1073741823,1073217535,1073147903,1073184767,1073070079,1073479679,1073737727,1073740799,1073741823,1073741823,1073741823:j5
1073741823,1073741823,1073741823,1073741823,1073741823,1073217535,1073147903,1073184767,1073070079,1073479679,1073737471,1073741823,1073741823,1073741823,1073741823:j5
1073741823,1073741823,1073741823,1073741823,1073741823,1073217535,1073147903,1073184767,1073070079,1073479679,1073737727,1073741823,1073676287,1073741823,1073741823:j5
1073741823,1073741823,1073741823,1073741823,1073741823,1073217535,1073147903,1073184767,1073070079,1073479679,1073737727,1073725439,1073741823,1073741823,1073741823:j5
1073741823,1073741823,1073741823,1073741823,1073741823,1073217535,1073147903,1073184767,1073070079,1073479679,1073737727,1073741823,1073737727,1073741823,1073741823:j5
1073741823,1073741823,1073741823,1073741823,1073741823,1073217535,1073147903,1073184767,1073070079,1073479679,1073737727,1073737727,1073741823,1073741823,1073741823:j5
1073741823,1073741823,1073741823,1073741823,1073741823,1069023231,1073147903,1073184767,1073070079,1073479679,1073737727,1073741823,1073741823,1073741823,1073741823:j5
1073741823,1073741823,1073741823,1073741823,1073741823,1073217535,1073147903,1068990463,1073070079,1073479679,1073737727,1073741823,1073741823,1073741823,1073741823:j5
1073741823,1073741823,1073741823,1073741823,1073741823,1073217535,1073147903,1073184767,1073070079,1069285375,1073737727,1073741823,1073741823,1073741823,1073741823:j5
1073741823,1073741823,1073741823,1073741823,1073741823,1073217535,1073147903,1073184767,1073070079,1073479679,1073736703,1073741823,1073741823,1073741823,1073741823:j5
1073741823,1073741823,1073741823,1073741823,1073741823,1073217535,1073147903,1073184767,1073070079,1073475583,1073737727,1073741823,1073741823,1073741823,1073741823:j5
1073741823,1073741823,1073741823,1073741823,1073741823,1073217535,1073147903,1073184767,1073069055,1073479679,1073737727,1073741823,1073741823,1073741823,1073741823:j5
1073741823,1073741823,1073741823,1073741823,1073741823,1073217535,1073147903,1073184767,1073070079,1073479679,1073721343,1073741823,1073741823,1073741823,1073741823:j5
1073741823,1073741823,1073741823,1073741823,1073741823,1073217535,1068953599,1073184767,1073070079,1073479679,1073737727,1073741823,1073741823,1073741823,1073741823:j5
1073741823,1073741823,1073741823,1073741823,1073741823,1073217535,1073147903,1072136191,1073070079,1073479679,1073737727,1073741823,1073741823,1073741823,1073741823:j5
1073741823,1073741823,1073741823,1073741823,1073741823,1073217535,1073147903,1073184767,1068875775,1073479679,1073737727,1073741823,1073741823,1073741823,1073741823:j5
1073741823,1073741823,1073741823,1073741823,1073741823,1073217535,1073147903,1073184767,1073070079,1073479679,1069543423,1073741823,1073741823,1073741823,1073741823:j5
1073741823,1073741823,1073741823,1073741823,1073741823,1073217535,1073147903,1073184767,1073070079,1072431103,1073737727,1073741823,1073741823,1073741823,1073741823:j5
1073741823,1073741823,1073741823,1073741823,1073741823,1073217535,1073147903,1073184767,1073070079,1073479679,1073475583,1073741823,1073741823,1073741823,1073741823:j5
1073741823,1073741823,1073741823,1073741823,1073741823,1073217535,1073147903,1073184767,1073069823,1073479679,1073737727,1073741823,1073741823,1073741823,1073741823:j5
1073741823,1073741823,1073741823,1073741823,1073741823,1073217535,1073147647,1073184767,1073070079,1073479679,1073737727,1073741823,1073741823,1073741823,1073741823:j5
1073741823,1073741823,1073741823,1073741823,1073741823,1073217535,1073146879,1073184767,1073070079,1073479679,1073737727,1073741823,1073741823,1073741823,1073741823:j5
1073741823,1073741823,1073741823,1073741823,1073741567,1073217535,1073147903,1073184767,1073070079,1073479679,1073737727,1073741823,1073741823,1073741823,1073741823:j5
1073741823,1073741823,1073741823,1073741823,1073741823,1073213439,1073147903,1073184767,1073070079,1073479679,1073737727,1073741823,1073741823,1073741823,1073741823:j5
1073741823,1073741823,1073741823,1073741823,1073741823,1073217535,1073147903,1073184767,1073070079,1073479679,1072689151,1073741823,1073741823,1073741823,1073741823:j5
1073741823,1073741823,1073741823,1073741823,1073741823,1073217535,1073147903,1073184767,1073070079,1073479679,1073672191,1073741823,1073741823,1073741823,1073741823:j5
1073741823,1073741823,1073741823,1073741823,1073741823,1073217535,1073147903,1073184767,1073070079,1073414143,1073737727,1073741823,1073741823,1073741823,1073741823:j5
1073741823,1073741823,1073741823,1073741823,1073737727,1073217535,1073147903,1073184767,1073070079,1073479679,1073737727,1073741823,1073741823,1073741823,1073741823:j5
1073741823,1073741823,1073741823,1073741823,1073676287,1073217535,1073147903,1073184767,1073070079,1073479679,1073737727,1073741823,1073741823,1073741823,1073741823:j5
1073741823,1073741823,1073741823,1073741823,1073741823,1073151999,1073147903,1073184767,1073070079,1073479679,1073737727,1073741823,1073741823,1073741823,1073741823:j5
1073741823,1073741823,1073741823,1073741823,1072693247,1073217535,1073147903,1073184767,1073070079,1073479679,1073737727,1073741823,1073741823,1073741823,1073741823:j5
1073741823,1073741823,1073741823,1073741823,1073741823,1073217535,1072099327,1073184767,1073070079,1073479679,1073737727,1073741823,1073741823,1073741823,1073741823:j5
1073741823,1073741823,1073741823,1073741823,1073741823,1073217535,1073147903,1073184767,1072021503,1073479679,1073737727,1073741823,1073741823,1073741823,1073741823:j5
1073741823,1073741823,1073741823,1073741823,1073741823,1073217535,1073147903,1073184767,1073070079,1073478655,1073737727,1073741823,1073741823,1073741823,1073741823:j5
1073741823,1073741823,1073741823,1073741823,1073741823,1073217535,1073147903,1073184767,1073065983,1073479679,1073737727,1073741823,1073741823,1073741823,1073741823:j5
1073741823,1073741823,1073741823,1073741823,1073741823,1073217535,1073147903,1073183743,1073070079,1073479679,1073737727,1073741823,1073741823,1073741823,1073741823:j5
1073741823,1073741823,1073741823,1073741823,1073741823,1073217535,1073147903,1073180671,1073070079,1073479679,1073737727,1073741823,1073741823,1073741823,1073741823:j5
1073741823,1073741823,1073741823,1073741823,1073741823,1073216511,1073147903,1073184767,1073070079,1073479679,1073737727,1073741823,1073741823,1073741823,1073741823:j5
1073741823,1073741823,1073741823,1073741823,1073741823,1073201151,1073147903,1073184767,1073070079,1073479679,1073737727,1073741823,1073741823,1073741823,1073741823:j5
1073741823,1073741823,1073741823,1073741823,1073741823,1073217535,1073131519,1073184767,1073070079,1073479679,1073737727,1073741823,1073741823,1073741823,1073741823:j5
1073741823,1073741823,1073741823,1073741823,1073741823,1073217535,1073147903,1073119231,1073070079,1073479679,1073737727,1073741823,1073741823,1073741823,1073741823:j5
1073741823,1073741823,1073741823,1073741823,1073741823,1073217535,1073147903,1073184767,1073070079,1073463295,1073737727,1073741823,1073741823,1073741823,1073741823:j5
1073741823,1073741823,1073741823,1073741823,1073741823,1073741823,1073147903,1073184767,1073070079,1073725439,1073737727,1073741823,1073741823,1073741823,1073741823:j6
