1073741823,1073741823,1073741823,1073724415,1073741823,1073741823,1073610751,1073709055,1073610751,1073479679,1073741823,1073741823,1073741823,1073741823,1073741823:i6
1073741823,1073741823,1073741823,1073724415,1073741823,1073606655,1073610751,1073709055,1073610751,1073479679,1073741823,1073741823,1073741823,1073741823,1073741823:i8
1073741823,1073741823,1073741823,1072675839,1073741823,1073610751,1073610751,1073709055,1073610751,1073479679,1073741823,1073741823,1073741823,1073741823,1073741823:i8
1073741823,1073741823,1073741823,1073724415,1073479679,1073610751,1073610751,1073709055,1073610751,1073479679,1073741823,1073741823,1073741823,1073741823,1073741823:i8
1073741823,1073741823,1073741823,1073724415,1073741823,1072562175,1073610751,1073709055,1073610751,1073479679,1073741823,1073741823,1073741823,1073741823,1073741823:i8
1073741823,1073741823,1073741823,1073724415,1073741823,1073610751,1073610751,1072660479,1073610751,1073479679,1073741823,1073741823,1073741823,1073741823,1073741823:i8
1073741823,1073741823,1073741823,1073724415,1073741823,1073610751,1073610751,1073709055,1073610751,1073479679,1073741823,1073725439,1073741823,1073741823,1073741823:i8
1073741823,1073741823,1073741823,1073724415,1073741823,1073610751,1073610751,1069514751,1073610751,1073479679,1073741823,1073741823,1073741823,1073741823,1073741823:i8
1073741823,1073741823,1073741823,1073724415,1073741823,1073610751,1073610751,1073709055,1073610751,1069285375,1073741823,1073741823,1073741823,1073741823,1073741823:i8
1073741823,1073741823,1073741823,1073724415,1073741823,1073610751,1073610751,1073709055,1073610751,1072431103,1073741823,1073741823,1073741823,1073741823,1073741823:i8
1073741823,1073741823,1073741823,1073724415,1073741823,1073610751,1073610751,1073709055,1073610751,1073479679,1073741823,1069547519,1073741823,1073741823,1073741823:i8
1073741823,1073741823,1073741823,1073724415,1073741823,1073610751,1073610751,1073709055,1073610751,1073479679,1073741823,1073479679,1073741823,1073741823,1073741823:i8
1073741823,1073741823,1073741823,1073724415,1073741823,1073610751,1073610751,1073709055,1073610751,1073479679,1073479679,1073741823,1073741823,1073741823,1073741823:i8
1073741823,1073741823,1073741823,1073724415,1072693247,1073610751,1073610751,1073709055,1073610751,1073479679,1073741823,1073741823,1073741823,1073741823,1073741823:i8
1073741823,1073741823,1073741823,1073724415,1073741823,1073610751,1073348607,1073709055,1073610751,1073479679,1073741823,1073741823,1073741823,1073741823,1073741823:i8
1073741823,1073741823,1073741823,1073724415,1073741823,1073610687,1073610751,1073709055,1073610751,1073479679,1073741823,1073741823,1073741823,1073741823,1073741823:i8
1073741823,1073741823,1073741823,1073724415,1073741567,1073610751,1073610751,1073709055,1073610751,1073479679,1073741823,1073741823,1073741823,1073741823,1073741823:i8
1073741823,1073741823,1073741823,1073724351,1073741823,1073610751,1073610751,1073709055,1073610751,1073479679,1073741823,1073741823,1073741823,1073741823,1073741823:i8
1073741823,1073741823,1073741823,1073724159,1073741823,1073610751,1073610751,1073709055,1073610751,1073479679,1073741823,1073741823,1073741823,1073741823,1073741823:i8
1073741823,1073741759,1073741823,1073724415,1073741823,1073610751,1073610751,1073709055,1073610751,1073479679,1073741823,1073741823,1073741823,1073741823,1073741823:i8
1073741823,1073741823,1073741567,1073724415,1073741823,1073610751,1073610751,1073709055,1073610751,1073479679,1073741823,1073741823,1073741823,1073741823,1073741823:i8
1073741823,1073741823,1073740799,1073724415,1073741823,1073610751,1073610751,1073709055,1073610751,1073479679,1073741823,1073741823,1073741823,1073741823,1073741823:i8
1073741823,1073741823,1073741823,1073724415,1073740799,1073610751,1073610751,1073709055,1073610751,1073479679,1073741823,1073741823,1073741823,1073741823,1073741823:i8
1073741823,1073741823,1073741823,1073724415,1073741823,1073610751,1073610751,1073709055,1073610751,1073479679,1073737727,1073741823,1073741823,1073741823,1073741823:i8
1073741823,1073741823,1073741823,1073724415,1073741823,1073610751,1072562175,1073709055,1073610751,1073479679,1073741823,1073741823,1073741823,1073741823,1073741823:i8
1073741823,1073741823,1073741823,1073724415,1073741823,1073610751,1073610751,1073709055,1072562175,1073479679,1073741823,1073741823,1073741823,1073741823,1073741823:i8
1073741823,1073741823,1073741823,1073724415,1073741823,1073610751,1073610751,1073709055,1073348607,1073479679,1073741823,1073741823,1073741823,1073741823,1073741823:i8
1073741823,1073741823,1073741823,1073724415,1073741823,1073610751,1073610751,1073709055,1073610751,1073479679,1072693247,1073741823,1073741823,1073741823,1073741823:i8
1073741823,1073741823,1073741823,1073724415,1073741823,1073610751,1073610751,1073709055,1073610751,1073479679,1073676287,1073741823,1073741823,1073741823,1073741823:i8
1073741823,1073741823,1073741823,1073724415,1073741823,1073610751,1073610751,1073709055,1073610751,1073414143,1073741823,1073741823,1073741823,1073741823,1073741823:i8
1073741823,1073741823,1073741823,1073724415,1073737727,1073610751,1073610751,1073709055,1073610751,1073479679,1073741823,1073741823,1073741823,1073741823,1073741823:i8
1073741823,1073741823,1073741823,1073720319,1073741823,1073610751,1073610751,1073709055,1073610751,1073479679,1073741823,1073741823,1073741823,1073741823,1073741823:i8
1073741823,1073740799,1073741823,1073724415,1073741823,1073610751,1073610751,1073709055,1073610751,1073479679,1073741823,1073741823,1073741823,1073741823,1073741823:i8
1073741823,1073741823,1073737727,1073724415,1073741823,1073610751,1073610751,1073709055,1073610751,1073479679,1073741823,1073741823,1073741823,1073741823,1073741823:i8
1073741823,1073725439,1073741823,1073724415,1073741823,1073610751,1073610751,1073709055,1073610751,1073479679,1073741823,1073741823,1073741823,1073741823,1073741823:i8
1073741823,1073741823,1073725439,1073724415,1073741823,1073610751,1073610751,1073709055,1073610751,1073479679,1073741823,1073741823,1073741823,1073741823,1073741823:i8
1073741823,1073479679,1073741823,1073724415,1073741823,1073610751,1073610751,1073709055,1073610751,1073479679,1073741823,1073741823,1073741823,1073741823,1073741823:i8
1073741823,1073741823,1073676287,1073724415,1073741823,1073610751,1073610751,1073709055,1073610751,1073479679,1073741823,1073741823,1073741823,1073741823,1073741823:i8
1073741823,1073741823,1073741823,1073462271,1073741823,1073610751,1073610751,1073709055,1073610751,1073479679,1073741823,1073741823,1073741823,1073741823,1073741823:i8
1073741823,1073741823,1073741823,1073658879,1073741823,1073610751,1073610751,1073709055,1073610751,1073479679,1073741823,1073741823,1073741823,1073741823,1073741823:i8
1073741823,1073741823,1073741823,1073724415,1073676287,1073610751,1073610751,1073709055,1073610751,1073479679,1073741823,1073741823,1073741823,1073741823,1073741823:i8
1073741823,1073741823,1073741823,1073724415,1073725439,1073610751,1073610751,1073709055,1073610751,1073479679,1073741823,1073741823,1073741823,1073741823,1073741823:i8
1073741823,1073741823,1073741823,1073724415,1073741823,1073610751,1073610751,1073709055,1073610751,1073478655,1073741823,1073741823,1073741823,1073741823,1073741823:i8
1073741823,1073741823,1073741823,1073724415,1073741823,1073610751,1073610751,1073709055,1073606655,1073479679,1073741823,1073741823,1073741823,1073741823,1073741823:i8
1073741823,1073741823,1073741823,1073724415,1073741823,1073610751,1073610751,1073708031,1073610751,1073479679,1073741823,1073741823,1073741823,1073741823,1073741823:i8
1073741823,1073741823,1073741823,1073724415,1073741823,1073610751,1073610751,1073704959,1073610751,1073479679,1073741823,1073741823,1073741823,1073741823,1073741823:i8
1073741823,1073741823,1073741823,1073724415,1073741823,1073609727,1073610751,1073709055,1073610751,1073479679,1073741823,1073741823,1073741823,1073741823,1073741823:i8
1073741823,1073741823,1073741823,1073724415,1073741823,1073610751,1073606655,1073709055,1073610751,1073479679,1073741823,1073741823,1073741823,1073741823,1073741823:i8
1073741823,1073741823,1073741823,1073724415,1073741823,1073594367,1073610751,1073709055,1073610751,1073479679,1073741823,1073741823,1073741823,1073741823,1073741823:i8
1073741823,1073741823,1073741823,1073724415,1073741823,1073610751,1073594367,1073709055,1073610751,1073479679,1073741823,1073741823,1073741823,1073741823,1073741823:i8
1073741823,1073741823,1073741823,1073724415,1073741823,1073348607,1073610751,1073709055,1073610751,1073479679,1073741823,1073741823,1073741823,1073741823,1073741823:i8
1073741823,1073741823,1073741823,1073724415,1073741823,1073610751,1073610751,1073446911,1073610751,1073479679,1073741823,1073741823,1073741823,1073741823,1073741823:i8
1073741823,1073741823,1073741823,1073724415,1073741823,1073610751,1073610751,1073643519,1073610751,1073479679,1073741823,1073741823,1073741823,1073741823,1073741823:j6
1073741823,1073741823,1073741823,1069530111,1073741823,1073086463,1073610751,1073643519,1073610751,1073479679,1073741823,1073741823,1073741823,1073741823,1073741823:h6
1073741823,1073741823,1073741823,1073724415,1073741823,1068892159,1073610751,1073643519,1073610751,1073479679,1073741823,1073741823,1073741823,1073741823,1073741823:h6
1073741823,1073741823,1073741823,1073724415,1073741823,1073086463,1073610751,1073643519,1073610751,1073475583,1073741823,1073741823,1073741823,1073741823,1073741823:h6
1073741823,1073741823,1073741823,1073724415,1073741823,1073082367,1073610751,1073643519,1073610751,1073479679,1073741823,1073741823,1073741823,1073741823,1073741823:l6
1073741823,1073741823,1073741823,1072675839,1073741823,1073086463,1073610751,1073643519,1073610751,1073479679,1073741823,1073741823,1073741823,1073741823,1073741823:h6
1073741823,1073741823,1073741823,1073724415,1073479679,1073086463,1073610751,1073643519,1073610751,1073479679,1073741823,1073741823,1073741823,1073741823,1073741823:h6
1073741823,1073741823,1073741823,1073724415,1073741823,1072037887,1073610751,1073643519,1073610751,1073479679,1073741823,1073741823,1073741823,1073741823,1073741823:k5
1073741823,1073741823,1073741823,1073724415,1073741823,1073086463,1073610751,1072594943,1073610751,1073479679,1073741823,1073741823,1073741823,1073741823,1073741823:h6
1073741823,1073741823,1073741823,1073724415,1073741823,1073086463,1073610751,1073643519,1073610751,1073479679,1073741823,1073725439,1073741823,1073741823,1073741823:h6
1073741823,1073741823,1073741823,1073724415,1073741823,1073086463,1073610751,1069449215,1073610751,1073479679,1073741823,1073741823,1073741823,1073741823,1073741823:h6
1073741823,1073741823,1073741823,1073724415,1073741823,1073086463,1073610751,1073643519,1073610751,1069285375,1073741823,1073741823,1073741823,1073741823,1073741823:h6
1073741823,1073741823,1073741823,1073724415,1073741823,1073086463,1073610751,1073643519,1073610751,1072431103,1073741823,1073741823,1073741823,1073741823,1073741823:k5
1073741823,1073741823,1073741823,1073724415,1073741823,1073086463,1073610751,1073643519,1073610751,1073479679,1073741823,1069547519,1073741823,1073741823,1073741823:h6
1073741823,1073741823,1073741823,1073724415,1073741823,1073086463,1073610751,1073643519,1073610751,1073479679,1073741823,1073479679,1073741823,1073741823,1073741823:h6
1073741823,1073741823,1073741823,1073724415,1073741823,1073086463,1073610751,1073643519,1073610751,1073479679,1073479679,1073741823,1073741823,1073741823,1073741823:h6
1073741823,1073741823,1073741823,1073724415,1072693247,1073086463,1073610751,1073643519,1073610751,1073479679,1073741823,1073741823,1073741823,1073741823,1073741823:h6
1073741823,1073741823,1073741823,1073724415,1073741823,1073086463,1073348607,1073643519,1073610751,1073479679,1073741823,1073741823,1073741823,1073741823,1073741823:h6
1073741823,1073741823,1073741823,1073724415,1073741823,1073086399,1073610751,1073643519,1073610751,1073479679,1073741823,1073741823,1073741823,1073741823,1073741823:h6
1073741823,1073741823,1073741823,1073724415,1073741567,1073086463,1073610751,1073643519,1073610751,1073479679,1073741823,1073741823,1073741823,1073741823,1073741823:h6
1073741823,1073741823,1073741823,1073724351,1073741823,1073086463,1073610751,1073643519,1073610751,1073479679,1073741823,1073741823,1073741823,1073741823,1073741823:k5
1073741823,1073741823,1073741823,1073724159,1073741823,1073086463,1073610751,1073643519,1073610751,1073479679,1073741823,1073741823,1073741823,1073741823,1073741823:k5
1073741823,1073741759,1073741823,1073724415,1073741823,1073086463,1073610751,1073643519,1073610751,1073479679,1073741823,1073741823,1073741823,1073741823,1073741823:h6
1073741823,1073741823,1073741567,1073724415,1073741823,1073086463,1073610751,1073643519,1073610751,1073479679,1073741823,1073741823,1073741823,1073741823,1073741823:h6
1073741823,1073741823,1073740799,1073724415,1073741823,1073086463,1073610751,1073643519,1073610751,1073479679,1073741823,1073741823,1073741823,1073741823,1073741823:h6
1073741823,1073741823,1073741823,1073724415,1073740799,1073086463,1073610751,1073643519,1073610751,1073479679,1073741823,1073741823,1073741823,1073741823,1073741823:h6
1073741823,1073741823,1073741823,1073724415,1073741823,1073086463,1073610751,1073643519,1073610751,1073479679,1073737727,1073741823,1073741823,1073741823,1073741823:h6
1073741823,1073741823,1073741823,1073724415,1073741823,1073086463,1072562175,1073643519,1073610751,1073479679,1073741823,1073741823,1073741823,1073741823,1073741823:h6
1073741823,1073741823,1073741823,1073724415,1073741823,1073086463,1073610751,1073643519,1072562175,1073479679,1073741823,1073741823,1073741823,1073741823,1073741823:h6
1073741823,1073741823,1073741823,1073724415,1073741823,1073086463,1073610751,1073643519,1073348607,1073479679,1073741823,1073741823,1073741823,1073741823,1073741823:h6
1073741823,1073741823,1073741823,1073724415,1073741823,1073086463,1073610751,1073643519,1073610751,1073479679,1072693247,1073741823,1073741823,1073741823,1073741823:h6
1073741823,1073741823,1073741823,1073724415,1073741823,1073086463,1073610751,1073643519,1073610751,1073479679,1073676287,1073741823,1073741823,1073741823,1073741823:h6
1073741823,1073741823,1073741823,1073724415,1073741823,1073086463,1073610751,1073643519,1073610751,1073414143,1073741823,1073741823,1073741823,1073741823,1073741823:h6
1073741823,1073741823,1073741823,1073724415,1073737727,1073086463,1073610751,1073643519,1073610751,1073479679,1073741823,1073741823,1073741823,1073741823,1073741823:h6
1073741823,1073741823,1073741823,1073720319,1073741823,1073086463,1073610751,1073643519,1073610751,1073479679,1073741823,1073741823,1073741823,1073741823,1073741823:k5
1073741823,1073740799,1073741823,1073724415,1073741823,1073086463,1073610751,1073643519,1073610751,1073479679,1073741823,1073741823,1073741823,1073741823,1073741823:h6
1073741823,1073741823,1073737727,1073724415,1073741823,1073086463,1073610751,1073643519,1073610751,1073479679,1073741823,1073741823,1073741823,1073741823,1073741823:h6
1073741823,1073725439,1073741823,1073724415,1073741823,1073086463,1073610751,1073643519,1073610751,1073479679,1073741823,1073741823,1073741823,1073741823,1073741823:h6
1073741823,1073741823,1073725439,1073724415,1073741823,1073086463,1073610751,1073643519,1073610751,1073479679,1073741823,1073741823,1073741823,1073741823,1073741823:h6
1073741823,1073479679,1073741823,1073724415,1073741823,1073086463,1073610751,1073643519,1073610751,1073479679,1073741823,1073741823,1073741823,1073741823,1073741823:h6
1073741823,1073741823,1073676287,1073724415,1073741823,1073086463,1073610751,1073643519,1073610751,1073479679,1073741823,1073741823,1073741823,1073741823,1073741823:h6
1073741823,1073741823,1073741823,1073462271,1073741823,1073086463,1073610751,1073643519,1073610751,1073479679,1073741823,1073741823,1073741823,1073741823,1073741823:k5
1073741823,1073741823,1073741823,1073658879,1073741823,1073086463,1073610751,1073643519,1073610751,1073479679,1073741823,1073741823,1073741823,1073741823,1073741823:k5
1073741823,1073741823,1073741823,1073724415,1073676287,1073086463,1073610751,1073643519,1073610751,1073479679,1073741823,1073741823,1073741823,1073741823,1073741823:h6
1073741823,1073741823,1073741823,1073724415,1073725439,1073086463,1073610751,1073643519,1073610751,1073479679,1073741823,1073741823,1073741823,1073741823,1073741823:h6
1073741823,1073741823,1073741823,1073724415,1073741823,1073086463,1073610751,1073643519,1073610751,1073478655,1073741823,1073741823,1073741823,1073741823,1073741823:h6
1073741823,1073741823,1073741823,1073724415,1073741823,1073086463,1073610751,1073643519,1073606655,1073479679,1073741823,1073741823,1073741823,1073741823,1073741823:l6
1073741823,1073741823,1073741823,1073724415,1073741823,1073086463,1073610751,1073642495,1073610751,1073479679,1073741823,1073741823,1073741823,1073741823,1073741823:h6
1073741823,1073741823,1073741823,1073724415,1073741823,1073086463,1073610751,1073639423,1073610751,1073479679,1073741823,1073741823,1073741823,1073741823,1073741823:h6
1073741823,1073741823,1073741823,1073724415,1073741823,1073085439,1073610751,1073643519,1073610751,1073479679,1073741823,1073741823,1073741823,1073741823,1073741823:h6
1073741823,1073741823,1073741823,1073724415,1073741823,1073086463,1073606655,1073643519,1073610751,1073479679,1073741823,1073741823,1073741823,1073741823,1073741823:h6
1073741823,1073741823,1073741823,1073724415,1073741823,1073070079,1073610751,1073643519,1073610751,1073479679,1073741823,1073741823,1073741823,1073741823,1073741823:k5
1073741823,1073741823,1073741823,1073724415,1073741823,1073086463,1073594367,1073643519,1073610751,1073479679,1073741823,1073741823,1073741823,1073741823,1073741823:k5
1073741823,1073741823,1073741823,1073724415,1073741823,1073086463,1073610751,1073381375,1073610751,1073479679,1073741823,1073741823,1073741823,1073741823,1073741823:h6
1073741823,1073741823,1073741823,1073724415,1073741823,1073086463,1073610751,1073643519,1073610751,1073463295,1073741823,1073741823,1073741823,1073741823,1073741823:k5
1073741823,1073741823,1073741823,1073724415,1073741823,1073086463,1073610751,1073643519,1073594367,1073479679,1073741823,1073741823,1073741823,1073741823,1073741823:k5
1073741823,1073741823,1073741823,1073724415,1073741823,1073610751,1073610751,1073709055,1073610751,1073463295,1073741823,1073741823,1073741823,1073741823,1073741823:i8
1073741823,1073741823,1073741823,1073724415,1073741823,1073610751,1073610751,1073709055,1073594367,1073479679,1073741823,1073741823,1073741823,1073741823,1073741823:i8
