1073741823,1073741823,1073741823,1073741823,1073741823,1073741823,1073672191,1073709055,1073086463,1073201151,1072693247,1073741823,1073741823,1073741823,1073741823:k9
1073741823,1073741823,1073741823,1073741823,1073741823,1073741823,1056894975,1073709055,1070989311,1073201151,1072693247,1073741823,1073741823,1073741823,1073741823:h9
1073741823,1073741823,1073741823,1073741823,1073741823,1073741823,1073672191,1073709055,1070989311,1073201151,1072693247,1073741823,1073676287,1073741823,1073741823:h9
1073741823,1073741823,1073741823,1073741823,1073741823,1073741823,1073672191,1073709055,1054212095,1073201151,1072693247,1073741823,1073741823,1073741823,1073741823:h9
1073741823,1073741823,1073741823,1073741823,1073741823,1073741823,1073672191,1073709055,1070989311,1073201151,1055916031,1073741823,1073741823,1073741823,1073741823:h9
1073741823,1073741823,1073741823,1073741823,1073741823,1073741823,1073672191,1073709055,1070989311,1073201151,1072693247,1073741823,1056964607,1073741823,1073741823:h9
1073741823,1073741823,1073741823,1073741823,1073741823,1073741823,1073672191,1073709055,1070989311,1073201151,1072693247,1073741823,1072693247,1073741823,1073741823:h9
1073741823,1073741823,1073741823,1073741823,1073741823,1073741823,1073672191,1073709055,1070989311,1073201151,1072693247,1072693247,1073741823,1073741823,1073741823:h9
1073741823,1073741823,1073741823,1073741823,1073741823,1073741823,1073672191,1069514751,1070989311,1073201151,1072693247,1073741823,1073741823,1073741823,1073741823:h9
1073741823,1073741823,1073741823,1073741823,1073741823,1073741823,1073672191,1073709055,1070989311,1069006847,1072693247,1073741823,1073741823,1073741823,1073741823:h9
1073741823,1073741823,1073741823,1073741823,1073741823,1073741823,1073672191,1073709055,1070989311,1073201151,1072693247,1069547519,1073741823,1073741823,1073741823:h9
1073741823,1073741823,1073741823,1073741823,1073741823,1073741823,1073672191,1073709055,1070989311,1073201151,1072693247,1073740799,1073741823,1073741823,1073741823:h9
1073741823,1073741823,1073741823,1073741823,1073741823,1073741823,1073672191,1073709055,1070989311,1073197055,1072693247,1073741823,1073741823,1073741823,1073741823:h9
1073741823,1073741823,1073741823,1073741823,1073741823,1073741823,1073672191,1073709055,1070989311,1073201151,1072693247,1073479679,1073741823,1073741823,1073741823:h9
1073741823,1073741823,1073741823,1073741823,1073741823,1073741823,1073672191,1073709055,1070989311,1073201151,1072693247,1073725439,1073741823,1073741823,1073741823:h9
1073741823,1073741823,1073741823,1073741823,1073741823,1073741823,1073672191,1073709055,1070989311,1073201151,1072676863,1073741823,1073741823,1073741823,1073741823:h9
1073741823,1073741823,1073741823,1073741823,1073741823,1073741823,1069477887,1073709055,1070989311,1073201151,1072693247,1073741823,1073741823,1073741823,1073741823:h9
1073741823,1073741823,1073741823,1073741823,1073741823,1073741823,1073672191,1072660479,1070989311,1073201151,1072693247,1073741823,1073741823,1073741823,1073741823:h9
1073741823,1073741823,1073741823,1073741823,1073741823,1073741823,1073672191,1073709055,1066795007,1073201151,1072693247,1073741823,1073741823,1073741823,1073741823:i11
1073741823,1073741823,1073741823,1073741823,1073741823,1073741823,1073672191,1073709055,1066795007,1073201151,1072562175,1073741823,1073737727,1073741823,1073741823:l8
1073741823,1073741823,1073741823,1073741823,1073741823,1073741823,1073672191,1073709055,1066795007,1073201151,1072562175,1073676287,1073741823,1073741823,1073741823:l8
1073741823,1073741823,1073741823,1073741823,1073741823,1073741823,1006563327,1073709055,1066795007,1073201151,1072562175,1073741823,1073741823,1073741823,1073741823:l8
1073741823,1073741823,1073741823,1073741823,1073741823,1073741823,1073672191,1056931839,1066795007,1073201151,1072562175,1073741823,1073741823,1073741823,1073741823:l8
1073741823,1073741823,1073741823,1073741823,1073741823,1073741823,1073672191,1073709055,999686143,1073201151,1072562175,1073741823,1073741823,1073741823,1073741823:l8
1073741823,1073741823,1073741823,1073741823,1073741823,1073741823,1073672191,1073709055,1066795007,1073201151,1005453311,1073741823,1073741823,1073741823,1073741823:l8
1073741823,1073741823,1073741823,1073741823,1073741823,1073741823,1073672191,1073709055,1066795007,1056423935,1072562175,1073741823,1073741823,1073741823,1073741823:l8
1073741823,1073741823,1073741823,1073741823,1073741823,1073741823,1056894975,1073709055,1066795007,1073201151,1072562175,1073741823,1073741823,1073741823,1073741823:h12
1073741823,1073741823,1073741823,1073741823,1073741823,1073741823,1073672191,1073709055,1066795007,1073201151,1072562175,1073741823,1073676287,1073741823,1073741823:l8
1073741823,1073741823,1073741823,1073741823,1073741823,1073741823,1073672191,1073709055,1050017791,1073201151,1072562175,1073741823,1073741823,1073741823,1073741823:l8
1073741823,1073741823,1073741823,1073741823,1073741823,1073741823,1073672191,1073709055,1066795007,1073201151,1055784959,1073741823,1073741823,1073741823,1073741823:l8
1073741823,1073741823,1073741823,1073741823,1073741823,1073741823,1073672191,1073709055,1066795007,1073201151,1072562175,1073741823,1056964607,1073741823,1073741823:l8
1073741823,1073741823,1073741823,1073741823,1073741823,1073741823,1073672191,1073709055,1066795007,1073201151,1072562175,1073741823,1072693247,1073741823,1073741823:l8
1073741823,1073741823,1073741823,1073741823,1073741823,1073741823,1073672191,1073709055,1066795007,1073201151,1072562175,1072693247,1073741823,1073741823,1073741823:l8
1073741823,1073741823,1073741823,1073741823,1073741823,1073741823,1073672191,1069514751,1066795007,1073201151,1072562175,1073741823,1073741823,1073741823,1073741823:h9
1073741823,1073741823,1073741823,1073741823,1073741823,1073741823,1073672191,1073709055,1066795007,1069006847,1072562175,1073741823,1073741823,1073741823,1073741823:l8
1073741823,1073741823,1073741823,1073741823,1073741823,1073741823,1073672191,1073709055,1066795007,1073201151,1072562175,1069547519,1073741823,1073741823,1073741823:l8
1073741823,1073741823,1073741823,1073741823,1073741823,1073741823,1073672191,1073709055,1066795007,1073201151,1072562175,1073740799,1073741823,1073741823,1073741823:l8
1073741823,1073741823,1073741823,1073741823,1073741823,1073741823,1073672191,1073709055,1066795007,1073197055,1072562175,1073741823,1073741823,1073741823,1073741823:l8
1073741823,1073741823,1073741823,1073741823,1073741823,1073741823,1073672191,1073709055,1066795007,1073201151,1072562175,1073479679,1073741823,1073741823,1073741823:l8
1073741823,1073741823,1073741823,1073741823,1073741823,1073741823,1073672191,1073709055,1066795007,1073201151,1072562175,1073725439,1073741823,1073741823,1073741823:h9
1073741823,1073741823,1073741823,1073741823,1073741823,1073741823,1073672191,1073709055,1066795007,1073201151,1072545791,1073741823,1073741823,1073741823,1073741823:l8
1073741823,1073741823,1073741823,1073741823,1073741823,1073741823,1069477887,1073709055,1066795007,1073201151,1072562175,1073741823,1073741823,1073741823,1073741823:l8
1073741823,1073741823,1073741823,1073741823,1073741823,1073741823,1073672191,1072660479,1066795007,1073201151,1072562175,1073741823,1073741823,1073741823,1073741823:l8
1073741823,1073741823,1073741823,1073741823,1073741823,1073741823,1073672191,1073709055,1066795007,1073201151,1068367871,1073741823,1073741823,1073741823,1073741823:l8
1073741823,1073741823,1073741823,1073741823,1073741823,1073741823,1073672191,1073709055,1066795007,1072152575,1072562175,1073741823,1073741823,1073741823,1073741823:l8
1073741823,1073741823,1073741823,1073741823,1073741823,1073741823,1073672191,1073709055,1066795007,1073201151,1072300031,1073741823,1073741823,1073741823,1073741823:l8
1073741823,1073741823,1073741823,1073741823,1073741823,1073741823,1073672191,1073709055,1066794751,1073201151,1072562175,1073741823,1073741823,1073741823,1073741823:l8
1073741823,1073741823,1073741823,1073741823,1073741823,1073741823,1073671935,1073709055,1066795007,1073201151,1072562175,1073741823,1073741823,1073741823,1073741823:l8
1073741823,1073741823,1073741823,1073741823,1073741823,1073741823,1073671167,1073709055,1066795007,1073201151,1072562175,1073741823,1073741823,1073741823,1073741823:l8
1073741823,1073741823,1073741823,1073741823,1073741567,1073741823,1073672191,1073709055,1066795007,1073201151,1072562175,1073741823,1073741823,1073741823,1073741823:l8
1073741823,1073741823,1073741823,1073741823,1073741823,1073737727,1073672191,1073709055,1066795007,1073201151,1072562175,1073741823,1073741823,1073741823,1073741823:l8
1073741823,1073741823,1073741823,1073741823,1073741823,1073741823,1073672191,1073709055,1066795007,1073201151,1072558079,1073741823,1073741823,1073741823,1073741823:l8
1073741823,1073741823,1073741823,1073741823,1073741823,1073741823,1073672191,1073709055,1066795007,1073135615,1072562175,1073741823,1073741823,1073741823,1073741823:l8
1073741823,1073741823,1073741823,1073741823,1073737727,1073741823,1073672191,1073709055,1066795007,1073201151,1072562175,1073741823,1073741823,1073741823,1073741823:l8
1073741823,1073741823,1073741823,1073741823,1073676287,1073741823,1073672191,1073709055,1066795007,1073201151,1072562175,1073741823,1073741823,1073741823,1073741823:l8
1073741823,1073741823,1073741823,1073741823,1073741823,1073676287,1073672191,1073709055,1066795007,1073201151,1072562175,1073741823,1073741823,1073741823,1073741823:l8
1073741823,1073741823,1073741823,1073741823,1072693247,1073741823,1073672191,1073709055,1066795007,1073201151,1072562175,1073741823,1073741823,1073741823,1073741823:l8
1073741823,1073741823,1073741823,1073741823,1073741823,1073741823,1072623615,1073709055,1066795007,1073201151,1072562175,1073741823,1073741823,1073741823,1073741823:l8
1073741823,1073741823,1073741823,1073741823,1073741823,1073741823,1073410047,1073709055,1066795007,1073201151,1072562175,1073741823,1073741823,1073741823,1073741823:l8
1073741823,1073741823,1073741823,1073741823,1073741823,1073741823,1073672191,1073709055,1066795007,1073200127,1072562175,1073741823,1073741823,1073741823,1073741823:l8
1073741823,1073741823,1073741823,1073741823,1073741823,1073741823,1073672191,1073709055,1066790911,1073201151,1072562175,1073741823,1073741823,1073741823,1073741823:l8
1073741823,1073741823,1073741823,1073741823,1073741823,1073741823,1073672191,1073708031,1066795007,1073201151,1072562175,1073741823,1073741823,1073741823,1073741823:l8
1073741823,1073741823,1073741823,1073741823,1073741823,1073741823,1073672191,1073704959,1066795007,1073201151,1072562175,1073741823,1073741823,1073741823,1073741823:l8
1073741823,1073741823,1073741823,1073741823,1073741823,1073740799,1073672191,1073709055,1066795007,1073201151,1072562175,1073741823,1073741823,1073741823,1073741823:l8
1073741823,1073741823,1073741823,1073741823,1073741823,1073725439,1073672191,1073709055,1066795007,1073201151,1072562175,1073741823,1073741823,1073741823,1073741823:l8
1073741823,1073741823,1073741823,1073741823,1073741823,1073741823,1073655807,1073709055,1066795007,1073201151,1072562175,1073741823,1073741823,1073741823,1073741823:l8
1073741823,1073741823,1073741823,1073741823,1073741823,1073479679,1073672191,1073709055,1066795007,1073201151,1072562175,1073741823,1073741823,1073741823,1073741823:l8
1073741823,1073741823,1073741823,1073741823,1073741823,1073741823,1073672191,1073446911,1066795007,1073201151,1072562175,1073741823,1073741823,1073741823,1073741823:l8
1073741823,1073741823,1073741823,1073741823,1073741823,1073741823,1073672191,1073643519,1066795007,1073201151,1072562175,1073741823,1073741823,1073741823,1073741823:l8
1073741823,1073741823,1073741823,1073741823,1073741823,1073741823,1073672191,1073709055,1066778623,1073201151,1072562175,1073741823,1073741823,1073741823,1073741823:l8
1073741823,1073741823,1073741823,1073741823,1073741823,1073741823,1073672191,1073709055,1070989311,1073201151,1068498943,1073741823,1073741823,1073741823,1073741823:h9
1073741823,1073741823,1073741823,1073741823,1073741823,1073741823,1073672191,1073709055,1070989311,1072152575,1072693247,1073741823,1073741823,1073741823,1073741823:h9
1073741823,1073741823,1073741823,1073741823,1073741823,1073741823,1073672191,1073709055,1070989311,1073201151,1072431103,1073741823,1073741823,1073741823,1073741823:h9
1073741823,1073741823,1073741823,1073741823,1073741823,1073741823,1073672191,1073709055,1070989055,1073201151,1072693247,1073741823,1073741823,1073741823,1073741823:h9
1073741823,1073741823,1073741823,1073741823,1073741823,1073741823,1073671935,1073709055,1070989311,1073201151,1072693247,1073741823,1073741823,1073741823,1073741823:h9
1073741823,1073741823,1073741823,1073741823,1073741823,1073741823,1073671167,1073709055,1070989311,1073201151,1072693247,1073741823,1073741823,1073741823,1073741823:h9
1073741823,1073741823,1073741823,1073741823,1073741567,1073741823,1073672191,1073709055,1070989311,1073201151,1072693247,1073741823,1073741823,1073741823,1073741823:h9
1073741823,1073741823,1073741823,1073741823,1073741823,1073737727,1073672191,1073709055,1070989311,1073201151,1072693247,1073741823,1073741823,1073741823,1073741823:h9
1073741823,1073741823,1073741823,1073741823,1073741823,1073741823,1073672191,1073709055,1070989311,1073201151,1072689151,1073741823,1073741823,1073741823,1073741823:h9
1073741823,1073741823,1073741823,1073741823,1073741823,1073741823,1073672191,1073709055,1070989311,1073201151,1072627711,1073741823,1073741823,1073741823,1073741823:h9
1073741823,1073741823,1073741823,1073741823,1073741823,1073741823,1073672191,1073709055,1070989311,1073135615,1072693247,1073741823,1073741823,1073741823,1073741823:h9
1073741823,1073741823,1073741823,1073741823,1073737727,1073741823,1073672191,1073709055,1070989311,1073201151,1072693247,1073741823,1073741823,1073741823,1073741823:h9
1073741823,1073741823,1073741823,1073741823,1073676287,1073741823,1073672191,1073709055,1070989311,1073201151,1072693247,1073741823,1073741823,1073741823,1073741823:h9
1073741823,1073741823,1073741823,1073741823,1073741823,1073676287,1073672191,1073709055,1070989311,1073201151,1072693247,1073741823,1073741823,1073741823,1073741823:h9
1073741823,1073741823,1073741823,1073741823,1072693247,1073741823,1073672191,1073709055,1070989311,1073201151,1072693247,1073741823,1073741823,1073741823,1073741823:h9
1073741823,1073741823,1073741823,1073741823,1073741823,1073741823,1072623615,1073709055,1070989311,1073201151,1072693247,1073741823,1073741823,1073741823,1073741823:h9
1073741823,1073741823,1073741823,1073741823,1073741823,1073741823,1073410047,1073709055,1070989311,1073201151,1072693247,1073741823,1073741823,1073741823,1073741823:h9
1073741823,1073741823,1073741823,1073741823,1073741823,1073741823,1073672191,1073709055,1070989311,1073200127,1072693247,1073741823,1073741823,1073741823,1073741823:h9
1073741823,1073741823,1073741823,1073741823,1073741823,1073741823,1073672191,1073709055,1070985215,1073201151,1072693247,1073741823,1073741823,1073741823,1073741823:l9
1073741823,1073741823,1073741823,1073741823,1073741823,1073741823,1073672191,1073708031,1070989311,1073201151,1072693247,1073741823,1073741823,1073741823,1073741823:h9
1073741823,1073741823,1073741823,1073741823,1073741823,1073741823,1073672191,1073704959,1070989311,1073201151,1072693247,1073741823,1073741823,1073741823,1073741823:h9
1073741823,1073741823,1073741823,1073741823,1073741823,1073740799,1073672191,1073709055,1070989311,1073201151,1072693247,1073741823,1073741823,1073741823,1073741823:h9
1073741823,1073741823,1073741823,1073741823,1073741823,1073725439,1073672191,1073709055,1070989311,1073201151,1072693247,1073741823,1073741823,1073741823,1073741823:h9
1073741823,1073741823,1073741823,1073741823,1073741823,1073741823,1073655807,1073709055,1070989311,1073201151,1072693247,1073741823,1073741823,1073741823,1073741823:h9
1073741823,1073741823,1073741823,1073741823,1073741823,1073479679,1073672191,1073709055,1070989311,1073201151,1072693247,1073741823,1073741823,1073741823,1073741823:h9
1073741823,1073741823,1073741823,1073741823,1073741823,1073741823,1073672191,1073446911,1070989311,1073201151,1072693247,1073741823,1073741823,1073741823,1073741823:h9
1073741823,1073741823,1073741823,1073741823,1073741823,1073741823,1073672191,1073643519,1070989311,1073201151,1072693247,1073741823,1073741823,1073741823,1073741823:h9
1073741823,1073741823,1073741823,1073741823,1073741823,1073741823,1073672191,1073709055,1070972927,1073201151,1072693247,1073741823,1073741823,1073741823,1073741823:i11
1073741823,1073741823,1073741823,1073741823,1073741823,1073741823,1073672191,1073709055,1070972927,1073201151,1072562175,1073741823,1073737727,1073741823,1073741823:l8
1073741823,1073741823,1073741823,1073741823,1073741823,1073741823,1073672191,1073709055,1070972927,1073201151,1072562175,1073676287,1073741823,1073741823,1073741823:l8
1073741823,1073741823,1073741823,1073741823,1073741823,1073741823,1073672191,1073709055,1070972927,1073201151,1072561151,1073741823,1073741823,1073741823,1073741823:l8
1073741823,1073741823,1073741823,1073741823,1073741823,1073741823,1073672191,1073709055,1070971903,1073201151,1072562175,1073741823,1073741823,1073741823,1073741823:l8
1073741823,1073741823,1073741823,1073741823,1073741823,1073741823,1056894975,1073709055,1070972927,1073201151,1072562175,1073741823,1073741823,1073741823,1073741823:h12
1073741823,1073741823,1073741823,1073741823,1073741823,1073741823,1073672191,1073709055,1070972927,1073201151,1072562175,1073741823,1073676287,1073741823,1073741823:l8
1073741823,1073741823,1073741823,1073741823,1073741823,1073741823,1073672191,1073709055,1054195711,1073201151,1072562175,1073741823,1073741823,1073741823,1073741823:l8
1073741823,1073741823,1073741823,1073741823,1073741823,1073741823,1073672191,1073709055,1070972927,1073201151,1055784959,1073741823,1073741823,1073741823,1073741823:l8
1073741823,1073741823,1073741823,1073741823,1073741823,1073741823,1073672191,1073709055,1070972927,1073201151,1072562175,1073741823,1056964607,1073741823,1073741823:l8
1073741823,1073741823,1073741823,1073741823,1073741823,1073741823,1073672191,1073709055,1070972927,1073201151,1072562175,1073741823,1072693247,1073741823,1073741823:l8
1073741823,1073741823,1073741823,1073741823,1073741823,1073741823,1073672191,1073709055,1070972927,1073201151,1072562175,1072693247,1073741823,1073741823,1073741823:l8
1073741823,1073741823,1073741823,1073741823,1073741823,1073741823,1073672191,1069514751,1070972927,1073201151,1072562175,1073741823,1073741823,1073741823,1073741823:i12
1073741823,1073741823,1073741823,1073741823,1073741823,1073741823,1073672191,1073709055,1070972927,1069006847,1072562175,1073741823,1073741823,1073741823,1073741823:l8
1073741823,1073741823,1073741823,1073741823,1073741823,1073741823,1073672191,1073709055,1070972927,1073201151,1072562175,1069547519,1073741823,1073741823,1073741823:l8
1073741823,1073741823,1073741823,1073741823,1073741823,1073741823,1073672191,1073709055,1070972927,1073201151,1072562175,1073740799,1073741823,1073741823,1073741823:l8
1073741823,1073741823,1073741823,1073741823,1073741823,1073741823,1073672191,1073709055,1070972927,1073197055,1072562175,1073741823,1073741823,1073741823,1073741823:l8
1073741823,1073741823,1073741823,1073741823,1073741823,1073741823,1073672191,1073709055,1070972927,1073201151,1072562175,1073479679,1073741823,1073741823,1073741823:l8
1073741823,1073741823,1073741823,1073741823,1073741823,1073741823,1073672191,1073709055,1070972927,1073201151,1072562175,1073725439,1073741823,1073741823,1073741823:m9
1073741823,1073741823,1073741823,1073741823,1073741823,1073741823,1073672191,1073709055,1070972927,1073201151,1072545791,1073741823,1073741823,1073741823,1073741823:l8
1073741823,1073741823,1073741823,1073741823,1073741823,1073741823,1069477887,1073709055,1070972927,1073201151,1072562175,1073741823,1073741823,1073741823,1073741823:l8
1073741823,1073741823,1073741823,1073741823,1073741823,1073741823,1073672191,1072660479,1070972927,1073201151,1072562175,1073741823,1073741823,1073741823,1073741823:l8
1073741823,1073741823,1073741823,1073741823,1073741823,1073741823,1073672191,1073709055,1066778623,1073201151,1072562175,1073741823,1073741823,1073741823,1073741823:l8
1073741823,1073741823,1073741823,1073741823,1073741823,1073741823,1073672191,1073709055,1070972927,1073201151,1068367871,1073741823,1073741823,1073741823,1073741823:l8
1073741823,1073741823,1073741823,1073741823,1073741823,1073741823,1073672191,1073709055,1070972927,1072152575,1072562175,1073741823,1073741823,1073741823,1073741823:l8
1073741823,1073741823,1073741823,1073741823,1073741823,1073741823,1073672191,1073709055,1070972927,1073201151,1072300031,1073741823,1073741823,1073741823,1073741823:l8
1073741823,1073741823,1073741823,1073741823,1073741823,1073741823,1073672191,1073709055,1070972671,1073201151,1072562175,1073741823,1073741823,1073741823,1073741823:l8
1073741823,1073741823,1073741823,1073741823,1073741823,1073741823,1073671935,1073709055,1070972927,1073201151,1072562175,1073741823,1073741823,1073741823,1073741823:l8
1073741823,1073741823,1073741823,1073741823,1073741823,1073741823,1073671167,1073709055,1070972927,1073201151,1072562175,1073741823,1073741823,1073741823,1073741823:l8
1073741823,1073741823,1073741823,1073741823,1073741567,1073741823,1073672191,1073709055,1070972927,1073201151,1072562175,1073741823,1073741823,1073741823,1073741823:l8
1073741823,1073741823,1073741823,1073741823,1073741823,1073737727,1073672191,1073709055,1070972927,1073201151,1072562175,1073741823,1073741823,1073741823,1073741823:l8
1073741823,1073741823,1073741823,1073741823,1073741823,1073741823,1073672191,1073709055,1070972927,1073201151,1072558079,1073741823,1073741823,1073741823,1073741823:l8
1073741823,1073741823,1073741823,1073741823,1073741823,1073741823,1073672191,1073709055,1070972927,1073135615,1072562175,1073741823,1073741823,1073741823,1073741823:l8
1073741823,1073741823,1073741823,1073741823,1073737727,1073741823,1073672191,1073709055,1070972927,1073201151,1072562175,1073741823,1073741823,1073741823,1073741823:l8
1073741823,1073741823,1073741823,1073741823,1073676287,1073741823,1073672191,1073709055,1070972927,1073201151,1072562175,1073741823,1073741823,1073741823,1073741823:l8
1073741823,1073741823,1073741823,1073741823,1073741823,1073676287,1073672191,1073709055,1070972927,1073201151,1072562175,1073741823,1073741823,1073741823,1073741823:l8
1073741823,1073741823,1073741823,1073741823,1072693247,1073741823,1073672191,1073709055,1070972927,1073201151,1072562175,1073741823,1073741823,1073741823,1073741823:l8
1073741823,1073741823,1073741823,1073741823,1073741823,1073741823,1072623615,1073709055,1070972927,1073201151,1072562175,1073741823,1073741823,1073741823,1073741823:l8
1073741823,1073741823,1073741823,1073741823,1073741823,1073741823,1073410047,1073709055,1070972927,1073201151,1072562175,1073741823,1073741823,1073741823,1073741823:l8
1073741823,1073741823,1073741823,1073741823,1073741823,1073741823,1073672191,1073709055,1070972927,1073200127,1072562175,1073741823,1073741823,1073741823,1073741823:l8
1073741823,1073741823,1073741823,1073741823,1073741823,1073741823,1073672191,1073709055,1070968831,1073201151,1072562175,1073741823,1073741823,1073741823,1073741823:l8
1073741823,1073741823,1073741823,1073741823,1073741823,1073741823,1073672191,1073708031,1070972927,1073201151,1072562175,1073741823,1073741823,1073741823,1073741823:l8
1073741823,1073741823,1073741823,1073741823,1073741823,1073741823,1073672191,1073704959,1070972927,1073201151,1072562175,1073741823,1073741823,1073741823,1073741823:l8
1073741823,1073741823,1073741823,1073741823,1073741823,1073740799,1073672191,1073709055,1070972927,1073201151,1072562175,1073741823,1073741823,1073741823,1073741823:l8
1073741823,1073741823,1073741823,1073741823,1073741823,1073725439,1073672191,1073709055,1070972927,1073201151,1072562175,1073741823,1073741823,1073741823,1073741823:l8
1073741823,1073741823,1073741823,1073741823,1073741823,1073741823,1073655807,1073709055,1070972927,1073201151,1072562175,1073741823,1073741823,1073741823,1073741823:l8
1073741823,1073741823,1073741823,1073741823,1073741823,1073479679,1073672191,1073709055,1070972927,1073201151,1072562175,1073741823,1073741823,1073741823,1073741823:l8
1073741823,1073741823,1073741823,1073741823,1073741823,1073741823,1073672191,1073446911,1070972927,1073201151,1072562175,1073741823,1073741823,1073741823,1073741823:l8
1073741823,1073741823,1073741823,1073741823,1073741823,1073741823,1073672191,1073643519,1070972927,1073201151,1072562175,1073741823,1073741823,1073741823,1073741823:l8
