1073741823,1073741823,1073741823,1073741823,1073741823,1073741823,1073672191,1073709055,1073082367,1073201151,1073741823,1073741823,1073741823,1073741823,1073741823:k9
1073741823,1073741823,1073741823,1073741823,1073741823,1073741823,1056894975,1073709055,1070985215,1073201151,1073741823,1073741823,1073741823,1073741823,1073741823:k11
1073741823,1073741823,1073741823,1073741823,1073741823,1073741823,1073672191,1073709055,1054207999,1073201151,1073741823,1073741823,1073741823,1073741823,1073741823:i11
1073741823,1073741823,1073741823,1073741823,1073741823,1073741823,1073672191,1073709055,1070985215,1073201151,1056964607,1073741823,1073741823,1073741823,1073741823:k11
1073741823,1073741823,1073741823,1073741823,1073741823,1073741823,1073672191,1073709055,1070985215,1073201151,1073741567,1073741823,1073741823,1073741823,1073741823:k11
1073741823,1073741823,1073741823,1073741823,1073741823,1073741823,1073672191,1073709055,1070984191,1073201151,1073741823,1073741823,1073741823,1073741823,1073741823:k11
1073741823,1073741823,1073741823,1073741823,1073741823,1073741823,1073672191,1069514751,1070985215,1073201151,1073741823,1073741823,1073741823,1073741823,1073741823:k11
1073741823,1073741823,1073741823,1073741823,1073741823,1073741823,1073672191,1073709055,1070985215,1069006847,1073741823,1073741823,1073741823,1073741823,1073741823:l9
1073741823,1073741823,1073741823,1073741823,1073741823,1073741823,1073672191,1073709055,1070985215,1073201151,1073741823,1069547519,1073741823,1073741823,1073741823:l9
1073741823,1073741823,1073741823,1073741823,1073741823,1073741823,1073672191,1073709055,1070985215,1073201151,1073741823,1073740799,1073741823,1073741823,1073741823:k11
1073741823,1073741823,1073741823,1073741823,1073741823,1073741823,1073672191,1073709055,1070985215,1073197055,1073741823,1073741823,1073741823,1073741823,1073741823:l9
1073741823,1073741823,1073741823,1073741823,1073741823,1073741823,1073672191,1073709055,1070985215,1073201151,1073741823,1073479679,1073741823,1073741823,1073741823:l9
1073741823,1073741823,1073741823,1073741823,1073741823,1073741823,1073672191,1073709055,1070985215,1073201151,1073741823,1073725439,1073741823,1073741823,1073741823:l9
1073741823,1073741823,1073741823,1073741823,1073741823,1073741823,1073672191,1073709055,1070985215,1073201151,1073725439,1073741823,1073741823,1073741823,1073741823:k11
1073741823,1073741823,1073741823,1073741823,1073741823,1073741823,1069477887,1073709055,1070985215,1073201151,1073741823,1073741823,1073741823,1073741823,1073741823:k11
1073741823,1073741823,1073741823,1073741823,1073741823,1073741823,1073672191,1072660479,1070985215,1073201151,1073741823,1073741823,1073741823,1073741823,1073741823:l9
1073741823,1073741823,1073741823,1073741823,1073741823,1073741823,1073672191,1073709055,1066790911,1073201151,1073741823,1073741823,1073741823,1073741823,1073741823:i11
1073741823,1073741823,1073741823,1073741823,1073741823,1073741823,1073672191,1073709055,1070985215,1073201151,1069547519,1073741823,1073741823,1073741823,1073741823:k11
1073741823,1073741823,1073741823,1073741823,1073741823,1073741823,1073672191,1073709055,1070985215,1072152575,1073741823,1073741823,1073741823,1073741823,1073741823:l9
1073741823,1073741823,1073741823,1073741823,1073741823,1073741823,1073672191,1073709055,1070985215,1073201151,1073479679,1073741823,1073741823,1073741823,1073741823:k11
1073741823,1073741823,1073741823,1073741823,1073741823,1073741823,1073672191,1073709055,1070984959,1073201151,1073741823,1073741823,1073741823,1073741823,1073741823:k11
1073741823,1073741823,1073741823,1073741823,1073741823,1073741823,1073671935,1073709055,1070985215,1073201151,1073741823,1073741823,1073741823,1073741823,1073741823:l9
1073741823,1073741823,1073741823,1073741823,1073741823,1073741823,1073671167,1073709055,1070985215,1073201151,1073741823,1073741823,1073741823,1073741823,1073741823:l9
1073741823,1073741823,1073741823,1073741823,1073741567,1073741823,1073672191,1073709055,1070985215,1073201151,1073741823,1073741823,1073741823,1073741823,1073741823:k11
1073741823,1073741823,1073741823,1073741823,1073741823,1073737727,1073672191,1073709055,1070985215,1073201151,1073741823,1073741823,1073741823,1073741823,1073741823:l9
1073741823,1073741823,1073741823,1073741823,1073741823,1073741823,1073672191,1073709055,1070985215,1073201151,1073737727,1073741823,1073741823,1073741823,1073741823:l9
1073741823,1073741823,1073741823,1073741823,1073741823,1073741823,1073672191,1073709055,1070985215,1073201151,1072693247,1073741823,1073741823,1073741823,1073741823:l9
1073741823,1073741823,1073741823,1073741823,1073741823,1073741823,1073672191,1073709055,1070985215,1073201151,1073676287,1073741823,1073741823,1073741823,1073741823:l9
1073741823,1073741823,1073741823,1073741823,1073741823,1073741823,1073672191,1073709055,1070985215,1073135615,1073741823,1073741823,1073741823,1073741823,1073741823:l9
1073741823,1073741823,1073741823,1073741823,1073737727,1073741823,1073672191,1073709055,1070985215,1073201151,1073741823,1073741823,1073741823,1073741823,1073741823:l9
1073741823,1073741823,1073741823,1073741823,1073676287,1073741823,1073672191,1073709055,1070985215,1073201151,1073741823,1073741823,1073741823,1073741823,1073741823:k11
1073741823,1073741823,1073741823,1073741823,1073741823,1073676287,1073672191,1073709055,1070985215,1073201151,1073741823,1073741823,1073741823,1073741823,1073741823:l9
1073741823,1073741823,1073741823,1073741823,1072693247,1073741823,1073672191,1073709055,1070985215,1073201151,1073741823,1073741823,1073741823,1073741823,1073741823:k11
1073741823,1073741823,1073741823,1073741823,1073741823,1073741823,1072623615,1073709055,1070985215,1073201151,1073741823,1073741823,1073741823,1073741823,1073741823:l9
1073741823,1073741823,1073741823,1073741823,1073741823,1073741823,1073410047,1073709055,1070985215,1073201151,1073741823,1073741823,1073741823,1073741823,1073741823:l9
1073741823,1073741823,1073741823,1073741823,1073741823,1073741823,1073672191,1073709055,1070985215,1073200127,1073741823,1073741823,1073741823,1073741823,1073741823:k11
1073741823,1073741823,1073741823,1073741823,1073741823,1073741823,1073672191,1073708031,1070985215,1073201151,1073741823,1073741823,1073741823,1073741823,1073741823:l9
1073741823,1073741823,1073741823,1073741823,1073741823,1073741823,1073672191,1073704959,1070985215,1073201151,1073741823,1073741823,1073741823,1073741823,1073741823:l9
1073741823,1073741823,1073741823,1073741823,1073741823,1073740799,1073672191,1073709055,1070985215,1073201151,1073741823,1073741823,1073741823,1073741823,1073741823:k11
1073741823,1073741823,1073741823,1073741823,1073741823,1073725439,1073672191,1073709055,1070985215,1073201151,1073741823,1073741823,1073741823,1073741823,1073741823:k11
1073741823,1073741823,1073741823,1073741823,1073741823,1073741823,1073655807,1073709055,1070985215,1073201151,1073741823,1073741823,1073741823,1073741823,1073741823:l9
1073741823,1073741823,1073741823,1073741823,1073741823,1073479679,1073672191,1073709055,1070985215,1073201151,1073741823,1073741823,1073741823,1073741823,1073741823:k11
1073741823,1073741823,1073741823,1073741823,1073741823,1073741823,1073672191,1073446911,1070985215,1073201151,1073741823,1073741823,1073741823,1073741823,1073741823:k11
1073741823,1073741823,1073741823,1073741823,1073741823,1073741823,1073672191,1073643519,1070985215,1073201151,1073741823,1073741823,1073741823,1073741823,1073741823:k11
1073741823,1073741823,1073741823,1073741823,1073741823,1073741823,1073672191,1073709055,1070968831,1073201151,1073741823,1073741823,1073741823,1073741823,1073741823:k11
