1073741823,1073741823,1073676287,1073741823,1072693247,1073725439,1073741823,1073709055,1073602559,1073741823,1073741823,1073741823,1073741823,1073741823,1073741823:i7
1073741823,1073741823,1073741823,1072693247,1072693247,1073725439,1073741823,1073709055,1073602559,1073741823,1073741823,1073741823,1073741823,1073741823,1073741823:i7
1073741823,1073741823,1073741823,1073479679,1072693247,1073725439,1073741823,1073184767,1073610751,1073741823,1073741823,1073741823,1073741823,1073741823,1073741823:g7
1073741823,1073741823,1073741823,1073479679,1072693247,1073725439,1073741823,1073709055,1073602559,1073741823,1073741823,1073741823,1073741823,1073741823,1073741823:i7
1073741823,1073741823,1073741823,1073740799,1072693247,1073725439,1073610751,1073709055,1073610751,1073741823,1073741823,1073741823,1073741823,1073741823,1073741823:h7
1073741823,1073741823,1073741823,1073741823,1072627711,1073725439,1073741823,1073709055,1073602559,1073741823,1073741823,1073741823,1073741823,1073741823,1073741823:i7
1073741823,1073741823,1073741823,1073741823,1072693247,1072676863,1073741823,1073709055,1073602559,1073741823,1073741823,1073741823,1073741823,1073741823,1073741823:f10
1073741823,1073741823,1073741823,1073741823,1072693247,1073463295,1071513599,1072136191,1073610751,1073725439,1073741823,1073741823,1073741823,1073741823,1073741823:j7
1073741823,1073741823,1073741823,1073741823,1072693247,1073463295,1073610751,1073180671,1073610751,1073741823,1073741823,1073741823,1073741823,1073741823,1073741823:i6
1073741823,1073741823,1073741823,1073741823,1072693247,1073725439,1072693247,1073577983,1073610751,1073741823,1073741823,1073741823,1073741823,1073741823,1073741823:g8
1073741823,1073741823,1073741823,1073741823,1072693247,1073725439,1072693247,1073709055,1073602559,1073741823,1073741823,1073741823,1073741823,1073741823,1073741823:i7
1073741823,1073741823,1073741823,1073741823,1072693247,1073725439,1073610751,1073709055,1073610751,1073741823,1072693247,1073741823,1073741823,1073741823,1073741823:i6
1073741823,1073741823,1073741823,1073741823,1072693247,1073725439,1073610751,1073709055,1073610751,1073741823,1073737727,1073741823,1073741823,1073741823,1073741823:g9
1073741823,1073741823,1073741823,1073741823,1072693247,1073725439,1073668095,1073184767,1073610751,1073479679,1073741823,1073741823,1073741823,1073741823,1073741823:g8
1073741823,1073741823,1073741823,1073741823,1072693247,1073725439,1073668095,1073700863,1073610751,1073479679,1073741823,1073741823,1073741823,1073741823,1073741823:g9
1073741823,1073741823,1073741823,1073741823,1072693247,1073725439,1073676287,1073184767,1073610751,1073741823,1073741823,1073741823,1073741823,1073741823,1073741823:g7
1073741823,1073741823,1073741823,1073741823,1072693247,1073725439,1073676287,1073709055,1073577983,1073741823,1073741823,1073741823,1073741823,1073741823,1073741823:j10
1073741823,1073741823,1073741823,1073741823,1072693247,1073725439,1073676287,1073709055,1073602559,1073741823,1073741823,1073741823,1073741823,1073741823,1073741823:g7
1073741823,1073741823,1073741823,1073741823,1072693247,1073725439,1073725439,1073709055,1073602559,1073741823,1073741823,1073741823,1073741823,1073741823,1073741823:g7
1073741823,1073741823,1073741823,1073741823,1072693247,1073725439,1073741823,1073643519,1073602559,1073741823,1073741823,1073741823,1073741823,1073741823,1073741823:h10
1073741823,1073741823,1073741823,1073741823,1072693247,1073725439,1073741823,1073709055,1073602559,1073741823,1073676287,1073741823,1073741823,1073741823,1073741823:g7
