1056964607,1073741823,1072693247,1073741823,1073741823,1073725439,1073741823,1073709055,1073602559,1073741823,1073741823,1073741823,1073741823,1073741823,1073741823:i7
1072693247,1073741823,1072693247,1073741823,1073741823,1073725439,1073741823,1073709055,1073602559,1073741823,1073741823,1073741823,1073741823,1073741823,1073741823:i7
1073741823,1072693247,1072693247,1073741823,1073741823,1073725439,1073741823,1073709055,1073602559,1073741823,1073741823,1073741823,1073741823,1073741823,1073741823:i7
1073741823,1073741823,1072693247,1069547519,1073741823,1073725439,1073741823,1073709055,1073602559,1073741823,1073741823,1073741823,1073741823,1073741823,1073741823:i7
1073741823,1073741823,1072693247,1073479679,1073741823,1073725439,1073610751,1073709055,1073610751,1073709055,1073676287,1073741823,1073741823,1073741823,1073741823:i5
1073741823,1073741823,1072693247,1073479679,1073741823,1073725439,1073741823,1073184767,1073610751,1073741823,1073741823,1073741823,1073741823,1073741823,1073741823:i5
1073741823,1073741823,1072693247,1073479679,1073741823,1073725439,1073741823,1073704959,1073602559,1073709055,1073741823,1073741823,1073741823,1073741823,1073741823:i5
1073741823,1073741823,1072693247,1073479679,1073741823,1073725439,1073741823,1073709055,1073602559,1073741823,1073741823,1073741823,1073741823,1073741823,1073741823:g7
1073741823,1073741823,1072693247,1073741823,1056964607,1073725439,1073741823,1073709055,1073602559,1073741823,1073741823,1073741823,1073741823,1073741823,1073741823:i7
1073741823,1073741823,1072693247,1073741823,1072627711,1073725439,1073737727,1073707007,1073602559,1073709055,1073741823,1073741823,1073741823,1073741823,1073741823:j4
1073741823,1073741823,1072693247,1073741823,1072693247,1073201151,1073610751,1073643519,1073610751,1073741823,1073741823,1073741823,1073741823,1073741823,1073741823:j9
1073741823,1073741823,1072693247,1073741823,1073676287,1073463295,1073737727,1073707007,1073602559,1073709055,1073741823,1073741823,1073741823,1073741823,1073741823:j4
1073741823,1073741823,1072693247,1073741823,1073676287,1073725439,1073672191,1073707007,1073602559,1073709055,1073741823,1073741823,1073741823,1073741823,1073741823:j4
1073741823,1073741823,1072693247,1073741823,1073676287,1073725439,1073737471,1073698815,1073610751,1073709055,1073741823,1073741823,1073741823,1073741823,1073741823:j4
1073741823,1073741823,1072693247,1073741823,1073676287,1073725439,1073737727,1073707007,1073610751,1073709055,1073741823,1073741823,1073741823,1073741823,1073741823:j4
1073741823,1073741823,1072693247,1073741823,1073676287,1073725439,1073741823,1073704959,1073602559,1073709055,1073741823,1073741823,1073741823,1073741823,1073741823:j4
1073741823,1073741823,1072693247,1073741823,1073676287,1073725439,1073741823,1073709055,1073602559,1073741823,1073741823,1073741823,1073741823,1073741823,1073741823:g7
1073741823,1073741823,1072693247,1073741823,1073741823,1073725439,1073741823,1073643519,1073602559,1073741823,1073741823,1073741823,1073741823,1073741823,1073741823:f9
1073741823,1073741823,1072693247,1073741823,1073741823,1073725439,1073741823,1073704959,1073602559,1073741823,1073741823,1073741823,1073741823,1073741823,1073741823:h10
1073741823,1073741823,1072693247,1073741823,1073741823,1073725439,1073741823,1073709055,1073602559,1073741823,1073676287,1073741823,1073741823,1073741823,1073741823:g7
1073741823,1073741823,1072693247,1073741823,1073741823,1073725439,1073741823,1073709055,1073602559,1073741823,1073737727,1073741823,1073741823,1073741823,1073741823:i7
