1073741823,1073741823,1073741823,1073479679,1073676287,1073086463,1073070079,1073643519,1073737727,1073741823,1073741823,1073741823,1073741823,1073741823,1073741823:k8
1073741823,1073741823,1073741823,1073479679,1073676287,1056309247,1073070079,1071546367,1073737727,1073741823,1073741823,1073741823,1073741823,1073741823,1073741823:k6
1073741823,1073741823,1073741823,1073479679,1073676287,1073086463,1073070079,1054769151,1073737727,1073741823,1073741823,1073741823,1073741823,1073741823,1073741823:k6
1073741823,1073741823,1073741823,1073479679,1073676287,1073086463,1073070079,1071546367,1073737727,1056964607,1073741823,1073741823,1073741823,1073741823,1073741823:k6
1073741823,1073725439,1073741823,1073479679,1073676287,1073086463,1073070079,1071546367,1073737727,1073741823,1073741823,1073741823,1073741823,1073741823,1073741823:k6
1073741823,1073479679,1073741823,1073479679,1073676287,1073086463,1073070079,1071546367,1073737727,1073741823,1073741823,1073741823,1073741823,1073741823,1073741823:k6
1073741823,1073741823,1073479679,1073479679,1073676287,1073086463,1073070079,1071546367,1073737727,1073741823,1073741823,1073741823,1073741823,1073741823,1073741823:k6
1073741823,1069547519,1073741823,1073479679,1073676287,1073086463,1073070079,1071546367,1073737727,1073741823,1073741823,1073741823,1073741823,1073741823,1073741823:h5
1073741823,1073741823,1073741823,1073479679,1069481983,1073086463,1073070079,1071546367,1073737727,1073741823,1073741823,1073741823,1073741823,1073741823,1073741823:k6
1073741823,1073741823,1073741823,1073479679,1073676287,1073086463,1068875775,1071546367,1073737727,1073741823,1073741823,1073741823,1073741823,1073741823,1073741823:k6
1073741823,1073741823,1073741823,1073479679,1073676287,1073086463,1073070079,1071546367,1069543423,1073741823,1073741823,1073741823,1073741823,1073741823,1073741823:k6
1073741823,1073741823,1073737727,1073479679,1073676287,1073086463,1073070079,1071546367,1073737727,1073741823,1073741823,1073741823,1073741823,1073741823,1073741823:k6
1073741823,1073741823,1073676287,1073479679,1073676287,1073086463,1073070079,1071546367,1073737727,1073741823,1073741823,1073741823,1073741823,1073741823,1073741823:k6
1073741823,1073741823,1072693247,1073479679,1073676287,1073086463,1073070079,1071546367,1073737727,1073741823,1073741823,1073741823,1073741823,1073741823,1073741823:h5
1073741823,1073741823,1073741823,1073463295,1073676287,1073086463,1073070079,1071546367,1073737727,1073741823,1073741823,1073741823,1073741823,1073741823,1073741823:k6
1073741823,1073741823,1073741823,1069285375,1073676287,1073086463,1073070079,1071546367,1073737727,1073741823,1073741823,1073741823,1073741823,1073741823,1073741823:h5
1073741823,1073741823,1073741823,1073479679,1073676287,1068892159,1073070079,1071546367,1073737727,1073741823,1073741823,1073741823,1073741823,1073741823,1073741823:h5
1073741823,1073741823,1073741823,1073479679,1073676287,1073086463,1073070079,1067352063,1073737727,1073741823,1073741823,1073741823,1073741823,1073741823,1073741823:k6
1073741823,1073741823,1073741823,1073479679,1073676287,1073086463,1073070079,1071546367,1073737727,1072693247,1073741823,1073741823,1073741823,1073741823,1073741823:h5
1073741823,1073741823,1073741823,1073479679,1073676287,1073086463,1073070079,1071546367,1073737727,1073676287,1073741823,1073741823,1073741823,1073741823,1073741823:k6
1073741823,1073741823,1073741823,1073475583,1073676287,1073086463,1073070079,1071546367,1073737727,1073741823,1073741823,1073741823,1073741823,1073741823,1073741823:k6
1073741823,1073741823,1073741823,1073414143,1073676287,1073086463,1073070079,1071546367,1073737727,1073741823,1073741823,1073741823,1073741823,1073741823,1073741823:k6
1073741823,1073741823,1073741823,1072431103,1073676287,1073086463,1073070079,1071546367,1073737727,1073741823,1073741823,1073741823,1073741823,1073741823,1073741823:h5
1073741823,1073741823,1073741823,1073479679,1073676287,1072037887,1073070079,1071546367,1073737727,1073741823,1073741823,1073741823,1073741823,1073741823,1073741823:h5
1073741823,1073741823,1073741823,1073479679,1073676287,1073086463,1073070079,1071546367,1073737727,1073741823,1073741567,1073741823,1073741823,1073741823,1073741823:k6
1073741823,1073741823,1073741823,1073479679,1073676287,1073086463,1073070079,1071546367,1073737471,1073741823,1073741823,1073741823,1073741823,1073741823,1073741823:k6
1073741823,1073741823,1073741823,1073479679,1073676287,1073086463,1073069823,1071546367,1073737727,1073741823,1073741823,1073741823,1073741823,1073741823,1073741823:k6
1073741823,1073741823,1073741823,1073479679,1073676287,1073086463,1073070079,1071546367,1073737727,1073741823,1073676287,1073741823,1073741823,1073741823,1073741823:k6
1073741823,1073741823,1073741823,1073479679,1073676287,1073086463,1073070079,1071546367,1073737727,1073741823,1073737727,1073741823,1073741823,1073741823,1073741823:k6
1073741823,1073741823,1073741823,1073479679,1073676287,1073086463,1073070079,1071546367,1073737727,1073737727,1073741823,1073741823,1073741823,1073741823,1073741823:k6
1073741823,1073741823,1073741823,1073479679,1073672191,1073086463,1073070079,1071546367,1073737727,1073741823,1073741823,1073741823,1073741823,1073741823,1073741823:k6
1073741823,1073741823,1073741823,1073479679,1072627711,1073086463,1073070079,1071546367,1073737727,1073741823,1073741823,1073741823,1073741823,1073741823,1073741823:h5
1073741823,1073741823,1073741823,1073479679,1073676287,1073086463,1072021503,1071546367,1073737727,1073741823,1073741823,1073741823,1073741823,1073741823,1073741823:h5
1073741823,1073741823,1073741823,1073479679,1073676287,1073086463,1073070079,1071546367,1072689151,1073741823,1073741823,1073741823,1073741823,1073741823,1073741823:h5
1073741823,1073741823,1073741823,1073479679,1073676287,1073086463,1073070079,1071546367,1073736703,1073741823,1073741823,1073741823,1073741823,1073741823,1073741823:k6
1073741823,1073741823,1073741823,1073479679,1073676287,1073086463,1073069055,1071546367,1073737727,1073741823,1073741823,1073741823,1073741823,1073741823,1073741823:k6
1073741823,1073741823,1073741823,1073479679,1073675263,1073086463,1073070079,1071546367,1073737727,1073741823,1073741823,1073741823,1073741823,1073741823,1073741823:h5
1073741823,1073741823,1073741823,1073479679,1073676287,1073082367,1073070079,1071546367,1073737727,1073741823,1073741823,1073741823,1073741823,1073741823,1073741823:h5
1073741823,1073741823,1073741823,1073479679,1073659903,1073086463,1073070079,1071546367,1073737727,1073741823,1073741823,1073741823,1073741823,1073741823,1073741823:k6
1073741823,1073741823,1073741823,1073479679,1073414143,1073086463,1073070079,1071546367,1073737727,1073741823,1073741823,1073741823,1073741823,1073741823,1073741823:k6
1073741823,1073741823,1073741823,1073479679,1073676287,1073086463,1073070079,1071546367,1073475583,1073741823,1073741823,1073741823,1073741823,1073741823,1073741823:h5
1073741823,1073741823,1073741823,1073479679,1073676287,1073086463,1073070079,1071546367,1073737727,1073740799,1073741823,1073741823,1073741823,1073741823,1073741823:k6
1073741823,1073741823,1073741823,1073479679,1073676287,1073086463,1073070079,1071545343,1073737727,1073741823,1073741823,1073741823,1073741823,1073741823,1073741823:h5
1073741823,1073741823,1073741823,1073479679,1073676287,1073086463,1073070079,1071542271,1073737727,1073741823,1073741823,1073741823,1073741823,1073741823,1073741823:k6
1073741823,1073741823,1073741823,1073479679,1073676287,1073085439,1073070079,1071546367,1073737727,1073741823,1073741823,1073741823,1073741823,1073741823,1073741823:k6
1073741823,1073741823,1073741823,1073479679,1073676287,1073086463,1073065983,1071546367,1073737727,1073741823,1073741823,1073741823,1073741823,1073741823,1073741823:h5
1073741823,1073741823,1073741823,1073479679,1073676287,1073070079,1073070079,1071546367,1073737727,1073741823,1073741823,1073741823,1073741823,1073741823,1073741823:h5
1073741823,1073741823,1073741823,1073479679,1073676287,1073086463,1073070079,1071284223,1073737727,1073741823,1073741823,1073741823,1073741823,1073741823,1073741823:k6
1073741823,1073741823,1073741823,1073479679,1073676287,1073086463,1073070079,1071546367,1073737727,1073479679,1073741823,1073741823,1073741823,1073741823,1073741823:k6
1073741823,1073741823,1073741823,1073479679,1073676287,1073086463,1073070079,1071546367,1073672191,1073741823,1073741823,1073741823,1073741823,1073741823,1073741823:k6
1073741823,1073741823,1073741823,1073479679,1073676287,1073086463,1073070079,1071546367,1073737727,1073725439,1073741823,1073741823,1073741823,1073741823,1073741823:k6
1073741823,1073741823,1073741823,1073479679,1073676287,1073086463,1073070079,1071546367,1073721343,1073741823,1073741823,1073741823,1073741823,1073741823,1073741823:k6
