1073741823,1073741823,1073741823,1073741823,1073741823,1073479679,1073594367,1073643519,1045954559,1004273663,1073741823,1073741823,1073741823,1073741823,1073741823:k7
1073741823,1073741823,1073741823,1073741823,1056964607,1073479679,1071497215,1073643519,1045954559,1004273663,1073741823,1073741823,1073741823,1073741823,1073741823:j8
1073741823,1073741823,1073741823,1073741823,1073741823,1073479679,1071497215,1073643519,1045954559,735838207,1073741823,1073741823,1073741823,1073741823,1073741823:j8
1073741823,1073741823,1073741823,1073741823,1073741823,1073479679,1071497215,1073643519,1045954559,1004273663,1073741823,1006632959,1073741823,1073741823,1073741823:j8
1073741823,1073741823,1073741823,1073741823,1073741823,1073479679,1071497215,1073643519,1045954559,1004273663,1073741823,1073676287,1073741823,1073741823,1073741823:j8
1073741823,1073741823,1073741823,1073741823,1073741823,1073479679,1071497215,1073643519,1045954559,1004273663,1073741823,1056964607,1073741823,1073741823,1073741823:j8
1073741823,1073741823,1073741823,1073741823,1073741823,1073479679,1071497215,1073643519,1045954559,1004273663,1073741823,1072693247,1073741823,1073741823,1073741823:j8
1073741823,1073741823,1073741823,1073741823,1073741823,1073479679,803061759,1073643519,1045954559,1004273663,1073741823,1073741823,1073741823,1073741823,1073741823:j8
1073741823,1073741823,1073741823,1073741823,1073741823,1073479679,1071497215,1006534655,1045954559,1004273663,1073741823,1073741823,1073741823,1073741823,1073741823:j8
1073741823,1073741823,1073741823,1073741823,1073741823,1073479679,1071497215,1073643519,777519103,1004273663,1073741823,1073741823,1073741823,1073741823,1073741823:j8
1073741823,1073741823,1073741823,1073741823,1073741823,1073479679,1071497215,1073643519,1045954559,1004273663,805306367,1073741823,1073741823,1073741823,1073741823:j8
1073741823,1073741823,1073741823,1073741823,1073741823,1073479679,1004388351,1073643519,1045954559,1004273663,1073741823,1073741823,1073741823,1073741823,1073741823:j8
1073741823,1073741823,1073741823,1073741823,1073741823,1073479679,1071497215,1056866303,1045954559,1004273663,1073741823,1073741823,1073741823,1073741823,1073741823:j8
1073741823,1073741823,1073741823,1073741823,1073741823,1073479679,1071497215,1073643519,978845695,1004273663,1073741823,1073741823,1073741823,1073741823,1073741823:j8
1073741823,1073741823,1073741823,1073741823,1073741823,1073479679,1071497215,1073643519,1045954559,1004273663,1006632959,1073741823,1073741823,1073741823,1073741823:j8
1073741823,1073741823,1073741823,1073741823,1073741823,1073479679,1071497215,1073643519,1045954559,987496447,1073741823,1073741823,1073741823,1073741823,1073741823:j8
1073741823,1073741823,1073741823,1073725439,1073741823,1073479679,1071497215,1073643519,1045954559,1004273663,1073741823,1073741823,1073741823,1073741823,1073741823:j8
1073741823,1073741823,1073741823,1073479679,1073741823,1073479679,1071497215,1073643519,1045954559,1004273663,1073741823,1073741823,1073741823,1073741823,1073741823:j8
1073741823,1073741823,1073741823,1069547519,1073741823,1073479679,1071497215,1073643519,1045954559,1004273663,1073741823,1073741823,1073741823,1073741823,1073741823:j8
1073741823,1073741823,1073741823,1073741823,1073741823,1069285375,1071497215,1073643519,1045954559,1004273663,1073741823,1073741823,1073741823,1073741823,1073741823:k8
1073741823,1073741823,1073741823,1073741823,1073741823,1073479679,1054719999,1073643519,1045954559,1004273663,1073741823,1073741823,1073741823,1073741823,1073741823:j8
1073741823,1073741823,1073741823,1073741823,1073741823,1073479679,1071497215,1073643519,1045954559,1004273663,1056964607,1073741823,1073741823,1073741823,1073741823:j8
1073741823,1073741823,1073741823,1073741823,1073741823,1073479679,1071497215,1073643519,1045954559,1004273663,1073741823,1073725439,1073741823,1073741823,1073741823:j8
1073741823,1073741823,1073741823,1073741823,1073741823,1073479679,1071497215,1073643519,1045954559,1004273663,1073676287,1073741823,1073741823,1073741823,1073741823:j8
1073741823,1073741823,1073741823,1073741823,1073741823,1073479679,1071497215,1069449215,1045954559,1004273663,1073741823,1073741823,1073741823,1073741823,1073741823:j8
1073741823,1073741823,1073741823,1073741823,1073741823,1073479679,1071497215,1073643519,1045954559,1000079359,1073741823,1073741823,1073741823,1073741823,1073741823:k8
1073741823,1073741823,1073741823,1073741823,1073741823,1073479679,1071497215,1073643519,1045954559,1004273663,1073741823,1069547519,1073741823,1073741823,1073741823:j8
1073741823,1073741823,1073741823,1073741823,1073741823,1073479679,1071497215,1073643519,1045954559,1004273663,1072693247,1073741823,1073741823,1073741823,1073741823:j8
1073741823,1073741823,1073741823,1073741823,1073741823,1073479679,1071497215,1073643519,1045954559,1004273663,1073741823,1073479679,1073741823,1073741823,1073741823:j8
1073741823,1073741823,1073741823,1073741823,1073741823,1073479679,1071497215,1073643519,1045954559,1004273663,1073725439,1073741823,1073741823,1073741823,1073741823:j8
1073741823,1073741823,1073741823,1073741823,1073741823,1073479679,1067302911,1073643519,1045954559,1004273663,1073741823,1073741823,1073741823,1073741823,1073741823:j8
1073741823,1073741823,1073741823,1073741823,1073741823,1073479679,1071497215,1073643519,1045954559,1004273663,1069547519,1073741823,1073741823,1073741823,1073741823:j8
1073741823,1073741823,1073741823,1073741823,1073741823,1073479679,1071497215,1073643519,1045954559,1004273663,1073479679,1073741823,1073741823,1073741823,1073741823:j8
1073741823,1073741823,1073741823,1073741823,1073741823,1073479679,1071497215,1073643519,1045954559,1004269567,1073741823,1073741823,1073741823,1073741823,1073741823:j8
1073741823,1073741823,1073741823,1073741823,1073741823,1072431103,1071497215,1073643519,1045954559,1004273663,1073741823,1073741823,1073741823,1073741823,1073741823:j8
1073741823,1073741823,1073741823,1073741823,1073741823,1073479679,1071497215,1072594943,1045954559,1004273663,1073741823,1073741823,1073741823,1073741823,1073741823:j8
1073741823,1073741823,1073741823,1073741823,1073741823,1073479679,1071497215,1073643519,1045954559,1004208127,1073741823,1073741823,1073741823,1073741823,1073741823:j8
1073741823,1073741823,1073741823,1073741823,1073737727,1073479679,1071497215,1073643519,1045954559,1004273663,1073741823,1073741823,1073741823,1073741823,1073741823:j8
1073741823,1073741823,1073741823,1073741823,1073676287,1073479679,1071497215,1073643519,1045954559,1004273663,1073741823,1073741823,1073741823,1073741823,1073741823:j8
1073741823,1073741823,1073741823,1073741823,1072693247,1073479679,1071497215,1073643519,1045954559,1004273663,1073741823,1073741823,1073741823,1073741823,1073741823:j8
1073741823,1073741823,1073741823,1073741823,1073741823,1073479679,1071497215,1073643519,1045953535,1004273663,1073741823,1073741823,1073741823,1073741823,1073741823:j8
1073741823,1073741823,1073741823,1073741823,1073741823,1073479679,1071496191,1073643519,1045954559,1004273663,1073741823,1073741823,1073741823,1073741823,1073741823:j8
1073741823,1073741823,1073741823,1073741823,1073740799,1073479679,1071497215,1073643519,1045954559,1004273663,1073741823,1073741823,1073741823,1073741823,1073741823:k8
1073741823,1073741823,1073741823,1073741823,1073741823,1073475583,1071497215,1073643519,1045954559,1004273663,1073741823,1073741823,1073741823,1073741823,1073741823:j8
1073741823,1073741823,1073741823,1073741823,1073725439,1073479679,1071497215,1073643519,1045954559,1004273663,1073741823,1073741823,1073741823,1073741823,1073741823:j8
1073741823,1073741823,1073741823,1073741823,1073479679,1073479679,1071497215,1073643519,1045954559,1004273663,1073741823,1073741823,1073741823,1073741823,1073741823:j8
1073741823,1073741823,1073741823,1073741823,1073741823,1073414143,1071497215,1073643519,1045954559,1004273663,1073741823,1073741823,1073741823,1073741823,1073741823:j8
1073741823,1073741823,1073741823,1073741823,1073741823,1073479679,1071235071,1073643519,1045954559,1004273663,1073741823,1073741823,1073741823,1073741823,1073741823:j8
1073741823,1073741823,1073741823,1073741823,1073741823,1073479679,1071497215,1073643519,1045954559,1004272639,1073741823,1073741823,1073741823,1073741823,1073741823:j8
1073741823,1073741823,1073741823,1073741823,1073741823,1073479679,1071497215,1073643519,1045950463,1004273663,1073741823,1073741823,1073741823,1073741823,1073741823:j8
1073741823,1073741823,1073741823,1073741823,1073741823,1073479679,1071497215,1073642495,1045954559,1004273663,1073741823,1073741823,1073741823,1073741823,1073741823:j8
1073741823,1073741823,1073741823,1073741823,1073741823,1073479679,1071497215,1073639423,1045954559,1004273663,1073741823,1073741823,1073741823,1073741823,1073741823:j8
1073741823,1073741823,1073741823,1073741823,1073741823,1073478655,1071497215,1073643519,1045954559,1004273663,1073741823,1073741823,1073741823,1073741823,1073741823:j8
1073741823,1073741823,1073741823,1073741823,1073741823,1073479679,1071493119,1073643519,1045954559,1004273663,1073741823,1073741823,1073741823,1073741823,1073741823:j8
1073741823,1073741823,1073741823,1073741823,1073741823,1073463295,1071497215,1073643519,1045954559,1004273663,1073741823,1073741823,1073741823,1073741823,1073741823:k8
1073741823,1073741823,1073741823,1073741823,1073741823,1073479679,1071497215,1073381375,1045954559,1004273663,1073741823,1073741823,1073741823,1073741823,1073741823:k8
1073741823,1073741823,1073741823,1073741823,1073741823,1073479679,1071497215,1073643519,1045889023,1004273663,1073741823,1073741823,1073741823,1073741823,1073741823:l10
1073741823,1073741823,1073741823,1073741823,1073741823,1073479679,1071497215,1073643519,1045954559,1004257279,1073741823,1073741823,1073741823,1073741823,1073741823:l10
1073741823,1073741823,1073741823,1073741823,1073741823,1073479679,1071497215,1073643519,1045938175,1004273663,1073741823,1073741823,1073741823,1073741823,1073741823:l10
