1073741823,1073741823,1073741823,1073741823,1073741823,1073479679,1073593343,1073643519,1045954559,1071382527,1073741823,1073741823,1073741823,1073741823,1073741823:j8
1073741823,1073741823,1073741823,1073741823,1073741823,1073479679,1073593343,1073119231,1045954495,1071382527,1073741823,1073741823,1073741823,1073741823,1073741823:h6
1073741823,1073741823,1073741823,1073741823,1073741823,1073479679,1073593343,1073118975,1045954559,1071382527,1073741823,1073741823,1073741823,1073741823,1073741823:h6
1073741823,1073741823,1073741823,1073741823,1073741823,1073479679,1073593279,1073119231,1045954559,1071382527,1073741823,1073741823,1073741823,1073741823,1073741823:h6
1073741823,1073741823,1073741823,1073741823,1073741823,1073479679,1073593087,1073119231,1045954559,1071382527,1073741823,1073741823,1073741823,1073741823,1073741823:h6
1073741823,1073741823,1073741823,1073741823,1073741759,1073479679,1073593343,1073119231,1045954559,1071382527,1073741823,1073741823,1073741823,1073741823,1073741823:h6
1073741823,1073741823,1073741823,1073741823,1073741823,1073479423,1073593343,1073119231,1045954559,1071382527,1073741823,1073741823,1073741823,1073741823,1073741823:h6
1073741823,1073741823,1073741823,1073741823,1073741823,1073479679,1073593343,1073119231,1045954559,1071382527,1073741823,1073676287,1073741823,1073741823,1073741823:h6
1073741823,1073741823,1073741823,1073741823,1073741823,1073479679,1073593343,1073119231,1045954559,1071382527,1073741823,1056964607,1073741823,1073741823,1073741823:h6
1073741823,1073741823,1073741823,1073741823,1073741823,1073479679,1073593343,1073119231,1045954559,1071382527,1073741823,1072693247,1073741823,1073741823,1073741823:h6
1073741823,1073741823,1073741823,1073741823,1073741823,1073479679,805157887,1073119231,1045954559,1071382527,1073741823,1073741823,1073741823,1073741823,1073741823:h6
1073741823,1073741823,1073741823,1073741823,1073741823,1073479679,1073593343,1006010367,1045954559,1071382527,1073741823,1073741823,1073741823,1073741823,1073741823:h6
1073741823,1073741823,1073741823,1073741823,1073741823,1073479679,1073593343,1073119231,777519103,1071382527,1073741823,1073741823,1073741823,1073741823,1073741823:h6
1073741823,1073741823,1073741823,1073741823,1073741823,1073479679,1073593343,1073119231,1045954559,1071382527,805306367,1073741823,1073741823,1073741823,1073741823:h6
1073741823,1073741823,1073741823,1073741823,1073741823,1073479679,1073593343,1073119231,1045954559,1004273663,1073741823,1073741823,1073741823,1073741823,1073741823:h6
1073741823,1073741823,1073741823,1073741823,1073741823,1073479679,1006484479,1073119231,1045954559,1071382527,1073741823,1073741823,1073741823,1073741823,1073741823:h6
1073741823,1073741823,1073741823,1073741823,1073741823,1073479679,1073593343,1056342015,1045954559,1071382527,1073741823,1073741823,1073741823,1073741823,1073741823:h6
1073741823,1073741823,1073741823,1073741823,1073741823,1073479679,1073593343,1073119231,978845695,1071382527,1073741823,1073741823,1073741823,1073741823,1073741823:h6
1073741823,1073741823,1073741823,1073741823,1073741823,1073479679,1073593343,1073119231,1045954559,1071382527,1006632959,1073741823,1073741823,1073741823,1073741823:h6
1073741823,1073741823,1073741823,1073741823,1073741823,1073479679,1073593343,1073119231,1045954559,1054605311,1073741823,1073741823,1073741823,1073741823,1073741823:h6
1073741823,1073741823,1073741823,1073725439,1073741823,1073479679,1073593343,1073119231,1045954559,1071382527,1073741823,1073741823,1073741823,1073741823,1073741823:h6
1073741823,1073741823,1073741823,1073479679,1073741823,1073479679,1073593343,1073119231,1045954559,1071382527,1073741823,1073741823,1073741823,1073741823,1073741823:h6
1073741823,1073741823,1073741823,1069547519,1073741823,1073479679,1073593343,1073119231,1045954559,1071382527,1073741823,1073741823,1073741823,1073741823,1073741823:h6
1073741823,1073741823,1073741823,1073741823,1073741823,1069285375,1073593343,1073119231,1045954559,1071382527,1073741823,1073741823,1073741823,1073741823,1073741823:h6
1073741823,1073741823,1073741823,1073741823,1073741823,1073479679,1056816127,1073119231,1045954559,1071382527,1073741823,1073741823,1073741823,1073741823,1073741823:h6
1073741823,1073741823,1073741823,1073741823,1073741823,1073479679,1073593343,1073119231,1045954559,1071382527,1056964607,1073741823,1073741823,1073741823,1073741823:h6
1073741823,1073741823,1073741823,1073741823,1073741823,1073479679,1073593343,1073119231,1045954559,1071382527,1073741823,1073725439,1073741823,1073741823,1073741823:h6
1073741823,1073741823,1073741823,1073741823,1073741823,1073479679,1073593343,1073119231,1045954559,1071382527,1073676287,1073741823,1073741823,1073741823,1073741823:h6
1073741823,1073741823,1073741823,1073741823,1073741823,1073479679,1073593343,1068924927,1045954559,1071382527,1073741823,1073741823,1073741823,1073741823,1073741823:h6
1073741823,1073741823,1073741823,1073741823,1073741823,1073479679,1073593343,1073119231,1045954559,1067188223,1073741823,1073741823,1073741823,1073741823,1073741823:i9
1073741823,1073741823,1073741823,1073741823,1073741823,1073479679,1073593343,1073119231,1045954559,1071382527,1073741823,1069547519,1073741823,1073741823,1073741823:h6
1073741823,1073741823,1073741823,1073741823,1073741823,1073479679,1073593343,1073119231,1045954559,1071382527,1072693247,1073741823,1073741823,1073741823,1073741823:h6
1073741823,1073741823,1073741823,1073741823,1073741823,1073479679,1073593343,1073119231,1045954559,1071382527,1073741823,1073479679,1073741823,1073741823,1073741823:h6
1073741823,1073741823,1073741823,1073741823,1073741823,1073479679,1073593343,1073119231,1045954559,1071382527,1073725439,1073741823,1073741823,1073741823,1073741823:h6
1073741823,1073741823,1073741823,1073741823,1073741823,1073479679,1069399039,1073119231,1045954559,1071382527,1073741823,1073741823,1073741823,1073741823,1073741823:h6
1073741823,1073741823,1073741823,1073741823,1073741823,1073479679,1073593343,1073119231,1045954559,1071382527,1069547519,1073741823,1073741823,1073741823,1073741823:h6
1073741823,1073741823,1073741823,1073741823,1073741823,1073479679,1073593343,1073119231,1045954559,1071382527,1073479679,1073741823,1073741823,1073741823,1073741823:h6
1073741823,1073741823,1073741823,1073741823,1073741823,1073479679,1073593343,1073119231,1045954559,1071378431,1073741823,1073741823,1073741823,1073741823,1073741823:h6
1073741823,1073741823,1073741823,1073741823,1073741823,1072431103,1073593343,1073119231,1045954559,1071382527,1073741823,1073741823,1073741823,1073741823,1073741823:h6
1073741823,1073741823,1073741823,1073741823,1073741823,1073479679,1073593343,1072070655,1045954559,1071382527,1073741823,1073741823,1073741823,1073741823,1073741823:h6
1073741823,1073741823,1073741823,1073741823,1073741823,1073479679,1073593343,1073119231,1045954559,1071316991,1073741823,1073741823,1073741823,1073741823,1073741823:h6
1073741823,1073741823,1073741823,1073741823,1073737727,1073479679,1073593343,1073119231,1045954559,1071382527,1073741823,1073741823,1073741823,1073741823,1073741823:l10
1073741823,1073741823,1073741823,1073741823,1073676287,1073479679,1073593343,1073119231,1045954559,1071382527,1073741823,1073741823,1073741823,1073741823,1073741823:h6
1073741823,1073741823,1073741823,1073741823,1072693247,1073479679,1073593343,1073119231,1045954559,1071382527,1073741823,1073741823,1073741823,1073741823,1073741823:h6
1073741823,1073741823,1073741823,1073741823,1073741823,1073479679,1072544767,1073119231,1045954559,1071382527,1073741823,1073741823,1073741823,1073741823,1073741823:h6
1073741823,1073741823,1073741823,1073741823,1073741823,1073479679,1073593343,1073119231,1045953535,1071382527,1073741823,1073741823,1073741823,1073741823,1073741823:h6
1073741823,1073741823,1073741823,1073741823,1073740799,1073479679,1073593343,1073119231,1045954559,1071382527,1073741823,1073741823,1073741823,1073741823,1073741823:h6
1073741823,1073741823,1073741823,1073741823,1073741823,1073475583,1073593343,1073119231,1045954559,1071382527,1073741823,1073741823,1073741823,1073741823,1073741823:h6
1073741823,1073741823,1073741823,1073741823,1073725439,1073479679,1073593343,1073119231,1045954559,1071382527,1073741823,1073741823,1073741823,1073741823,1073741823:h6
1073741823,1073741823,1073741823,1073741823,1073479679,1073479679,1073593343,1073119231,1045954559,1071382527,1073741823,1073741823,1073741823,1073741823,1073741823:h6
1073741823,1073741823,1073741823,1073741823,1073741823,1073414143,1073593343,1073119231,1045954559,1071382527,1073741823,1073741823,1073741823,1073741823,1073741823:h6
1073741823,1073741823,1073741823,1073741823,1073741823,1073479679,1073331199,1073119231,1045954559,1071382527,1073741823,1073741823,1073741823,1073741823,1073741823:h6
1073741823,1073741823,1073741823,1073741823,1073741823,1073479679,1073593343,1073119231,1045954559,1071381503,1073741823,1073741823,1073741823,1073741823,1073741823:h6
1073741823,1073741823,1073741823,1073741823,1073741823,1073479679,1073593343,1073119231,1045950463,1071382527,1073741823,1073741823,1073741823,1073741823,1073741823:h6
1073741823,1073741823,1073741823,1073741823,1073741823,1073479679,1073593343,1073118207,1045954559,1071382527,1073741823,1073741823,1073741823,1073741823,1073741823:h6
1073741823,1073741823,1073741823,1073741823,1073741823,1073479679,1073593343,1073115135,1045954559,1071382527,1073741823,1073741823,1073741823,1073741823,1073741823:h6
1073741823,1073741823,1073741823,1073741823,1073741823,1073478655,1073593343,1073119231,1045954559,1071382527,1073741823,1073741823,1073741823,1073741823,1073741823:h6
1073741823,1073741823,1073741823,1073741823,1073741823,1073479679,1073589247,1073119231,1045954559,1071382527,1073741823,1073741823,1073741823,1073741823,1073741823:h6
1073741823,1073741823,1073741823,1073741823,1073741823,1073463295,1073593343,1073119231,1045954559,1071382527,1073741823,1073741823,1073741823,1073741823,1073741823:i9
1073741823,1073741823,1073741823,1073741823,1073741823,1073479679,1073593343,1073119231,1045889023,1071382527,1073741823,1073741823,1073741823,1073741823,1073741823:h6
1073741823,1073741823,1073741823,1073741823,1073741823,1073479679,1073593343,1073119231,1045954559,1071366143,1073741823,1073741823,1073741823,1073741823,1073741823:h6
1073741823,1073741823,1073741823,1073741823,1073741823,1073479679,1073593343,1073119231,1045938175,1071382527,1073741823,1073741823,1073741823,1073741823,1073741823:h6
