1073741823,1073741823,1073741823,1073741823,1073741823,1073328127,1073594367,1072586751,1073209343,1073741823,1073741823,1073741823,1073741823,1073741823,1073741823:g10
1073741823,1073741823,1073741823,1073741823,1073741823,1073328127,1073594367,1072586751,1073209343,1073733631,1073741823,1073741567,1073741823,1073741823,1073741823:g7
1073741823,1073741823,1073741823,1073741823,1073741823,1073328127,1073594367,1072586751,1073209343,1073733631,1073740799,1073741823,1073741823,1073741823,1073741823:f10
1073741823,1073741823,1073741823,1073741823,1073741823,1073328127,1073594367,1072586751,1073209343,1073733631,1073741823,1073676287,1073741823,1073741823,1073741823:f10
1073741823,1073741823,1073741823,1073741823,1073741823,1073328127,1073594367,1072586751,1073209343,1073733631,1073741823,1073737727,1073741823,1073741823,1073741823:f10
1073741823,1073741823,1073741823,1073741823,1073741823,1056550911,1073594367,1072586751,1073209343,1073733631,1073741823,1073741823,1073741823,1073741823,1073741823:f10
1073741823,1073741823,1073741823,1073741823,1073741823,1073328127,1073594367,1055809535,1073209343,1073733631,1073741823,1073741823,1073741823,1073741823,1073741823:g11
1073741823,1073741823,1073741823,1073741823,1073741823,1073328127,1073594367,1072586751,1073209343,1056956415,1073741823,1073741823,1073741823,1073741823,1073741823:f10
1073741823,1073741823,1073741823,1072693247,1073741823,1073328127,1073594367,1072586751,1073209343,1073733631,1073741823,1073741823,1073741823,1073741823,1073741823:f10
1073741823,1073741823,1073741823,1073740799,1073741823,1073328127,1073594367,1072586751,1073209343,1073733631,1073741823,1073741823,1073741823,1073741823,1073741823:g11
1073741823,1073741823,1073741823,1073741823,1073741823,1073328127,1073594367,1072586751,1073209343,1073733631,1073725439,1073741823,1073741823,1073741823,1073741823:f10
1073741823,1073741823,1073741823,1073741823,1073741823,1073328127,1069400063,1072586751,1073209343,1073733631,1073741823,1073741823,1073741823,1073741823,1073741823:f10
1073741823,1073741823,1073741823,1073741823,1073741823,1073328127,1073594367,1072586751,1069015039,1073733631,1073741823,1073741823,1073741823,1073741823,1073741823:f10
1073741823,1073741823,1073741823,1073741823,1073741823,1073328127,1073594367,1072586751,1073209343,1073733631,1069547519,1073741823,1073741823,1073741823,1073741823:f10
1073741823,1073741823,1073741823,1073741823,1073741823,1073328127,1073594367,1072586751,1073209343,1073733631,1073479679,1073741823,1073741823,1073741823,1073741823:g7
1073741823,1073741823,1073741823,1073741567,1073741823,1073328127,1073594367,1072586751,1073209343,1073733631,1073741823,1073741823,1073741823,1073741823,1073741823:f5
1073741823,1073741823,1073741823,1073741567,1073739775,1073328127,1073594303,1072586751,1073209343,1073733631,1073741823,1073741823,1073741823,1073741823,1073741823:f10
1073741823,1073741823,1073725439,1073741567,1073739775,1073328127,1073594367,1072586751,1073209343,1073733631,1073741823,1073741823,1073741823,1073741823,1073741823:g11
1073741823,1073741823,1073741823,1073741567,1073739775,1073328111,1073594367,1072586751,1073209343,1073733631,1073741823,1073741823,1073741823,1073741823,1073741823:f10
1073741823,1073741823,1073741823,1073741567,1073739711,1073328127,1073594367,1072586751,1073209343,1073733631,1073741823,1073741823,1073741823,1073741823,1073741823:f10
1073741823,1073741823,1073741823,1073741551,1073739775,1073328127,1073594367,1072586751,1073209343,1073733631,1073741823,1073741823,1073741823,1073741823,1073741823:f10
1073741823,1073741823,1073741823,1073741503,1073739775,1073328127,1073594367,1072586751,1073209343,1073733631,1073741823,1073741823,1073741823,1073741823,1073741823:f10
1073741823,1073741807,1073741823,1073741567,1073739775,1073328127,1073594367,1072586751,1073209343,1073733631,1073741823,1073741823,1073741823,1073741823,1073741823:f10
1073741823,1073741823,1073741759,1073741567,1073739775,1073328127,1073594367,1072586751,1073209343,1073733631,1073741823,1073741823,1073741823,1073741823,1073741823:f10
1073741823,1073741567,1073741823,1073741567,1073739775,1073328127,1073594367,1072586751,1073209343,1073733631,1073741823,1073741823,1073741823,1073741823,1073741823:f10
1073741823,1073741823,1073741567,1073741567,1073739775,1073328127,1073594367,1072586751,1073209343,1073733631,1073741823,1073741823,1073741823,1073741823,1073741823:f10
1073741823,1073737727,1073741823,1073741567,1073739775,1073328127,1073594367,1072586751,1073209343,1073733631,1073741823,1073741823,1073741823,1073741823,1073741823:f10
1073741823,1073741823,1073740799,1073741567,1073739775,1073328127,1073594367,1072586751,1073209343,1073733631,1073741823,1073741823,1073741823,1073741823,1073741823:f10
1073741823,1073741823,1073741823,1073741567,1073739519,1073328127,1073594367,1072586751,1073209343,1073733631,1073741823,1073741823,1073741823,1073741823,1073741823:f10
1073741823,1073741823,1073741823,1073741567,1073739775,1073328127,1073594367,1072586751,1073209343,1073733631,1073741823,1073741567,1073741823,1073741823,1073741823:g7
1073741823,1073741823,1073741823,1073741567,1073739775,1073328127,1073594367,1072586751,1073209343,1073733631,1073740799,1073741823,1073741823,1073741823,1073741823:f10
1073741823,1073741823,1073741823,1073741567,1073739775,1073328127,1073594367,1072586751,1073209343,1073733631,1073741823,1073676287,1073741823,1073741823,1073741823:f10
1073741823,1073741823,1073741823,1073741567,1073739775,1073328127,1073594367,1072586751,1073209343,1073733631,1073741823,1073737727,1073741823,1073741823,1073741823:f10
1073741823,1073741823,1073741823,1073741567,1073739775,1056550911,1073594367,1072586751,1073209343,1073733631,1073741823,1073741823,1073741823,1073741823,1073741823:f10
1073741823,1073741823,1073741823,1073741567,1073739775,1073328127,1073594367,1055809535,1073209343,1073733631,1073741823,1073741823,1073741823,1073741823,1073741823:g11
1073741823,1073741823,1073741823,1073741567,1073739775,1073328127,1073594367,1072586751,1073209343,1056956415,1073741823,1073741823,1073741823,1073741823,1073741823:f10
1073741823,1073741823,1073741823,1072692991,1073739775,1073328127,1073594367,1072586751,1073209343,1073733631,1073741823,1073741823,1073741823,1073741823,1073741823:f10
1073741823,1073741823,1073741823,1073740543,1073739775,1073328127,1073594367,1072586751,1073209343,1073733631,1073741823,1073741823,1073741823,1073741823,1073741823:f10
1073741823,1073741823,1073741823,1073741567,1073739775,1073328127,1073594367,1072586751,1073209343,1073733631,1073725439,1073741823,1073741823,1073741823,1073741823:f10
1073741823,1073741823,1073741823,1073741567,1073739775,1073328127,1069400063,1072586751,1073209343,1073733631,1073741823,1073741823,1073741823,1073741823,1073741823:f10
1073741823,1073741823,1073741823,1073741567,1073739775,1073328127,1073594367,1072586751,1069015039,1073733631,1073741823,1073741823,1073741823,1073741823,1073741823:f10
1073741823,1073741823,1073741823,1073741567,1073739775,1073328127,1073594367,1072586751,1073209343,1073733631,1069547519,1073741823,1073741823,1073741823,1073741823:f10
1073741823,1073741823,1073741823,1073741567,1073739775,1073328127,1073594367,1072586751,1073209343,1073733631,1073479679,1073741823,1073741823,1073741823,1073741823:g7
1073741823,1073741823,1073741823,1073737471,1073739775,1073328127,1073594367,1072586751,1073209343,1073733631,1073741823,1073741823,1073741823,1073741823,1073741823:f10
1073741823,1073741823,1073741823,1073676031,1073739775,1073328127,1073594367,1072586751,1073209343,1073733631,1073741823,1073741823,1073741823,1073741823,1073741823:f10
1073741823,1073741823,1073741823,1073741567,1073739775,1073328127,1073594367,1072586751,1073209343,1073733375,1073741823,1073741823,1073741823,1073741823,1073741823:g7
1073741823,1073741823,1073741823,1073741567,1073739775,1073328127,1073594367,1072586495,1073209343,1073733631,1073741823,1073741823,1073741823,1073741823,1073741823:g7
1073741823,1073741823,1073741823,1073741567,1073739775,1073327871,1073594367,1072586751,1073209343,1073733631,1073741823,1073741823,1073741823,1073741823,1073741823:f10
1073741823,1073741823,1073741823,1073741567,1073739775,1073328127,1073594367,1072586751,1073209343,1072685055,1073741823,1073741823,1073741823,1073741823,1073741823:f10
1073741823,1073741823,1073741823,1073741567,1073739775,1073328127,1073594367,1072586751,1073209343,1073668095,1073741823,1073741823,1073741823,1073741823,1073741823:g7
1073741823,1073741823,1073741823,1073741567,1073739775,1073328127,1073594367,1072586751,1073209343,1073733631,1073741567,1073741823,1073741823,1073741823,1073741823:g7
1073741823,1073741823,1073741823,1073741567,1073739775,1073328127,1073594367,1072586751,1073209087,1073733631,1073741823,1073741823,1073741823,1073741823,1073741823:g7
1073741823,1073741823,1073741823,1073741567,1073739775,1073328127,1073594111,1072586751,1073209343,1073733631,1073741823,1073741823,1073741823,1073741823,1073741823:g7
1073741823,1073741823,1073741823,1073741567,1073739775,1073328127,1073594367,1072586751,1073209343,1073733631,1073676287,1073741823,1073741823,1073741823,1073741823:f10
1073741823,1073741823,1073741823,1073741567,1073739775,1073328127,1073594367,1072586751,1073209343,1073733631,1073737727,1073741823,1073741823,1073741823,1073741823:f10
1073741823,1073741823,1073741823,1073725183,1073739775,1073328127,1073594367,1072586751,1073209343,1073733631,1073741823,1073741823,1073741823,1073741823,1073741823:g11
1073741823,1073741823,1073741823,1073479423,1073739775,1073328127,1073594367,1072586751,1073209343,1073733631,1073741823,1073741823,1073741823,1073741823,1073741823:f10
1073741823,1073741823,1073741823,1069547263,1073739775,1073328127,1073594367,1072586751,1073209343,1073733631,1073741823,1073741823,1073741823,1073741823,1073741823:f10
1073741823,1073741823,1073741823,1073741567,1073739775,1069133823,1073594367,1072586751,1073209343,1073733631,1073741823,1073741823,1073741823,1073741823,1073741823:f10
1073741823,1073741823,1073741823,1073741567,1073739775,1072279551,1073594367,1072586751,1073209343,1073733631,1073741823,1073741823,1073741823,1073741823,1073741823:f10
1073741823,1073741823,1073741823,1073741567,1073739775,1073328127,1073594367,1068392447,1073209343,1073733631,1073741823,1073741823,1073741823,1073741823,1073741823:f10
1073741823,1073741823,1073741823,1073741567,1073735679,1073328127,1073594367,1072586751,1073209343,1073733631,1073741823,1073741823,1073741823,1073741823,1073741823:f10
1073741823,1073741823,1073741823,1073741567,1073674239,1073328127,1073594367,1072586751,1073209343,1073733631,1073741823,1073741823,1073741823,1073741823,1073741823:f10
1073741823,1073741823,1073741823,1073741567,1072691199,1073328127,1073594367,1072586751,1073209343,1073733631,1073741823,1073741823,1073741823,1073741823,1073741823:f10
1073741823,1073741823,1073741823,1073741567,1073739775,1073328127,1072545791,1072586751,1073209343,1073733631,1073741823,1073741823,1073741823,1073741823,1073741823:f10
1073741823,1073741823,1073741823,1073741567,1073739775,1073328127,1073594367,1072586751,1072160767,1073733631,1073741823,1073741823,1073741823,1073741823,1073741823:f10
1073741823,1073741823,1073741823,1073741567,1073739775,1073328127,1073594367,1072586751,1073208319,1073733631,1073741823,1073741823,1073741823,1073741823,1073741823:f10
1073741823,1073741823,1073741823,1073741567,1073739775,1073328127,1073593343,1072586751,1073209343,1073733631,1073741823,1073741823,1073741823,1073741823,1073741823:g7
1073741823,1073741823,1073741823,1073741567,1073723391,1073328127,1073594367,1072586751,1073209343,1073733631,1073741823,1073741823,1073741823,1073741823,1073741823:g11
1073741823,1073741823,1073741823,1073741567,1073477631,1073328127,1073594367,1072586751,1073209343,1073733631,1073741823,1073741823,1073741823,1073741823,1073741823:f10
1073741823,1073741823,1073741823,1073741567,1073739775,1073328127,1073332223,1072586751,1073209343,1073733631,1073741823,1073741823,1073741823,1073741823,1073741823:f10
1073741823,1073741823,1073741823,1073741567,1073739775,1073328127,1073594367,1072586751,1073209343,1073732607,1073741823,1073741823,1073741823,1073741823,1073741823:g7
1073741823,1073741823,1073741823,1073741567,1073739775,1073328127,1073594367,1072585727,1073209343,1073733631,1073741823,1073741823,1073741823,1073741823,1073741823:f10
1073741823,1073741823,1073741823,1073741567,1073739775,1073327103,1073594367,1072586751,1073209343,1073733631,1073741823,1073741823,1073741823,1073741823,1073741823:g11
1073741823,1073741823,1073741823,1073741567,1073739775,1073328127,1073590271,1072586751,1073209343,1073733631,1073741823,1073741823,1073741823,1073741823,1073741823:f10
1073741823,1073741823,1073741823,1073741567,1073739775,1073328127,1073594367,1072324607,1073209343,1073733631,1073741823,1073741823,1073741823,1073741823,1073741823:g11
1073741823,1073741823,1073741823,1073741567,1073739775,1073328127,1073594367,1072586751,1073209343,1073471487,1073741823,1073741823,1073741823,1073741823,1073741823:f10
1073741823,1073741823,1073741823,1073741567,1073739775,1073328127,1073594367,1072586751,1073143807,1073733631,1073741823,1073741823,1073741823,1073741823,1073741823:g11
1073741823,1073741823,1073741823,1073741567,1073739775,1073328127,1073594367,1072586751,1073209343,1073717247,1073741823,1073741823,1073741823,1073741823,1073741823:g7
1073741823,1073741823,1073741823,1073741567,1073739775,1073328127,1073594367,1072586751,1073192959,1073733631,1073741823,1073741823,1073741823,1073741823,1073741823:f10
1073741823,1073741823,1073741823,1073737727,1073741823,1073328127,1073594367,1072586751,1073209343,1073733631,1073741823,1073741823,1073741823,1073741823,1073741823:g11
1073741823,1073741823,1073741823,1073676287,1073741823,1073328127,1073594367,1072586751,1073209343,1073733631,1073741823,1073741823,1073741823,1073741823,1073741823:f10
1073741823,1073741823,1073741823,1073741823,1073741823,1073328127,1073594367,1072586751,1073209343,1073733375,1073741823,1073741823,1073741823,1073741823,1073741823:g7
1073741823,1073741823,1073741823,1073741823,1073741823,1073328127,1073594367,1072586495,1073209343,1073733631,1073741823,1073741823,1073741823,1073741823,1073741823:g7
1073741823,1073741823,1073741823,1073741823,1073741823,1073327871,1073594367,1072586751,1073209343,1073733631,1073741823,1073741823,1073741823,1073741823,1073741823:g11
1073741823,1073741823,1073741823,1073741823,1073741823,1073328127,1073594367,1072586751,1073209343,1072685055,1073741823,1073741823,1073741823,1073741823,1073741823:f10
1073741823,1073741823,1073741823,1073741823,1073741823,1073328127,1073594367,1072586751,1073209343,1073668095,1073741823,1073741823,1073741823,1073741823,1073741823:g7
1073741823,1073741823,1073741823,1073741823,1073741823,1073328127,1073594367,1072586751,1073209343,1073733631,1073741567,1073741823,1073741823,1073741823,1073741823:g7
1073741823,1073741823,1073741823,1073741823,1073741823,1073328127,1073594367,1072586751,1073209087,1073733631,1073741823,1073741823,1073741823,1073741823,1073741823:g7
1073741823,1073741823,1073741823,1073741823,1073741823,1073328127,1073594111,1072586751,1073209343,1073733631,1073741823,1073741823,1073741823,1073741823,1073741823:g11
1073741823,1073741823,1073741823,1073741823,1073741823,1073328127,1073594367,1072586751,1073209343,1073733631,1073676287,1073741823,1073741823,1073741823,1073741823:f10
1073741823,1073741823,1073741823,1073741823,1073741823,1073328127,1073594367,1072586751,1073209343,1073733631,1073737727,1073741823,1073741823,1073741823,1073741823:f10
1073741823,1073741823,1073741823,1073725439,1073741823,1073328127,1073594367,1072586751,1073209343,1073733631,1073741823,1073741823,1073741823,1073741823,1073741823:g11
1073741823,1073741823,1073741823,1073479679,1073741823,1073328127,1073594367,1072586751,1073209343,1073733631,1073741823,1073741823,1073741823,1073741823,1073741823:f10
1073741823,1073741823,1073741823,1069547519,1073741823,1073328127,1073594367,1072586751,1073209343,1073733631,1073741823,1073741823,1073741823,1073741823,1073741823:f10
1073741823,1073741823,1073741823,1073741823,1073741823,1069133823,1073594367,1072586751,1073209343,1073733631,1073741823,1073741823,1073741823,1073741823,1073741823:f10
1073741823,1073741823,1073741823,1073741823,1073741823,1072279551,1073594367,1072586751,1073209343,1073733631,1073741823,1073741823,1073741823,1073741823,1073741823:f10
1073741823,1073741823,1073741823,1073741823,1073741823,1073328127,1073594367,1068392447,1073209343,1073733631,1073741823,1073741823,1073741823,1073741823,1073741823:f10
1073741823,1073741823,1073741823,1073741823,1073737727,1073328127,1073594367,1072586751,1073209343,1073733631,1073741823,1073741823,1073741823,1073741823,1073741823:g11
1073741823,1073741823,1073741823,1073741823,1073676287,1073328127,1073594367,1072586751,1073209343,1073733631,1073741823,1073741823,1073741823,1073741823,1073741823:g11
1073741823,1073741823,1073741823,1073741823,1072693247,1073328127,1073594367,1072586751,1073209343,1073733631,1073741823,1073741823,1073741823,1073741823,1073741823:f10
1073741823,1073741823,1073741823,1073741823,1073741823,1073328127,1072545791,1072586751,1073209343,1073733631,1073741823,1073741823,1073741823,1073741823,1073741823:f10
1073741823,1073741823,1073741823,1073741823,1073741823,1073328127,1073594367,1072586751,1072160767,1073733631,1073741823,1073741823,1073741823,1073741823,1073741823:f10
1073741823,1073741823,1073741823,1073741823,1073741823,1073328127,1073594367,1072586751,1073208319,1073733631,1073741823,1073741823,1073741823,1073741823,1073741823:g11
1073741823,1073741823,1073741823,1073741823,1073741823,1073328127,1073593343,1072586751,1073209343,1073733631,1073741823,1073741823,1073741823,1073741823,1073741823:g11
1073741823,1073741823,1073741823,1073741823,1073740799,1073328127,1073594367,1072586751,1073209343,1073733631,1073741823,1073741823,1073741823,1073741823,1073741823:e4
1073741823,1073741823,1073741823,1073741311,1073740799,1073328111,1073594367,1072586751,1073209343,1073733631,1073741823,1073741823,1073741823,1073741823,1073741823:f10
1073741823,1073741823,1073741823,1073741295,1073740799,1073328127,1073594367,1072586751,1073209343,1073733631,1073741823,1073741823,1073741823,1073741823,1073741823:f10
1073741823,1073741823,1073741823,1073741247,1073740799,1073328127,1073594367,1072586751,1073209343,1073733631,1073741823,1073741823,1073741823,1073741823,1073741823:f10
1073741823,1073741807,1073741823,1073741311,1073740799,1073328127,1073594367,1072586751,1073209343,1073733631,1073741823,1073741823,1073741823,1073741823,1073741823:f10
1073741823,1073741567,1073741823,1073741311,1073740799,1073328127,1073594367,1072586751,1073209343,1073733631,1073741823,1073741823,1073741823,1073741823,1073741823:f10
1073741823,1073741823,1073741567,1073741311,1073740799,1073328127,1073594367,1072586751,1073209343,1073733631,1073741823,1073741823,1073741823,1073741823,1073741823:f10
1073741823,1073737727,1073741823,1073741311,1073740799,1073328127,1073594367,1072586751,1073209343,1073733631,1073741823,1073741823,1073741823,1073741823,1073741823:f10
1073741823,1073741823,1073741823,1073741311,1073740799,1073328127,1073594303,1072586751,1073209343,1073733631,1073741823,1073741823,1073741823,1073741823,1073741823:f10
1073741823,1073741823,1073741823,1073741311,1073740735,1073328127,1073594367,1072586751,1073209343,1073733631,1073741823,1073741823,1073741823,1073741823,1073741823:f10
1073741823,1073741823,1073741823,1073741311,1073740543,1073328127,1073594367,1072586751,1073209343,1073733631,1073741823,1073741823,1073741823,1073741823,1073741823:f10
1073741823,1073741823,1073741759,1073741311,1073740799,1073328127,1073594367,1072586751,1073209343,1073733631,1073741823,1073741823,1073741823,1073741823,1073741823:f10
1073741823,1073741823,1073740799,1073741311,1073740799,1073328127,1073594367,1072586751,1073209343,1073733631,1073741823,1073741823,1073741823,1073741823,1073741823:f10
1073741823,1073741823,1073725439,1073741311,1073740799,1073328127,1073594367,1072586751,1073209343,1073733631,1073741823,1073741823,1073741823,1073741823,1073741823:g11
1073741823,1073741823,1073741823,1073741311,1073740799,1073328127,1073594367,1072586751,1073209343,1073733631,1073741823,1073741567,1073741823,1073741823,1073741823:g7
1073741823,1073741823,1073741823,1073741311,1073740799,1073328127,1073594367,1072586751,1073209343,1073733631,1073740799,1073741823,1073741823,1073741823,1073741823:f10
1073741823,1073741823,1073741823,1073741311,1073740799,1073328127,1073594367,1072586751,1073209343,1073733631,1073741823,1073676287,1073741823,1073741823,1073741823:f10
1073741823,1073741823,1073741823,1073741311,1073740799,1073328127,1073594367,1072586751,1073209343,1073733631,1073741823,1073737727,1073741823,1073741823,1073741823:f10
1073741823,1073741823,1073741823,1073741311,1073740799,1056550911,1073594367,1072586751,1073209343,1073733631,1073741823,1073741823,1073741823,1073741823,1073741823:f10
1073741823,1073741823,1073741823,1073741311,1073740799,1073328127,1073594367,1055809535,1073209343,1073733631,1073741823,1073741823,1073741823,1073741823,1073741823:g11
1073741823,1073741823,1073741823,1073741311,1073740799,1073328127,1073594367,1072586751,1073209343,1056956415,1073741823,1073741823,1073741823,1073741823,1073741823:f10
1073741823,1073741823,1073741823,1072692735,1073740799,1073328127,1073594367,1072586751,1073209343,1073733631,1073741823,1073741823,1073741823,1073741823,1073741823:f10
1073741823,1073741823,1073741823,1073740287,1073740799,1073328127,1073594367,1072586751,1073209343,1073733631,1073741823,1073741823,1073741823,1073741823,1073741823:f10
1073741823,1073741823,1073741823,1073741311,1073740799,1073328127,1073594367,1072586751,1073209343,1073733631,1073725439,1073741823,1073741823,1073741823,1073741823:f10
1073741823,1073741823,1073741823,1073741311,1073740799,1073328127,1069400063,1072586751,1073209343,1073733631,1073741823,1073741823,1073741823,1073741823,1073741823:f10
1073741823,1073741823,1073741823,1073741311,1073740799,1073328127,1073594367,1072586751,1069015039,1073733631,1073741823,1073741823,1073741823,1073741823,1073741823:f10
1073741823,1073741823,1073741823,1073741311,1073740799,1073328127,1073594367,1072586751,1073209343,1073733631,1069547519,1073741823,1073741823,1073741823,1073741823:f10
1073741823,1073741823,1073741823,1073741311,1073740799,1073328127,1073594367,1072586751,1073209343,1073733631,1073479679,1073741823,1073741823,1073741823,1073741823:g7
1073741823,1073741823,1073741823,1073737215,1073740799,1073328127,1073594367,1072586751,1073209343,1073733631,1073741823,1073741823,1073741823,1073741823,1073741823:f10
1073741823,1073741823,1073741823,1073675775,1073740799,1073328127,1073594367,1072586751,1073209343,1073733631,1073741823,1073741823,1073741823,1073741823,1073741823:f10
1073741823,1073741823,1073741823,1073741311,1073740799,1073328127,1073594367,1072586751,1073209343,1073733375,1073741823,1073741823,1073741823,1073741823,1073741823:g7
1073741823,1073741823,1073741823,1073741311,1073740799,1073328127,1073594367,1072586495,1073209343,1073733631,1073741823,1073741823,1073741823,1073741823,1073741823:g7
1073741823,1073741823,1073741823,1073741311,1073740799,1073327871,1073594367,1072586751,1073209343,1073733631,1073741823,1073741823,1073741823,1073741823,1073741823:g11
1073741823,1073741823,1073741823,1073741311,1073740799,1073328127,1073594367,1072586751,1073209343,1072685055,1073741823,1073741823,1073741823,1073741823,1073741823:f10
1073741823,1073741823,1073741823,1073741311,1073740799,1073328127,1073594367,1072586751,1073209343,1073668095,1073741823,1073741823,1073741823,1073741823,1073741823:g7
1073741823,1073741823,1073741823,1073741311,1073740799,1073328127,1073594367,1072586751,1073209343,1073733631,1073741567,1073741823,1073741823,1073741823,1073741823:g7
1073741823,1073741823,1073741823,1073741311,1073740799,1073328127,1073594367,1072586751,1073209087,1073733631,1073741823,1073741823,1073741823,1073741823,1073741823:g7
1073741823,1073741823,1073741823,1073741311,1073740799,1073328127,1073594111,1072586751,1073209343,1073733631,1073741823,1073741823,1073741823,1073741823,1073741823:g7
1073741823,1073741823,1073741823,1073741311,1073740799,1073328127,1073594367,1072586751,1073209343,1073733631,1073676287,1073741823,1073741823,1073741823,1073741823:f10
1073741823,1073741823,1073741823,1073741311,1073740799,1073328127,1073594367,1072586751,1073209343,1073733631,1073737727,1073741823,1073741823,1073741823,1073741823:f10
1073741823,1073741823,1073741823,1073724927,1073740799,1073328127,1073594367,1072586751,1073209343,1073733631,1073741823,1073741823,1073741823,1073741823,1073741823:g11
1073741823,1073741823,1073741823,1073479167,1073740799,1073328127,1073594367,1072586751,1073209343,1073733631,1073741823,1073741823,1073741823,1073741823,1073741823:f10
1073741823,1073741823,1073741823,1069547007,1073740799,1073328127,1073594367,1072586751,1073209343,1073733631,1073741823,1073741823,1073741823,1073741823,1073741823:f10
1073741823,1073741823,1073741823,1073741311,1073740799,1069133823,1073594367,1072586751,1073209343,1073733631,1073741823,1073741823,1073741823,1073741823,1073741823:f10
1073741823,1073741823,1073741823,1073741311,1073740799,1072279551,1073594367,1072586751,1073209343,1073733631,1073741823,1073741823,1073741823,1073741823,1073741823:f10
1073741823,1073741823,1073741823,1073741311,1073740799,1073328127,1073594367,1068392447,1073209343,1073733631,1073741823,1073741823,1073741823,1073741823,1073741823:f10
1073741823,1073741823,1073741823,1073741311,1073736703,1073328127,1073594367,1072586751,1073209343,1073733631,1073741823,1073741823,1073741823,1073741823,1073741823:f10
1073741823,1073741823,1073741823,1073741311,1073675263,1073328127,1073594367,1072586751,1073209343,1073733631,1073741823,1073741823,1073741823,1073741823,1073741823:f10
1073741823,1073741823,1073741823,1073741311,1072692223,1073328127,1073594367,1072586751,1073209343,1073733631,1073741823,1073741823,1073741823,1073741823,1073741823:f10
1073741823,1073741823,1073741823,1073741311,1073740799,1073328127,1072545791,1072586751,1073209343,1073733631,1073741823,1073741823,1073741823,1073741823,1073741823:f10
1073741823,1073741823,1073741823,1073741311,1073740799,1073328127,1073594367,1072586751,1072160767,1073733631,1073741823,1073741823,1073741823,1073741823,1073741823:f10
1073741823,1073741823,1073741823,1073741311,1073740799,1073328127,1073594367,1072586751,1073208319,1073733631,1073741823,1073741823,1073741823,1073741823,1073741823:g11
1073741823,1073741823,1073741823,1073741311,1073740799,1073328127,1073593343,1072586751,1073209343,1073733631,1073741823,1073741823,1073741823,1073741823,1073741823:g7
1073741823,1073741823,1073741823,1073741311,1073724415,1073328127,1073594367,1072586751,1073209343,1073733631,1073741823,1073741823,1073741823,1073741823,1073741823:g11
1073741823,1073741823,1073741823,1073741311,1073478655,1073328127,1073594367,1072586751,1073209343,1073733631,1073741823,1073741823,1073741823,1073741823,1073741823:f10
1073741823,1073741823,1073741823,1073741311,1073740799,1073328127,1073332223,1072586751,1073209343,1073733631,1073741823,1073741823,1073741823,1073741823,1073741823:f10
1073741823,1073741823,1073741823,1073741311,1073740799,1073328127,1073594367,1072586751,1073209343,1073732607,1073741823,1073741823,1073741823,1073741823,1073741823:g7
1073741823,1073741823,1073741823,1073741311,1073740799,1073328127,1073594367,1072585727,1073209343,1073733631,1073741823,1073741823,1073741823,1073741823,1073741823:f10
1073741823,1073741823,1073741823,1073741311,1073740799,1073327103,1073594367,1072586751,1073209343,1073733631,1073741823,1073741823,1073741823,1073741823,1073741823:g11
1073741823,1073741823,1073741823,1073741311,1073740799,1073328127,1073590271,1072586751,1073209343,1073733631,1073741823,1073741823,1073741823,1073741823,1073741823:f10
1073741823,1073741823,1073741823,1073741311,1073740799,1073328127,1073594367,1072324607,1073209343,1073733631,1073741823,1073741823,1073741823,1073741823,1073741823:g11
1073741823,1073741823,1073741823,1073741311,1073740799,1073328127,1073594367,1072586751,1073209343,1073471487,1073741823,1073741823,1073741823,1073741823,1073741823:f10
1073741823,1073741823,1073741823,1073741311,1073740799,1073328127,1073594367,1072586751,1073143807,1073733631,1073741823,1073741823,1073741823,1073741823,1073741823:g11
1073741823,1073741823,1073741823,1073741311,1073740799,1073328127,1073594367,1072586751,1073209343,1073717247,1073741823,1073741823,1073741823,1073741823,1073741823:g7
1073741823,1073741823,1073741823,1073741311,1073740799,1073328127,1073594367,1072586751,1073192959,1073733631,1073741823,1073741823,1073741823,1073741823,1073741823:f10
1073741823,1073741823,1073741823,1073741823,1073725439,1073328127,1073594367,1072586751,1073209343,1073733631,1073741823,1073741823,1073741823,1073741823,1073741823:g11
1073741823,1073741823,1073741823,1073741823,1073479679,1073328127,1073594367,1072586751,1073209343,1073733631,1073741823,1073741823,1073741823,1073741823,1073741823:f10
1073741823,1073741823,1073741823,1073741823,1073741823,1073328127,1073332223,1072586751,1073209343,1073733631,1073741823,1073741823,1073741823,1073741823,1073741823:f10
1073741823,1073741823,1073741823,1073741823,1073741823,1073328127,1073594367,1072586751,1073209343,1073732607,1073741823,1073741823,1073741823,1073741823,1073741823:g7
1073741823,1073741823,1073741823,1073741823,1073741823,1073328127,1073594367,1072585727,1073209343,1073733631,1073741823,1073741823,1073741823,1073741823,1073741823:g11
1073741823,1073741823,1073741823,1073741823,1073741823,1073327103,1073594367,1072586751,1073209343,1073733631,1073741823,1073741823,1073741823,1073741823,1073741823:g11
1073741823,1073741823,1073741823,1073741823,1073741823,1073328127,1073590271,1072586751,1073209343,1073733631,1073741823,1073741823,1073741823,1073741823,1073741823:f10
1073741823,1073741823,1073741823,1073741823,1073741823,1073328127,1073594367,1072324607,1073209343,1073733631,1073741823,1073741823,1073741823,1073741823,1073741823:g11
1073741823,1073741823,1073741823,1073741823,1073741823,1073328127,1073594367,1072586751,1073209343,1073471487,1073741823,1073741823,1073741823,1073741823,1073741823:f10
1073741823,1073741823,1073741823,1073741823,1073741823,1073328127,1073594367,1072586751,1073143807,1073733631,1073741823,1073741823,1073741823,1073741823,1073741823:g11
1073741823,1073741823,1073741823,1073741823,1073741823,1073328127,1073594367,1072586751,1073209343,1073717247,1073741823,1073741823,1073741823,1073741823,1073741823:g7
1073741823,1073741823,1073741823,1073741823,1073741823,1073328127,1073594367,1072586751,1073192959,1073733631,1073741823,1073741823,1073741823,1073741823,1073741823:f10
