1073741823,1073741823,1073741823,1073741823,1073741823,1073328127,1069400063,1073635327,1073209343,1073741823,1073741823,1073741823,1073741823,1073741823,1073741823:h9
1073741823,1073741823,1073741823,1073741823,1073741823,1073328127,1069400063,1073635327,1073176575,1073741823,1073740799,1073741823,1073741823,1073741823,1073741823:i9
1073741823,1073741823,1073741823,1073741823,1069547519,1073328127,1069400063,1073635327,1073176575,1073741823,1073741823,1073741823,1073741823,1073741823,1073741823:i9
1073741823,1073741823,1073741823,1073741823,1006632959,1073328127,1069400063,1073635327,1073176575,1073741823,1073741823,1073741823,1073741823,1073741823,1073741823:i9
1073741823,1073741823,1073741823,1073741823,1073741823,1056550911,1069400063,1073635327,1073176575,1073741823,1073741823,1073741823,1073741823,1073741823,1073741823:i9
1073741823,1073741823,1073741823,1073741823,1073741823,1073328127,1002291199,1073635327,1073176575,1073741823,1073741823,1073741823,1073741823,1073741823,1073741823:i9
1073741823,1073741823,1073741823,1073741823,1073741823,1073328127,1052622847,1073635327,1073176575,1073741823,1073741823,1073741823,1073741823,1073741823,1073741823:i9
1073741823,1073741823,1073741823,1073741823,1073741823,1073328127,1069400063,1073635327,1006067711,1073741823,1073741823,1073741823,1073741823,1073741823,1073741823:i9
1073741823,1073741823,1073741823,1073741823,1073741823,1073328127,1069400063,1056858111,1073176575,1073741823,1073741823,1073741823,1073741823,1073741823,1073741823:i9
1073741823,1073741823,1073741823,1072693247,1073741823,1073328127,1069400063,1073635327,1073176575,1073741823,1073741823,1073741823,1073741823,1073741823,1073741823:i9
1073741823,1073741823,1073741823,1073740799,1073741823,1073328127,1069400063,1073635327,1073176575,1073741823,1073741823,1073741823,1073741823,1073741823,1073741823:i9
1073741823,1073741823,1073741823,1073741823,1073741823,1073328127,1069400063,1073635327,1073176575,1073741823,1073725439,1073741823,1073741823,1073741823,1073741823:i9
1073741823,1073741823,1073741823,1073741823,1073741823,1073328127,1069400063,1073635327,1068982271,1073741823,1073741823,1073741823,1073741823,1073741823,1073741823:i9
1073741823,1073741823,1073741823,1073741823,1073741823,1073328127,1069400063,1073635327,1073176575,1073741823,1069547519,1073741823,1073741823,1073741823,1073741823:i9
1073741823,1073741823,1073741823,1073741823,1073741823,1073328127,1069400063,1073635327,1073176575,1073741823,1073479679,1073741823,1073741823,1073741823,1073741823:i9
1073741823,1073741823,1073741823,1073741567,1073741823,1073328127,1069400063,1073635327,1073176575,1073741823,1073741823,1073741823,1073741823,1073741823,1073741823:f5
1073741823,1073741823,1073741823,1073741567,1073739775,1073328127,1069399999,1073635327,1073176575,1073741823,1073741823,1073741823,1073741823,1073741823,1073741823:f7
1073741823,1073741823,1073725439,1073741567,1073739775,1073328127,1069400063,1073635327,1073176575,1073741823,1073741823,1073741823,1073741823,1073741823,1073741823:i9
1073741823,1073741823,1073741823,1073741567,1073739775,1073328111,1069400063,1073635327,1073176575,1073741823,1073741823,1073741823,1073741823,1073741823,1073741823:f7
1073741823,1073741823,1073741823,1073741567,1073739711,1073328127,1069400063,1073635327,1073176575,1073741823,1073741823,1073741823,1073741823,1073741823,1073741823:f7
1073741823,1073741823,1073741823,1073741551,1073739775,1073328127,1069400063,1073635327,1073176575,1073741823,1073741823,1073741823,1073741823,1073741823,1073741823:f7
1073741823,1073741823,1073741823,1073741503,1073739775,1073328127,1069400063,1073635327,1073176575,1073741823,1073741823,1073741823,1073741823,1073741823,1073741823:f7
1073741823,1073741807,1073741823,1073741567,1073739775,1073328127,1069400063,1073635327,1073176575,1073741823,1073741823,1073741823,1073741823,1073741823,1073741823:f7
1073741823,1073741823,1073741759,1073741567,1073739775,1073328127,1069400063,1073635327,1073176575,1073741823,1073741823,1073741823,1073741823,1073741823,1073741823:f7
1073741823,1073741567,1073741823,1073741567,1073739775,1073328127,1069400063,1073635327,1073176575,1073741823,1073741823,1073741823,1073741823,1073741823,1073741823:f7
1073741823,1073741823,1073741567,1073741567,1073739775,1073328127,1069400063,1073635327,1073176575,1073741823,1073741823,1073741823,1073741823,1073741823,1073741823:i10
1073741823,1073737727,1073741823,1073741567,1073739775,1073328127,1069400063,1073635327,1073176575,1073741823,1073741823,1073741823,1073741823,1073741823,1073741823:f7
1073741823,1073741823,1073740799,1073741567,1073739775,1073328127,1069400063,1073635327,1073176575,1073741823,1073741823,1073741823,1073741823,1073741823,1073741823:f7
1073741823,1073741823,1073741823,1073741567,1073739519,1073328127,1069400063,1073635327,1073176575,1073741823,1073741823,1073741823,1073741823,1073741823,1073741823:i10
1073741823,1073741823,1073741823,1073741567,1073739775,1073328127,1069400063,1073635327,1073176575,1073741823,1073740799,1073741823,1073741823,1073741823,1073741823:f7
1073741823,1073741823,1073741823,1073741567,1069545471,1073328127,1069400063,1073635327,1073176575,1073741823,1073741823,1073741823,1073741823,1073741823,1073741823:f7
1073741823,1073741823,1073741823,1073741567,1006630911,1073328127,1069400063,1073635327,1073176575,1073741823,1073741823,1073741823,1073741823,1073741823,1073741823:f7
1073741823,1073741823,1073741823,1073741567,1073739775,1056550911,1069400063,1073635327,1073176575,1073741823,1073741823,1073741823,1073741823,1073741823,1073741823:f7
1073741823,1073741823,1073741823,1073741567,1073739775,1073328127,1002291199,1073635327,1073176575,1073741823,1073741823,1073741823,1073741823,1073741823,1073741823:f7
1073741823,1073741823,1073741823,1073741567,1073739775,1073328127,1052622847,1073635327,1073176575,1073741823,1073741823,1073741823,1073741823,1073741823,1073741823:f7
1073741823,1073741823,1073741823,1073741567,1073739775,1073328127,1069400063,1073635327,1006067711,1073741823,1073741823,1073741823,1073741823,1073741823,1073741823:f7
1073741823,1073741823,1073741823,1073741567,1073739775,1073328127,1069400063,1056858111,1073176575,1073741823,1073741823,1073741823,1073741823,1073741823,1073741823:f7
1073741823,1073741823,1073741823,1072692991,1073739775,1073328127,1069400063,1073635327,1073176575,1073741823,1073741823,1073741823,1073741823,1073741823,1073741823:f7
1073741823,1073741823,1073741823,1073740543,1073739775,1073328127,1069400063,1073635327,1073176575,1073741823,1073741823,1073741823,1073741823,1073741823,1073741823:i10
1073741823,1073741823,1073741823,1073741567,1073739775,1073328127,1069400063,1073635327,1073176575,1073741823,1073725439,1073741823,1073741823,1073741823,1073741823:f7
1073741823,1073741823,1073741823,1073741567,1073739775,1073328127,1069400063,1073635327,1068982271,1073741823,1073741823,1073741823,1073741823,1073741823,1073741823:f7
1073741823,1073741823,1073741823,1073741567,1073739775,1073328127,1069400063,1073635327,1073176575,1073741823,1069547519,1073741823,1073741823,1073741823,1073741823:f7
1073741823,1073741823,1073741823,1073741567,1073739775,1073328127,1069400063,1073635327,1073176575,1073741823,1073479679,1073741823,1073741823,1073741823,1073741823:f7
1073741823,1073741823,1073741823,1073737471,1073739775,1073328127,1069400063,1073635327,1073176575,1073741823,1073741823,1073741823,1073741823,1073741823,1073741823:f7
1073741823,1073741823,1073741823,1073676031,1073739775,1073328127,1069400063,1073635327,1073176575,1073741823,1073741823,1073741823,1073741823,1073741823,1073741823:f7
1073741823,1073741823,1073741823,1073741567,1073739775,1073328127,1069400063,1073635327,1073176575,1073741567,1073741823,1073741823,1073741823,1073741823,1073741823:f7
1073741823,1073741823,1073741823,1073741567,1073739775,1073328127,1069400063,1073635071,1073176575,1073741823,1073741823,1073741823,1073741823,1073741823,1073741823:i9
1073741823,1073741823,1073741823,1073741567,1073739775,1073327871,1069400063,1073635327,1073176575,1073741823,1073741823,1073741823,1073741823,1073741823,1073741823:i10
1073741823,1073741823,1073741823,1073741567,1073739775,1073328127,1069400063,1072586751,1073176575,1073741823,1073741823,1073741823,1073741823,1073741823,1073741823:f7
1073741823,1073741823,1073741823,1073741567,1073739775,1073328127,1069400063,1073635327,1073176575,1072693247,1073741823,1073741823,1073741823,1073741823,1073741823:f7
1073741823,1073741823,1073741823,1073741567,1073739775,1073328127,1069400063,1073635327,1073176575,1073676287,1073741823,1073741823,1073741823,1073741823,1073741823:i9
1073741823,1073741823,1073741823,1073741567,1073739775,1073328127,1069400063,1073635327,1073176575,1073741823,1073741567,1073741823,1073741823,1073741823,1073741823:f7
1073741823,1073741823,1073741823,1073741567,1073739775,1073328127,1069400063,1073635327,1073176319,1073741823,1073741823,1073741823,1073741823,1073741823,1073741823:f7
1073741823,1073741823,1073741823,1073741567,1073739775,1073328127,1069399807,1073635327,1073176575,1073741823,1073741823,1073741823,1073741823,1073741823,1073741823:i9
1073741823,1073741823,1073741823,1073741567,1073739775,1073328127,1069400063,1073635327,1073176575,1073741823,1073676287,1073741823,1073741823,1073741823,1073741823:i10
1073741823,1073741823,1073741823,1073741567,1073739775,1073328127,1069400063,1073635327,1073176575,1073741823,1073737727,1073741823,1073741823,1073741823,1073741823:f7
1073741823,1073741823,1073741823,1073741567,1073739775,1073328127,1069400063,1073635327,1073176575,1073737727,1073741823,1073741823,1073741823,1073741823,1073741823:f7
1073741823,1073741823,1073741823,1073725183,1073739775,1073328127,1069400063,1073635327,1073176575,1073741823,1073741823,1073741823,1073741823,1073741823,1073741823:f7
1073741823,1073741823,1073741823,1073479423,1073739775,1073328127,1069400063,1073635327,1073176575,1073741823,1073741823,1073741823,1073741823,1073741823,1073741823:f7
1073741823,1073741823,1073741823,1069547263,1073739775,1073328127,1069400063,1073635327,1073176575,1073741823,1073741823,1073741823,1073741823,1073741823,1073741823:f7
1073741823,1073741823,1073741823,1073741567,1073739775,1069133823,1069400063,1073635327,1073176575,1073741823,1073741823,1073741823,1073741823,1073741823,1073741823:f7
1073741823,1073741823,1073741823,1073741567,1073739775,1072279551,1069400063,1073635327,1073176575,1073741823,1073741823,1073741823,1073741823,1073741823,1073741823:f7
1073741823,1073741823,1073741823,1073741567,1073739775,1073328127,1069400063,1069441023,1073176575,1073741823,1073741823,1073741823,1073741823,1073741823,1073741823:f7
1073741823,1073741823,1073741823,1073741567,1073735679,1073328127,1069400063,1073635327,1073176575,1073741823,1073741823,1073741823,1073741823,1073741823,1073741823:f7
1073741823,1073741823,1073741823,1073741567,1073674239,1073328127,1069400063,1073635327,1073176575,1073741823,1073741823,1073741823,1073741823,1073741823,1073741823:f7
1073741823,1073741823,1073741823,1073741567,1072691199,1073328127,1069400063,1073635327,1073176575,1073741823,1073741823,1073741823,1073741823,1073741823,1073741823:f7
1073741823,1073741823,1073741823,1073741567,1073739775,1073328127,1068351487,1073635327,1073176575,1073741823,1073741823,1073741823,1073741823,1073741823,1073741823:f7
1073741823,1073741823,1073741823,1073741567,1073739775,1073328127,1069400063,1073635327,1072127999,1073741823,1073741823,1073741823,1073741823,1073741823,1073741823:f7
1073741823,1073741823,1073741823,1073741567,1073739775,1073328127,1069400063,1073635327,1073175551,1073741823,1073741823,1073741823,1073741823,1073741823,1073741823:f7
1073741823,1073741823,1073741823,1073741567,1073739775,1073328127,1069399039,1073635327,1073176575,1073741823,1073741823,1073741823,1073741823,1073741823,1073741823:i9
1073741823,1073741823,1073741823,1073741567,1073723391,1073328127,1069400063,1073635327,1073176575,1073741823,1073741823,1073741823,1073741823,1073741823,1073741823:i9
1073741823,1073741823,1073741823,1073741567,1073477631,1073328127,1069400063,1073635327,1073176575,1073741823,1073741823,1073741823,1073741823,1073741823,1073741823:f7
1073741823,1073741823,1073741823,1073741567,1073739775,1073328127,1069137919,1073635327,1073176575,1073741823,1073741823,1073741823,1073741823,1073741823,1073741823:f7
1073741823,1073741823,1073741823,1073741567,1073739775,1073328127,1069400063,1073635327,1073176575,1073740799,1073741823,1073741823,1073741823,1073741823,1073741823:f7
1073741823,1073741823,1073741823,1073741567,1073739775,1073328127,1069400063,1073634303,1073176575,1073741823,1073741823,1073741823,1073741823,1073741823,1073741823:i10
1073741823,1073741823,1073741823,1073741567,1073739775,1073327103,1069400063,1073635327,1073176575,1073741823,1073741823,1073741823,1073741823,1073741823,1073741823:i9
1073741823,1073741823,1073741823,1073741567,1073739775,1073328127,1069395967,1073635327,1073176575,1073741823,1073741823,1073741823,1073741823,1073741823,1073741823:i9
1073741823,1073741823,1073741823,1073741567,1073739775,1073328127,1069400063,1073373183,1073176575,1073741823,1073741823,1073741823,1073741823,1073741823,1073741823:f7
1073741823,1073741823,1073741823,1073741567,1073739775,1073328127,1069400063,1073635327,1073176575,1073479679,1073741823,1073741823,1073741823,1073741823,1073741823:i10
1073741823,1073741823,1073741823,1073741567,1073739775,1073328127,1069400063,1073635327,1073111039,1073741823,1073741823,1073741823,1073741823,1073741823,1073741823:i10
1073741823,1073741823,1073741823,1073741567,1073739775,1073328127,1069400063,1073635327,1073176575,1073725439,1073741823,1073741823,1073741823,1073741823,1073741823:f7
1073741823,1073741823,1073741823,1073737727,1073741823,1073328127,1069400063,1073635327,1073176575,1073741823,1073741823,1073741823,1073741823,1073741823,1073741823:i9
1073741823,1073741823,1073741823,1073676287,1073741823,1073328127,1069400063,1073635327,1073176575,1073741823,1073741823,1073741823,1073741823,1073741823,1073741823:i9
1073741823,1073741823,1073741823,1073741823,1073741823,1073328127,1069400063,1073635327,1073176575,1073741567,1073741823,1073741823,1073741823,1073741823,1073741823:i9
1073741823,1073741823,1073741823,1073741823,1073741823,1073328127,1069400063,1073635071,1073176575,1073741823,1073741823,1073741823,1073741823,1073741823,1073741823:i9
1073741823,1073741823,1073741823,1073741823,1073741823,1073327871,1069400063,1073635327,1073176575,1073741823,1073741823,1073741823,1073741823,1073741823,1073741823:i9
1073741823,1073741823,1073741823,1073741823,1073741823,1073328127,1069400063,1072586751,1073176575,1073741823,1073741823,1073741823,1073741823,1073741823,1073741823:i9
1073741823,1073741823,1073741823,1073741823,1073741823,1073328127,1069400063,1073635327,1073176575,1072693247,1073741823,1073741823,1073741823,1073741823,1073741823:i9
1073741823,1073741823,1073741823,1073741823,1073741823,1073328127,1069400063,1073635327,1073176575,1073676287,1073741823,1073741823,1073741823,1073741823,1073741823:i9
1073741823,1073741823,1073741823,1073741823,1073741823,1073328127,1069400063,1073635327,1073176575,1073741823,1073741567,1073741823,1073741823,1073741823,1073741823:i9
1073741823,1073741823,1073741823,1073741823,1073741823,1073328127,1069400063,1073635327,1073176319,1073741823,1073741823,1073741823,1073741823,1073741823,1073741823:i9
1073741823,1073741823,1073741823,1073741823,1073741823,1073328127,1069399807,1073635327,1073176575,1073741823,1073741823,1073741823,1073741823,1073741823,1073741823:i9
1073741823,1073741823,1073741823,1073741823,1073741823,1073328127,1069400063,1073635327,1073176575,1073741823,1073676287,1073741823,1073741823,1073741823,1073741823:i9
1073741823,1073741823,1073741823,1073741823,1073741823,1073328127,1069400063,1073635327,1073176575,1073741823,1073737727,1073741823,1073741823,1073741823,1073741823:i9
1073741823,1073741823,1073741823,1073741823,1073741823,1073328127,1069400063,1073635327,1073176575,1073737727,1073741823,1073741823,1073741823,1073741823,1073741823:i9
1073741823,1073741823,1073741823,1073725439,1073741823,1073328127,1069400063,1073635327,1073176575,1073741823,1073741823,1073741823,1073741823,1073741823,1073741823:i9
1073741823,1073741823,1073741823,1073479679,1073741823,1073328127,1069400063,1073635327,1073176575,1073741823,1073741823,1073741823,1073741823,1073741823,1073741823:i9
1073741823,1073741823,1073741823,1069547519,1073741823,1073328127,1069400063,1073635327,1073176575,1073741823,1073741823,1073741823,1073741823,1073741823,1073741823:i9
1073741823,1073741823,1073741823,1073741823,1073741823,1069133823,1069400063,1073635327,1073176575,1073741823,1073741823,1073741823,1073741823,1073741823,1073741823:i9
1073741823,1073741823,1073741823,1073741823,1073741823,1072279551,1069400063,1073635327,1073176575,1073741823,1073741823,1073741823,1073741823,1073741823,1073741823:i9
1073741823,1073741823,1073741823,1073741823,1073741823,1073328127,1069400063,1069441023,1073176575,1073741823,1073741823,1073741823,1073741823,1073741823,1073741823:i9
1073741823,1073741823,1073741823,1073741823,1073737727,1073328127,1069400063,1073635327,1073176575,1073741823,1073741823,1073741823,1073741823,1073741823,1073741823:i9
1073741823,1073741823,1073741823,1073741823,1073676287,1073328127,1069400063,1073635327,1073176575,1073741823,1073741823,1073741823,1073741823,1073741823,1073741823:i9
1073741823,1073741823,1073741823,1073741823,1072693247,1073328127,1069400063,1073635327,1073176575,1073741823,1073741823,1073741823,1073741823,1073741823,1073741823:i9
1073741823,1073741823,1073741823,1073741823,1073741823,1073328127,1068351487,1073635327,1073176575,1073741823,1073741823,1073741823,1073741823,1073741823,1073741823:i9
1073741823,1073741823,1073741823,1073741823,1073741823,1073328127,1069400063,1073635327,1072127999,1073741823,1073741823,1073741823,1073741823,1073741823,1073741823:i9
1073741823,1073741823,1073741823,1073741823,1073741823,1073328127,1069400063,1073635327,1073175551,1073741823,1073741823,1073741823,1073741823,1073741823,1073741823:i9
1073741823,1073741823,1073741823,1073741823,1073741823,1073328127,1069399039,1073635327,1073176575,1073741823,1073741823,1073741823,1073741823,1073741823,1073741823:i9
1073741823,1073741823,1073741823,1073741823,1073740799,1073328127,1069400063,1073635327,1073176575,1073741823,1073741823,1073741823,1073741823,1073741823,1073741823:e4
1073741823,1073741823,1073741823,1073741311,1073740799,1073328111,1069400063,1073635327,1073176575,1073741823,1073741823,1073741823,1073741823,1073741823,1073741823:i10
1073741823,1073741823,1073741823,1073741295,1073740799,1073328127,1069400063,1073635327,1073176575,1073741823,1073741823,1073741823,1073741823,1073741823,1073741823:i10
1073741823,1073741823,1073741823,1073741247,1073740799,1073328127,1069400063,1073635327,1073176575,1073741823,1073741823,1073741823,1073741823,1073741823,1073741823:i10
1073741823,1073741807,1073741823,1073741311,1073740799,1073328127,1069400063,1073635327,1073176575,1073741823,1073741823,1073741823,1073741823,1073741823,1073741823:i10
1073741823,1073741567,1073741823,1073741311,1073740799,1073328127,1069400063,1073635327,1073176575,1073741823,1073741823,1073741823,1073741823,1073741823,1073741823:i10
1073741823,1073741823,1073741567,1073741311,1073740799,1073328127,1069400063,1073635327,1073176575,1073741823,1073741823,1073741823,1073741823,1073741823,1073741823:i10
1073741823,1073737727,1073741823,1073741311,1073740799,1073328127,1069400063,1073635327,1073176575,1073741823,1073741823,1073741823,1073741823,1073741823,1073741823:i10
1073741823,1073741823,1073741823,1073741311,1073740799,1073328127,1069399999,1073635327,1073176575,1073741823,1073741823,1073741823,1073741823,1073741823,1073741823:i9
1073741823,1073741823,1073741823,1073741311,1073740735,1073328127,1069400063,1073635327,1073176575,1073741823,1073741823,1073741823,1073741823,1073741823,1073741823:i10
1073741823,1073741823,1073741823,1073741311,1073740543,1073328127,1069400063,1073635327,1073176575,1073741823,1073741823,1073741823,1073741823,1073741823,1073741823:i10
1073741823,1073741823,1073741759,1073741311,1073740799,1073328127,1069400063,1073635327,1073176575,1073741823,1073741823,1073741823,1073741823,1073741823,1073741823:i10
1073741823,1073741823,1073740799,1073741311,1073740799,1073328127,1069400063,1073635327,1073176575,1073741823,1073741823,1073741823,1073741823,1073741823,1073741823:i9
1073741823,1073741823,1073725439,1073741311,1073740799,1073328127,1069400063,1073635327,1073176575,1073741823,1073741823,1073741823,1073741823,1073741823,1073741823:i9
1073741823,1073741823,1073741823,1073741311,1073740799,1073328127,1069400063,1073635327,1073176575,1073741823,1073740799,1073741823,1073741823,1073741823,1073741823:i10
1073741823,1073741823,1073741823,1073741311,1069546495,1073328127,1069400063,1073635327,1073176575,1073741823,1073741823,1073741823,1073741823,1073741823,1073741823:i10
1073741823,1073741823,1073741823,1073741311,1006631935,1073328127,1069400063,1073635327,1073176575,1073741823,1073741823,1073741823,1073741823,1073741823,1073741823:i10
1073741823,1073741823,1073741823,1073741311,1073740799,1056550911,1069400063,1073635327,1073176575,1073741823,1073741823,1073741823,1073741823,1073741823,1073741823:i10
1073741823,1073741823,1073741823,1073741311,1073740799,1073328127,1002291199,1073635327,1073176575,1073741823,1073741823,1073741823,1073741823,1073741823,1073741823:i10
1073741823,1073741823,1073741823,1073741311,1073740799,1073328127,1052622847,1073635327,1073176575,1073741823,1073741823,1073741823,1073741823,1073741823,1073741823:i10
1073741823,1073741823,1073741823,1073741311,1073740799,1073328127,1069400063,1073635327,1006067711,1073741823,1073741823,1073741823,1073741823,1073741823,1073741823:i10
1073741823,1073741823,1073741823,1073741311,1073740799,1073328127,1069400063,1056858111,1073176575,1073741823,1073741823,1073741823,1073741823,1073741823,1073741823:i10
1073741823,1073741823,1073741823,1072692735,1073740799,1073328127,1069400063,1073635327,1073176575,1073741823,1073741823,1073741823,1073741823,1073741823,1073741823:i10
1073741823,1073741823,1073741823,1073740287,1073740799,1073328127,1069400063,1073635327,1073176575,1073741823,1073741823,1073741823,1073741823,1073741823,1073741823:i9
1073741823,1073741823,1073741823,1073741311,1073740799,1073328127,1069400063,1073635327,1073176575,1073741823,1073725439,1073741823,1073741823,1073741823,1073741823:j11
1073741823,1073741823,1073741823,1073741311,1073740799,1073328127,1069400063,1073635327,1068982271,1073741823,1073741823,1073741823,1073741823,1073741823,1073741823:i10
1073741823,1073741823,1073741823,1073741311,1073740799,1073328127,1069400063,1073635327,1073176575,1073741823,1069547519,1073741823,1073741823,1073741823,1073741823:i10
1073741823,1073741823,1073741823,1073741311,1073740799,1073328127,1069400063,1073635327,1073176575,1073741823,1073479679,1073741823,1073741823,1073741823,1073741823:i9
1073741823,1073741823,1073741823,1073737215,1073740799,1073328127,1069400063,1073635327,1073176575,1073741823,1073741823,1073741823,1073741823,1073741823,1073741823:i10
1073741823,1073741823,1073741823,1073675775,1073740799,1073328127,1069400063,1073635327,1073176575,1073741823,1073741823,1073741823,1073741823,1073741823,1073741823:i9
1073741823,1073741823,1073741823,1073741311,1073740799,1073328127,1069400063,1073635327,1073176575,1073741567,1073741823,1073741823,1073741823,1073741823,1073741823:i10
1073741823,1073741823,1073741823,1073741311,1073740799,1073328127,1069400063,1073635071,1073176575,1073741823,1073741823,1073741823,1073741823,1073741823,1073741823:i9
1073741823,1073741823,1073741823,1073741311,1073740799,1073327871,1069400063,1073635327,1073176575,1073741823,1073741823,1073741823,1073741823,1073741823,1073741823:i9
1073741823,1073741823,1073741823,1073741311,1073740799,1073328127,1069400063,1072586751,1073176575,1073741823,1073741823,1073741823,1073741823,1073741823,1073741823:j11
1073741823,1073741823,1073741823,1073741311,1073740799,1073328127,1069400063,1073635327,1073176575,1072693247,1073741823,1073741823,1073741823,1073741823,1073741823:i10
1073741823,1073741823,1073741823,1073741311,1073740799,1073328127,1069400063,1073635327,1073176575,1073676287,1073741823,1073741823,1073741823,1073741823,1073741823:i9
1073741823,1073741823,1073741823,1073741311,1073740799,1073328127,1069400063,1073635327,1073176575,1073741823,1073741567,1073741823,1073741823,1073741823,1073741823:i10
1073741823,1073741823,1073741823,1073741311,1073740799,1073328127,1069400063,1073635327,1073176319,1073741823,1073741823,1073741823,1073741823,1073741823,1073741823:i10
1073741823,1073741823,1073741823,1073741311,1073740799,1073328127,1069399807,1073635327,1073176575,1073741823,1073741823,1073741823,1073741823,1073741823,1073741823:i9
1073741823,1073741823,1073741823,1073741311,1073740799,1073328127,1069400063,1073635327,1073176575,1073741823,1073676287,1073741823,1073741823,1073741823,1073741823:i10
1073741823,1073741823,1073741823,1073741311,1073740799,1073328127,1069400063,1073635327,1073176575,1073741823,1073737727,1073741823,1073741823,1073741823,1073741823:i10
1073741823,1073741823,1073741823,1073741311,1073740799,1073328127,1069400063,1073635327,1073176575,1073737727,1073741823,1073741823,1073741823,1073741823,1073741823:j11
1073741823,1073741823,1073741823,1073724927,1073740799,1073328127,1069400063,1073635327,1073176575,1073741823,1073741823,1073741823,1073741823,1073741823,1073741823:i9
1073741823,1073741823,1073741823,1073479167,1073740799,1073328127,1069400063,1073635327,1073176575,1073741823,1073741823,1073741823,1073741823,1073741823,1073741823:i10
1073741823,1073741823,1073741823,1069547007,1073740799,1073328127,1069400063,1073635327,1073176575,1073741823,1073741823,1073741823,1073741823,1073741823,1073741823:i10
1073741823,1073741823,1073741823,1073741311,1073740799,1069133823,1069400063,1073635327,1073176575,1073741823,1073741823,1073741823,1073741823,1073741823,1073741823:i10
1073741823,1073741823,1073741823,1073741311,1073740799,1072279551,1069400063,1073635327,1073176575,1073741823,1073741823,1073741823,1073741823,1073741823,1073741823:i10
1073741823,1073741823,1073741823,1073741311,1073740799,1073328127,1069400063,1069441023,1073176575,1073741823,1073741823,1073741823,1073741823,1073741823,1073741823:i10
1073741823,1073741823,1073741823,1073741311,1073736703,1073328127,1069400063,1073635327,1073176575,1073741823,1073741823,1073741823,1073741823,1073741823,1073741823:i10
1073741823,1073741823,1073741823,1073741311,1073675263,1073328127,1069400063,1073635327,1073176575,1073741823,1073741823,1073741823,1073741823,1073741823,1073741823:i10
1073741823,1073741823,1073741823,1073741311,1072692223,1073328127,1069400063,1073635327,1073176575,1073741823,1073741823,1073741823,1073741823,1073741823,1073741823:i10
1073741823,1073741823,1073741823,1073741311,1073740799,1073328127,1068351487,1073635327,1073176575,1073741823,1073741823,1073741823,1073741823,1073741823,1073741823:i10
1073741823,1073741823,1073741823,1073741311,1073740799,1073328127,1069400063,1073635327,1072127999,1073741823,1073741823,1073741823,1073741823,1073741823,1073741823:i10
1073741823,1073741823,1073741823,1073741311,1073740799,1073328127,1069400063,1073635327,1073175551,1073741823,1073741823,1073741823,1073741823,1073741823,1073741823:i9
1073741823,1073741823,1073741823,1073741311,1073740799,1073328127,1069399039,1073635327,1073176575,1073741823,1073741823,1073741823,1073741823,1073741823,1073741823:i9
1073741823,1073741823,1073741823,1073741311,1073724415,1073328127,1069400063,1073635327,1073176575,1073741823,1073741823,1073741823,1073741823,1073741823,1073741823:i9
1073741823,1073741823,1073741823,1073741311,1073478655,1073328127,1069400063,1073635327,1073176575,1073741823,1073741823,1073741823,1073741823,1073741823,1073741823:i10
1073741823,1073741823,1073741823,1073741311,1073740799,1073328127,1069137919,1073635327,1073176575,1073741823,1073741823,1073741823,1073741823,1073741823,1073741823:i10
1073741823,1073741823,1073741823,1073741311,1073740799,1073328127,1069400063,1073635327,1073176575,1073740799,1073741823,1073741823,1073741823,1073741823,1073741823:i10
1073741823,1073741823,1073741823,1073741311,1073740799,1073328127,1069400063,1073634303,1073176575,1073741823,1073741823,1073741823,1073741823,1073741823,1073741823:i9
1073741823,1073741823,1073741823,1073741311,1073740799,1073327103,1069400063,1073635327,1073176575,1073741823,1073741823,1073741823,1073741823,1073741823,1073741823:i9
1073741823,1073741823,1073741823,1073741311,1073740799,1073328127,1069395967,1073635327,1073176575,1073741823,1073741823,1073741823,1073741823,1073741823,1073741823:i9
1073741823,1073741823,1073741823,1073741311,1073740799,1073328127,1069400063,1073373183,1073176575,1073741823,1073741823,1073741823,1073741823,1073741823,1073741823:i10
1073741823,1073741823,1073741823,1073741311,1073740799,1073328127,1069400063,1073635327,1073176575,1073479679,1073741823,1073741823,1073741823,1073741823,1073741823:i10
1073741823,1073741823,1073741823,1073741311,1073740799,1073328127,1069400063,1073635327,1073111039,1073741823,1073741823,1073741823,1073741823,1073741823,1073741823:i10
1073741823,1073741823,1073741823,1073741311,1073740799,1073328127,1069400063,1073635327,1073176575,1073725439,1073741823,1073741823,1073741823,1073741823,1073741823:j11
1073741823,1073741823,1073741823,1073741823,1073725439,1073328127,1069400063,1073635327,1073176575,1073741823,1073741823,1073741823,1073741823,1073741823,1073741823:i9
1073741823,1073741823,1073741823,1073741823,1073479679,1073328127,1069400063,1073635327,1073176575,1073741823,1073741823,1073741823,1073741823,1073741823,1073741823:i9
1073741823,1073741823,1073741823,1073741823,1073741823,1073328127,1069137919,1073635327,1073176575,1073741823,1073741823,1073741823,1073741823,1073741823,1073741823:i9
1073741823,1073741823,1073741823,1073741823,1073741823,1073328127,1069400063,1073635327,1073176575,1073740799,1073741823,1073741823,1073741823,1073741823,1073741823:i9
1073741823,1073741823,1073741823,1073741823,1073741823,1073328127,1069400063,1073634303,1073176575,1073741823,1073741823,1073741823,1073741823,1073741823,1073741823:i9
1073741823,1073741823,1073741823,1073741823,1073741823,1073327103,1069400063,1073635327,1073176575,1073741823,1073741823,1073741823,1073741823,1073741823,1073741823:i9
1073741823,1073741823,1073741823,1073741823,1073741823,1073328127,1069395967,1073635327,1073176575,1073741823,1073741823,1073741823,1073741823,1073741823,1073741823:i9
1073741823,1073741823,1073741823,1073741823,1073741823,1073328127,1069400063,1073373183,1073176575,1073741823,1073741823,1073741823,1073741823,1073741823,1073741823:i9
1073741823,1073741823,1073741823,1073741823,1073741823,1073328127,1069400063,1073635327,1073176575,1073479679,1073741823,1073741823,1073741823,1073741823,1073741823:i9
1073741823,1073741823,1073741823,1073741823,1073741823,1073328127,1069400063,1073635327,1073111039,1073741823,1073741823,1073741823,1073741823,1073741823,1073741823:f10
1073741823,1073741823,1073741823,1073741823,1073741823,1073328127,1069400063,1073635327,1073176575,1073725439,1073741823,1073741823,1073741823,1073741823,1073741823:i9
