1073741823,1073741823,1073741823,1073741823,1073741823,1073733631,1073147903,1073442815,1050013695,1073217535,1073741823,1073741823,1073741823,1073741823,1073741823:k10
1073741823,1073741823,1073741823,1073741823,1073741823,1073733631,1073147903,1073442815,1050013695,1071120383,1073741823,1073676287,1073741823,1073741823,1073741823:k11
1073741823,1073741823,1073741823,1073741823,1073741823,1073733631,1073147903,1073442815,1050013695,1071120383,1073741823,1056964607,1073741823,1073741823,1073741823:k11
1073741823,1073741823,1073741823,1073741823,1073741823,1073733631,1073147903,1073442815,1050013695,1071120383,1073741823,1072693247,1073741823,1073741823,1073741823:k11
1073741823,1073741823,1073741823,1073741823,1073741823,1073733631,804712447,1073442815,1050013695,1071120383,1073741823,1073741823,1073741823,1073741823,1073741823:k11
1073741823,1073741823,1073741823,1073741823,1073741823,1073733631,1073147903,1006333951,1050013695,1071120383,1073741823,1073741823,1073741823,1073741823,1073741823:k11
1073741823,1073741823,1073741823,1073741823,1073741823,1073733631,1073147903,1073442815,781578239,1071120383,1073741823,1073741823,1073741823,1073741823,1073741823:k11
1073741823,1073741823,1073741823,1073741823,1073741823,1073733631,1073147903,1073442815,1050013695,1071120383,805306367,1073741823,1073741823,1073741823,1073741823:k11
1073741823,1073741823,1073741823,1073741823,1073741823,1073733631,1073147903,1073442815,1050013695,1004011519,1073741823,1073741823,1073741823,1073741823,1073741823:k11
1073741823,1073741823,1073741823,1073741823,1073741823,1073733631,1073147903,1073442815,1050013695,1071120383,1073741823,1073725439,1073741823,1073741823,1073741823:k11
1073741823,1073741823,1073741823,1073741823,1073741823,1073733631,1073147903,1073442815,1050013695,1071120383,1073741823,1069547519,1073741823,1073741823,1073741823:k8
1073741823,1073741823,1073741823,1073741823,1073741823,1073733631,1073147903,1073442815,1050013695,1071120383,1073741823,1073479679,1073741823,1073741823,1073741823:k11
1073741823,1073741823,1073741823,1073741823,1073741823,1073733631,1006039039,1073442815,1050013695,1071120383,1073741823,1073741823,1073741823,1073741823,1073741823:k11
1073741823,1073741823,1073741823,1073741823,1073741823,1073733631,1073147903,1056665599,1050013695,1071120383,1073741823,1073741823,1073741823,1073741823,1073741823:k11
1073741823,1073741823,1073741823,1073741823,1073741823,1073733631,1073147903,1073442815,982904831,1071120383,1073741823,1073741823,1073741823,1073741823,1073741823:k11
1073741823,1073741823,1073741823,1073741823,1073741823,1073733631,1073147903,1073442815,1050013695,1071120383,1006632959,1073741823,1073741823,1073741823,1073741823:k11
1073741823,1073741823,1073741823,1073741823,1073741823,1073733631,1073147903,1073442815,1050013695,1054343167,1073741823,1073741823,1073741823,1073741823,1073741823:k11
1073741823,1073741823,1073741823,1073741823,1073741823,1073733631,1056370687,1073442815,1050013695,1071120383,1073741823,1073741823,1073741823,1073741823,1073741823:k11
1073741823,1073741823,1073741823,1073741823,1073741823,1073733631,1073147903,1073442815,1050013695,1071120383,1056964607,1073741823,1073741823,1073741823,1073741823:k11
1073741823,1073741823,1073741823,1073741823,1073741823,1069539327,1073147903,1073442815,1050013695,1071120383,1073741823,1073741823,1073741823,1073741823,1073741823:k11
1073741823,1073741823,1073741823,1073741823,1073741823,1073733631,1073147903,1069248511,1050013695,1071120383,1073741823,1073741823,1073741823,1073741823,1073741823:k11
1073741823,1073741823,1073741823,1073741823,1073741823,1073733631,1073147903,1073442815,1050013695,1066926079,1073741823,1073741823,1073741823,1073741823,1073741823:k11
1073741823,1073741823,1073741823,1073741567,1073741823,1073733631,1073147903,1073442815,1050013695,1071120383,1073741823,1073741823,1073741823,1073741823,1073741823:k11
1073741823,1073741823,1073741823,1073741823,1073740799,1073733631,1073147903,1073442815,1050013695,1071120383,1073741823,1073741823,1073741823,1073741823,1073741823:k11
1073741823,1073741823,1073741823,1073737727,1073741823,1073733631,1073147903,1073442815,1050013695,1071120383,1073741823,1073741823,1073741823,1073741823,1073741823:k11
1073741823,1073741823,1073741823,1073676287,1073741823,1073733631,1073147903,1073442815,1050013695,1071120383,1073741823,1073741823,1073741823,1073741823,1073741823:k11
1073741823,1073741823,1073741823,1073741823,1073741823,1073733631,1073147903,1073442815,1050013695,1071120383,1073741567,1073741823,1073741823,1073741823,1073741823:k11
1073741823,1073741823,1073741823,1073741823,1073725439,1073733631,1073147903,1073442815,1050013695,1071120383,1073741823,1073741823,1073741823,1073741823,1073741823:k11
1073741823,1073741823,1073741823,1073741823,1073479679,1073733631,1073147903,1073442815,1050013695,1071120383,1073741823,1073741823,1073741823,1073741823,1073741823:k11
1073741823,1073741823,1073741823,1073741823,1069547519,1073733631,1073147903,1073442815,1050013695,1071120383,1073741823,1073741823,1073741823,1073741823,1073741823:k11
1073741823,1073741823,1073741823,1073741823,1073741823,1072685055,1073147903,1073442815,1050013695,1071120383,1073741823,1073741823,1073741823,1073741823,1073741823:k11
1073741823,1073741823,1073741823,1073741823,1073741823,1073733631,1073147903,1073442815,1050013695,1071120127,1073741823,1073741823,1073741823,1073741823,1073741823:k11
1073741823,1073741823,1073741823,1073741823,1073741823,1073733631,1073147903,1073442815,1050012671,1071120383,1073741823,1073741823,1073741823,1073741823,1073741823:k11
1073741823,1073741823,1073741823,1073741823,1073741823,1073733631,1073147903,1073442559,1050013695,1071120383,1073741823,1073741823,1073741823,1073741823,1073741823:k11
1073741823,1073741823,1073741823,1073741823,1073741823,1073733375,1073147903,1073442815,1050013695,1071120383,1073741823,1073741823,1073741823,1073741823,1073741823:k11
1073741823,1073741823,1073741823,1073741823,1073741823,1073733631,1073147903,1073442815,1050013695,1071116287,1073741823,1073741823,1073741823,1073741823,1073741823:g11
1073741823,1073741823,1073741823,1073741823,1073741823,1073733631,1073147903,1073442815,1050013695,1071116287,1073733631,1073741823,1073741567,1073741823,1073741823:k11
1073741823,1073741823,1073741823,1073741823,1073741823,1073733631,1073147903,1073442815,1050013695,1071116287,1073733631,1073740799,1073741823,1073741823,1073741823:k11
1073741823,1073741823,1073741823,1073741823,1073741823,1073733631,1073147903,1073442815,1050013695,1071116287,1073733631,1073741823,1073676287,1073741823,1073741823:k11
1073741823,1073741823,1073741823,1073741823,1073741823,1073733631,1073147903,1073442815,1050013695,1071116287,1073733631,1073741823,1073737727,1073741823,1073741823:k11
1073741823,1073741823,1073741823,1073741823,1073741823,1073733631,1073147903,1073442815,1050013695,1071116287,1073733631,1073741567,1073741823,1073741823,1073741823:k11
1073741823,1073741823,1073741823,1073741823,1073741823,1073733631,1073147903,1073442815,1050013695,1071116287,1073732607,1073741823,1073741823,1073741823,1073741823:k11
1073741823,1073741823,1073741823,1073741823,1073741823,1073733631,1073147903,1073442815,1050013695,1071116287,1073733631,1073737727,1073741823,1073741823,1073741823:k11
1073741823,1073741823,1073741823,1073741823,1073741823,1073733631,1073147903,1073442815,1050013695,1071116287,1073733631,1073676287,1073741823,1073741823,1073741823:k11
1073741823,1073741823,1073741823,1073741823,1073741823,1073733631,1073147903,1073442815,1050013695,1071116287,1073733631,1056964607,1073741823,1073741823,1073741823:k11
1073741823,1073741823,1073741823,1073741823,1073741823,1073733631,1073147903,1073442815,1050013695,1071116287,1073733631,1072693247,1073741823,1073741823,1073741823:k11
1073741823,1073741823,1073741823,1073741823,1073741823,1073733631,804712447,1073442815,1050013695,1071116287,1073733631,1073741823,1073741823,1073741823,1073741823:k11
1073741823,1073741823,1073741823,1073741823,1073741823,1073733631,1073147903,1006333951,1050013695,1071116287,1073733631,1073741823,1073741823,1073741823,1073741823:k11
1073741823,1073741823,1073741823,1073741823,1073741823,1073733631,1073147903,1073442815,781578239,1071116287,1073733631,1073741823,1073741823,1073741823,1073741823:k11
1073741823,1073741823,1073741823,1073741823,1073741823,1073733631,1073147903,1073442815,1050013695,1071116287,805298175,1073741823,1073741823,1073741823,1073741823:k11
1073741823,1073741823,1073741823,1073741823,1073741823,1073733631,1073147903,1073442815,1050013695,1004007423,1073733631,1073741823,1073741823,1073741823,1073741823:k11
1073741823,1073741823,1073741823,1073741823,1073741823,1073733631,1073147903,1073442815,1050013695,1071116287,1073733631,1073725439,1073741823,1073741823,1073741823:k11
1073741823,1073741823,1073741823,1073741823,1073741823,1073733631,1073147903,1073442815,1050013695,1071116287,1073733631,1069547519,1073741823,1073741823,1073741823:k8
1073741823,1073741823,1073741823,1073741823,1073741823,1073733631,1073147903,1073442815,1050013695,1071116287,1073733631,1073479679,1073741823,1073741823,1073741823:k11
1073741823,1073741823,1073741823,1073741823,1073741823,1073733631,1006039039,1073442815,1050013695,1071116287,1073733631,1073741823,1073741823,1073741823,1073741823:k11
1073741823,1073741823,1073741823,1073741823,1073741823,1073733631,1073147903,1056665599,1050013695,1071116287,1073733631,1073741823,1073741823,1073741823,1073741823:k11
1073741823,1073741823,1073741823,1073741823,1073741823,1073733631,1073147903,1073442815,982904831,1071116287,1073733631,1073741823,1073741823,1073741823,1073741823:k11
1073741823,1073741823,1073741823,1073741823,1073741823,1073733631,1073147903,1073442815,1050013695,1071116287,1006624767,1073741823,1073741823,1073741823,1073741823:k11
1073741823,1073741823,1073741823,1073741823,1073741823,1073733631,1073147903,1073442815,1050013695,1054339071,1073733631,1073741823,1073741823,1073741823,1073741823:k11
1073741823,1073741823,1073741823,1073741823,1073741823,1073733631,1056370687,1073442815,1050013695,1071116287,1073733631,1073741823,1073741823,1073741823,1073741823:k11
1073741823,1073741823,1073741823,1073741823,1073741823,1073733631,1073147903,1073442815,1050013695,1071116287,1056956415,1073741823,1073741823,1073741823,1073741823:k11
1073741823,1073741823,1073741823,1073741823,1073741823,1069539327,1073147903,1073442815,1050013695,1071116287,1073733631,1073741823,1073741823,1073741823,1073741823:k11
1073741823,1073741823,1073741823,1073741823,1073741823,1073733631,1073147903,1069248511,1050013695,1071116287,1073733631,1073741823,1073741823,1073741823,1073741823:k11
1073741823,1073741823,1073741823,1073741823,1073741823,1073733631,1073147903,1073442815,1050013695,1066921983,1073733631,1073741823,1073741823,1073741823,1073741823:k11
1073741823,1073741823,1073741823,1073741567,1073741823,1073733631,1073147903,1073442815,1050013695,1071116287,1073733631,1073741823,1073741823,1073741823,1073741823:k11
1073741823,1073741823,1073741823,1073741823,1073740799,1073733631,1073147903,1073442815,1050013695,1071116287,1073733631,1073741823,1073741823,1073741823,1073741823:k11
1073741823,1073741823,1073741823,1073737727,1073741823,1073733631,1073147903,1073442815,1050013695,1071116287,1073733631,1073741823,1073741823,1073741823,1073741823:k11
1073741823,1073741823,1073741823,1073676287,1073741823,1073733631,1073147903,1073442815,1050013695,1071116287,1073733631,1073741823,1073741823,1073741823,1073741823:k11
1073741823,1073741823,1073741823,1073741823,1073741823,1073733631,1073147903,1073442815,1050013695,1071116287,1073733375,1073741823,1073741823,1073741823,1073741823:k11
1073741823,1073741823,1073741823,1073741823,1073725439,1073733631,1073147903,1073442815,1050013695,1071116287,1073733631,1073741823,1073741823,1073741823,1073741823:k11
1073741823,1073741823,1073741823,1073741823,1073479679,1073733631,1073147903,1073442815,1050013695,1071116287,1073733631,1073741823,1073741823,1073741823,1073741823:k11
1073741823,1073741823,1073741823,1073741823,1069547519,1073733631,1073147903,1073442815,1050013695,1071116287,1073733631,1073741823,1073741823,1073741823,1073741823:k11
1073741823,1073741823,1073741823,1073741823,1073741823,1072685055,1073147903,1073442815,1050013695,1071116287,1073733631,1073741823,1073741823,1073741823,1073741823:k11
1073741823,1073741823,1073741823,1073741823,1073741823,1073733631,1073147903,1073442815,1050013695,1071116031,1073733631,1073741823,1073741823,1073741823,1073741823:k11
1073741823,1073741823,1073741823,1073741823,1073741823,1073733631,1073147903,1073442815,1050012671,1071116287,1073733631,1073741823,1073741823,1073741823,1073741823:k11
1073741823,1073741823,1073741823,1073741823,1073741823,1073733631,1073147903,1073442559,1050013695,1071116287,1073733631,1073741823,1073741823,1073741823,1073741823:k11
1073741823,1073741823,1073741823,1073741823,1073741823,1073733375,1073147903,1073442815,1050013695,1071116287,1073733631,1073741823,1073741823,1073741823,1073741823:k11
1073741823,1073741823,1073741823,1073741823,1073741823,1073733631,1073147903,1073442815,1050013695,1071116287,1073717247,1073741823,1073741823,1073741823,1073741823:k11
1073741823,1073741823,1073741823,1073741823,1073741823,1073733631,1068953599,1073442815,1050013695,1071116287,1073733631,1073741823,1073741823,1073741823,1073741823:k11
1073741823,1073741823,1073741823,1073741823,1073741823,1073733631,1073147903,1072394239,1050013695,1071116287,1073733631,1073741823,1073741823,1073741823,1073741823:i10
1073741823,1073741823,1073741823,1073741823,1073741823,1073733631,1073147903,1073442815,1050013695,1071116287,1069539327,1073741823,1073741823,1073741823,1073741823:k11
1073741823,1073741823,1073741823,1073741823,1073741823,1073733631,1073147903,1073442815,1050013695,1071116287,1073471487,1073741823,1073741823,1073741823,1073741823:k11
1073741823,1073741823,1073741823,1073741823,1073741823,1073733631,1073147903,1073442815,1050013439,1071116287,1073733631,1073741823,1073741823,1073741823,1073741823:k11
1073741823,1073741823,1073741823,1073741823,1073741823,1073733631,1073147647,1073442815,1050013695,1071116287,1073733631,1073741823,1073741823,1073741823,1073741823:k11
1073741823,1073741823,1073741823,1073741823,1073741823,1073733631,1073146879,1073442815,1050013695,1071116287,1073733631,1073741823,1073741823,1073741823,1073741823:k11
1073741823,1073741823,1073741823,1073741823,1073741567,1073733631,1073147903,1073442815,1050013695,1071116287,1073733631,1073741823,1073741823,1073741823,1073741823:k11
1073741823,1073741823,1073741823,1073741823,1073741823,1073733631,1073147903,1073442815,1050013695,1071116287,1072685055,1073741823,1073741823,1073741823,1073741823:i11
1073741823,1073741823,1073741823,1073741823,1073741823,1073733631,1073147903,1073442815,1050013695,1071116287,1073668095,1073741823,1073741823,1073741823,1073741823:k11
1073741823,1073741823,1073741823,1073741823,1073741823,1073733631,1073147903,1073442815,1050013695,1071050751,1073733631,1073741823,1073741823,1073741823,1073741823:k11
1073741823,1073741823,1073741823,1073741823,1073737727,1073733631,1073147903,1073442815,1050013695,1071116287,1073733631,1073741823,1073741823,1073741823,1073741823:k11
1073741823,1073741823,1073741823,1073741823,1073676287,1073733631,1073147903,1073442815,1050013695,1071116287,1073733631,1073741823,1073741823,1073741823,1073741823:k11
1073741823,1073741823,1073741823,1073741823,1073741823,1073668095,1073147903,1073442815,1050013695,1071116287,1073733631,1073741823,1073741823,1073741823,1073741823:k11
1073741823,1073741823,1073741823,1073741823,1072693247,1073733631,1073147903,1073442815,1050013695,1071116287,1073733631,1073741823,1073741823,1073741823,1073741823:k11
1073741823,1073741823,1073741823,1073741823,1073741823,1073733631,1072099327,1073442815,1050013695,1071116287,1073733631,1073741823,1073741823,1073741823,1073741823:k11
1073741823,1073741823,1073741823,1073741823,1073741823,1073733631,1073147903,1073442815,1050013695,1071115263,1073733631,1073741823,1073741823,1073741823,1073741823:k11
1073741823,1073741823,1073741823,1073741823,1073741823,1073733631,1073147903,1073441791,1050013695,1071116287,1073733631,1073741823,1073741823,1073741823,1073741823:k11
1073741823,1073741823,1073741823,1073741823,1073741823,1073732607,1073147903,1073442815,1050013695,1071116287,1073733631,1073741823,1073741823,1073741823,1073741823:k11
1073741823,1073741823,1073741823,1073741823,1073741823,1073717247,1073147903,1073442815,1050013695,1071116287,1073733631,1073741823,1073741823,1073741823,1073741823:k11
1073741823,1073741823,1073741823,1073741823,1073741823,1073733631,1073131519,1073442815,1050013695,1071116287,1073733631,1073741823,1073741823,1073741823,1073741823:k11
1073741823,1073741823,1073741823,1073741823,1073741823,1073471487,1073147903,1073442815,1050013695,1071116287,1073733631,1073741823,1073741823,1073741823,1073741823:k11
1073741823,1073741823,1073741823,1073741823,1073741823,1073733631,1073147903,1073377279,1050013695,1071116287,1073733631,1073741823,1073741823,1073741823,1073741823:k11
1073741823,1073741823,1073741823,1073741823,1073741823,1073733631,1073147903,1073442815,1050013695,1071099903,1073733631,1073741823,1073741823,1073741823,1073741823:k11
1073741823,1073741823,1073741823,1073741823,1073741823,1073733631,1073147903,1073442815,1049997311,1071116287,1073733631,1073741823,1073741823,1073741823,1073741823:k11
1073741823,1073741823,1073741823,1073741823,1073741823,1073733631,1073147903,1073442815,1050013695,1071120383,1073725439,1073741823,1073741823,1073741823,1073741823:k11
1073741823,1073741823,1073741823,1073741823,1073741823,1073733631,1068953599,1073442815,1050013695,1071120383,1073741823,1073741823,1073741823,1073741823,1073741823:k11
1073741823,1073741823,1073741823,1073741823,1073741823,1073733631,1073147903,1072394239,1050013695,1071120383,1073741823,1073741823,1073741823,1073741823,1073741823:i10
1073741823,1073741823,1073741823,1073741823,1073741823,1073733631,1073147903,1073442815,1050013695,1071120383,1069547519,1073741823,1073741823,1073741823,1073741823:k11
1073741823,1073741823,1073741823,1073741823,1073741823,1073733631,1073147903,1073442815,1050013695,1071120383,1073479679,1073741823,1073741823,1073741823,1073741823:k11
1073741823,1073741823,1073741823,1073741823,1073741823,1073733631,1073147903,1073442815,1050013439,1071120383,1073741823,1073741823,1073741823,1073741823,1073741823:k11
1073741823,1073741823,1073741823,1073741823,1073741823,1073733631,1073147647,1073442815,1050013695,1071120383,1073741823,1073741823,1073741823,1073741823,1073741823:k11
1073741823,1073741823,1073741823,1073741823,1073741823,1073733631,1073146879,1073442815,1050013695,1071120383,1073741823,1073741823,1073741823,1073741823,1073741823:k11
1073741823,1073741823,1073741823,1073741823,1073741567,1073733631,1073147903,1073442815,1050013695,1071120383,1073741823,1073741823,1073741823,1073741823,1073741823:k11
1073741823,1073741823,1073741823,1073741823,1073741823,1073733631,1073147903,1073442815,1050013695,1071120383,1073737727,1073741823,1073741823,1073741823,1073741823:g10
1073741823,1073741823,1073741823,1073741823,1073741823,1073733631,1073147903,1073442815,1050013695,1071112191,1073737727,1073741567,1073741823,1073741823,1073741823:h7
1073741823,1073741823,1073741823,1073741823,1073741823,1073733631,1073147903,1073442815,1050013695,1071112191,1073737727,1073741823,1073741567,1073741823,1073741823:h7
1073741823,1073741823,1073741823,1073741823,1073741823,1073733631,1073147903,1073442815,1050013695,1071112191,1073737727,1073740799,1073741823,1073741823,1073741823:h7
1073741823,1073741823,1073741823,1073741823,1073741823,1073733631,1073147903,1073442815,1050013695,1071112191,1073736703,1073741823,1073741823,1073741823,1073741823:h7
1073741823,1073741823,1073741823,1073741823,1073741823,1073733631,1073147903,1073442815,1050013695,1071112191,1073737727,1073741823,1073676287,1073741823,1073741823:h7
1073741823,1073741823,1073741823,1073741823,1073741823,1073733631,1073147903,1073442815,1050013695,1071112191,1073737727,1073741823,1073737727,1073741823,1073741823:h7
1073741823,1073741823,1073741823,1073741823,1073741823,1073733631,1073147903,1073442815,1050013695,1071112191,1073737727,1073737727,1073741823,1073741823,1073741823:h7
1073741823,1073741823,1073741823,1073741823,1073741823,1073733631,1073147903,1073442815,1050013695,1071112191,1073737727,1073676287,1073741823,1073741823,1073741823:h7
1073741823,1073741823,1073741823,1073741823,1073741823,1073733631,1073147903,1073442815,1050013695,1071112191,1073737727,1056964607,1073741823,1073741823,1073741823:h7
1073741823,1073741823,1073741823,1073741823,1073741823,1073733631,1073147903,1073442815,1050013695,1071112191,1073737727,1072693247,1073741823,1073741823,1073741823:h7
1073741823,1073741823,1073741823,1073741823,1073741823,1073733631,804712447,1073442815,1050013695,1071112191,1073737727,1073741823,1073741823,1073741823,1073741823:h7
1073741823,1073741823,1073741823,1073741823,1073741823,1073733631,1073147903,1006333951,1050013695,1071112191,1073737727,1073741823,1073741823,1073741823,1073741823:h7
1073741823,1073741823,1073741823,1073741823,1073741823,1073733631,1073147903,1073442815,781578239,1071112191,1073737727,1073741823,1073741823,1073741823,1073741823:h7
1073741823,1073741823,1073741823,1073741823,1073741823,1073733631,1073147903,1073442815,1050013695,1071112191,805302271,1073741823,1073741823,1073741823,1073741823:h7
1073741823,1073741823,1073741823,1073741823,1073741823,1073733631,1073147903,1073442815,1050013695,1004003327,1073737727,1073741823,1073741823,1073741823,1073741823:h7
1073741823,1073741823,1073741823,1073741823,1073741823,1073733631,1073147903,1073442815,1050013695,1071112191,1073737727,1073725439,1073741823,1073741823,1073741823:h7
1073741823,1073741823,1073741823,1073741823,1073741823,1073733631,1073147903,1073442815,1050013695,1071112191,1073737727,1069547519,1073741823,1073741823,1073741823:h7
1073741823,1073741823,1073741823,1073741823,1073741823,1073733631,1073147903,1073442815,1050013695,1071112191,1073737727,1073479679,1073741823,1073741823,1073741823:h7
1073741823,1073741823,1073741823,1073741823,1073741823,1073733631,1006039039,1073442815,1050013695,1071112191,1073737727,1073741823,1073741823,1073741823,1073741823:h7
1073741823,1073741823,1073741823,1073741823,1073741823,1073733631,1073147903,1056665599,1050013695,1071112191,1073737727,1073741823,1073741823,1073741823,1073741823:h7
1073741823,1073741823,1073741823,1073741823,1073741823,1073733631,1073147903,1073442815,982904831,1071112191,1073737727,1073741823,1073741823,1073741823,1073741823:h7
1073741823,1073741823,1073741823,1073741823,1073741823,1073733631,1073147903,1073442815,1050013695,1071112191,1006628863,1073741823,1073741823,1073741823,1073741823:h7
1073741823,1073741823,1073741823,1073741823,1073741823,1073733631,1073147903,1073442815,1050013695,1054334975,1073737727,1073741823,1073741823,1073741823,1073741823:h7
1073741823,1073741823,1073741823,1073741823,1073741823,1073733631,1056370687,1073442815,1050013695,1071112191,1073737727,1073741823,1073741823,1073741823,1073741823:h7
1073741823,1073741823,1073741823,1073741823,1073741823,1073733631,1073147903,1073442815,1050013695,1071112191,1056960511,1073741823,1073741823,1073741823,1073741823:h7
1073741823,1073741823,1073741823,1073741823,1073741823,1069539327,1073147903,1073442815,1050013695,1071112191,1073737727,1073741823,1073741823,1073741823,1073741823:h7
1073741823,1073741823,1073741823,1073741823,1073741823,1073733631,1073147903,1069248511,1050013695,1071112191,1073737727,1073741823,1073741823,1073741823,1073741823:h7
1073741823,1073741823,1073741823,1073741823,1073741823,1073733631,1073147903,1073442815,1050013695,1066917887,1073737727,1073741823,1073741823,1073741823,1073741823:h7
1073741823,1073741823,1073741823,1073741567,1073741823,1073733631,1073147903,1073442815,1050013695,1071112191,1073737727,1073741823,1073741823,1073741823,1073741823:h7
1073741823,1073741823,1073741823,1073741823,1073740799,1073733631,1073147903,1073442815,1050013695,1071112191,1073737727,1073741823,1073741823,1073741823,1073741823:h7
1073741823,1073741823,1073741823,1073737727,1073741823,1073733631,1073147903,1073442815,1050013695,1071112191,1073737727,1073741823,1073741823,1073741823,1073741823:h7
1073741823,1073741823,1073741823,1073676287,1073741823,1073733631,1073147903,1073442815,1050013695,1071112191,1073737727,1073741823,1073741823,1073741823,1073741823:h7
1073741823,1073741823,1073741823,1073741823,1073741823,1073733631,1073147903,1073442815,1050013695,1071112191,1073737471,1073741823,1073741823,1073741823,1073741823:h7
1073741823,1073741823,1073741823,1073741823,1073725439,1073733631,1073147903,1073442815,1050013695,1071112191,1073737727,1073741823,1073741823,1073741823,1073741823:h7
1073741823,1073741823,1073741823,1073741823,1073479679,1073733631,1073147903,1073442815,1050013695,1071112191,1073737727,1073741823,1073741823,1073741823,1073741823:h7
1073741823,1073741823,1073741823,1073741823,1069547519,1073733631,1073147903,1073442815,1050013695,1071112191,1073737727,1073741823,1073741823,1073741823,1073741823:h7
1073741823,1073741823,1073741823,1073741823,1073741823,1072685055,1073147903,1073442815,1050013695,1071112191,1073737727,1073741823,1073741823,1073741823,1073741823:h7
1073741823,1073741823,1073741823,1073741823,1073741823,1073733631,1073147903,1073442815,1050013695,1071111935,1073737727,1073741823,1073741823,1073741823,1073741823:h7
1073741823,1073741823,1073741823,1073741823,1073741823,1073733631,1073147903,1073442815,1050012671,1071112191,1073737727,1073741823,1073741823,1073741823,1073741823:h7
1073741823,1073741823,1073741823,1073741823,1073741823,1073733631,1073147903,1073442559,1050013695,1071112191,1073737727,1073741823,1073741823,1073741823,1073741823:h7
1073741823,1073741823,1073741823,1073741823,1073741823,1073733375,1073147903,1073442815,1050013695,1071112191,1073737727,1073741823,1073741823,1073741823,1073741823:h7
1073741823,1073741823,1073741823,1073741823,1073741823,1073733631,1073147903,1073442815,1050013695,1071112191,1073721343,1073741823,1073741823,1073741823,1073741823:i8
1073741823,1073741823,1073741823,1073741823,1073741823,1073733631,1068953599,1073442815,1050013695,1071112191,1073737727,1073741823,1073741823,1073741823,1073741823:h7
1073741823,1073741823,1073741823,1073741823,1073741823,1073733631,1073147903,1072394239,1050013695,1071112191,1073737727,1073741823,1073741823,1073741823,1073741823:h7
1073741823,1073741823,1073741823,1073741823,1073741823,1073733631,1073147903,1073442815,1050013695,1071112191,1069543423,1073741823,1073741823,1073741823,1073741823:h7
1073741823,1073741823,1073741823,1073741823,1073741823,1073733631,1073147903,1073442815,1050013695,1071112191,1073475583,1073741823,1073741823,1073741823,1073741823:h7
1073741823,1073741823,1073741823,1073741823,1073741823,1073733631,1073147903,1073442815,1050013439,1071112191,1073737727,1073741823,1073741823,1073741823,1073741823:h7
1073741823,1073741823,1073741823,1073741823,1073741823,1073733631,1073147647,1073442815,1050013695,1071112191,1073737727,1073741823,1073741823,1073741823,1073741823:h7
1073741823,1073741823,1073741823,1073741823,1073741823,1073733631,1073146879,1073442815,1050013695,1071112191,1073737727,1073741823,1073741823,1073741823,1073741823:h7
1073741823,1073741823,1073741823,1073741823,1073741567,1073733631,1073147903,1073442815,1050013695,1071112191,1073737727,1073741823,1073741823,1073741823,1073741823:h7
1073741823,1073741823,1073741823,1073741823,1073741823,1073733631,1073147903,1073442815,1050013695,1071112191,1072689151,1073741823,1073741823,1073741823,1073741823:h7
1073741823,1073741823,1073741823,1073741823,1073741823,1073733631,1073147903,1073442815,1050013695,1071112191,1073672191,1073741823,1073741823,1073741823,1073741823:h7
1073741823,1073741823,1073741823,1073741823,1073741823,1073733631,1073147903,1073442815,1050013695,1071046655,1073737727,1073741823,1073741823,1073741823,1073741823:i8
1073741823,1073741823,1073741823,1073741823,1073737727,1073733631,1073147903,1073442815,1050013695,1071112191,1073737727,1073741823,1073741823,1073741823,1073741823:h7
1073741823,1073741823,1073741823,1073741823,1073676287,1073733631,1073147903,1073442815,1050013695,1071112191,1073737727,1073741823,1073741823,1073741823,1073741823:h7
1073741823,1073741823,1073741823,1073741823,1073741823,1073668095,1073147903,1073442815,1050013695,1071112191,1073737727,1073741823,1073741823,1073741823,1073741823:h7
1073741823,1073741823,1073741823,1073741823,1072693247,1073733631,1073147903,1073442815,1050013695,1071112191,1073737727,1073741823,1073741823,1073741823,1073741823:h7
1073741823,1073741823,1073741823,1073741823,1073741823,1073733631,1072099327,1073442815,1050013695,1071112191,1073737727,1073741823,1073741823,1073741823,1073741823:h7
1073741823,1073741823,1073741823,1073741823,1073741823,1073733631,1073147903,1073442815,1050013695,1071111167,1073737727,1073741823,1073741823,1073741823,1073741823:h7
1073741823,1073741823,1073741823,1073741823,1073741823,1073733631,1073147903,1073441791,1050013695,1071112191,1073737727,1073741823,1073741823,1073741823,1073741823:h7
1073741823,1073741823,1073741823,1073741823,1073741823,1073732607,1073147903,1073442815,1050013695,1071112191,1073737727,1073741823,1073741823,1073741823,1073741823:h7
1073741823,1073741823,1073741823,1073741823,1073741823,1073717247,1073147903,1073442815,1050013695,1071112191,1073737727,1073741823,1073741823,1073741823,1073741823:i8
1073741823,1073741823,1073741823,1073741823,1073741823,1073733631,1073131519,1073442815,1050013695,1071112191,1073737727,1073741823,1073741823,1073741823,1073741823:k11
1073741823,1073741823,1073741823,1073741823,1073741823,1073471487,1073147903,1073442815,1050013695,1071112191,1073737727,1073741823,1073741823,1073741823,1073741823:h7
1073741823,1073741823,1073741823,1073741823,1073741823,1073733631,1073147903,1073377279,1050013695,1071112191,1073737727,1073741823,1073741823,1073741823,1073741823:k11
1073741823,1073741823,1073741823,1073741823,1073741823,1073733631,1073147903,1073442815,1050013695,1071095807,1073737727,1073741823,1073741823,1073741823,1073741823:i8
1073741823,1073741823,1073741823,1073741823,1073741823,1073733631,1073147903,1073442815,1049997311,1071112191,1073737727,1073741823,1073741823,1073741823,1073741823:k11
1073741823,1073741823,1073741823,1073741823,1073741823,1073733631,1073147903,1073442815,1050013695,1071120383,1072693247,1073741823,1073741823,1073741823,1073741823:i10
1073741823,1073741823,1073741823,1073741823,1073741823,1073733631,1073147903,1073442815,1050013695,1070989311,1072693247,1073737727,1073741823,1073741823,1073741823:h7
1073741823,1073741823,1073741823,1073741823,1073741823,1073733631,1073147903,1073442815,1050013695,1070989311,1072693247,1073741823,1073676287,1073741823,1073741823:h7
1073741823,1073741823,1073741823,1073741823,1073741823,1073733631,1073147903,1073442815,1050013695,1070989311,1072693247,1073741823,1056964607,1073741823,1073741823:h7
1073741823,1073741823,1073741823,1073741823,1073741823,1073733631,1073147903,1073442815,1050013695,1070989311,1072693247,1073741823,1072693247,1073741823,1073741823:h7
1073741823,1073741823,1073741823,1073741823,1073741823,1073733631,1073147903,1073442815,1050013695,1070989311,1072693247,1073676287,1073741823,1073741823,1073741823:h7
1073741823,1073741823,1073741823,1073741823,1073741823,1073733631,1073147903,1073442815,1050013695,1070989311,1072693247,1056964607,1073741823,1073741823,1073741823:h7
1073741823,1073741823,1073741823,1073741823,1073741823,1073733631,1073147903,1073442815,1050013695,1070989311,1072693247,1072693247,1073741823,1073741823,1073741823:h7
1073741823,1073741823,1073741823,1073741823,1073741823,1073733631,804712447,1073442815,1050013695,1070989311,1072693247,1073741823,1073741823,1073741823,1073741823:h7
1073741823,1073741823,1073741823,1073741823,1073741823,1073733631,1073147903,1006333951,1050013695,1070989311,1072693247,1073741823,1073741823,1073741823,1073741823:h7
1073741823,1073741823,1073741823,1073741823,1073741823,1073733631,1073147903,1073442815,781578239,1070989311,1072693247,1073741823,1073741823,1073741823,1073741823:h7
1073741823,1073741823,1073741823,1073741823,1073741823,1073733631,1073147903,1073442815,1050013695,1070989311,804257791,1073741823,1073741823,1073741823,1073741823:h7
1073741823,1073741823,1073741823,1073741823,1073741823,1073733631,1073147903,1073442815,1050013695,1003880447,1072693247,1073741823,1073741823,1073741823,1073741823:h7
1073741823,1073741823,1073741823,1073741823,1073741823,1073733631,1073147903,1073442815,1050013695,1070989311,1072693247,1073725439,1073741823,1073741823,1073741823:h7
1073741823,1073741823,1073741823,1073741823,1073741823,1073733631,1073147903,1073442815,1050013695,1070989311,1072693247,1069547519,1073741823,1073741823,1073741823:h7
1073741823,1073741823,1073741823,1073741823,1073741823,1073733631,1073147903,1073442815,1050013695,1070989311,1072693247,1073479679,1073741823,1073741823,1073741823:h7
1073741823,1073741823,1073741823,1073741823,1073741823,1073733631,1006039039,1073442815,1050013695,1070989311,1072693247,1073741823,1073741823,1073741823,1073741823:h7
1073741823,1073741823,1073741823,1073741823,1073741823,1073733631,1073147903,1056665599,1050013695,1070989311,1072693247,1073741823,1073741823,1073741823,1073741823:h7
1073741823,1073741823,1073741823,1073741823,1073741823,1073733631,1073147903,1073442815,982904831,1070989311,1072693247,1073741823,1073741823,1073741823,1073741823:h7
1073741823,1073741823,1073741823,1073741823,1073741823,1073733631,1073147903,1073442815,1050013695,1070989311,1005584383,1073741823,1073741823,1073741823,1073741823:h7
1073741823,1073741823,1073741823,1073741823,1073741823,1073733631,1073147903,1073442815,1050013695,1054212095,1072693247,1073741823,1073741823,1073741823,1073741823:h7
1073741823,1073741823,1073741823,1073741823,1073741823,1073733631,1056370687,1073442815,1050013695,1070989311,1072693247,1073741823,1073741823,1073741823,1073741823:h7
1073741823,1073741823,1073741823,1073741823,1073741823,1073733631,1073147903,1073442815,1050013695,1070989311,1055916031,1073741823,1073741823,1073741823,1073741823:h7
1073741823,1073741823,1073741823,1073741823,1073741823,1069539327,1073147903,1073442815,1050013695,1070989311,1072693247,1073741823,1073741823,1073741823,1073741823:h7
1073741823,1073741823,1073741823,1073741823,1073741823,1073733631,1073147903,1069248511,1050013695,1070989311,1072693247,1073741823,1073741823,1073741823,1073741823:h7
1073741823,1073741823,1073741823,1073741823,1073741823,1073733631,1073147903,1073442815,1050013695,1066795007,1072693247,1073741823,1073741823,1073741823,1073741823:i8
1073741823,1073741823,1073741823,1073741567,1073741823,1073733631,1073147903,1073442815,1050013695,1070989311,1072693247,1073741823,1073741823,1073741823,1073741823:h7
1073741823,1073741823,1073741823,1073741823,1073740799,1073733631,1073147903,1073442815,1050013695,1070989311,1072693247,1073741823,1073741823,1073741823,1073741823:h7
1073741823,1073741823,1073741823,1073737727,1073741823,1073733631,1073147903,1073442815,1050013695,1070989311,1072693247,1073741823,1073741823,1073741823,1073741823:h7
1073741823,1073741823,1073741823,1073676287,1073741823,1073733631,1073147903,1073442815,1050013695,1070989311,1072693247,1073741823,1073741823,1073741823,1073741823:h7
1073741823,1073741823,1073741823,1073741823,1073741823,1073733631,1073147903,1073442815,1050013695,1070989311,1072692991,1073741823,1073741823,1073741823,1073741823:h7
1073741823,1073741823,1073741823,1073741823,1073725439,1073733631,1073147903,1073442815,1050013695,1070989311,1072693247,1073741823,1073741823,1073741823,1073741823:h7
1073741823,1073741823,1073741823,1073741823,1073479679,1073733631,1073147903,1073442815,1050013695,1070989311,1072693247,1073741823,1073741823,1073741823,1073741823:h7
1073741823,1073741823,1073741823,1073741823,1069547519,1073733631,1073147903,1073442815,1050013695,1070989311,1072693247,1073741823,1073741823,1073741823,1073741823:h7
1073741823,1073741823,1073741823,1073741823,1073741823,1072685055,1073147903,1073442815,1050013695,1070989311,1072693247,1073741823,1073741823,1073741823,1073741823:h7
1073741823,1073741823,1073741823,1073741823,1073741823,1073733631,1073147903,1073442815,1050013695,1070989055,1072693247,1073741823,1073741823,1073741823,1073741823:h7
1073741823,1073741823,1073741823,1073741823,1073741823,1073733631,1073147903,1073442815,1050012671,1070989311,1072693247,1073741823,1073741823,1073741823,1073741823:h7
1073741823,1073741823,1073741823,1073741823,1073741823,1073733631,1073147903,1073442559,1050013695,1070989311,1072693247,1073741823,1073741823,1073741823,1073741823:h7
1073741823,1073741823,1073741823,1073741823,1073741823,1073733375,1073147903,1073442815,1050013695,1070989311,1072693247,1073741823,1073741823,1073741823,1073741823:h7
1073741823,1073741823,1073741823,1073741823,1073741823,1073733631,1073147903,1073442815,1050013695,1070985215,1072693247,1073741823,1073741823,1073741823,1073741823:g11
1073741823,1073741823,1073741823,1073741823,1073741823,1073733631,1073147903,1073442815,1050013695,1070985215,1072685055,1073741823,1073741567,1073741823,1073741823:h7
1073741823,1073741823,1073741823,1073741823,1073741823,1073733631,1073147903,1073442815,1050013695,1070985215,1072685055,1073740799,1073741823,1073741823,1073741823:h7
1073741823,1073741823,1073741823,1073741823,1073741823,1073733631,1073147903,1073442815,1050013695,1070985215,1072685055,1073741823,1073737727,1073741823,1073741823:h7
1073741823,1073741823,1073741823,1073741823,1073741823,1073733631,1073147903,1073442815,1050013695,1070985215,1072685055,1073741567,1073741823,1073741823,1073741823:h7
1073741823,1073741823,1073741823,1073741823,1073741823,1073733631,1073147903,1073442815,1050013695,1070985215,1072684031,1073741823,1073741823,1073741823,1073741823:h7
1073741823,1073741823,1073741823,1073741823,1073741823,1073733631,1073147903,1073442815,1050013695,1070985215,1072685055,1073737727,1073741823,1073741823,1073741823:h7
1073741823,1073741823,1073741823,1073741823,1073741823,1073733631,1073147903,1073442815,1050013695,1070985215,1072685055,1073741823,1073676287,1073741823,1073741823:i8
1073741823,1073741823,1073741823,1073741823,1073741823,1073733631,1073147903,1073442815,1050013695,1070985215,1072685055,1073741823,1056964607,1073741823,1073741823:h7
1073741823,1073741823,1073741823,1073741823,1073741823,1073733631,1073147903,1073442815,1050013695,1070985215,1072685055,1073741823,1072693247,1073741823,1073741823:h7
1073741823,1073741823,1073741823,1073741823,1073741823,1073733631,1073147903,1073442815,1050013695,1070985215,1072685055,1073676287,1073741823,1073741823,1073741823:h7
1073741823,1073741823,1073741823,1073741823,1073741823,1073733631,1073147903,1073442815,1050013695,1070985215,1072685055,1056964607,1073741823,1073741823,1073741823:h7
1073741823,1073741823,1073741823,1073741823,1073741823,1073733631,1073147903,1073442815,1050013695,1070985215,1072685055,1072693247,1073741823,1073741823,1073741823:h7
1073741823,1073741823,1073741823,1073741823,1073741823,1073733631,804712447,1073442815,1050013695,1070985215,1072685055,1073741823,1073741823,1073741823,1073741823:i8
1073741823,1073741823,1073741823,1073741823,1073741823,1073733631,1073147903,1006333951,1050013695,1070985215,1072685055,1073741823,1073741823,1073741823,1073741823:i8
1073741823,1073741823,1073741823,1073741823,1073741823,1073733631,1073147903,1073442815,781578239,1070985215,1072685055,1073741823,1073741823,1073741823,1073741823:h7
1073741823,1073741823,1073741823,1073741823,1073741823,1073733631,1073147903,1073442815,1050013695,1070985215,804249599,1073741823,1073741823,1073741823,1073741823:h7
1073741823,1073741823,1073741823,1073741823,1073741823,1073733631,1073147903,1073442815,1050013695,1003876351,1072685055,1073741823,1073741823,1073741823,1073741823:h7
1073741823,1073741823,1073741823,1073741823,1073741823,1073733631,1073147903,1073442815,1050013695,1070985215,1072685055,1073725439,1073741823,1073741823,1073741823:h7
1073741823,1073741823,1073741823,1073741823,1073741823,1073733631,1073147903,1073442815,1050013695,1070985215,1072685055,1069547519,1073741823,1073741823,1073741823:h7
1073741823,1073741823,1073741823,1073741823,1073741823,1073733631,1073147903,1073442815,1050013695,1070985215,1072685055,1073479679,1073741823,1073741823,1073741823:i8
1073741823,1073741823,1073741823,1073741823,1073741823,1073733631,1006039039,1073442815,1050013695,1070985215,1072685055,1073741823,1073741823,1073741823,1073741823:h7
1073741823,1073741823,1073741823,1073741823,1073741823,1073733631,1073147903,1056665599,1050013695,1070985215,1072685055,1073741823,1073741823,1073741823,1073741823:h7
1073741823,1073741823,1073741823,1073741823,1073741823,1073733631,1073147903,1073442815,982904831,1070985215,1072685055,1073741823,1073741823,1073741823,1073741823:h7
1073741823,1073741823,1073741823,1073741823,1073741823,1073733631,1073147903,1073442815,1050013695,1070985215,1005576191,1073741823,1073741823,1073741823,1073741823:h7
1073741823,1073741823,1073741823,1073741823,1073741823,1073733631,1073147903,1073442815,1050013695,1054207999,1072685055,1073741823,1073741823,1073741823,1073741823:h7
1073741823,1073741823,1073741823,1073741823,1073741823,1073733631,1056370687,1073442815,1050013695,1070985215,1072685055,1073741823,1073741823,1073741823,1073741823:h7
1073741823,1073741823,1073741823,1073741823,1073741823,1073733631,1073147903,1073442815,1050013695,1070985215,1055907839,1073741823,1073741823,1073741823,1073741823:h7
1073741823,1073741823,1073741823,1073741823,1073741823,1069539327,1073147903,1073442815,1050013695,1070985215,1072685055,1073741823,1073741823,1073741823,1073741823:h7
1073741823,1073741823,1073741823,1073741823,1073741823,1073733631,1073147903,1069248511,1050013695,1070985215,1072685055,1073741823,1073741823,1073741823,1073741823:h7
1073741823,1073741823,1073741823,1073741823,1073741823,1073733631,1073147903,1073442815,1050013695,1066790911,1072685055,1073741823,1073741823,1073741823,1073741823:i8
1073741823,1073741823,1073741823,1073741567,1073741823,1073733631,1073147903,1073442815,1050013695,1070985215,1072685055,1073741823,1073741823,1073741823,1073741823:h7
1073741823,1073741823,1073741823,1073741823,1073740799,1073733631,1073147903,1073442815,1050013695,1070985215,1072685055,1073741823,1073741823,1073741823,1073741823:h7
1073741823,1073741823,1073741823,1073737727,1073741823,1073733631,1073147903,1073442815,1050013695,1070985215,1072685055,1073741823,1073741823,1073741823,1073741823:h7
1073741823,1073741823,1073741823,1073676287,1073741823,1073733631,1073147903,1073442815,1050013695,1070985215,1072685055,1073741823,1073741823,1073741823,1073741823:h7
1073741823,1073741823,1073741823,1073741823,1073741823,1073733631,1073147903,1073442815,1050013695,1070985215,1072684799,1073741823,1073741823,1073741823,1073741823:h7
1073741823,1073741823,1073741823,1073741823,1073725439,1073733631,1073147903,1073442815,1050013695,1070985215,1072685055,1073741823,1073741823,1073741823,1073741823:h7
1073741823,1073741823,1073741823,1073741823,1073479679,1073733631,1073147903,1073442815,1050013695,1070985215,1072685055,1073741823,1073741823,1073741823,1073741823:h7
1073741823,1073741823,1073741823,1073741823,1069547519,1073733631,1073147903,1073442815,1050013695,1070985215,1072685055,1073741823,1073741823,1073741823,1073741823:h7
1073741823,1073741823,1073741823,1073741823,1073741823,1072685055,1073147903,1073442815,1050013695,1070985215,1072685055,1073741823,1073741823,1073741823,1073741823:h7
1073741823,1073741823,1073741823,1073741823,1073741823,1073733631,1073147903,1073442815,1050013695,1070984959,1072685055,1073741823,1073741823,1073741823,1073741823:h7
1073741823,1073741823,1073741823,1073741823,1073741823,1073733631,1073147903,1073442815,1050012671,1070985215,1072685055,1073741823,1073741823,1073741823,1073741823:h7
1073741823,1073741823,1073741823,1073741823,1073741823,1073733631,1073147903,1073442559,1050013695,1070985215,1072685055,1073741823,1073741823,1073741823,1073741823:h7
1073741823,1073741823,1073741823,1073741823,1073741823,1073733375,1073147903,1073442815,1050013695,1070985215,1072685055,1073741823,1073741823,1073741823,1073741823:h7
1073741823,1073741823,1073741823,1073741823,1073741823,1073733631,1073147903,1073442815,1050013695,1070985215,1072668671,1073741823,1073741823,1073741823,1073741823:i8
1073741823,1073741823,1073741823,1073741823,1073741823,1073733631,1068953599,1073442815,1050013695,1070985215,1072685055,1073741823,1073741823,1073741823,1073741823:h7
1073741823,1073741823,1073741823,1073741823,1073741823,1073733631,1073147903,1072394239,1050013695,1070985215,1072685055,1073741823,1073741823,1073741823,1073741823:h7
1073741823,1073741823,1073741823,1073741823,1073741823,1073733631,1073147903,1073442815,1050013695,1070985215,1068490751,1073741823,1073741823,1073741823,1073741823:h7
1073741823,1073741823,1073741823,1073741823,1073741823,1073733631,1073147903,1073442815,1050013695,1070985215,1072422911,1073741823,1073741823,1073741823,1073741823:h7
1073741823,1073741823,1073741823,1073741823,1073741823,1073733631,1073147903,1073442815,1050013439,1070985215,1072685055,1073741823,1073741823,1073741823,1073741823:h7
1073741823,1073741823,1073741823,1073741823,1073741823,1073733631,1073147647,1073442815,1050013695,1070985215,1072685055,1073741823,1073741823,1073741823,1073741823:h7
1073741823,1073741823,1073741823,1073741823,1073741823,1073733631,1073146879,1073442815,1050013695,1070985215,1072685055,1073741823,1073741823,1073741823,1073741823:h7
1073741823,1073741823,1073741823,1073741823,1073741567,1073733631,1073147903,1073442815,1050013695,1070985215,1072685055,1073741823,1073741823,1073741823,1073741823:h7
1073741823,1073741823,1073741823,1073741823,1073741823,1073733631,1073147903,1073442815,1050013695,1070985215,1072619519,1073741823,1073741823,1073741823,1073741823:h7
1073741823,1073741823,1073741823,1073741823,1073737727,1073733631,1073147903,1073442815,1050013695,1070985215,1072685055,1073741823,1073741823,1073741823,1073741823:h7
1073741823,1073741823,1073741823,1073741823,1073676287,1073733631,1073147903,1073442815,1050013695,1070985215,1072685055,1073741823,1073741823,1073741823,1073741823:h7
1073741823,1073741823,1073741823,1073741823,1073741823,1073668095,1073147903,1073442815,1050013695,1070985215,1072685055,1073741823,1073741823,1073741823,1073741823:h7
1073741823,1073741823,1073741823,1073741823,1072693247,1073733631,1073147903,1073442815,1050013695,1070985215,1072685055,1073741823,1073741823,1073741823,1073741823:h7
1073741823,1073741823,1073741823,1073741823,1073741823,1073733631,1072099327,1073442815,1050013695,1070985215,1072685055,1073741823,1073741823,1073741823,1073741823:h7
1073741823,1073741823,1073741823,1073741823,1073741823,1073733631,1073147903,1073442815,1050013695,1070984191,1072685055,1073741823,1073741823,1073741823,1073741823:h7
1073741823,1073741823,1073741823,1073741823,1073741823,1073733631,1073147903,1073441791,1050013695,1070985215,1072685055,1073741823,1073741823,1073741823,1073741823:h7
1073741823,1073741823,1073741823,1073741823,1073741823,1073732607,1073147903,1073442815,1050013695,1070985215,1072685055,1073741823,1073741823,1073741823,1073741823:h7
1073741823,1073741823,1073741823,1073741823,1073741823,1073717247,1073147903,1073442815,1050013695,1070985215,1072685055,1073741823,1073741823,1073741823,1073741823:i8
1073741823,1073741823,1073741823,1073741823,1073741823,1073733631,1073131519,1073442815,1050013695,1070985215,1072685055,1073741823,1073741823,1073741823,1073741823:l10
1073741823,1073741823,1073741823,1073741823,1073741823,1073471487,1073147903,1073442815,1050013695,1070985215,1072685055,1073741823,1073741823,1073741823,1073741823:h7
1073741823,1073741823,1073741823,1073741823,1073741823,1073733631,1073147903,1073377279,1050013695,1070985215,1072685055,1073741823,1073741823,1073741823,1073741823:h11
1073741823,1073741823,1073741823,1073741823,1073741823,1073733631,1073147903,1073442815,1050013695,1070968831,1072685055,1073741823,1073741823,1073741823,1073741823:i8
1073741823,1073741823,1073741823,1073741823,1073741823,1073733631,1073147903,1073442815,1049997311,1070985215,1072685055,1073741823,1073741823,1073741823,1073741823:i8
1073741823,1073741823,1073741823,1073741823,1073741823,1073733631,1073147903,1073442815,1050013695,1070989311,1072676863,1073741823,1073741823,1073741823,1073741823:i8
1073741823,1073741823,1073741823,1073741823,1073741823,1073733631,1068953599,1073442815,1050013695,1070989311,1072693247,1073741823,1073741823,1073741823,1073741823:h7
1073741823,1073741823,1073741823,1073741823,1073741823,1073733631,1073147903,1072394239,1050013695,1070989311,1072693247,1073741823,1073741823,1073741823,1073741823:h7
1073741823,1073741823,1073741823,1073741823,1073741823,1073733631,1073147903,1073442815,1050013695,1070989311,1068498943,1073741823,1073741823,1073741823,1073741823:h7
1073741823,1073741823,1073741823,1073741823,1073741823,1073733631,1073147903,1073442815,1050013695,1070989311,1072431103,1073741823,1073741823,1073741823,1073741823:h7
1073741823,1073741823,1073741823,1073741823,1073741823,1073733631,1073147903,1073442815,1050013439,1070989311,1072693247,1073741823,1073741823,1073741823,1073741823:h7
1073741823,1073741823,1073741823,1073741823,1073741823,1073733631,1073147647,1073442815,1050013695,1070989311,1072693247,1073741823,1073741823,1073741823,1073741823:h7
1073741823,1073741823,1073741823,1073741823,1073741823,1073733631,1073146879,1073442815,1050013695,1070989311,1072693247,1073741823,1073741823,1073741823,1073741823:h7
1073741823,1073741823,1073741823,1073741823,1073741567,1073733631,1073147903,1073442815,1050013695,1070989311,1072693247,1073741823,1073741823,1073741823,1073741823:h7
1073741823,1073741823,1073741823,1073741823,1073741823,1073733631,1073147903,1073442815,1050013695,1070989311,1072689151,1073741823,1073741823,1073741823,1073741823:g10
1073741823,1073741823,1073741823,1073741823,1073741823,1073733631,1073147903,1073442815,1050013695,1070981119,1072689151,1073741567,1073741823,1073741823,1073741823:h7
1073741823,1073741823,1073741823,1073741823,1073741823,1073733631,1073147903,1073442815,1050013695,1070981119,1072689151,1073741823,1073741567,1073741823,1073741823:h7
1073741823,1073741823,1073741823,1073741823,1073741823,1073733631,1073147903,1073442815,1050013695,1070981119,1072689151,1073740799,1073741823,1073741823,1073741823:h7
1073741823,1073741823,1073741823,1073741823,1073741823,1073733631,1073147903,1073442815,1050013695,1070981119,1072688127,1073741823,1073741823,1073741823,1073741823:h7
1073741823,1073741823,1073741823,1073741823,1073741823,1073733631,1073147903,1073442815,1050013695,1070981119,1072689151,1073741823,1073737727,1073741823,1073741823:h7
1073741823,1073741823,1073741823,1073741823,1073741823,1073733631,1073147903,1073442815,1050013695,1070981119,1072689151,1073737727,1073741823,1073741823,1073741823:h7
1073741823,1073741823,1073741823,1073741823,1073741823,1073733631,1073147903,1073442815,1050013695,1070981119,1072689151,1073741823,1073676287,1073741823,1073741823:h7
1073741823,1073741823,1073741823,1073741823,1073741823,1073733631,1073147903,1073442815,1050013695,1070981119,1072689151,1073741823,1056964607,1073741823,1073741823:h7
1073741823,1073741823,1073741823,1073741823,1073741823,1073733631,1073147903,1073442815,1050013695,1070981119,1072689151,1073741823,1072693247,1073741823,1073741823:h7
1073741823,1073741823,1073741823,1073741823,1073741823,1073733631,1073147903,1073442815,1050013695,1070981119,1072689151,1073676287,1073741823,1073741823,1073741823:h7
1073741823,1073741823,1073741823,1073741823,1073741823,1073733631,1073147903,1073442815,1050013695,1070981119,1072689151,1056964607,1073741823,1073741823,1073741823:h7
1073741823,1073741823,1073741823,1073741823,1073741823,1073733631,1073147903,1073442815,1050013695,1070981119,1072689151,1072693247,1073741823,1073741823,1073741823:h7
1073741823,1073741823,1073741823,1073741823,1073741823,1073733631,804712447,1073442815,1050013695,1070981119,1072689151,1073741823,1073741823,1073741823,1073741823:h7
1073741823,1073741823,1073741823,1073741823,1073741823,1073733631,1073147903,1006333951,1050013695,1070981119,1072689151,1073741823,1073741823,1073741823,1073741823:h7
1073741823,1073741823,1073741823,1073741823,1073741823,1073733631,1073147903,1073442815,781578239,1070981119,1072689151,1073741823,1073741823,1073741823,1073741823:h7
1073741823,1073741823,1073741823,1073741823,1073741823,1073733631,1073147903,1073442815,1050013695,1070981119,804253695,1073741823,1073741823,1073741823,1073741823:h7
1073741823,1073741823,1073741823,1073741823,1073741823,1073733631,1073147903,1073442815,1050013695,1003872255,1072689151,1073741823,1073741823,1073741823,1073741823:h7
1073741823,1073741823,1073741823,1073741823,1073741823,1073733631,1073147903,1073442815,1050013695,1070981119,1072689151,1073725439,1073741823,1073741823,1073741823:h7
1073741823,1073741823,1073741823,1073741823,1073741823,1073733631,1073147903,1073442815,1050013695,1070981119,1072689151,1069547519,1073741823,1073741823,1073741823:h7
1073741823,1073741823,1073741823,1073741823,1073741823,1073733631,1073147903,1073442815,1050013695,1070981119,1072689151,1073479679,1073741823,1073741823,1073741823:h7
1073741823,1073741823,1073741823,1073741823,1073741823,1073733631,1006039039,1073442815,1050013695,1070981119,1072689151,1073741823,1073741823,1073741823,1073741823:h7
1073741823,1073741823,1073741823,1073741823,1073741823,1073733631,1073147903,1056665599,1050013695,1070981119,1072689151,1073741823,1073741823,1073741823,1073741823:h7
1073741823,1073741823,1073741823,1073741823,1073741823,1073733631,1073147903,1073442815,982904831,1070981119,1072689151,1073741823,1073741823,1073741823,1073741823:h7
1073741823,1073741823,1073741823,1073741823,1073741823,1073733631,1073147903,1073442815,1050013695,1070981119,1005580287,1073741823,1073741823,1073741823,1073741823:h7
1073741823,1073741823,1073741823,1073741823,1073741823,1073733631,1073147903,1073442815,1050013695,1054203903,1072689151,1073741823,1073741823,1073741823,1073741823:h7
1073741823,1073741823,1073741823,1073741823,1073741823,1073733631,1056370687,1073442815,1050013695,1070981119,1072689151,1073741823,1073741823,1073741823,1073741823:h7
1073741823,1073741823,1073741823,1073741823,1073741823,1073733631,1073147903,1073442815,1050013695,1070981119,1055911935,1073741823,1073741823,1073741823,1073741823:h7
1073741823,1073741823,1073741823,1073741823,1073741823,1069539327,1073147903,1073442815,1050013695,1070981119,1072689151,1073741823,1073741823,1073741823,1073741823:h7
1073741823,1073741823,1073741823,1073741823,1073741823,1073733631,1073147903,1069248511,1050013695,1070981119,1072689151,1073741823,1073741823,1073741823,1073741823:h7
1073741823,1073741823,1073741823,1073741823,1073741823,1073733631,1073147903,1073442815,1050013695,1066786815,1072689151,1073741823,1073741823,1073741823,1073741823:h7
1073741823,1073741823,1073741823,1073741567,1073741823,1073733631,1073147903,1073442815,1050013695,1070981119,1072689151,1073741823,1073741823,1073741823,1073741823:h7
1073741823,1073741823,1073741823,1073741823,1073740799,1073733631,1073147903,1073442815,1050013695,1070981119,1072689151,1073741823,1073741823,1073741823,1073741823:h7
1073741823,1073741823,1073741823,1073737727,1073741823,1073733631,1073147903,1073442815,1050013695,1070981119,1072689151,1073741823,1073741823,1073741823,1073741823:h7
1073741823,1073741823,1073741823,1073676287,1073741823,1073733631,1073147903,1073442815,1050013695,1070981119,1072689151,1073741823,1073741823,1073741823,1073741823:h7
1073741823,1073741823,1073741823,1073741823,1073741823,1073733631,1073147903,1073442815,1050013695,1070981119,1072688895,1073741823,1073741823,1073741823,1073741823:h7
1073741823,1073741823,1073741823,1073741823,1073725439,1073733631,1073147903,1073442815,1050013695,1070981119,1072689151,1073741823,1073741823,1073741823,1073741823:h7
1073741823,1073741823,1073741823,1073741823,1073479679,1073733631,1073147903,1073442815,1050013695,1070981119,1072689151,1073741823,1073741823,1073741823,1073741823:h7
1073741823,1073741823,1073741823,1073741823,1069547519,1073733631,1073147903,1073442815,1050013695,1070981119,1072689151,1073741823,1073741823,1073741823,1073741823:h7
1073741823,1073741823,1073741823,1073741823,1073741823,1072685055,1073147903,1073442815,1050013695,1070981119,1072689151,1073741823,1073741823,1073741823,1073741823:h7
1073741823,1073741823,1073741823,1073741823,1073741823,1073733631,1073147903,1073442815,1050013695,1070980863,1072689151,1073741823,1073741823,1073741823,1073741823:h7
1073741823,1073741823,1073741823,1073741823,1073741823,1073733631,1073147903,1073442815,1050012671,1070981119,1072689151,1073741823,1073741823,1073741823,1073741823:h7
1073741823,1073741823,1073741823,1073741823,1073741823,1073733631,1073147903,1073442559,1050013695,1070981119,1072689151,1073741823,1073741823,1073741823,1073741823:h7
1073741823,1073741823,1073741823,1073741823,1073741823,1073733375,1073147903,1073442815,1050013695,1070981119,1072689151,1073741823,1073741823,1073741823,1073741823:h7
1073741823,1073741823,1073741823,1073741823,1073741823,1073733631,1073147903,1073442815,1050013695,1070981119,1072672767,1073741823,1073741823,1073741823,1073741823:i8
1073741823,1073741823,1073741823,1073741823,1073741823,1073733631,1068953599,1073442815,1050013695,1070981119,1072689151,1073741823,1073741823,1073741823,1073741823:h7
1073741823,1073741823,1073741823,1073741823,1073741823,1073733631,1073147903,1072394239,1050013695,1070981119,1072689151,1073741823,1073741823,1073741823,1073741823:h7
1073741823,1073741823,1073741823,1073741823,1073741823,1073733631,1073147903,1073442815,1050013695,1070981119,1068494847,1073741823,1073741823,1073741823,1073741823:h7
1073741823,1073741823,1073741823,1073741823,1073741823,1073733631,1073147903,1073442815,1050013695,1070981119,1072427007,1073741823,1073741823,1073741823,1073741823:h7
1073741823,1073741823,1073741823,1073741823,1073741823,1073733631,1073147903,1073442815,1050013439,1070981119,1072689151,1073741823,1073741823,1073741823,1073741823:h7
1073741823,1073741823,1073741823,1073741823,1073741823,1073733631,1073147647,1073442815,1050013695,1070981119,1072689151,1073741823,1073741823,1073741823,1073741823:h7
1073741823,1073741823,1073741823,1073741823,1073741823,1073733631,1073146879,1073442815,1050013695,1070981119,1072689151,1073741823,1073741823,1073741823,1073741823:h7
1073741823,1073741823,1073741823,1073741823,1073741567,1073733631,1073147903,1073442815,1050013695,1070981119,1072689151,1073741823,1073741823,1073741823,1073741823:h7
1073741823,1073741823,1073741823,1073741823,1073741823,1073733631,1073147903,1073442815,1050013695,1070981119,1072623615,1073741823,1073741823,1073741823,1073741823:h7
1073741823,1073741823,1073741823,1073741823,1073737727,1073733631,1073147903,1073442815,1050013695,1070981119,1072689151,1073741823,1073741823,1073741823,1073741823:h7
1073741823,1073741823,1073741823,1073741823,1073676287,1073733631,1073147903,1073442815,1050013695,1070981119,1072689151,1073741823,1073741823,1073741823,1073741823:h7
1073741823,1073741823,1073741823,1073741823,1073741823,1073668095,1073147903,1073442815,1050013695,1070981119,1072689151,1073741823,1073741823,1073741823,1073741823:h7
1073741823,1073741823,1073741823,1073741823,1072693247,1073733631,1073147903,1073442815,1050013695,1070981119,1072689151,1073741823,1073741823,1073741823,1073741823:h7
1073741823,1073741823,1073741823,1073741823,1073741823,1073733631,1072099327,1073442815,1050013695,1070981119,1072689151,1073741823,1073741823,1073741823,1073741823:h7
1073741823,1073741823,1073741823,1073741823,1073741823,1073733631,1073147903,1073442815,1050013695,1070980095,1072689151,1073741823,1073741823,1073741823,1073741823:h7
1073741823,1073741823,1073741823,1073741823,1073741823,1073733631,1073147903,1073441791,1050013695,1070981119,1072689151,1073741823,1073741823,1073741823,1073741823:h7
1073741823,1073741823,1073741823,1073741823,1073741823,1073732607,1073147903,1073442815,1050013695,1070981119,1072689151,1073741823,1073741823,1073741823,1073741823:h7
1073741823,1073741823,1073741823,1073741823,1073741823,1073717247,1073147903,1073442815,1050013695,1070981119,1072689151,1073741823,1073741823,1073741823,1073741823:i8
1073741823,1073741823,1073741823,1073741823,1073741823,1073733631,1073131519,1073442815,1050013695,1070981119,1072689151,1073741823,1073741823,1073741823,1073741823:h10
1073741823,1073741823,1073741823,1073741823,1073741823,1073471487,1073147903,1073442815,1050013695,1070981119,1072689151,1073741823,1073741823,1073741823,1073741823:h7
1073741823,1073741823,1073741823,1073741823,1073741823,1073733631,1073147903,1073377279,1050013695,1070981119,1072689151,1073741823,1073741823,1073741823,1073741823:h11
1073741823,1073741823,1073741823,1073741823,1073741823,1073733631,1073147903,1073442815,1050013695,1070964735,1072689151,1073741823,1073741823,1073741823,1073741823:i8
1073741823,1073741823,1073741823,1073741823,1073741823,1073733631,1073147903,1073442815,1049997311,1070981119,1072689151,1073741823,1073741823,1073741823,1073741823:i8
1073741823,1073741823,1073741823,1073741823,1073741823,1073733631,1073147903,1073442815,1050013695,1070989311,1072627711,1073741823,1073741823,1073741823,1073741823:h7
1073741823,1073741823,1073741823,1073741823,1073737727,1073733631,1073147903,1073442815,1050013695,1070989311,1072693247,1073741823,1073741823,1073741823,1073741823:h7
1073741823,1073741823,1073741823,1073741823,1073676287,1073733631,1073147903,1073442815,1050013695,1070989311,1072693247,1073741823,1073741823,1073741823,1073741823:h7
1073741823,1073741823,1073741823,1073741823,1073741823,1073668095,1073147903,1073442815,1050013695,1070989311,1072693247,1073741823,1073741823,1073741823,1073741823:h7
1073741823,1073741823,1073741823,1073741823,1072693247,1073733631,1073147903,1073442815,1050013695,1070989311,1072693247,1073741823,1073741823,1073741823,1073741823:h7
1073741823,1073741823,1073741823,1073741823,1073741823,1073733631,1072099327,1073442815,1050013695,1070989311,1072693247,1073741823,1073741823,1073741823,1073741823:h7
1073741823,1073741823,1073741823,1073741823,1073741823,1073733631,1073147903,1073442815,1050013695,1070988287,1072693247,1073741823,1073741823,1073741823,1073741823:h7
1073741823,1073741823,1073741823,1073741823,1073741823,1073733631,1073147903,1073441791,1050013695,1070989311,1072693247,1073741823,1073741823,1073741823,1073741823:h7
1073741823,1073741823,1073741823,1073741823,1073741823,1073732607,1073147903,1073442815,1050013695,1070989311,1072693247,1073741823,1073741823,1073741823,1073741823:h7
1073741823,1073741823,1073741823,1073741823,1073741823,1073717247,1073147903,1073442815,1050013695,1070989311,1072693247,1073741823,1073741823,1073741823,1073741823:i8
1073741823,1073741823,1073741823,1073741823,1073741823,1073733631,1073131519,1073442815,1050013695,1070989311,1072693247,1073741823,1073741823,1073741823,1073741823:h10
1073741823,1073741823,1073741823,1073741823,1073741823,1073471487,1073147903,1073442815,1050013695,1070989311,1072693247,1073741823,1073741823,1073741823,1073741823:h7
1073741823,1073741823,1073741823,1073741823,1073741823,1073733631,1073147903,1073377279,1050013695,1070989311,1072693247,1073741823,1073741823,1073741823,1073741823:h10
1073741823,1073741823,1073741823,1073741823,1073741823,1073733631,1073147903,1073442815,1050013695,1070972927,1072693247,1073741823,1073741823,1073741823,1073741823:i8
1073741823,1073741823,1073741823,1073741823,1073741823,1073733631,1073147903,1073442815,1049997311,1070989311,1072693247,1073741823,1073741823,1073741823,1073741823:i8
1073741823,1073741823,1073741823,1073741823,1073741823,1073733631,1073147903,1073442815,1050013695,1071120383,1073676287,1073741823,1073741823,1073741823,1073741823:k11
1073741823,1073741823,1073741823,1073741823,1073741823,1073733631,1073147903,1073442815,1050013695,1071054847,1073741823,1073741823,1073741823,1073741823,1073741823:k11
1073741823,1073741823,1073741823,1073741823,1073737727,1073733631,1073147903,1073442815,1050013695,1071120383,1073741823,1073741823,1073741823,1073741823,1073741823:k11
1073741823,1073741823,1073741823,1073741823,1073676287,1073733631,1073147903,1073442815,1050013695,1071120383,1073741823,1073741823,1073741823,1073741823,1073741823:k11
1073741823,1073741823,1073741823,1073741823,1073741823,1073668095,1073147903,1073442815,1050013695,1071120383,1073741823,1073741823,1073741823,1073741823,1073741823:k11
1073741823,1073741823,1073741823,1073741823,1072693247,1073733631,1073147903,1073442815,1050013695,1071120383,1073741823,1073741823,1073741823,1073741823,1073741823:k11
1073741823,1073741823,1073741823,1073741823,1073741823,1073733631,1072099327,1073442815,1050013695,1071120383,1073741823,1073741823,1073741823,1073741823,1073741823:k11
1073741823,1073741823,1073741823,1073741823,1073741823,1073733631,1073147903,1073442815,1050013695,1071119359,1073741823,1073741823,1073741823,1073741823,1073741823:k11
1073741823,1073741823,1073741823,1073741823,1073741823,1073733631,1073147903,1073441791,1050013695,1071120383,1073741823,1073741823,1073741823,1073741823,1073741823:k11
1073741823,1073741823,1073741823,1073741823,1073741823,1073732607,1073147903,1073442815,1050013695,1071120383,1073741823,1073741823,1073741823,1073741823,1073741823:k11
1073741823,1073741823,1073741823,1073741823,1073741823,1073717247,1073147903,1073442815,1050013695,1071120383,1073741823,1073741823,1073741823,1073741823,1073741823:k11
1073741823,1073741823,1073741823,1073741823,1073741823,1073733631,1073131519,1073442815,1050013695,1071120383,1073741823,1073741823,1073741823,1073741823,1073741823:k11
1073741823,1073741823,1073741823,1073741823,1073741823,1073471487,1073147903,1073442815,1050013695,1071120383,1073741823,1073741823,1073741823,1073741823,1073741823:k11
1073741823,1073741823,1073741823,1073741823,1073741823,1073733631,1073147903,1073377279,1050013695,1071120383,1073741823,1073741823,1073741823,1073741823,1073741823:k11
1073741823,1073741823,1073741823,1073741823,1073741823,1073733631,1073147903,1073442815,1050013695,1071103999,1073741823,1073741823,1073741823,1073741823,1073741823:k11
1073741823,1073741823,1073741823,1073741823,1073741823,1073733631,1073147903,1073442815,1049997311,1071120383,1073741823,1073741823,1073741823,1073741823,1073741823:k11
