1073741823,1073741823,1073741823,1073737727,1073741823,1073741823,1073741823,1073709055,1073610751,1073741823,1073741567,1073741823,1073741823,1073741823,1073741823:g7
1073741823,1073741823,1073741823,1073737727,1073741823,1073741823,1073733375,1073709055,1073610751,1073741823,1073741567,1073741823,1073741823,1073741823,1073741823:f6
1073741823,1073741823,1073741823,1073737727,1073741823,1073741823,1073732607,1073709055,1073610751,1073741823,1073741567,1073741823,1073741823,1073741823,1073741823:f6
1073741823,1073741823,1073741823,1073737727,1073741567,1073741823,1073733631,1073709055,1073610751,1073741823,1073741567,1073741823,1073741823,1073741823,1073741823:j10
1073741823,1073741823,1073741823,1073737727,1073676287,1073741823,1073733631,1073709055,1073610751,1073741823,1073741567,1073741823,1073741823,1073741823,1073741823:f6
1073741823,1073741823,1073741823,1073737727,1073741823,1073741823,1073733631,1073709055,1073610751,1073741823,1073741567,1073741823,1073741807,1073741823,1073741823:f6
1073741823,1073741823,1073741823,1073737727,1073741823,1073741823,1073733631,1073709055,1073610751,1073741823,1073741567,1073741759,1073741823,1073741823,1073741823:f6
1073741823,1073741823,1073741823,1073737727,1073741823,1073741823,1073733631,1073709055,1073610751,1073741823,1073741551,1073741823,1073741823,1073741823,1073741823:f6
1073741823,1073741823,1073741823,1073737727,1073741823,1073741823,1073733631,1073709055,1073610751,1073741823,1073741503,1073741823,1073741823,1073741823,1073741823:f6
1073741823,1073741823,1073741823,1073737727,1073741823,1073741823,1073733631,1073709055,1073610735,1073741823,1073741567,1073741823,1073741823,1073741823,1073741823:f6
1073741823,1073741823,1073741823,1073737727,1073741823,1073741823,1073733631,1073709055,1073610751,1073741759,1073741567,1073741823,1073741823,1073741823,1073741823:f6
1073741823,1073741823,1073741823,1073737727,1073741823,1073741823,1073733631,1073709055,1073610495,1073741823,1073741567,1073741823,1073741823,1073741823,1073741823:f6
1073741823,1073741823,1073741823,1073737727,1073741823,1073741823,1073733631,1073709055,1073610751,1073741567,1073741567,1073741823,1073741823,1073741823,1073741823:f6
1073741823,1073741823,1073741823,1073737727,1073741823,1073741823,1073733631,1073709055,1073610751,1073741823,1073740543,1073741823,1073741823,1073741823,1073741823:f6
1073741823,1073741823,1073741823,1073737727,1073741823,1073741823,1073733631,1073709055,1073610751,1073741823,1073741567,1073741823,1073737727,1073741823,1073741823:f6
1073741823,1073741823,1073741823,1073737727,1073741823,1073741823,1073733631,1073709055,1073610751,1073741823,1073741567,1073740799,1073741823,1073741823,1073741823:f6
1073741823,1073741823,1073741823,1073737727,1073741823,1073741823,1073733631,1073709055,1073610751,1073741823,1073741567,1073741823,1073741567,1073741823,1073741823:f6
1073741823,1073741823,1073741823,1073737727,1073741823,1073741823,1073733631,1073709055,1073610751,1073741823,1073741567,1073741567,1073741823,1073741823,1073741823:f6
1073741823,1073741823,1073741823,1073737727,1073741823,1073741823,1073733631,1073709055,1073610751,1073741823,1073737471,1073741823,1073741823,1073741823,1073741823:f6
1073741823,1073741823,1073741823,1073737727,1073741823,1073741823,1072685055,1073709055,1073610751,1073741823,1073741567,1073741823,1073741823,1073741823,1073741823:f6
1073741823,1073741823,1073741823,1073737727,1073741823,1073741823,1073733631,1073709055,1072562175,1073741823,1073741567,1073741823,1073741823,1073741823,1073741823:f6
1073741823,1073741823,1073741823,1073737727,1073741823,1073741823,1073733631,1073709055,1073348607,1073741823,1073741567,1073741823,1073741823,1073741823,1073741823:f6
1073741823,1073741823,1073741823,1073737727,1073741823,1073741823,1073733631,1073709055,1073610751,1073741823,1072692991,1073741823,1073741823,1073741823,1073741823:f6
1073741823,1073741823,1073741823,1073737727,1073741823,1073741823,1073733631,1073709055,1073610751,1073741823,1073676031,1073741823,1073741823,1073741823,1073741823:f6
1073741823,1073741823,1073741823,1073737727,1073741823,1073741823,1073733631,1073709055,1073610751,1073676287,1073741567,1073741823,1073741823,1073741823,1073741823:f6
1073741823,1073741823,1073741823,1073737727,1073741823,1073741567,1073733631,1073709055,1073610751,1073741823,1073741567,1073741823,1073741823,1073741823,1073741823:f6
1073741823,1073741823,1073741823,1073737727,1073740799,1073741823,1073733631,1073709055,1073610751,1073741823,1073741567,1073741823,1073741823,1073741823,1073741823:f6
1073741823,1073741823,1073741823,1073737471,1073741823,1073741823,1073733631,1073709055,1073610751,1073741823,1073741567,1073741823,1073741823,1073741823,1073741823:f6
1073741823,1073741823,1073741823,1073736703,1073741823,1073741823,1073733631,1073709055,1073610751,1073741823,1073741567,1073741823,1073741823,1073741823,1073741823:f6
1073741823,1073741567,1073741823,1073737727,1073741823,1073741823,1073733631,1073709055,1073610751,1073741823,1073741567,1073741823,1073741823,1073741823,1073741823:f6
1073741823,1073741823,1073740799,1073737727,1073741823,1073741823,1073733631,1073709055,1073610751,1073741823,1073741567,1073741823,1073741823,1073741823,1073741823:f6
1073741823,1073737727,1073741823,1073737727,1073741823,1073741823,1073733631,1073709055,1073610751,1073741823,1073741567,1073741823,1073741823,1073741823,1073741823:f6
1073741823,1073741823,1073737727,1073737727,1073741823,1073741823,1073733631,1073709055,1073610751,1073741823,1073741567,1073741823,1073741823,1073741823,1073741823:f6
1073741823,1073676287,1073741823,1073737727,1073741823,1073741823,1073733631,1073709055,1073610751,1073741823,1073741567,1073741823,1073741823,1073741823,1073741823:f6
1073741823,1073741823,1073725439,1073737727,1073741823,1073741823,1073733631,1073709055,1073610751,1073741823,1073741567,1073741823,1073741823,1073741823,1073741823:f6
1073741823,1073741823,1073741823,1073672191,1073741823,1073741823,1073733631,1073709055,1073610751,1073741823,1073741567,1073741823,1073741823,1073741823,1073741823:f6
1073741823,1073741823,1073741823,1073721343,1073741823,1073741823,1073733631,1073709055,1073610751,1073741823,1073741567,1073741823,1073741823,1073741823,1073741823:f6
1073741823,1073741823,1073741823,1073737727,1073741823,1073676287,1073733631,1073709055,1073610751,1073741823,1073741567,1073741823,1073741823,1073741823,1073741823:f6
1073741823,1073741823,1073741823,1073737727,1073725439,1073741823,1073733631,1073709055,1073610751,1073741823,1073741567,1073741823,1073741823,1073741823,1073741823:f6
1073741823,1073741823,1073741823,1073737727,1073741823,1073737727,1073733631,1073709055,1073610751,1073741823,1073741567,1073741823,1073741823,1073741823,1073741823:f6
1073741823,1073741823,1073741823,1073737727,1073737727,1073741823,1073733631,1073709055,1073610751,1073741823,1073741567,1073741823,1073741823,1073741823,1073741823:f6
1073741823,1073741823,1073741823,1073737727,1073741823,1073741823,1073733631,1073709055,1073610751,1073740799,1073741567,1073741823,1073741823,1073741823,1073741823:f6
1073741823,1073741823,1073741823,1073737727,1073741823,1073741823,1073733631,1073709055,1073606655,1073741823,1073741567,1073741823,1073741823,1073741823,1073741823:f6
1073741823,1073741823,1073741823,1073737727,1073741823,1073741823,1073733631,1073708031,1073610751,1073741823,1073741567,1073741823,1073741823,1073741823,1073741823:f6
1073741823,1073741823,1073741823,1073737727,1073741823,1073741823,1073733631,1073704959,1073610751,1073741823,1073741567,1073741823,1073741823,1073741823,1073741823:f6
1073741823,1073741823,1073741823,1073737727,1073741823,1073740799,1073733631,1073709055,1073610751,1073741823,1073741567,1073741823,1073741823,1073741823,1073741823:j10
1073741823,1073741823,1073741823,1073737727,1073741823,1073740799,1073733631,1073709055,1073610751,1073217535,1073741567,1073725439,1073741823,1073741823,1073741823:k11
1073741823,1073741823,1073741823,1073737727,1073741823,1073740799,1073733631,1069514751,1073610751,1073217535,1073741567,1073741823,1073741823,1073741823,1073741823:k11
1073741823,1073741823,1073741823,1073737727,1073741823,1073740799,1073733631,1073709055,1073610751,1069023231,1073741567,1073741823,1073741823,1073741823,1073741823:k11
1073741823,1073741823,1073741823,1073737727,1073741823,1073740799,1073733631,1073709055,1073610751,1072168959,1073741567,1073741823,1073741823,1073741823,1073741823:k11
1073741823,1073741823,1073741823,1073737727,1073741823,1073740799,1073733631,1073709055,1073610751,1073217535,1073741567,1069547519,1073741823,1073741823,1073741823:k11
1073741823,1073741823,1073741823,1073737727,1073741823,1073740799,1073733631,1073709055,1073610751,1073217535,1073741567,1073479679,1073741823,1073741823,1073741823:k11
1073741823,1073741823,1073741823,1073737727,1073741823,1073740799,1073733631,1073709055,1073610751,1073217535,1073479423,1073741823,1073741823,1073741823,1073741823:k11
1073741823,1073741823,1073741823,1073737727,1073741823,1073740799,1073733631,1073708991,1073610751,1073217535,1073741567,1073741823,1073741823,1073741823,1073741823:k11
1073741823,1073741823,1073741823,1073737727,1073741823,1073740735,1073733631,1073709055,1073610751,1073217535,1073741567,1073741823,1073741823,1073741823,1073741823:k11
1073741823,1073741823,1073741823,1073737663,1073741823,1073740799,1073733631,1073709055,1073610751,1073217535,1073741567,1073741823,1073741823,1073741823,1073741823:k11
1073741823,1073741823,1073741823,1073737727,1073741823,1073740799,1073733375,1073709055,1073610751,1073217535,1073741567,1073741823,1073741823,1073741823,1073741823:k11
1073741823,1073741823,1073741823,1073737727,1073741823,1073740799,1073732607,1073709055,1073610751,1073217535,1073741567,1073741823,1073741823,1073741823,1073741823:k11
1073741823,1073741823,1073741823,1073737727,1073741567,1073740799,1073733631,1073709055,1073610751,1073217535,1073741567,1073741823,1073741823,1073741823,1073741823:k11
1073741823,1073741823,1073741823,1073737727,1073676287,1073740799,1073733631,1073709055,1073610751,1073217535,1073741567,1073741823,1073741823,1073741823,1073741823:k11
1073741823,1073741823,1073741823,1073737727,1073741823,1073740799,1073733631,1073709055,1073610751,1073217535,1073741567,1073741823,1073741807,1073741823,1073741823:k11
1073741823,1073741823,1073741823,1073737727,1073741823,1073740799,1073733631,1073709055,1073610751,1073217535,1073741567,1073741759,1073741823,1073741823,1073741823:k11
1073741823,1073741823,1073741823,1073737727,1073741823,1073740799,1073733631,1073709055,1073610751,1073217535,1073741551,1073741823,1073741823,1073741823,1073741823:k11
1073741823,1073741823,1073741823,1073737727,1073741823,1073740799,1073733631,1073709055,1073610751,1073217535,1073741503,1073741823,1073741823,1073741823,1073741823:k11
1073741823,1073741823,1073741823,1073737727,1073741823,1073740799,1073733631,1073709055,1073610735,1073217535,1073741567,1073741823,1073741823,1073741823,1073741823:k11
1073741823,1073741823,1073741823,1073737727,1073741823,1073740799,1073733631,1073709055,1073610751,1073217471,1073741567,1073741823,1073741823,1073741823,1073741823:k11
1073741823,1073741823,1073741823,1073737727,1073741823,1073740799,1073733631,1073709055,1073610495,1073217535,1073741567,1073741823,1073741823,1073741823,1073741823:k11
1073741823,1073741823,1073741823,1073737727,1073741823,1073740799,1073733631,1073709055,1073610751,1073217279,1073741567,1073741823,1073741823,1073741823,1073741823:k11
1073741823,1073741823,1073741823,1073737727,1073741823,1073740799,1073733631,1073709055,1073610751,1073217535,1073740543,1073741823,1073741823,1073741823,1073741823:k11
1073741823,1073741823,1073741823,1073737727,1073741823,1073740799,1073733631,1073709055,1073610751,1073217535,1073741567,1073741823,1073737727,1073741823,1073741823:k11
1073741823,1073741823,1073741823,1073737727,1073741823,1073740799,1073733631,1073709055,1073610751,1073217535,1073741567,1073740799,1073741823,1073741823,1073741823:k11
1073741823,1073741823,1073741823,1073737727,1073741823,1073740799,1073733631,1073709055,1073610751,1073217535,1073741567,1073741823,1073741567,1073741823,1073741823:k11
1073741823,1073741823,1073741823,1073737727,1073741823,1073740799,1073733631,1073709055,1073610751,1073217535,1073741567,1073741567,1073741823,1073741823,1073741823:k11
1073741823,1073741823,1073741823,1073737727,1073741823,1073740799,1073733631,1073709055,1073610751,1073217535,1073737471,1073741823,1073741823,1073741823,1073741823:k11
1073741823,1073741823,1073741823,1073737727,1073741823,1073740799,1072685055,1073709055,1073610751,1073217535,1073741567,1073741823,1073741823,1073741823,1073741823:k11
1073741823,1073741823,1073741823,1073737727,1073741823,1073740799,1073733631,1073709055,1072562175,1073217535,1073741567,1073741823,1073741823,1073741823,1073741823:k11
1073741823,1073741823,1073741823,1073737727,1073741823,1073740799,1073733631,1073709055,1073348607,1073217535,1073741567,1073741823,1073741823,1073741823,1073741823:k11
1073741823,1073741823,1073741823,1073737727,1073741823,1073740799,1073733631,1073709055,1073610751,1073217535,1072692991,1073741823,1073741823,1073741823,1073741823:h9
1073741823,1073741823,1073741823,1073737727,1073741823,1073740799,1073733631,1073709055,1073577983,1073213439,1072692991,1073741823,1073741823,1073741823,1073741823:h7
1073741823,1073741823,1073741823,1073737727,1073741823,1073740799,1073733631,1073709055,1073576959,1073217535,1072692991,1073741823,1073741823,1073741823,1073741823:j9
1073741823,1073741823,1073741823,1073737727,1073741823,1073740799,1073471487,1073709055,1073577983,1073217535,1072692991,1073741823,1073741823,1073741823,1073741823:h10
1073741823,1073741823,1073741823,1073737727,1073741823,1073740799,1073733631,1073709055,1073577983,1073217535,1072676607,1073741823,1073741823,1073741823,1073741823:h7
1073741823,1073741823,1073741823,1073737727,1073741823,1073740799,1073733631,1073708991,1073577983,1073217535,1072692991,1073741823,1073741823,1073741823,1073741823:h7
1073741823,1073741823,1073741823,1073737727,1073741823,1073740735,1073733631,1073709055,1073577983,1073217535,1072692991,1073741823,1073741823,1073741823,1073741823:h10
1073741823,1073741823,1073741823,1073737663,1073741823,1073740799,1073733631,1073709055,1073577983,1073217535,1072692991,1073741823,1073741823,1073741823,1073741823:h7
1073741823,1073741823,1073741823,1073737727,1073741823,1073740799,1073733375,1073709055,1073577983,1073217535,1072692991,1073741823,1073741823,1073741823,1073741823:h7
1073741823,1073741823,1073741823,1073737727,1073741823,1073740799,1073732607,1073709055,1073577983,1073217535,1072692991,1073741823,1073741823,1073741823,1073741823:j9
1073741823,1073741823,1073741823,1073737727,1073741567,1073740799,1073733631,1073709055,1073577983,1073217535,1072692991,1073741823,1073741823,1073741823,1073741823:h7
1073741823,1073741823,1073741823,1073737727,1073676287,1073740799,1073733631,1073709055,1073577983,1073217535,1072692991,1073741823,1073741823,1073741823,1073741823:h7
1073741823,1073741823,1073741823,1073737727,1073741823,1073740799,1073733631,1073709055,1073577983,1073217535,1072692991,1073741823,1073676287,1073741823,1073741823:h7
1073741823,1073741823,1073741823,1073737727,1073741823,1073740799,1073733631,1073709055,1056800767,1073217535,1072692991,1073741823,1073741823,1073741823,1073741823:h7
1073741823,1073741823,1073741823,1073737727,1073741823,1073740799,1073733631,1073709055,1073577983,1073217535,1055915775,1073741823,1073741823,1073741823,1073741823:h7
1073741823,1073741823,1073741823,1073737727,1073741823,1073740799,1073733631,1073709055,1073577983,1073217535,1068498687,1073741823,1073741823,1073741823,1073741823:h7
1073741823,1073741823,1073741823,1073737727,1073741823,1073740799,1073733631,1073709055,1073577983,1073217535,1072692991,1073741823,1056964607,1073741823,1073741823:h7
1073741823,1073741823,1073741823,1073737727,1073741823,1073740799,1073733631,1073709055,1073577983,1073217535,1072692991,1073741823,1072693247,1073741823,1073741823:h7
1073741823,1073741823,1073741823,1073737727,1073741823,1073740799,1073733631,1073709055,1073577983,1073217535,1072692991,1072693247,1073741823,1073741823,1073741823:h7
1073741823,1073741823,1073741823,1073737727,1073741823,1073740799,1073733631,1073709055,1073577983,1073217535,1072692991,1073725439,1073741823,1073741823,1073741823:h7
1073741823,1073741823,1073741823,1073737727,1073741823,1073740799,1073733631,1069514751,1073577983,1073217535,1072692991,1073741823,1073741823,1073741823,1073741823:h7
1073741823,1073741823,1073741823,1073737727,1073741823,1073740799,1073733631,1073709055,1073577983,1069023231,1072692991,1073741823,1073741823,1073741823,1073741823:h7
1073741823,1073741823,1073741823,1073737727,1073741823,1073740799,1073733631,1073709055,1073577983,1072168959,1072692991,1073741823,1073741823,1073741823,1073741823:h7
1073741823,1073741823,1073741823,1073737727,1073741823,1073740799,1073733631,1073709055,1073577983,1073217535,1072692991,1069547519,1073741823,1073741823,1073741823:h7
1073741823,1073741823,1073741823,1073737727,1073741823,1073740799,1073733631,1073709055,1073577983,1073217535,1072692991,1073479679,1073741823,1073741823,1073741823:h7
1073741823,1073741823,1073741823,1073737727,1073741823,1073740799,1073733631,1073709055,1073577983,1073217535,1072430847,1073741823,1073741823,1073741823,1073741823:h7
1073741823,1073741823,1073741823,1073737727,1073741823,1073740799,1073733631,1073709055,1073577983,1073217535,1072692991,1073741823,1073741807,1073741823,1073741823:h7
1073741823,1073741823,1073741823,1073737727,1073741823,1073740799,1073733631,1073709055,1073577983,1073217535,1072692991,1073741759,1073741823,1073741823,1073741823:h7
1073741823,1073741823,1073741823,1073737727,1073741823,1073740799,1073733631,1073709055,1073577983,1073217535,1072692975,1073741823,1073741823,1073741823,1073741823:h7
1073741823,1073741823,1073741823,1073737727,1073741823,1073740799,1073733631,1073709055,1073577983,1073217535,1072692927,1073741823,1073741823,1073741823,1073741823:h7
1073741823,1073741823,1073741823,1073737727,1073741823,1073740799,1073733631,1073709055,1073577967,1073217535,1072692991,1073741823,1073741823,1073741823,1073741823:h7
1073741823,1073741823,1073741823,1073737727,1073741823,1073740799,1073733631,1073709055,1073577983,1073217471,1072692991,1073741823,1073741823,1073741823,1073741823:h7
1073741823,1073741823,1073741823,1073737727,1073741823,1073740799,1073733631,1073709055,1073577727,1073217535,1072692991,1073741823,1073741823,1073741823,1073741823:h7
1073741823,1073741823,1073741823,1073737727,1073741823,1073740799,1073733631,1073709055,1073577983,1073217279,1072692991,1073741823,1073741823,1073741823,1073741823:h7
1073741823,1073741823,1073741823,1073737727,1073741823,1073740799,1073733631,1073709055,1073577983,1073217535,1072691967,1073741823,1073741823,1073741823,1073741823:h7
1073741823,1073741823,1073741823,1073737727,1073741823,1073740799,1073733631,1073709055,1073577983,1073217535,1072692991,1073741823,1073737727,1073741823,1073741823:h7
1073741823,1073741823,1073741823,1073737727,1073741823,1073740799,1073733631,1073709055,1073577983,1073217535,1072692991,1073740799,1073741823,1073741823,1073741823:h7
1073741823,1073741823,1073741823,1073737727,1073741823,1073740799,1073733631,1073709055,1073577983,1073217535,1072692991,1073741823,1073741567,1073741823,1073741823:h7
1073741823,1073741823,1073741823,1073737727,1073741823,1073740799,1073733631,1073709055,1073577983,1073217535,1072692991,1073741567,1073741823,1073741823,1073741823:h7
1073741823,1073741823,1073741823,1073737727,1073741823,1073740799,1073733631,1073709055,1073577983,1073217535,1072688895,1073741823,1073741823,1073741823,1073741823:h7
1073741823,1073741823,1073741823,1073737727,1073741823,1073740799,1072685055,1073709055,1073577983,1073217535,1072692991,1073741823,1073741823,1073741823,1073741823:h7
1073741823,1073741823,1073741823,1073737727,1073741823,1073740799,1073733631,1073709055,1072529407,1073217535,1072692991,1073741823,1073741823,1073741823,1073741823:h7
1073741823,1073741823,1073741823,1073737727,1073741823,1073740799,1073733631,1073709055,1073315839,1073217535,1072692991,1073741823,1073741823,1073741823,1073741823:h7
1073741823,1073741823,1073741823,1073737727,1073741823,1073740799,1073733631,1073709055,1073577983,1073217535,1072627455,1073741823,1073741823,1073741823,1073741823:h7
1073741823,1073741823,1073741823,1073737727,1073741823,1073740799,1073733631,1073709055,1073577983,1073151999,1072692991,1073741823,1073741823,1073741823,1073741823:h7
1073741823,1073741823,1073741823,1073737727,1073741823,1073740543,1073733631,1073709055,1073577983,1073217535,1072692991,1073741823,1073741823,1073741823,1073741823:h10
1073741823,1073741823,1073741823,1073737727,1073740799,1073740799,1073733631,1073709055,1073577983,1073217535,1072692991,1073741823,1073741823,1073741823,1073741823:h10
1073741823,1073741823,1073741823,1073737471,1073741823,1073740799,1073733631,1073709055,1073577983,1073217535,1072692991,1073741823,1073741823,1073741823,1073741823:h7
1073741823,1073741823,1073741823,1073736703,1073741823,1073740799,1073733631,1073709055,1073577983,1073217535,1072692991,1073741823,1073741823,1073741823,1073741823:h10
1073741823,1073741567,1073741823,1073737727,1073741823,1073740799,1073733631,1073709055,1073577983,1073217535,1072692991,1073741823,1073741823,1073741823,1073741823:h7
1073741823,1073741823,1073740799,1073737727,1073741823,1073740799,1073733631,1073709055,1073577983,1073217535,1072692991,1073741823,1073741823,1073741823,1073741823:h10
1073741823,1073737727,1073741823,1073737727,1073741823,1073740799,1073733631,1073709055,1073577983,1073217535,1072692991,1073741823,1073741823,1073741823,1073741823:h7
1073741823,1073741823,1073737727,1073737727,1073741823,1073740799,1073733631,1073709055,1073577983,1073217535,1072692991,1073741823,1073741823,1073741823,1073741823:h7
1073741823,1073676287,1073741823,1073737727,1073741823,1073740799,1073733631,1073709055,1073577983,1073217535,1072692991,1073741823,1073741823,1073741823,1073741823:h7
1073741823,1073741823,1073725439,1073737727,1073741823,1073740799,1073733631,1073709055,1073577983,1073217535,1072692991,1073741823,1073741823,1073741823,1073741823:h7
1073741823,1073741823,1073741823,1073672191,1073741823,1073740799,1073733631,1073709055,1073577983,1073217535,1072692991,1073741823,1073741823,1073741823,1073741823:h7
1073741823,1073741823,1073741823,1073721343,1073741823,1073740799,1073733631,1073709055,1073577983,1073217535,1072692991,1073741823,1073741823,1073741823,1073741823:h7
1073741823,1073741823,1073741823,1073737727,1073741823,1073675263,1073733631,1073709055,1073577983,1073217535,1072692991,1073741823,1073741823,1073741823,1073741823:h10
1073741823,1073741823,1073741823,1073737727,1073725439,1073740799,1073733631,1073709055,1073577983,1073217535,1072692991,1073741823,1073741823,1073741823,1073741823:h7
1073741823,1073741823,1073741823,1073737727,1073741823,1073736703,1073733631,1073709055,1073577983,1073217535,1072692991,1073741823,1073741823,1073741823,1073741823:j9
1073741823,1073741823,1073741823,1073737727,1073737727,1073740799,1073733631,1073709055,1073577983,1073217535,1072692991,1073741823,1073741823,1073741823,1073741823:h7
1073741823,1073741823,1073741823,1073737727,1073741823,1073740799,1073733631,1073709055,1073577983,1073216511,1072692991,1073741823,1073741823,1073741823,1073741823:j9
1073741823,1073741823,1073741823,1073737727,1073741823,1073740799,1073733631,1073709055,1073573887,1073217535,1072692991,1073741823,1073741823,1073741823,1073741823:h7
1073741823,1073741823,1073741823,1073737727,1073741823,1073740799,1073733631,1073708031,1073577983,1073217535,1072692991,1073741823,1073741823,1073741823,1073741823:j9
1073741823,1073741823,1073741823,1073737727,1073741823,1073740799,1073733631,1073704959,1073577983,1073217535,1072692991,1073741823,1073741823,1073741823,1073741823:h7
1073741823,1073741823,1073741823,1073737727,1073741823,1073724415,1073733631,1073709055,1073577983,1073217535,1072692991,1073741823,1073741823,1073741823,1073741823:h10
1073741823,1073741823,1073741823,1073737727,1073741823,1073740799,1073717247,1073709055,1073577983,1073217535,1072692991,1073741823,1073741823,1073741823,1073741823:j9
1073741823,1073741823,1073741823,1073737727,1073741823,1073478655,1073733631,1073709055,1073577983,1073217535,1072692991,1073741823,1073741823,1073741823,1073741823:h10
1073741823,1073741823,1073741823,1073737727,1073741823,1073740799,1073668095,1073709055,1073577983,1073217535,1072692991,1073741823,1073741823,1073741823,1073741823:h10
1073741823,1073741823,1073741823,1073737727,1073741823,1073740799,1073733631,1073446911,1073577983,1073217535,1072692991,1073741823,1073741823,1073741823,1073741823:h7
1073741823,1073741823,1073741823,1073737727,1073741823,1073740799,1073733631,1073643519,1073577983,1073217535,1072692991,1073741823,1073741823,1073741823,1073741823:h7
1073741823,1073741823,1073741823,1073737727,1073741823,1073740799,1073733631,1073709055,1073577983,1073201151,1072692991,1073741823,1073741823,1073741823,1073741823:j9
1073741823,1073741823,1073741823,1073737727,1073741823,1073740799,1073733631,1073709055,1073610751,1073217535,1073676031,1073741823,1073741823,1073741823,1073741823:k11
1073741823,1073741823,1073741823,1073737727,1073741823,1073740799,1073733631,1073709055,1073610751,1073151999,1073741567,1073741823,1073741823,1073741823,1073741823:k11
1073741823,1073741823,1073741823,1073737727,1073741823,1073740543,1073733631,1073709055,1073610751,1073217535,1073741567,1073741823,1073741823,1073741823,1073741823:k11
1073741823,1073741823,1073741823,1073737727,1073740799,1073740799,1073733631,1073709055,1073610751,1073217535,1073741567,1073741823,1073741823,1073741823,1073741823:k11
1073741823,1073741823,1073741823,1073737471,1073741823,1073740799,1073733631,1073709055,1073610751,1073217535,1073741567,1073741823,1073741823,1073741823,1073741823:k11
1073741823,1073741823,1073741823,1073736703,1073741823,1073740799,1073733631,1073709055,1073610751,1073217535,1073741567,1073741823,1073741823,1073741823,1073741823:k11
1073741823,1073741567,1073741823,1073737727,1073741823,1073740799,1073733631,1073709055,1073610751,1073217535,1073741567,1073741823,1073741823,1073741823,1073741823:k11
1073741823,1073741823,1073740799,1073737727,1073741823,1073740799,1073733631,1073709055,1073610751,1073217535,1073741567,1073741823,1073741823,1073741823,1073741823:k11
1073741823,1073737727,1073741823,1073737727,1073741823,1073740799,1073733631,1073709055,1073610751,1073217535,1073741567,1073741823,1073741823,1073741823,1073741823:k11
1073741823,1073741823,1073737727,1073737727,1073741823,1073740799,1073733631,1073709055,1073610751,1073217535,1073741567,1073741823,1073741823,1073741823,1073741823:k11
1073741823,1073676287,1073741823,1073737727,1073741823,1073740799,1073733631,1073709055,1073610751,1073217535,1073741567,1073741823,1073741823,1073741823,1073741823:k11
1073741823,1073741823,1073725439,1073737727,1073741823,1073740799,1073733631,1073709055,1073610751,1073217535,1073741567,1073741823,1073741823,1073741823,1073741823:k11
1073741823,1073741823,1073741823,1073672191,1073741823,1073740799,1073733631,1073709055,1073610751,1073217535,1073741567,1073741823,1073741823,1073741823,1073741823:k11
1073741823,1073741823,1073741823,1073721343,1073741823,1073740799,1073733631,1073709055,1073610751,1073217535,1073741567,1073741823,1073741823,1073741823,1073741823:k11
1073741823,1073741823,1073741823,1073737727,1073741823,1073675263,1073733631,1073709055,1073610751,1073217535,1073741567,1073741823,1073741823,1073741823,1073741823:k11
1073741823,1073741823,1073741823,1073737727,1073725439,1073740799,1073733631,1073709055,1073610751,1073217535,1073741567,1073741823,1073741823,1073741823,1073741823:k11
1073741823,1073741823,1073741823,1073737727,1073741823,1073736703,1073733631,1073709055,1073610751,1073217535,1073741567,1073741823,1073741823,1073741823,1073741823:k11
1073741823,1073741823,1073741823,1073737727,1073737727,1073740799,1073733631,1073709055,1073610751,1073217535,1073741567,1073741823,1073741823,1073741823,1073741823:k11
1073741823,1073741823,1073741823,1073737727,1073741823,1073740799,1073733631,1073709055,1073610751,1073216511,1073741567,1073741823,1073741823,1073741823,1073741823:k11
1073741823,1073741823,1073741823,1073737727,1073741823,1073740799,1073733631,1073709055,1073606655,1073217535,1073741567,1073741823,1073741823,1073741823,1073741823:k11
1073741823,1073741823,1073741823,1073737727,1073741823,1073740799,1073733631,1073708031,1073610751,1073217535,1073741567,1073741823,1073741823,1073741823,1073741823:k11
1073741823,1073741823,1073741823,1073737727,1073741823,1073740799,1073733631,1073704959,1073610751,1073217535,1073741567,1073741823,1073741823,1073741823,1073741823:k11
1073741823,1073741823,1073741823,1073737727,1073741823,1073724415,1073733631,1073709055,1073610751,1073217535,1073741567,1073741823,1073741823,1073741823,1073741823:k11
1073741823,1073741823,1073741823,1073737727,1073741823,1073740799,1073717247,1073709055,1073610751,1073217535,1073741567,1073741823,1073741823,1073741823,1073741823:k11
1073741823,1073741823,1073741823,1073737727,1073741823,1073478655,1073733631,1073709055,1073610751,1073217535,1073741567,1073741823,1073741823,1073741823,1073741823:k11
1073741823,1073741823,1073741823,1073737727,1073741823,1073740799,1073668095,1073709055,1073610751,1073217535,1073741567,1073741823,1073741823,1073741823,1073741823:k11
1073741823,1073741823,1073741823,1073737727,1073741823,1073740799,1073733631,1073446911,1073610751,1073217535,1073741567,1073741823,1073741823,1073741823,1073741823:k11
1073741823,1073741823,1073741823,1073737727,1073741823,1073740799,1073733631,1073643519,1073610751,1073217535,1073741567,1073741823,1073741823,1073741823,1073741823:k11
1073741823,1073741823,1073741823,1073737727,1073741823,1073740799,1073733631,1073709055,1073610751,1073201151,1073741567,1073741823,1073741823,1073741823,1073741823:k11
1073741823,1073741823,1073741823,1073737727,1073741823,1073740799,1073733631,1073709055,1073594367,1073217535,1073741567,1073741823,1073741823,1073741823,1073741823:k11
1073741823,1073741823,1073741823,1073737727,1073741823,1073725439,1073733631,1073709055,1073610751,1073741823,1073741567,1073741823,1073741823,1073741823,1073741823:f6
1073741823,1073741823,1073741823,1073737727,1073741823,1073741823,1073717247,1073709055,1073610751,1073741823,1073741567,1073741823,1073741823,1073741823,1073741823:f6
1073741823,1073741823,1073741823,1073737727,1073741823,1073479679,1073733631,1073709055,1073610751,1073741823,1073741567,1073741823,1073741823,1073741823,1073741823:f6
1073741823,1073741823,1073741823,1073737727,1073741823,1073741823,1073668095,1073709055,1073610751,1073741823,1073741567,1073741823,1073741823,1073741823,1073741823:f6
1073741823,1073741823,1073741823,1073737727,1073741823,1073741823,1073733631,1073446911,1073610751,1073741823,1073741567,1073741823,1073741823,1073741823,1073741823:f6
1073741823,1073741823,1073741823,1073737727,1073741823,1073741823,1073733631,1073643519,1073610751,1073741823,1073741567,1073741823,1073741823,1073741823,1073741823:f6
1073741823,1073741823,1073741823,1073737727,1073741823,1073741823,1073733631,1073709055,1073610751,1073479679,1073741567,1073741823,1073741823,1073741823,1073741823:f6
1073741823,1073741823,1073741823,1073737727,1073741823,1073739775,1073733631,1073708991,1073610751,1073479679,1073741567,1073741823,1073741823,1073741823,1073741823:e5
1073741823,1073741823,1073741823,1073737727,1073741823,1073739711,1073733631,1073709055,1073610751,1073479679,1073741567,1073741823,1073741823,1073741823,1073741823:e5
1073741823,1073741823,1073741823,1073737663,1073741823,1073739775,1073733631,1073709055,1073610751,1073479679,1073741567,1073741823,1073741823,1073741823,1073741823:e5
1073741823,1073741823,1073741823,1073737727,1073741823,1073739775,1073733631,1073709055,1073610751,1073479679,1073741567,1073725439,1073741823,1073741823,1073741823:e5
1073741823,1073741823,1073741823,1073737727,1073741823,1073739775,1073733631,1069514751,1073610751,1073479679,1073741567,1073741823,1073741823,1073741823,1073741823:e5
1073741823,1073741823,1073741823,1073737727,1073741823,1073739775,1073733631,1073709055,1073610751,1069285375,1073741567,1073741823,1073741823,1073741823,1073741823:e5
1073741823,1073741823,1073741823,1073737727,1073741823,1073739775,1073733631,1073709055,1073610751,1072431103,1073741567,1073741823,1073741823,1073741823,1073741823:e5
1073741823,1073741823,1073741823,1073737727,1073741823,1073739775,1073733631,1073709055,1073610751,1073479679,1073741567,1069547519,1073741823,1073741823,1073741823:e5
1073741823,1073741823,1073741823,1073737727,1073741823,1073739775,1073733631,1073709055,1073610751,1073479679,1073741567,1073479679,1073741823,1073741823,1073741823:e5
1073741823,1073741823,1073741823,1073737727,1073741823,1073739775,1073733631,1073709055,1073610751,1073479679,1073479423,1073741823,1073741823,1073741823,1073741823:e5
1073741823,1073741823,1073741823,1073737727,1073741823,1073739775,1073733375,1073709055,1073610751,1073479679,1073741567,1073741823,1073741823,1073741823,1073741823:e5
1073741823,1073741823,1073741823,1073737727,1073741823,1073739775,1073732607,1073709055,1073610751,1073479679,1073741567,1073741823,1073741823,1073741823,1073741823:e5
1073741823,1073741823,1073741823,1073737727,1073741567,1073739775,1073733631,1073709055,1073610751,1073479679,1073741567,1073741823,1073741823,1073741823,1073741823:h7
1073741823,1073741823,1073741823,1073737727,1073741567,1073739775,1073700863,1073709055,1073609727,1073479679,1073741567,1073741823,1073741823,1073741823,1073741823:i7
1073741823,1073741823,1073741823,1073737727,1073479423,1073739775,1073700863,1073709055,1073610751,1073479679,1073741567,1073741823,1073741823,1073741823,1073741823:f7
1073741823,1073741823,1073741823,1073737727,1073741567,1073739775,1073438719,1073709055,1073610751,1073479679,1073741567,1073741823,1073741823,1073741823,1073741823:h5
1073741823,1073741823,1073479679,1073737727,1073708799,1073739775,1073438719,1073709055,1073610751,1073479679,1073741567,1073741823,1073741823,1073741823,1073741823:h6
1073741823,1073741823,1073741823,1073737727,1069514495,1073739775,1073438719,1073709055,1073610751,1073479679,1073741567,1073741823,1073741823,1073741823,1073741823:h6
1073741823,1073741823,1073741823,1073737727,1073708799,1072691199,1073438719,1073709055,1073610751,1073479679,1073741567,1073741823,1073741823,1073741823,1073741823:h6
1073741823,1073741823,1073741823,1073737727,1073708799,1073739775,1069244415,1073709055,1073610751,1073479679,1073741567,1073741823,1073741823,1073741823,1073741823:h6
1073741823,1073741823,1073741823,1073737727,1073708799,1073739775,1073438719,1073709055,1069416447,1073479679,1073741567,1073741823,1073741823,1073741823,1073741823:h6
1073741823,1073741823,1073741823,1073737727,1073708799,1073739775,1073438719,1072660479,1073610751,1073479679,1073741567,1073741823,1073741823,1073741823,1073741823:h6
1073741823,1073741823,1073741823,1073737727,1073708799,1073739775,1073438719,1073709055,1073609727,1073479679,1073741567,1073741823,1073741823,1073741823,1073741823:h6
1073741823,1073741823,1073741823,1073737727,1073446655,1073739775,1073438719,1073709055,1073610751,1073479679,1073741567,1073741823,1073741823,1073741823,1073741823:h6
1073741823,1073741823,1073741823,1073737727,1073708799,1073739775,1073438703,1073709055,1073610751,1073479679,1073741567,1073741823,1073741823,1073741823,1073741823:h6
1073741823,1073741823,1073741823,1073737727,1073708783,1073739775,1073438719,1073709055,1073610751,1073479679,1073741567,1073741823,1073741823,1073741823,1073741823:h6
1073741823,1073741823,1073741823,1073737727,1073708735,1073739775,1073438719,1073709055,1073610751,1073479679,1073741567,1073741823,1073741823,1073741823,1073741823:h6
1073741823,1073741823,1073741807,1073737727,1073708799,1073739775,1073438719,1073709055,1073610751,1073479679,1073741567,1073741823,1073741823,1073741823,1073741823:h6
1073741823,1073741823,1073741567,1073737727,1073708799,1073739775,1073438719,1073709055,1073610751,1073479679,1073741567,1073741823,1073741823,1073741823,1073741823:h6
1073741823,1073741823,1073741823,1073737727,1073708799,1073739775,1073438719,1073708991,1073610751,1073479679,1073741567,1073741823,1073741823,1073741823,1073741823:h6
1073741823,1073741823,1073741823,1073737727,1073708799,1073739711,1073438719,1073709055,1073610751,1073479679,1073741567,1073741823,1073741823,1073741823,1073741823:h6
1073741823,1073741823,1073741823,1073737663,1073708799,1073739775,1073438719,1073709055,1073610751,1073479679,1073741567,1073741823,1073741823,1073741823,1073741823:h6
1073741823,1073741823,1073741823,1073737727,1073708799,1073739775,1073438719,1073709055,1073610751,1073479679,1073741567,1073725439,1073741823,1073741823,1073741823:h6
1073741823,1073741823,1073741823,1073737727,1073708799,1073739775,1073438719,1069514751,1073610751,1073479679,1073741567,1073741823,1073741823,1073741823,1073741823:h6
1073741823,1073741823,1073741823,1073737727,1073708799,1073739775,1073438719,1073709055,1073610751,1069285375,1073741567,1073741823,1073741823,1073741823,1073741823:h6
1073741823,1073741823,1073741823,1073737727,1073708799,1073739775,1073438719,1073709055,1073610751,1072431103,1073741567,1073741823,1073741823,1073741823,1073741823:h6
1073741823,1073741823,1073741823,1073737727,1073708799,1073739775,1073438719,1073709055,1073610751,1073479679,1073741567,1069547519,1073741823,1073741823,1073741823:h6
1073741823,1073741823,1073741823,1073737727,1073708799,1073739775,1073438719,1073709055,1073610751,1073479679,1073741567,1073479679,1073741823,1073741823,1073741823:h6
1073741823,1073741823,1073741823,1073737727,1073708799,1073739775,1073438719,1073709055,1073610751,1073479679,1073479423,1073741823,1073741823,1073741823,1073741823:h6
1073741823,1073741823,1073741823,1073737727,1073708799,1073739775,1073438463,1073709055,1073610751,1073479679,1073741567,1073741823,1073741823,1073741823,1073741823:h6
1073741823,1073741823,1073741823,1073737727,1073708799,1073739775,1073437695,1073709055,1073610751,1073479679,1073741567,1073741823,1073741823,1073741823,1073741823:h6
1073741823,1073741823,1073741823,1073737727,1073643263,1073739775,1073438719,1073709055,1073610751,1073479679,1073741567,1073741823,1073741823,1073741823,1073741823:h6
1073741823,1073741823,1073741823,1073737727,1073708799,1073739775,1073438719,1073709055,1073610751,1073479679,1073741567,1073741823,1073741807,1073741823,1073741823:h6
1073741823,1073741823,1073741823,1073737727,1073708799,1073739775,1073438719,1073709055,1073610751,1073479679,1073741567,1073741759,1073741823,1073741823,1073741823:h6
1073741823,1073741823,1073741823,1073737727,1073708799,1073739775,1073438719,1073709055,1073610751,1073479679,1073741551,1073741823,1073741823,1073741823,1073741823:h6
1073741823,1073741823,1073741823,1073737727,1073708799,1073739775,1073438719,1073709055,1073610751,1073479679,1073741503,1073741823,1073741823,1073741823,1073741823:h6
1073741823,1073741823,1073741823,1073737727,1073708799,1073739775,1073438719,1073709055,1073610735,1073479679,1073741567,1073741823,1073741823,1073741823,1073741823:h6
1073741823,1073741823,1073741823,1073737727,1073708799,1073739775,1073438719,1073709055,1073610751,1073479615,1073741567,1073741823,1073741823,1073741823,1073741823:h6
1073741823,1073741823,1073741823,1073737727,1073708799,1073739775,1073438719,1073709055,1073610495,1073479679,1073741567,1073741823,1073741823,1073741823,1073741823:h6
1073741823,1073741823,1073741823,1073737727,1073708799,1073739775,1073438719,1073709055,1073610751,1073479423,1073741567,1073741823,1073741823,1073741823,1073741823:h6
1073741823,1073741823,1073741823,1073737727,1073708799,1073739775,1073438719,1073709055,1073610751,1073479679,1073740543,1073741823,1073741823,1073741823,1073741823:h6
1073741823,1073741823,1073741823,1073737727,1073708799,1073739775,1073438719,1073709055,1073610751,1073479679,1073741567,1073741823,1073737727,1073741823,1073741823:h6
1073741823,1073741823,1073741823,1073737727,1073708799,1073739775,1073438719,1073709055,1073610751,1073479679,1073741567,1073740799,1073741823,1073741823,1073741823:h6
1073741823,1073741823,1073741823,1073737727,1073708799,1073739775,1073438719,1073709055,1073610751,1073479679,1073741567,1073741823,1073741567,1073741823,1073741823:h6
1073741823,1073741823,1073741823,1073737727,1073708799,1073739775,1073438719,1073709055,1073610751,1073479679,1073741567,1073741567,1073741823,1073741823,1073741823:h6
1073741823,1073741823,1073741823,1073737727,1073708799,1073739775,1073438719,1073709055,1073610751,1073479679,1073737471,1073741823,1073741823,1073741823,1073741823:h6
1073741823,1073741823,1073741823,1073737727,1073708799,1073739775,1072390143,1073709055,1073610751,1073479679,1073741567,1073741823,1073741823,1073741823,1073741823:h6
1073741823,1073741823,1073741823,1073737727,1073708799,1073739775,1073438719,1073709055,1072562175,1073479679,1073741567,1073741823,1073741823,1073741823,1073741823:h6
1073741823,1073741823,1073741823,1073737727,1073708799,1073739775,1073438719,1073709055,1073348607,1073479679,1073741567,1073741823,1073741823,1073741823,1073741823:h6
1073741823,1073741823,1073741823,1073737727,1073708799,1073739775,1073438719,1073709055,1073610751,1073479679,1072692991,1073741823,1073741823,1073741823,1073741823:h6
1073741823,1073741823,1073741823,1073737727,1073708799,1073739775,1073438719,1073709055,1073610751,1073479679,1073676031,1073741823,1073741823,1073741823,1073741823:h6
1073741823,1073741823,1073741823,1073737727,1073708799,1073739775,1073438719,1073709055,1073610751,1073414143,1073741567,1073741823,1073741823,1073741823,1073741823:h6
1073741823,1073741823,1073741823,1073737727,1073708799,1073739519,1073438719,1073709055,1073610751,1073479679,1073741567,1073741823,1073741823,1073741823,1073741823:h6
1073741823,1073741823,1073741823,1073737727,1073707775,1073739775,1073438719,1073709055,1073610751,1073479679,1073741567,1073741823,1073741823,1073741823,1073741823:h6
1073741823,1073741823,1073741823,1073737471,1073708799,1073739775,1073438719,1073709055,1073610751,1073479679,1073741567,1073741823,1073741823,1073741823,1073741823:h6
1073741823,1073741823,1073741823,1073736703,1073708799,1073739775,1073438719,1073709055,1073610751,1073479679,1073741567,1073741823,1073741823,1073741823,1073741823:h6
1073741823,1073741567,1073741823,1073737727,1073708799,1073739775,1073438719,1073709055,1073610751,1073479679,1073741567,1073741823,1073741823,1073741823,1073741823:h6
1073741823,1073741823,1073740799,1073737727,1073708799,1073739775,1073438719,1073709055,1073610751,1073479679,1073741567,1073741823,1073741823,1073741823,1073741823:h6
1073741823,1073737727,1073741823,1073737727,1073708799,1073739775,1073438719,1073709055,1073610751,1073479679,1073741567,1073741823,1073741823,1073741823,1073741823:h6
1073741823,1073741823,1073737727,1073737727,1073708799,1073739775,1073438719,1073709055,1073610751,1073479679,1073741567,1073741823,1073741823,1073741823,1073741823:h6
1073741823,1073676287,1073741823,1073737727,1073708799,1073739775,1073438719,1073709055,1073610751,1073479679,1073741567,1073741823,1073741823,1073741823,1073741823:h6
1073741823,1073741823,1073725439,1073737727,1073708799,1073739775,1073438719,1073709055,1073610751,1073479679,1073741567,1073741823,1073741823,1073741823,1073741823:h6
1073741823,1073741823,1073741823,1073672191,1073708799,1073739775,1073438719,1073709055,1073610751,1073479679,1073741567,1073741823,1073741823,1073741823,1073741823:h6
1073741823,1073741823,1073741823,1073721343,1073708799,1073739775,1073438719,1073709055,1073610751,1073479679,1073741567,1073741823,1073741823,1073741823,1073741823:h6
1073741823,1073741823,1073741823,1073737727,1073708799,1073674239,1073438719,1073709055,1073610751,1073479679,1073741567,1073741823,1073741823,1073741823,1073741823:h6
1073741823,1073741823,1073741823,1073737727,1073708799,1073735679,1073438719,1073709055,1073610751,1073479679,1073741567,1073741823,1073741823,1073741823,1073741823:h6
1073741823,1073741823,1073741823,1073737727,1073704703,1073739775,1073438719,1073709055,1073610751,1073479679,1073741567,1073741823,1073741823,1073741823,1073741823:h6
1073741823,1073741823,1073741823,1073737727,1073708799,1073739775,1073438719,1073709055,1073610751,1073478655,1073741567,1073741823,1073741823,1073741823,1073741823:h6
1073741823,1073741823,1073741823,1073737727,1073708799,1073739775,1073438719,1073709055,1073606655,1073479679,1073741567,1073741823,1073741823,1073741823,1073741823:h6
1073741823,1073741823,1073741823,1073737727,1073708799,1073739775,1073438719,1073708031,1073610751,1073479679,1073741567,1073741823,1073741823,1073741823,1073741823:h6
1073741823,1073741823,1073741823,1073737727,1073708799,1073739775,1073438719,1073704959,1073610751,1073479679,1073741567,1073741823,1073741823,1073741823,1073741823:h6
1073741823,1073741823,1073741823,1073737727,1073708799,1073723391,1073438719,1073709055,1073610751,1073479679,1073741567,1073741823,1073741823,1073741823,1073741823:f7
1073741823,1073741823,1073741823,1073737727,1073708799,1073477631,1073438719,1073709055,1073610751,1073479679,1073741567,1073741823,1073741823,1073741823,1073741823:h6
1073741823,1073741823,1073741823,1073737727,1073708799,1073739775,1073373183,1073709055,1073610751,1073479679,1073741567,1073741823,1073741823,1073741823,1073741823:h6
1073741823,1073741823,1073741823,1073737727,1073708799,1073739775,1073438719,1073446911,1073610751,1073479679,1073741567,1073741823,1073741823,1073741823,1073741823:h6
1073741823,1073741823,1073741823,1073737727,1073708799,1073739775,1073438719,1073643519,1073610751,1073479679,1073741567,1073741823,1073741823,1073741823,1073741823:h6
1073741823,1073741823,1073741823,1073737727,1073708799,1073739775,1073438719,1073709055,1073610751,1073463295,1073741567,1073741823,1073741823,1073741823,1073741823:h6
1073741823,1073741823,1073741823,1073737727,1073708799,1073739775,1073438719,1073709055,1073594367,1073479679,1073741567,1073741823,1073741823,1073741823,1073741823:h4
1073741823,1073741823,1073741823,1073737727,1073741567,1073739775,1073700847,1073709055,1073610751,1073479679,1073741567,1073741823,1073741823,1073741823,1073741823:f7
1073741823,1073741823,1073741823,1073737727,1073741551,1073739775,1073700863,1073709055,1073610751,1073479679,1073741567,1073741823,1073741823,1073741823,1073741823:i7
1073741823,1073741823,1073741823,1073737727,1073741503,1073739775,1073700863,1073709055,1073610751,1073479679,1073741567,1073741823,1073741823,1073741823,1073741823:i7
1073741823,1073741823,1073741807,1073737727,1073741567,1073739775,1073700863,1073709055,1073610751,1073479679,1073741567,1073741823,1073741823,1073741823,1073741823:f7
1073741823,1073741823,1073741567,1073737727,1073741567,1073739775,1073700863,1073709055,1073610751,1073479679,1073741567,1073741823,1073741823,1073741823,1073741823:i7
1073741823,1073741823,1073741823,1073737727,1073741567,1073739775,1073700863,1073708991,1073610751,1073479679,1073741567,1073741823,1073741823,1073741823,1073741823:f7
1073741823,1073741823,1073741823,1073737727,1073741567,1073739711,1073700863,1073709055,1073610751,1073479679,1073741567,1073741823,1073741823,1073741823,1073741823:f7
1073741823,1073741823,1073741823,1073737663,1073741567,1073739775,1073700863,1073709055,1073610751,1073479679,1073741567,1073741823,1073741823,1073741823,1073741823:f7
1073741823,1073741823,1073741823,1073737727,1073741567,1073739775,1073700863,1073709055,1073610751,1073479679,1073741567,1073725439,1073741823,1073741823,1073741823:f7
1073741823,1073741823,1073741823,1073737727,1073741567,1073739775,1073700863,1069514751,1073610751,1073479679,1073741567,1073741823,1073741823,1073741823,1073741823:f7
1073741823,1073741823,1073741823,1073737727,1073741567,1073739775,1073700863,1073709055,1073610751,1069285375,1073741567,1073741823,1073741823,1073741823,1073741823:f7
1073741823,1073741823,1073741823,1073737727,1073741567,1073739775,1073700863,1073709055,1073610751,1072431103,1073741567,1073741823,1073741823,1073741823,1073741823:f7
1073741823,1073741823,1073741823,1073737727,1073741567,1073739775,1073700863,1073709055,1073610751,1073479679,1073741567,1069547519,1073741823,1073741823,1073741823:f7
1073741823,1073741823,1073741823,1073737727,1073741567,1073739775,1073700863,1073709055,1073610751,1073479679,1073741567,1073479679,1073741823,1073741823,1073741823:f7
1073741823,1073741823,1073741823,1073737727,1073741567,1073739775,1073700863,1073709055,1073610751,1073479679,1073479423,1073741823,1073741823,1073741823,1073741823:f7
1073741823,1073741823,1073741823,1073737727,1073741567,1073739775,1073700607,1073709055,1073610751,1073479679,1073741567,1073741823,1073741823,1073741823,1073741823:i7
1073741823,1073741823,1073741823,1073737727,1073741567,1073739775,1073699839,1073709055,1073610751,1073479679,1073741567,1073741823,1073741823,1073741823,1073741823:h9
1073741823,1073741823,1073741823,1073737727,1073676031,1073739775,1073700863,1073709055,1073610751,1073479679,1073741567,1073741823,1073741823,1073741823,1073741823:h9
1073741823,1073741823,1073741823,1073737727,1073741567,1073739775,1073700863,1073709055,1073610751,1073479679,1073741567,1073741823,1073741807,1073741823,1073741823:f7
1073741823,1073741823,1073741823,1073737727,1073741567,1073739775,1073700863,1073709055,1073610751,1073479679,1073741567,1073741759,1073741823,1073741823,1073741823:f7
1073741823,1073741823,1073741823,1073737727,1073741567,1073739775,1073700863,1073709055,1073610751,1073479679,1073741551,1073741823,1073741823,1073741823,1073741823:f7
1073741823,1073741823,1073741823,1073737727,1073741567,1073739775,1073700863,1073709055,1073610751,1073479679,1073741503,1073741823,1073741823,1073741823,1073741823:f7
1073741823,1073741823,1073741823,1073737727,1073741567,1073739775,1073700863,1073709055,1073610735,1073479679,1073741567,1073741823,1073741823,1073741823,1073741823:f7
1073741823,1073741823,1073741823,1073737727,1073741567,1073739775,1073700863,1073709055,1073610751,1073479615,1073741567,1073741823,1073741823,1073741823,1073741823:f7
1073741823,1073741823,1073741823,1073737727,1073741567,1073739775,1073700863,1073709055,1073610495,1073479679,1073741567,1073741823,1073741823,1073741823,1073741823:i7
1073741823,1073741823,1073741823,1073737727,1073741567,1073739775,1073700863,1073709055,1073610751,1073479423,1073741567,1073741823,1073741823,1073741823,1073741823:i7
1073741823,1073741823,1073741823,1073737727,1073741567,1073739775,1073700863,1073709055,1073610751,1073479679,1073740543,1073741823,1073741823,1073741823,1073741823:f7
1073741823,1073741823,1073741823,1073737727,1073741567,1073739775,1073700863,1073709055,1073610751,1073479679,1073741567,1073741823,1073737727,1073741823,1073741823:f7
1073741823,1073741823,1073741823,1073737727,1073741567,1073739775,1073700863,1073709055,1073610751,1073479679,1073741567,1073740799,1073741823,1073741823,1073741823:f7
1073741823,1073741823,1073741823,1073737727,1073741567,1073739775,1073700863,1073709055,1073610751,1073479679,1073741567,1073741823,1073741567,1073741823,1073741823:f7
1073741823,1073741823,1073741823,1073737727,1073741567,1073739775,1073700863,1073709055,1073610751,1073479679,1073741567,1073741567,1073741823,1073741823,1073741823:f7
1073741823,1073741823,1073741823,1073737727,1073741567,1073739775,1073700863,1073709055,1073610751,1073479679,1073737471,1073741823,1073741823,1073741823,1073741823:f7
1073741823,1073741823,1073741823,1073737727,1073741567,1073739775,1072652287,1073709055,1073610751,1073479679,1073741567,1073741823,1073741823,1073741823,1073741823:f7
1073741823,1073741823,1073741823,1073737727,1073741567,1073739775,1073700863,1073709055,1072562175,1073479679,1073741567,1073741823,1073741823,1073741823,1073741823:f7
1073741823,1073741823,1073741823,1073737727,1073741567,1073739775,1073700863,1073709055,1073348607,1073479679,1073741567,1073741823,1073741823,1073741823,1073741823:f7
1073741823,1073741823,1073741823,1073737727,1073741567,1073739775,1073700863,1073709055,1073610751,1073479679,1072692991,1073741823,1073741823,1073741823,1073741823:f7
1073741823,1073741823,1073741823,1073737727,1073741567,1073739775,1073700863,1073709055,1073610751,1073479679,1073676031,1073741823,1073741823,1073741823,1073741823:f7
1073741823,1073741823,1073741823,1073737727,1073741567,1073739775,1073700863,1073709055,1073610751,1073414143,1073741567,1073741823,1073741823,1073741823,1073741823:f7
1073741823,1073741823,1073741823,1073737727,1073741567,1073739519,1073700863,1073709055,1073610751,1073479679,1073741567,1073741823,1073741823,1073741823,1073741823:i7
1073741823,1073741823,1073741823,1073737727,1073740543,1073739775,1073700863,1073709055,1073610751,1073479679,1073741567,1073741823,1073741823,1073741823,1073741823:h9
1073741823,1073741823,1073741823,1073737471,1073741567,1073739775,1073700863,1073709055,1073610751,1073479679,1073741567,1073741823,1073741823,1073741823,1073741823:i7
1073741823,1073741823,1073741823,1073736703,1073741567,1073739775,1073700863,1073709055,1073610751,1073479679,1073741567,1073741823,1073741823,1073741823,1073741823:f7
1073741823,1073741567,1073741823,1073737727,1073741567,1073739775,1073700863,1073709055,1073610751,1073479679,1073741567,1073741823,1073741823,1073741823,1073741823:f7
1073741823,1073741823,1073740799,1073737727,1073741567,1073739775,1073700863,1073709055,1073610751,1073479679,1073741567,1073741823,1073741823,1073741823,1073741823:f7
1073741823,1073737727,1073741823,1073737727,1073741567,1073739775,1073700863,1073709055,1073610751,1073479679,1073741567,1073741823,1073741823,1073741823,1073741823:f7
1073741823,1073741823,1073737727,1073737727,1073741567,1073739775,1073700863,1073709055,1073610751,1073479679,1073741567,1073741823,1073741823,1073741823,1073741823:f7
1073741823,1073676287,1073741823,1073737727,1073741567,1073739775,1073700863,1073709055,1073610751,1073479679,1073741567,1073741823,1073741823,1073741823,1073741823:i7
1073741823,1073741823,1073725439,1073737727,1073741567,1073739775,1073700863,1073709055,1073610751,1073479679,1073741567,1073741823,1073741823,1073741823,1073741823:i7
1073741823,1073741823,1073741823,1073672191,1073741567,1073739775,1073700863,1073709055,1073610751,1073479679,1073741567,1073741823,1073741823,1073741823,1073741823:f7
1073741823,1073741823,1073741823,1073721343,1073741567,1073739775,1073700863,1073709055,1073610751,1073479679,1073741567,1073741823,1073741823,1073741823,1073741823:f7
1073741823,1073741823,1073741823,1073737727,1073741567,1073674239,1073700863,1073709055,1073610751,1073479679,1073741567,1073741823,1073741823,1073741823,1073741823:f7
1073741823,1073741823,1073741823,1073737727,1073725183,1073739775,1073700863,1073709055,1073610751,1073479679,1073741567,1073741823,1073741823,1073741823,1073741823:h9
1073741823,1073741823,1073741823,1073737727,1073741567,1073735679,1073700863,1073709055,1073610751,1073479679,1073741567,1073741823,1073741823,1073741823,1073741823:f7
1073741823,1073741823,1073741823,1073737727,1073737471,1073739775,1073700863,1073709055,1073610751,1073479679,1073741567,1073741823,1073741823,1073741823,1073741823:h9
1073741823,1073741823,1073741823,1073737727,1073741567,1073739775,1073700863,1073709055,1073610751,1073478655,1073741567,1073741823,1073741823,1073741823,1073741823:f7
1073741823,1073741823,1073741823,1073737727,1073741567,1073739775,1073700863,1073709055,1073606655,1073479679,1073741567,1073741823,1073741823,1073741823,1073741823:f7
1073741823,1073741823,1073741823,1073737727,1073741567,1073739775,1073700863,1073708031,1073610751,1073479679,1073741567,1073741823,1073741823,1073741823,1073741823:i7
1073741823,1073741823,1073741823,1073737727,1073741567,1073739775,1073700863,1073704959,1073610751,1073479679,1073741567,1073741823,1073741823,1073741823,1073741823:f7
1073741823,1073741823,1073741823,1073737727,1073741567,1073723391,1073700863,1073709055,1073610751,1073479679,1073741567,1073741823,1073741823,1073741823,1073741823:i7
1073741823,1073741823,1073741823,1073737727,1073741567,1073477631,1073700863,1073709055,1073610751,1073479679,1073741567,1073741823,1073741823,1073741823,1073741823:f7
1073741823,1073741823,1073741823,1073737727,1073741567,1073739775,1073635327,1073709055,1073610751,1073479679,1073741567,1073741823,1073741823,1073741823,1073741823:h6
1073741823,1073741823,1073741823,1073737727,1073741567,1073739775,1073700863,1073446911,1073610751,1073479679,1073741567,1073741823,1073741823,1073741823,1073741823:f7
1073741823,1073741823,1073741823,1073737727,1073741567,1073739775,1073700863,1073643519,1073610751,1073479679,1073741567,1073741823,1073741823,1073741823,1073741823:f7
1073741823,1073741823,1073741823,1073737727,1073741567,1073739775,1073700863,1073709055,1073610751,1073463295,1073741567,1073741823,1073741823,1073741823,1073741823:f7
1073741823,1073741823,1073741823,1073737727,1073741567,1073739775,1073700863,1073709055,1073594367,1073479679,1073741567,1073741823,1073741823,1073741823,1073741823:f7
1073741823,1073741823,1073741823,1073737727,1073676287,1073739775,1073733631,1073709055,1073610751,1073479679,1073741567,1073741823,1073741823,1073741823,1073741823:e5
1073741823,1073741823,1073741823,1073737727,1073741823,1073739775,1073733631,1073709055,1073610751,1073479679,1073741567,1073741823,1073741807,1073741823,1073741823:e5
1073741823,1073741823,1073741823,1073737727,1073741823,1073739775,1073733631,1073709055,1073610751,1073479679,1073741567,1073741759,1073741823,1073741823,1073741823:e5
1073741823,1073741823,1073741823,1073737727,1073741823,1073739775,1073733631,1073709055,1073610751,1073479679,1073741551,1073741823,1073741823,1073741823,1073741823:e5
1073741823,1073741823,1073741823,1073737727,1073741823,1073739775,1073733631,1073709055,1073610751,1073479679,1073741503,1073741823,1073741823,1073741823,1073741823:e5
1073741823,1073741823,1073741823,1073737727,1073741823,1073739775,1073733631,1073709055,1073610735,1073479679,1073741567,1073741823,1073741823,1073741823,1073741823:e5
1073741823,1073741823,1073741823,1073737727,1073741823,1073739775,1073733631,1073709055,1073610751,1073479615,1073741567,1073741823,1073741823,1073741823,1073741823:e5
1073741823,1073741823,1073741823,1073737727,1073741823,1073739775,1073733631,1073709055,1073610495,1073479679,1073741567,1073741823,1073741823,1073741823,1073741823:e5
1073741823,1073741823,1073741823,1073737727,1073741823,1073739775,1073733631,1073709055,1073610751,1073479423,1073741567,1073741823,1073741823,1073741823,1073741823:e5
1073741823,1073741823,1073741823,1073737727,1073741823,1073739775,1073733631,1073709055,1073610751,1073479679,1073740543,1073741823,1073741823,1073741823,1073741823:e5
1073741823,1073741823,1073741823,1073737727,1073741823,1073739775,1073733631,1073709055,1073610751,1073479679,1073741567,1073741823,1073737727,1073741823,1073741823:e5
1073741823,1073741823,1073741823,1073737727,1073741823,1073739775,1073733631,1073709055,1073610751,1073479679,1073741567,1073740799,1073741823,1073741823,1073741823:e5
1073741823,1073741823,1073741823,1073737727,1073741823,1073739775,1073733631,1073709055,1073610751,1073479679,1073741567,1073741823,1073741567,1073741823,1073741823:e5
1073741823,1073741823,1073741823,1073737727,1073741823,1073739775,1073733631,1073709055,1073610751,1073479679,1073741567,1073741567,1073741823,1073741823,1073741823:e5
1073741823,1073741823,1073741823,1073737727,1073741823,1073739775,1073733631,1073709055,1073610751,1073479679,1073737471,1073741823,1073741823,1073741823,1073741823:e5
1073741823,1073741823,1073741823,1073737727,1073741823,1073739775,1072685055,1073709055,1073610751,1073479679,1073741567,1073741823,1073741823,1073741823,1073741823:e5
1073741823,1073741823,1073741823,1073737727,1073741823,1073739775,1073733631,1073709055,1072562175,1073479679,1073741567,1073741823,1073741823,1073741823,1073741823:e5
1073741823,1073741823,1073741823,1073737727,1073741823,1073739775,1073733631,1073709055,1073348607,1073479679,1073741567,1073741823,1073741823,1073741823,1073741823:e5
1073741823,1073741823,1073741823,1073737727,1073741823,1073739775,1073733631,1073709055,1073610751,1073479679,1072692991,1073741823,1073741823,1073741823,1073741823:e5
1073741823,1073741823,1073741823,1073737727,1073741823,1073739775,1073733631,1073709055,1073610751,1073479679,1073676031,1073741823,1073741823,1073741823,1073741823:e5
1073741823,1073741823,1073741823,1073737727,1073741823,1073739775,1073733631,1073709055,1073610751,1073414143,1073741567,1073741823,1073741823,1073741823,1073741823:e5
1073741823,1073741823,1073741823,1073737727,1073741823,1073739519,1073733631,1073709055,1073610751,1073479679,1073741567,1073741823,1073741823,1073741823,1073741823:e5
1073741823,1073741823,1073741823,1073737727,1073740799,1073739775,1073733631,1073709055,1073610751,1073479679,1073741567,1073741823,1073741823,1073741823,1073741823:e5
1073741823,1073741823,1073741823,1073737471,1073741823,1073739775,1073733631,1073709055,1073610751,1073479679,1073741567,1073741823,1073741823,1073741823,1073741823:e5
1073741823,1073741823,1073741823,1073736703,1073741823,1073739775,1073733631,1073709055,1073610751,1073479679,1073741567,1073741823,1073741823,1073741823,1073741823:e5
1073741823,1073741567,1073741823,1073737727,1073741823,1073739775,1073733631,1073709055,1073610751,1073479679,1073741567,1073741823,1073741823,1073741823,1073741823:e5
1073741823,1073741823,1073740799,1073737727,1073741823,1073739775,1073733631,1073709055,1073610751,1073479679,1073741567,1073741823,1073741823,1073741823,1073741823:e5
1073741823,1073737727,1073741823,1073737727,1073741823,1073739775,1073733631,1073709055,1073610751,1073479679,1073741567,1073741823,1073741823,1073741823,1073741823:e5
1073741823,1073741823,1073737727,1073737727,1073741823,1073739775,1073733631,1073709055,1073610751,1073479679,1073741567,1073741823,1073741823,1073741823,1073741823:e5
1073741823,1073676287,1073741823,1073737727,1073741823,1073739775,1073733631,1073709055,1073610751,1073479679,1073741567,1073741823,1073741823,1073741823,1073741823:e5
1073741823,1073741823,1073725439,1073737727,1073741823,1073739775,1073733631,1073709055,1073610751,1073479679,1073741567,1073741823,1073741823,1073741823,1073741823:e5
1073741823,1073741823,1073741823,1073672191,1073741823,1073739775,1073733631,1073709055,1073610751,1073479679,1073741567,1073741823,1073741823,1073741823,1073741823:e5
1073741823,1073741823,1073741823,1073721343,1073741823,1073739775,1073733631,1073709055,1073610751,1073479679,1073741567,1073741823,1073741823,1073741823,1073741823:e5
1073741823,1073741823,1073741823,1073737727,1073741823,1073674239,1073733631,1073709055,1073610751,1073479679,1073741567,1073741823,1073741823,1073741823,1073741823:e5
1073741823,1073741823,1073741823,1073737727,1073725439,1073739775,1073733631,1073709055,1073610751,1073479679,1073741567,1073741823,1073741823,1073741823,1073741823:e5
1073741823,1073741823,1073741823,1073737727,1073741823,1073735679,1073733631,1073709055,1073610751,1073479679,1073741567,1073741823,1073741823,1073741823,1073741823:e5
1073741823,1073741823,1073741823,1073737727,1073737727,1073739775,1073733631,1073709055,1073610751,1073479679,1073741567,1073741823,1073741823,1073741823,1073741823:e5
1073741823,1073741823,1073741823,1073737727,1073741823,1073739775,1073733631,1073709055,1073610751,1073478655,1073741567,1073741823,1073741823,1073741823,1073741823:e5
1073741823,1073741823,1073741823,1073737727,1073741823,1073739775,1073733631,1073709055,1073606655,1073479679,1073741567,1073741823,1073741823,1073741823,1073741823:e5
1073741823,1073741823,1073741823,1073737727,1073741823,1073739775,1073733631,1073708031,1073610751,1073479679,1073741567,1073741823,1073741823,1073741823,1073741823:e5
1073741823,1073741823,1073741823,1073737727,1073741823,1073739775,1073733631,1073704959,1073610751,1073479679,1073741567,1073741823,1073741823,1073741823,1073741823:e5
1073741823,1073741823,1073741823,1073737727,1073741823,1073723391,1073733631,1073709055,1073610751,1073479679,1073741567,1073741823,1073741823,1073741823,1073741823:e5
1073741823,1073741823,1073741823,1073737727,1073741823,1073739775,1073717247,1073709055,1073610751,1073479679,1073741567,1073741823,1073741823,1073741823,1073741823:e5
1073741823,1073741823,1073741823,1073737727,1073741823,1073477631,1073733631,1073709055,1073610751,1073479679,1073741567,1073741823,1073741823,1073741823,1073741823:e5
1073741823,1073741823,1073741823,1073737727,1073741823,1073739775,1073668095,1073709055,1073610751,1073479679,1073741567,1073741823,1073741823,1073741823,1073741823:e5
1073741823,1073741823,1073741823,1073737727,1073741823,1073739775,1073733631,1073446911,1073610751,1073479679,1073741567,1073741823,1073741823,1073741823,1073741823:e5
1073741823,1073741823,1073741823,1073737727,1073741823,1073739775,1073733631,1073643519,1073610751,1073479679,1073741567,1073741823,1073741823,1073741823,1073741823:e5
1073741823,1073741823,1073741823,1073737727,1073741823,1073739775,1073733631,1073709055,1073610751,1073463295,1073741567,1073741823,1073741823,1073741823,1073741823:e5
1073741823,1073741823,1073741823,1073737727,1073741823,1073739775,1073733631,1073709055,1073594367,1073479679,1073741567,1073741823,1073741823,1073741823,1073741823:e5
1073741823,1073741823,1073741823,1073737727,1073741823,1073741823,1073733631,1073709055,1073610751,1073725439,1073741567,1073741823,1073741823,1073741823,1073741823:f6
1073741823,1073741823,1073741823,1073737727,1073741823,1073741823,1073733631,1073709055,1073594367,1073741823,1073741567,1073741823,1073741823,1073741823,1073741823:f6
