1073741823,1073741823,1073741823,1073741823,1073737727,1073741823,1073737471,1073184767,1073610751,1073741823,1073741823,1073741823,1073741823,1073741823,1073741823:h10
1073741823,1073741823,1073741823,1073741823,1073737727,1073741823,1073737471,1073184767,1073610751,1073709055,1073741823,1073740799,1073741823,1073741823,1073741823:k7
1073741823,1073741823,1073741823,1073741823,1073737727,1073741823,1073737471,1073184767,1073610751,1073704959,1073741823,1073741823,1073741823,1073741823,1073741823:k7
1073741823,1073741823,1073741823,1073741823,1073737727,1073741823,1073737471,1073184767,1073610751,1073709055,1073741823,1073479679,1073741823,1073741823,1073741823:k7
1073741823,1073741823,1073741823,1073741823,1073737727,1073741823,1073737471,1073184767,1073610751,1073709055,1073741823,1073725439,1073741823,1073741823,1073741823:k7
1073741823,1073741823,1073741823,1073741823,1073737727,1073741823,1073737471,1073184767,1073610751,1073709055,1073725439,1073741823,1073741823,1073741823,1073741823:k7
1073741823,1073741823,1073741823,1073741823,1073737727,1073741823,1073475327,1073184767,1073610751,1073709055,1073741823,1073741823,1073741823,1073741823,1073741823:k7
1073741823,1073741823,1073741823,1073741823,1073737727,1069547519,1073737471,1073184767,1073610751,1073709055,1073741823,1073741823,1073741823,1073741823,1073741823:g11
1073741823,1073741823,1073741823,1073741823,1073737727,1073741823,1073737471,1068990463,1073610751,1073709055,1073741823,1073741823,1073741823,1073741823,1073741823:k7
1073741823,1073741823,1073741823,1073741823,1073737727,1073741823,1073737471,1072136191,1073610751,1073709055,1073741823,1073741823,1073741823,1073741823,1073741823:k7
1073741823,1073741823,1073741823,1073741823,1073737727,1073741823,1073737471,1073184767,1073610751,1069514751,1073741823,1073741823,1073741823,1073741823,1073741823:k7
1073741823,1073741823,1073741823,1073741823,1073737727,1073741823,1073737471,1073184767,1073610735,1073709055,1073741823,1073741823,1073741823,1073741823,1073741823:k7
1073741823,1073741823,1073741823,1073741823,1073737727,1073741823,1073737471,1073184703,1073610751,1073709055,1073741823,1073741823,1073741823,1073741823,1073741823:k7
1073741823,1073741823,1073741823,1073741823,1073737727,1073741823,1073737455,1073184767,1073610751,1073709055,1073741823,1073741823,1073741823,1073741823,1073741823:k7
1073741823,1073741823,1073741823,1073741823,1073737727,1073741823,1073737407,1073184767,1073610751,1073709055,1073741823,1073741823,1073741823,1073741823,1073741823:k7
1073741823,1073741823,1073741823,1073741823,1073737711,1073741823,1073737471,1073184767,1073610751,1073709055,1073741823,1073741823,1073741823,1073741823,1073741823:k7
1073741823,1073741823,1073741823,1073741823,1073737727,1073741759,1073737471,1073184767,1073610751,1073709055,1073741823,1073741823,1073741823,1073741823,1073741823:k7
1073741823,1073741823,1073741823,1073741823,1073737727,1073741567,1073737471,1073184767,1073610751,1073709055,1073741823,1073741823,1073741823,1073741823,1073741823:k7
1073741823,1073741823,1073741823,1073741823,1073737727,1073741823,1073736447,1073184767,1073610751,1073709055,1073741823,1073741823,1073741823,1073741823,1073741823:k7
1073741823,1073741823,1073741823,1073741823,1073737727,1073741823,1073737471,1073184767,1073610495,1073709055,1073741823,1073741823,1073741823,1073741823,1073741823:k7
1073741823,1073741823,1073741823,1073741823,1073737727,1073741823,1073737471,1073184511,1073610751,1073709055,1073741823,1073741823,1073741823,1073741823,1073741823:k7
1073741823,1073741823,1073741823,1073741823,1073737727,1073741823,1073737471,1073184767,1073610751,1073709055,1073737727,1073741823,1073741823,1073741823,1073741823:g8
1073741823,1073741823,1073741823,1073741823,1073737727,1073741823,1073737471,1073176575,1073610751,1073708799,1073737727,1073741823,1073741823,1073741823,1073741823:i8
1073741823,1073741823,1073741823,1073741823,1073737727,1073741823,1073737471,1073176575,1073609727,1073709055,1073737727,1073741823,1073741823,1073741823,1073741823:i8
1073741823,1073741823,1073741823,1073741823,1073737727,1073676287,1073737471,1073176575,1073610751,1073709055,1073737727,1073741823,1073741823,1073741823,1073741823:i8
1073741823,1073741823,1073741823,1073741823,1073737727,1073741823,1073737471,1073176575,1073610751,1073709055,1073737727,1073741823,1073741567,1073741823,1073741823:i8
1073741823,1073741823,1073741823,1073741823,1073737727,1073741823,1073737471,1073176575,1073610751,1073709055,1073737471,1073741823,1073741823,1073741823,1073741823:i8
1073741823,1073741823,1073741823,1073741823,1073737727,1073741823,1073737471,1073176575,1073610751,1073709055,1073736703,1073741823,1073741823,1073741823,1073741823:i8
1073741823,1073741823,1073741823,1073741823,1073737727,1073741823,1073737471,1073176575,1073610751,1073709055,1073737727,1073741823,1073676287,1073741823,1073741823:i8
1073741823,1073741823,1073741823,1073741823,1073737727,1073741823,1073737471,1073176575,1073610751,1073709055,1073737727,1073741823,1073737727,1073741823,1073741823:i8
1073741823,1073741823,1073741823,1073741823,1073737727,1073741823,1073737471,1073176575,1073610751,1073709055,1073737727,1073737727,1073741823,1073741823,1073741823:i8
1073741823,1073741823,1073741823,1073741823,1073737727,1073741823,1073737471,1073176575,1073610751,1073709055,1073737727,1073740799,1073741823,1073741823,1073741823:i8
1073741823,1073741823,1073741823,1073741823,1073737727,1073741823,1073737471,1073176575,1073610751,1073704959,1073737727,1073741823,1073741823,1073741823,1073741823:i8
1073741823,1073741823,1073741823,1073741823,1073737727,1073741823,1073737471,1073176575,1073610751,1073709055,1073737727,1073479679,1073741823,1073741823,1073741823:i8
1073741823,1073741823,1073741823,1073741823,1073737727,1073741823,1073737471,1073176575,1073610751,1073709055,1073737727,1073725439,1073741823,1073741823,1073741823:i8
1073741823,1073741823,1073741823,1073741823,1073737727,1073741823,1073737471,1073176575,1073610751,1073709055,1073721343,1073741823,1073741823,1073741823,1073741823:i8
1073741823,1073741823,1073741823,1073741823,1073737727,1073741823,1073475327,1073176575,1073610751,1073709055,1073737727,1073741823,1073741823,1073741823,1073741823:i8
1073741823,1073741823,1073741823,1073741823,1073737727,1069547519,1073737471,1073176575,1073610751,1073709055,1073737727,1073741823,1073741823,1073741823,1073741823:i8
1073741823,1073741823,1073741823,1073741823,1073737727,1073741823,1073737471,1068982271,1073610751,1073709055,1073737727,1073741823,1073741823,1073741823,1073741823:i8
1073741823,1073741823,1073741823,1073741823,1073737727,1073741823,1073737471,1072127999,1073610751,1073709055,1073737727,1073741823,1073741823,1073741823,1073741823:i8
1073741823,1073741823,1073741823,1073741823,1073737727,1073741823,1073737471,1073176575,1073610751,1069514751,1073737727,1073741823,1073741823,1073741823,1073741823:i8
1073741823,1073741823,1073741823,1073741823,1073737727,1073741823,1073737471,1073176575,1073610735,1073709055,1073737727,1073741823,1073741823,1073741823,1073741823:i8
1073741823,1073741823,1073741823,1073741823,1073737727,1073741823,1073737471,1073176511,1073610751,1073709055,1073737727,1073741823,1073741823,1073741823,1073741823:i8
1073741823,1073741823,1073741823,1073741823,1073737727,1073741823,1073737455,1073176575,1073610751,1073709055,1073737727,1073741823,1073741823,1073741823,1073741823:i8
1073741823,1073741823,1073741823,1073741823,1073737727,1073741823,1073737407,1073176575,1073610751,1073709055,1073737727,1073741823,1073741823,1073741823,1073741823:i8
1073741823,1073741823,1073741823,1073741823,1073737711,1073741823,1073737471,1073176575,1073610751,1073709055,1073737727,1073741823,1073741823,1073741823,1073741823:i8
1073741823,1073741823,1073741823,1073741823,1073737727,1073741759,1073737471,1073176575,1073610751,1073709055,1073737727,1073741823,1073741823,1073741823,1073741823:i8
1073741823,1073741823,1073741823,1073741823,1073737727,1073741567,1073737471,1073176575,1073610751,1073709055,1073737727,1073741823,1073741823,1073741823,1073741823:i8
1073741823,1073741823,1073741823,1073741823,1073737727,1073741823,1073736447,1073176575,1073610751,1073709055,1073737727,1073741823,1073741823,1073741823,1073741823:i8
1073741823,1073741823,1073741823,1073741823,1073737727,1073741823,1073737471,1073176575,1073610495,1073709055,1073737727,1073741823,1073741823,1073741823,1073741823:i8
1073741823,1073741823,1073741823,1073741823,1073737727,1073741823,1073737471,1073176319,1073610751,1073709055,1073737727,1073741823,1073741823,1073741823,1073741823:i8
1073741823,1073741823,1073741823,1073741823,1073737727,1073741823,1072688895,1073176575,1073610751,1073709055,1073737727,1073741823,1073741823,1073741823,1073741823:i8
1073741823,1073741823,1073741823,1073741823,1073737727,1073741823,1073737471,1073176575,1072562175,1073709055,1073737727,1073741823,1073741823,1073741823,1073741823:i8
1073741823,1073741823,1073741823,1073741823,1073737727,1073741823,1073737471,1073176575,1073348607,1073709055,1073737727,1073741823,1073741823,1073741823,1073741823:i8
1073741823,1073741823,1073741823,1073741823,1073737727,1073741823,1073737471,1073176575,1073610751,1073709055,1072689151,1073741823,1073741823,1073741823,1073741823:i8
1073741823,1073741823,1073741823,1073741823,1073737727,1073741823,1073737471,1073176575,1073610751,1073709055,1073672191,1073741823,1073741823,1073741823,1073741823:i8
1073741823,1073741823,1073741823,1073741823,1073737727,1073741823,1073737471,1073176575,1073610751,1073643519,1073737727,1073741823,1073741823,1073741823,1073741823:i8
1073741823,1073741823,1073741823,1073741823,1073737471,1073741823,1073737471,1073176575,1073610751,1073709055,1073737727,1073741823,1073741823,1073741823,1073741823:i8
1073741823,1073741823,1073741823,1073741823,1073736703,1073741823,1073737471,1073176575,1073610751,1073709055,1073737727,1073741823,1073741823,1073741823,1073741823:i8
1073741823,1073741823,1073741567,1073741823,1073737727,1073741823,1073737471,1073176575,1073610751,1073709055,1073737727,1073741823,1073741823,1073741823,1073741823:i8
1073741823,1073741823,1073741823,1073740799,1073737727,1073741823,1073737471,1073176575,1073610751,1073709055,1073737727,1073741823,1073741823,1073741823,1073741823:i8
1073741823,1073741823,1073737727,1073741823,1073737727,1073741823,1073737471,1073176575,1073610751,1073709055,1073737727,1073741823,1073741823,1073741823,1073741823:i8
1073741823,1073741823,1073741823,1073737727,1073737727,1073741823,1073737471,1073176575,1073610751,1073709055,1073737727,1073741823,1073741823,1073741823,1073741823:i8
1073741823,1073741823,1073676287,1073741823,1073737727,1073741823,1073737471,1073176575,1073610751,1073709055,1073737727,1073741823,1073741823,1073741823,1073741823:i8
1073741823,1073741823,1073741823,1073725439,1073737727,1073741823,1073737471,1073176575,1073610751,1073709055,1073737727,1073741823,1073741823,1073741823,1073741823:i8
1073741823,1073741823,1073741823,1073741823,1073672191,1073741823,1073737471,1073176575,1073610751,1073709055,1073737727,1073741823,1073741823,1073741823,1073741823:i8
1073741823,1073741823,1073741823,1073741823,1073721343,1073741823,1073737471,1073176575,1073610751,1073709055,1073737727,1073741823,1073741823,1073741823,1073741823:i8
1073741823,1073741823,1073741823,1073741823,1073737727,1073737727,1073737471,1073176575,1073610751,1073709055,1073737727,1073741823,1073741823,1073741823,1073741823:i8
1073741823,1073741823,1073741823,1073741823,1073737727,1073741823,1073737471,1073176575,1073610751,1073708031,1073737727,1073741823,1073741823,1073741823,1073741823:i8
1073741823,1073741823,1073741823,1073741823,1073737727,1073741823,1073737471,1073176575,1073606655,1073709055,1073737727,1073741823,1073741823,1073741823,1073741823:i8
1073741823,1073741823,1073741823,1073741823,1073737727,1073741823,1073737471,1073175551,1073610751,1073709055,1073737727,1073741823,1073741823,1073741823,1073741823:i8
1073741823,1073741823,1073741823,1073741823,1073737727,1073740799,1073737471,1073176575,1073610751,1073709055,1073737727,1073741823,1073741823,1073741823,1073741823:i8
1073741823,1073741823,1073741823,1073741823,1073737727,1073725439,1073737471,1073176575,1073610751,1073709055,1073737727,1073741823,1073741823,1073741823,1073741823:i8
1073741823,1073741823,1073741823,1073741823,1073737727,1073741823,1073721087,1073176575,1073610751,1073709055,1073737727,1073741823,1073741823,1073741823,1073741823:i8
1073741823,1073741823,1073741823,1073741823,1073737727,1073479679,1073737471,1073176575,1073610751,1073709055,1073737727,1073741823,1073741823,1073741823,1073741823:i8
1073741823,1073741823,1073741823,1073741823,1073737727,1073741823,1073671935,1073176575,1073610751,1073709055,1073737727,1073741823,1073741823,1073741823,1073741823:i8
1073741823,1073741823,1073741823,1073741823,1073737727,1073741823,1073737471,1073111039,1073610751,1073709055,1073737727,1073741823,1073741823,1073741823,1073741823:h9
1073741823,1073741823,1073741823,1073741823,1073737727,1073741823,1073737471,1073111039,1073577983,1073709055,1073475583,1073741823,1073741823,1073741823,1073741823:h7
1073741823,1073741823,1073741823,1073741823,1073737727,1072693247,1073737471,1073111039,1073577983,1073709055,1073737727,1073741823,1073741823,1073741823,1073741823:h7
1073741823,1073741823,1073741823,1073741823,1073737727,1073741823,1073737471,1073111039,1073577983,1072660479,1073737727,1073741823,1073741823,1073741823,1073741823:h7
1073741823,1073741823,1073741823,1073741823,1073737727,1073741823,1073737471,1073111039,1073577983,1073708799,1073737727,1073741823,1073741823,1073741823,1073741823:h7
1073741823,1073741823,1073741823,1073741823,1073737727,1073741823,1073737471,1073111039,1073576959,1073709055,1073737727,1073741823,1073741823,1073741823,1073741823:h7
1073741823,1073741823,1073741823,1073741823,1073737727,1073676287,1073737471,1073111039,1073577983,1073709055,1073737727,1073741823,1073741823,1073741823,1073741823:h7
1073741823,1073741823,1073741823,1073741823,1073737727,1073741823,1073737471,1073111039,1073577983,1073709055,1073737727,1073741823,1073741567,1073741823,1073741823:h7
1073741823,1073741823,1073741823,1073741823,1073737727,1073741823,1073737471,1073111039,1073577983,1073709055,1073737471,1073741823,1073741823,1073741823,1073741823:h7
1073741823,1073741823,1073741823,1073741823,1073737727,1073741823,1073737471,1073111039,1073577983,1073709055,1073736703,1073741823,1073741823,1073741823,1073741823:h7
1073741823,1073741823,1073741823,1073741823,1073737727,1073741823,1073737471,1073111039,1073577983,1073709055,1073737727,1073741823,1073676287,1073741823,1073741823:h7
1073741823,1073741823,1073741823,1073741823,1073737727,1073741823,1073737471,1073111039,1073577983,1073709055,1073737727,1073741823,1073737727,1073741823,1073741823:h7
1073741823,1073741823,1073741823,1073741823,1073737727,1073741823,1073737471,1073111039,1073577983,1073709055,1073737727,1073737727,1073741823,1073741823,1073741823:h7
1073741823,1073741823,1073741823,1073741823,1073737727,1073741823,1073737471,1073111039,1073577983,1073709055,1073737727,1073740799,1073741823,1073741823,1073741823:h7
1073741823,1073741823,1073741823,1073741823,1073737727,1073741823,1073737471,1073111039,1073577983,1073704959,1073737727,1073741823,1073741823,1073741823,1073741823:h7
1073741823,1073741823,1073741823,1073741823,1073737727,1073741823,1073737471,1073111039,1073577983,1073709055,1073737727,1073479679,1073741823,1073741823,1073741823:h7
1073741823,1073741823,1073741823,1073741823,1073737727,1073741823,1073737471,1073111039,1073577983,1073709055,1073737727,1073725439,1073741823,1073741823,1073741823:h7
1073741823,1073741823,1073741823,1073741823,1073737727,1073741823,1073737471,1073111039,1073577983,1073709055,1073721343,1073741823,1073741823,1073741823,1073741823:h7
1073741823,1073741823,1073741823,1073741823,1073737727,1073741823,1073475327,1073111039,1073577983,1073709055,1073737727,1073741823,1073741823,1073741823,1073741823:h7
1073741823,1073741823,1073741823,1073741823,1073737727,1069547519,1073737471,1073111039,1073577983,1073709055,1073737727,1073741823,1073741823,1073741823,1073741823:h7
1073741823,1073741823,1073741823,1073741823,1073737727,1073741823,1073737471,1068916735,1073577983,1073709055,1073737727,1073741823,1073741823,1073741823,1073741823:h7
1073741823,1073741823,1073741823,1073741823,1073737727,1073741823,1073737471,1072062463,1073577983,1073709055,1073737727,1073741823,1073741823,1073741823,1073741823:h7
1073741823,1073741823,1073741823,1073741823,1073737727,1073741823,1073737471,1073111039,1073577983,1069514751,1073737727,1073741823,1073741823,1073741823,1073741823:h7
1073741823,1073741823,1073741823,1073741823,1073737727,1073741823,1073737471,1073111039,1073577967,1073709055,1073737727,1073741823,1073741823,1073741823,1073741823:h7
1073741823,1073741823,1073741823,1073741823,1073737727,1073741823,1073737471,1073110975,1073577983,1073709055,1073737727,1073741823,1073741823,1073741823,1073741823:h7
1073741823,1073741823,1073741823,1073741823,1073737727,1073741823,1073737455,1073111039,1073577983,1073709055,1073737727,1073741823,1073741823,1073741823,1073741823:h7
1073741823,1073741823,1073741823,1073741823,1073737727,1073741823,1073737407,1073111039,1073577983,1073709055,1073737727,1073741823,1073741823,1073741823,1073741823:h7
1073741823,1073741823,1073741823,1073741823,1073737711,1073741823,1073737471,1073111039,1073577983,1073709055,1073737727,1073741823,1073741823,1073741823,1073741823:h7
1073741823,1073741823,1073741823,1073741823,1073737727,1073741759,1073737471,1073111039,1073577983,1073709055,1073737727,1073741823,1073741823,1073741823,1073741823:h7
1073741823,1073741823,1073741823,1073741823,1073737727,1073741567,1073737471,1073111039,1073577983,1073709055,1073737727,1073741823,1073741823,1073741823,1073741823:h7
1073741823,1073741823,1073741823,1073741823,1073737727,1073741823,1073736447,1073111039,1073577983,1073709055,1073737727,1073741823,1073741823,1073741823,1073741823:h7
1073741823,1073741823,1073741823,1073741823,1073737727,1073741823,1073737471,1073111039,1073577727,1073709055,1073737727,1073741823,1073741823,1073741823,1073741823:h7
1073741823,1073741823,1073741823,1073741823,1073737727,1073741823,1073737471,1073110783,1073577983,1073709055,1073737727,1073741823,1073741823,1073741823,1073741823:h7
1073741823,1073741823,1073741823,1073741823,1073737727,1073741823,1072688895,1073111039,1073577983,1073709055,1073737727,1073741823,1073741823,1073741823,1073741823:h7
1073741823,1073741823,1073741823,1073741823,1073737727,1073741823,1073737471,1073111039,1072529407,1073709055,1073737727,1073741823,1073741823,1073741823,1073741823:h7
1073741823,1073741823,1073741823,1073741823,1073737727,1073741823,1073737471,1073111039,1073315839,1073709055,1073737727,1073741823,1073741823,1073741823,1073741823:h7
1073741823,1073741823,1073741823,1073741823,1073737727,1073741823,1073737471,1073111039,1073577983,1073709055,1072689151,1073741823,1073741823,1073741823,1073741823:h7
1073741823,1073741823,1073741823,1073741823,1073737727,1073741823,1073737471,1073111039,1073577983,1073709055,1073672191,1073741823,1073741823,1073741823,1073741823:h7
1073741823,1073741823,1073741823,1073741823,1073737727,1073741823,1073737471,1073111039,1073577983,1073643519,1073737727,1073741823,1073741823,1073741823,1073741823:h7
1073741823,1073741823,1073741823,1073741823,1073737471,1073741823,1073737471,1073111039,1073577983,1073709055,1073737727,1073741823,1073741823,1073741823,1073741823:h7
1073741823,1073741823,1073741823,1073741823,1073736703,1073741823,1073737471,1073111039,1073577983,1073709055,1073737727,1073741823,1073741823,1073741823,1073741823:h7
1073741823,1073741823,1073741567,1073741823,1073737727,1073741823,1073737471,1073111039,1073577983,1073709055,1073737727,1073741823,1073741823,1073741823,1073741823:h7
1073741823,1073741823,1073741823,1073740799,1073737727,1073741823,1073737471,1073111039,1073577983,1073709055,1073737727,1073741823,1073741823,1073741823,1073741823:h7
1073741823,1073741823,1073737727,1073741823,1073737727,1073741823,1073737471,1073111039,1073577983,1073709055,1073737727,1073741823,1073741823,1073741823,1073741823:h7
1073741823,1073741823,1073741823,1073737727,1073737727,1073741823,1073737471,1073111039,1073577983,1073709055,1073737727,1073741823,1073741823,1073741823,1073741823:h7
1073741823,1073741823,1073676287,1073741823,1073737727,1073741823,1073737471,1073111039,1073577983,1073709055,1073737727,1073741823,1073741823,1073741823,1073741823:h7
1073741823,1073741823,1073741823,1073725439,1073737727,1073741823,1073737471,1073111039,1073577983,1073709055,1073737727,1073741823,1073741823,1073741823,1073741823:h7
1073741823,1073741823,1073741823,1073741823,1073672191,1073741823,1073737471,1073111039,1073577983,1073709055,1073737727,1073741823,1073741823,1073741823,1073741823:h7
1073741823,1073741823,1073741823,1073741823,1073721343,1073741823,1073737471,1073111039,1073577983,1073709055,1073737727,1073741823,1073741823,1073741823,1073741823:h7
1073741823,1073741823,1073741823,1073741823,1073737727,1073737727,1073737471,1073111039,1073577983,1073709055,1073737727,1073741823,1073741823,1073741823,1073741823:h7
1073741823,1073741823,1073741823,1073741823,1073737727,1073741823,1073737471,1073111039,1073577983,1073708031,1073737727,1073741823,1073741823,1073741823,1073741823:h7
1073741823,1073741823,1073741823,1073741823,1073737727,1073741823,1073737471,1073111039,1073573887,1073709055,1073737727,1073741823,1073741823,1073741823,1073741823:h7
1073741823,1073741823,1073741823,1073741823,1073737727,1073741823,1073737471,1073110015,1073577983,1073709055,1073737727,1073741823,1073741823,1073741823,1073741823:h7
1073741823,1073741823,1073741823,1073741823,1073737727,1073740799,1073737471,1073111039,1073577983,1073709055,1073737727,1073741823,1073741823,1073741823,1073741823:h7
1073741823,1073741823,1073741823,1073741823,1073737727,1073725439,1073737471,1073111039,1073577983,1073709055,1073737727,1073741823,1073741823,1073741823,1073741823:h7
1073741823,1073741823,1073741823,1073741823,1073737727,1073741823,1073721087,1073111039,1073577983,1073709055,1073737727,1073741823,1073741823,1073741823,1073741823:f7
1073741823,1073741823,1073741823,1073741823,1073737727,1073741823,1073719039,1073111039,1073577983,1073708799,1073737727,1073741823,1073741823,1073741823,1073741823:e6
1073741823,1073741823,1073741823,1073741823,1073737727,1072693247,1073719039,1073111039,1073577983,1073709055,1073737727,1073741823,1073741823,1073741823,1073741823:e6
1073741823,1073741823,1073741823,1073741823,1073737727,1073741823,1073719039,1073111039,1073577983,1072660479,1073737727,1073741823,1073741823,1073741823,1073741823:e6
1073741823,1073741823,1073741823,1073741823,1073737727,1073741823,1073719039,1073111039,1073577919,1073709055,1073737727,1073741823,1073741823,1073741823,1073741823:e6
1073741823,1073741823,1073741823,1073741823,1073737663,1073741823,1073719039,1073111039,1073577983,1073709055,1073737727,1073741823,1073741823,1073741823,1073741823:i10
1073741823,1073741823,1073741823,1073741823,1073475583,1073741823,1073719039,1073111039,1073577983,1073709055,1073737727,1073741823,1073741823,1073741823,1073741823:e6
1073741823,1073741823,1073741823,1073741823,1073737727,1073676287,1073719039,1073111039,1073577983,1073709055,1073737727,1073741823,1073741823,1073741823,1073741823:e6
1073741823,1073741823,1073741823,1073741823,1073737727,1073741823,1073719039,1073111039,1073576959,1073709055,1073737727,1073741823,1073741823,1073741823,1073741823:e6
1073741823,1073741823,1073741823,1073741823,1073737727,1073741823,1073719039,1073111039,1073577983,1073709055,1073475583,1073741823,1073741823,1073741823,1073741823:e6
1073741823,1073741823,1073741823,1073741823,1073737727,1073741823,1073719039,1073111039,1073577983,1073709055,1073737727,1073741823,1073741567,1073741823,1073741823:e6
1073741823,1073741823,1073741823,1073741823,1073737727,1073741823,1073719039,1073111039,1073577983,1073709055,1073737471,1073741823,1073741823,1073741823,1073741823:e6
1073741823,1073741823,1073741823,1073741823,1073737727,1073741823,1073719039,1073111039,1073577983,1073709055,1073736703,1073741823,1073741823,1073741823,1073741823:e6
1073741823,1073741823,1073741823,1073741823,1073737727,1073741823,1073719039,1073111039,1073577983,1073709055,1073737727,1073741823,1073676287,1073741823,1073741823:e6
1073741823,1073741823,1073741823,1073741823,1073737727,1073741823,1073719039,1073111039,1073577983,1073709055,1073737727,1073741823,1073737727,1073741823,1073741823:e6
1073741823,1073741823,1073741823,1073741823,1073737727,1073741823,1073719039,1073111039,1073577983,1073709055,1073737727,1073737727,1073741823,1073741823,1073741823:e6
1073741823,1073741823,1073741823,1073741823,1073737727,1073741823,1073719039,1073111039,1073577983,1073709055,1073737727,1073740799,1073741823,1073741823,1073741823:e6
1073741823,1073741823,1073741823,1073741823,1073737727,1073741823,1073719039,1073111039,1073577983,1073704959,1073737727,1073741823,1073741823,1073741823,1073741823:e6
1073741823,1073741823,1073741823,1073741823,1073737727,1073741823,1073719039,1073111039,1073577983,1073709055,1073737727,1073479679,1073741823,1073741823,1073741823:e6
1073741823,1073741823,1073741823,1073741823,1073737727,1073741823,1073719039,1073111039,1073577983,1073709055,1073737727,1073725439,1073741823,1073741823,1073741823:e6
1073741823,1073741823,1073741823,1073741823,1073737727,1073741823,1073719039,1073111039,1073577983,1073709055,1073721343,1073741823,1073741823,1073741823,1073741823:e6
1073741823,1073741823,1073741823,1073741823,1073737727,1073741823,1073456895,1073111039,1073577983,1073709055,1073737727,1073741823,1073741823,1073741823,1073741823:e6
1073741823,1073741823,1073741823,1073741823,1073737727,1069547519,1073719039,1073111039,1073577983,1073709055,1073737727,1073741823,1073741823,1073741823,1073741823:e6
1073741823,1073741823,1073741823,1073741823,1073737727,1073741823,1073719039,1068916735,1073577983,1073709055,1073737727,1073741823,1073741823,1073741823,1073741823:e6
1073741823,1073741823,1073741823,1073741823,1073737727,1073741823,1073719039,1072062463,1073577983,1073709055,1073737727,1073741823,1073741823,1073741823,1073741823:e6
1073741823,1073741823,1073741823,1073741823,1073737727,1073741823,1073719039,1073111039,1073577983,1069514751,1073737727,1073741823,1073741823,1073741823,1073741823:e6
1073741823,1073741823,1073741823,1073741823,1073737727,1073741823,1073719039,1073111039,1073577967,1073709055,1073737727,1073741823,1073741823,1073741823,1073741823:e6
1073741823,1073741823,1073741823,1073741823,1073737727,1073741823,1073719039,1073110975,1073577983,1073709055,1073737727,1073741823,1073741823,1073741823,1073741823:e6
1073741823,1073741823,1073741823,1073741823,1073737727,1073741823,1073719023,1073111039,1073577983,1073709055,1073737727,1073741823,1073741823,1073741823,1073741823:e6
1073741823,1073741823,1073741823,1073741823,1073737727,1073741823,1073718975,1073111039,1073577983,1073709055,1073737727,1073741823,1073741823,1073741823,1073741823:e6
1073741823,1073741823,1073741823,1073741823,1073737711,1073741823,1073719039,1073111039,1073577983,1073709055,1073737727,1073741823,1073741823,1073741823,1073741823:e6
1073741823,1073741823,1073741823,1073741823,1073737727,1073741759,1073719039,1073111039,1073577983,1073709055,1073737727,1073741823,1073741823,1073741823,1073741823:e6
1073741823,1073741823,1073741823,1073741823,1073737727,1073741567,1073719039,1073111039,1073577983,1073709055,1073737727,1073741823,1073741823,1073741823,1073741823:j11
1073741823,1073741823,1073741823,1073741823,1073737727,1073741823,1073719039,1073111039,1073577727,1073709055,1073737727,1073741823,1073741823,1073741823,1073741823:e6
1073741823,1073741823,1073741823,1073741823,1073737727,1073741823,1073719039,1073110783,1073577983,1073709055,1073737727,1073741823,1073741823,1073741823,1073741823:e6
1073741823,1073741823,1073741823,1073741823,1073737727,1073741823,1072670463,1073111039,1073577983,1073709055,1073737727,1073741823,1073741823,1073741823,1073741823:e6
1073741823,1073741823,1073741823,1073741823,1073737727,1073741823,1073719039,1073111039,1072529407,1073709055,1073737727,1073741823,1073741823,1073741823,1073741823:e6
1073741823,1073741823,1073741823,1073741823,1073737727,1073741823,1073719039,1073111039,1073315839,1073709055,1073737727,1073741823,1073741823,1073741823,1073741823:e6
1073741823,1073741823,1073741823,1073741823,1073737727,1073741823,1073719039,1073111039,1073577983,1073709055,1072689151,1073741823,1073741823,1073741823,1073741823:e6
1073741823,1073741823,1073741823,1073741823,1073737727,1073741823,1073719039,1073111039,1073577983,1073709055,1073672191,1073741823,1073741823,1073741823,1073741823:e6
1073741823,1073741823,1073741823,1073741823,1073737727,1073741823,1073719039,1073111039,1073577983,1073643519,1073737727,1073741823,1073741823,1073741823,1073741823:j9
1073741823,1073741823,1073741823,1073741823,1073737727,1073741823,1069524735,1073111039,1073053695,1073643519,1073737727,1073741823,1073741823,1073741823,1073741823:j6
1073741823,1073741823,1073741823,1073741823,1073737727,1073741823,1073719039,1073111039,1068859391,1073643519,1073737727,1073741823,1073741823,1073741823,1073741823:j6
1073741823,1073741823,1073741823,1073741823,1073737727,1073741823,1073719039,1073111039,1073053695,1073643519,1069543423,1073741823,1073741823,1073741823,1073741823:j6
1073741823,1073741823,1073741823,1073741823,1073737727,1073741823,1073719039,1073111039,1073053695,1073643519,1073737727,1072693247,1073741823,1073741823,1073741823:j6
1073741823,1073741823,1073741823,1073741823,1073737727,1073741823,1073719039,1073111039,1073053695,1073643519,1073737727,1073676287,1073741823,1073741823,1073741823:j6
1073741823,1073741823,1073741823,1073741823,1073737727,1073741823,1073719039,1073111039,1073053631,1073643519,1073737727,1073741823,1073741823,1073741823,1073741823:j6
1073741823,1073741823,1073741823,1073741823,1073737663,1073741823,1073719039,1073111039,1073053695,1073643519,1073737727,1073741823,1073741823,1073741823,1073741823:j6
1073741823,1073741823,1073741823,1073741823,1073475583,1073741823,1073719039,1073111039,1073053695,1073643519,1073737727,1073741823,1073741823,1073741823,1073741823:g9
1073741823,1073741823,1073741823,1073741823,1073737727,1073741823,1073719039,1073111039,1073053695,1073643519,1073475583,1073741823,1073741823,1073741823,1073741823:j6
1073741823,1073741823,1073741823,1073741823,1073737727,1072693247,1073719039,1073111039,1073053695,1073643519,1073737727,1073741823,1073741823,1073741823,1073741823:j6
1073741823,1073741823,1073741823,1073741823,1073737727,1073741823,1073719039,1073111039,1073053695,1072594943,1073737727,1073741823,1073741823,1073741823,1073741823:j6
1073741823,1073741823,1073741823,1073741823,1073737727,1073741823,1073719039,1073111039,1073053695,1073643263,1073737727,1073741823,1073741823,1073741823,1073741823:j6
1073741823,1073741823,1073741823,1073741823,1073737727,1073741823,1073719039,1073111039,1073052671,1073643519,1073737727,1073741823,1073741823,1073741823,1073741823:j6
1073741823,1073741823,1073741823,1073741823,1073737727,1073676287,1073719039,1073111039,1073053695,1073643519,1073737727,1073741823,1073741823,1073741823,1073741823:j6
1073741823,1073741823,1073741823,1073741823,1073737727,1073741823,1073719039,1073111039,1073053695,1073643519,1073737727,1073741823,1073741567,1073741823,1073741823:j6
1073741823,1073741823,1073741823,1073741823,1073737727,1073741823,1073719039,1073111039,1073053695,1073643519,1073737471,1073741823,1073741823,1073741823,1073741823:j6
1073741823,1073741823,1073741823,1073741823,1073737727,1073741823,1073719039,1073111039,1073053695,1073643519,1073736703,1073741823,1073741823,1073741823,1073741823:j6
1073741823,1073741823,1073741823,1073741823,1073737727,1073741823,1073719039,1073111039,1073053695,1073643519,1073737727,1073741823,1073676287,1073741823,1073741823:j6
1073741823,1073741823,1073741823,1073741823,1073737727,1073741823,1073719039,1073111039,1073053695,1073643519,1073737727,1073741823,1073737727,1073741823,1073741823:j6
1073741823,1073741823,1073741823,1073741823,1073737727,1073741823,1073719039,1073111039,1073053695,1073643519,1073737727,1073737727,1073741823,1073741823,1073741823:j6
1073741823,1073741823,1073741823,1073741823,1073737727,1073741823,1073719039,1073111039,1073053695,1073643519,1073737727,1073740799,1073741823,1073741823,1073741823:j6
1073741823,1073741823,1073741823,1073741823,1073737727,1073741823,1073719039,1073111039,1073053695,1073639423,1073737727,1073741823,1073741823,1073741823,1073741823:j6
1073741823,1073741823,1073741823,1073741823,1073737727,1073741823,1073719039,1073111039,1073053695,1073643519,1073737727,1073479679,1073741823,1073741823,1073741823:j6
1073741823,1073741823,1073741823,1073741823,1073737727,1073741823,1073719039,1073111039,1073053695,1073643519,1073737727,1073725439,1073741823,1073741823,1073741823:j6
1073741823,1073741823,1073741823,1073741823,1073737727,1073741823,1073719039,1073111039,1073053695,1073643519,1073721343,1073741823,1073741823,1073741823,1073741823:j6
1073741823,1073741823,1073741823,1073741823,1073737727,1073741823,1073456895,1073111039,1073053695,1073643519,1073737727,1073741823,1073741823,1073741823,1073741823:g9
1073741823,1073741823,1073741823,1073741823,1073737727,1069547519,1073719039,1073111039,1073053695,1073643519,1073737727,1073741823,1073741823,1073741823,1073741823:j6
1073741823,1073741823,1073741823,1073741823,1073737727,1073741823,1073719039,1068916735,1073053695,1073643519,1073737727,1073741823,1073741823,1073741823,1073741823:j6
1073741823,1073741823,1073741823,1073741823,1073737727,1073741823,1073719039,1072062463,1073053695,1073643519,1073737727,1073741823,1073741823,1073741823,1073741823:j6
1073741823,1073741823,1073741823,1073741823,1073737727,1073741823,1073719039,1073111039,1073053695,1069449215,1073737727,1073741823,1073741823,1073741823,1073741823:j6
1073741823,1073741823,1073741823,1073741823,1073737727,1073741823,1073719039,1073111039,1073053679,1073643519,1073737727,1073741823,1073741823,1073741823,1073741823:g9
1073741823,1073741823,1073741823,1073741823,1073737727,1073741823,1073719039,1073110975,1073053695,1073643519,1073737727,1073741823,1073741823,1073741823,1073741823:g9
1073741823,1073741823,1073741823,1073741823,1073737727,1073741823,1073719023,1073111039,1073053695,1073643519,1073737727,1073741823,1073741823,1073741823,1073741823:j6
1073741823,1073741823,1073741823,1073741823,1073737727,1073741823,1073718975,1073111039,1073053695,1073643519,1073737727,1073741823,1073741823,1073741823,1073741823:j6
1073741823,1073741823,1073741823,1073741823,1073737711,1073741823,1073719039,1073111039,1073053695,1073643519,1073737727,1073741823,1073741823,1073741823,1073741823:j6
1073741823,1073741823,1073741823,1073741823,1073737727,1073741759,1073719039,1073111039,1073053695,1073643519,1073737727,1073741823,1073741823,1073741823,1073741823:j6
1073741823,1073741823,1073741823,1073741823,1073737727,1073741567,1073719039,1073111039,1073053695,1073643519,1073737727,1073741823,1073741823,1073741823,1073741823:j6
1073741823,1073741823,1073741823,1073741823,1073737727,1073741823,1073719039,1073111039,1073053439,1073643519,1073737727,1073741823,1073741823,1073741823,1073741823:j6
1073741823,1073741823,1073741823,1073741823,1073737727,1073741823,1073719039,1073110783,1073053695,1073643519,1073737727,1073741823,1073741823,1073741823,1073741823:j6
1073741823,1073741823,1073741823,1073741823,1073737727,1073741823,1072670463,1073111039,1073053695,1073643519,1073737727,1073741823,1073741823,1073741823,1073741823:g9
1073741823,1073741823,1073741823,1073741823,1073737727,1073741823,1073719039,1073111039,1072005119,1073643519,1073737727,1073741823,1073741823,1073741823,1073741823:j6
1073741823,1073741823,1073741823,1073741823,1073737727,1073741823,1073719039,1073111039,1073053695,1073643519,1072689151,1073741823,1073741823,1073741823,1073741823:j6
1073741823,1073741823,1073741823,1073741823,1073737727,1073741823,1073719039,1073111039,1073053695,1073643519,1073672191,1073741823,1073741823,1073741823,1073741823:j6
1073741823,1073741823,1073741823,1073741823,1073737471,1073741823,1073719039,1073111039,1073053695,1073643519,1073737727,1073741823,1073741823,1073741823,1073741823:j6
1073741823,1073741823,1073741823,1073741823,1073736703,1073741823,1073719039,1073111039,1073053695,1073643519,1073737727,1073741823,1073741823,1073741823,1073741823:g9
1073741823,1073741823,1073741567,1073741823,1073737727,1073741823,1073719039,1073111039,1073053695,1073643519,1073737727,1073741823,1073741823,1073741823,1073741823:j6
1073741823,1073741823,1073741823,1073740799,1073737727,1073741823,1073719039,1073111039,1073053695,1073643519,1073737727,1073741823,1073741823,1073741823,1073741823:j6
1073741823,1073741823,1073737727,1073741823,1073737727,1073741823,1073719039,1073111039,1073053695,1073643519,1073737727,1073741823,1073741823,1073741823,1073741823:g9
1073741823,1073741823,1073741823,1073737727,1073737727,1073741823,1073719039,1073111039,1073053695,1073643519,1073737727,1073741823,1073741823,1073741823,1073741823:g9
1073741823,1073741823,1073676287,1073741823,1073737727,1073741823,1073719039,1073111039,1073053695,1073643519,1073737727,1073741823,1073741823,1073741823,1073741823:g9
1073741823,1073741823,1073741823,1073725439,1073737727,1073741823,1073719039,1073111039,1073053695,1073643519,1073737727,1073741823,1073741823,1073741823,1073741823:g9
1073741823,1073741823,1073741823,1073741823,1073672191,1073741823,1073719039,1073111039,1073053695,1073643519,1073737727,1073741823,1073741823,1073741823,1073741823:j6
1073741823,1073741823,1073741823,1073741823,1073721343,1073741823,1073719039,1073111039,1073053695,1073643519,1073737727,1073741823,1073741823,1073741823,1073741823:j6
1073741823,1073741823,1073741823,1073741823,1073737727,1073737727,1073719039,1073111039,1073053695,1073643519,1073737727,1073741823,1073741823,1073741823,1073741823:g9
1073741823,1073741823,1073741823,1073741823,1073737727,1073741823,1073719039,1073111039,1073053695,1073642495,1073737727,1073741823,1073741823,1073741823,1073741823:j6
1073741823,1073741823,1073741823,1073741823,1073737727,1073741823,1073719039,1073111039,1073049599,1073643519,1073737727,1073741823,1073741823,1073741823,1073741823:h12
1073741823,1073741823,1073741823,1073741823,1073737727,1073741823,1073719039,1073110015,1073053695,1073643519,1073737727,1073741823,1073741823,1073741823,1073741823:j6
1073741823,1073741823,1073741823,1073741823,1073737727,1073740799,1073719039,1073111039,1073053695,1073643519,1073737727,1073741823,1073741823,1073741823,1073741823:g9
1073741823,1073741823,1073741823,1073741823,1073737727,1073725439,1073719039,1073111039,1073053695,1073643519,1073737727,1073741823,1073741823,1073741823,1073741823:j6
1073741823,1073741823,1073741823,1073741823,1073737727,1073479679,1073719039,1073111039,1073053695,1073643519,1073737727,1073741823,1073741823,1073741823,1073741823:g9
1073741823,1073741823,1073741823,1073741823,1073737727,1073741823,1073653503,1073111039,1073053695,1073643519,1073737727,1073741823,1073741823,1073741823,1073741823:g9
1073741823,1073741823,1073741823,1073741823,1073737727,1073741823,1073719039,1073111039,1073053695,1073381375,1073737727,1073741823,1073741823,1073741823,1073741823:g9
1073741823,1073741823,1073741823,1073741823,1073737471,1073741823,1073719039,1073111039,1073577983,1073709055,1073737727,1073741823,1073741823,1073741823,1073741823:e6
1073741823,1073741823,1073741823,1073741823,1073736703,1073741823,1073719039,1073111039,1073577983,1073709055,1073737727,1073741823,1073741823,1073741823,1073741823:e6
1073741823,1073741823,1073741567,1073741823,1073737727,1073741823,1073719039,1073111039,1073577983,1073709055,1073737727,1073741823,1073741823,1073741823,1073741823:e6
1073741823,1073741823,1073741823,1073740799,1073737727,1073741823,1073719039,1073111039,1073577983,1073709055,1073737727,1073741823,1073741823,1073741823,1073741823:e6
1073741823,1073741823,1073737727,1073741823,1073737727,1073741823,1073719039,1073111039,1073577983,1073709055,1073737727,1073741823,1073741823,1073741823,1073741823:e6
1073741823,1073741823,1073741823,1073737727,1073737727,1073741823,1073719039,1073111039,1073577983,1073709055,1073737727,1073741823,1073741823,1073741823,1073741823:e6
1073741823,1073741823,1073676287,1073741823,1073737727,1073741823,1073719039,1073111039,1073577983,1073709055,1073737727,1073741823,1073741823,1073741823,1073741823:e6
1073741823,1073741823,1073741823,1073725439,1073737727,1073741823,1073719039,1073111039,1073577983,1073709055,1073737727,1073741823,1073741823,1073741823,1073741823:e6
1073741823,1073741823,1073741823,1073741823,1073672191,1073741823,1073719039,1073111039,1073577983,1073709055,1073737727,1073741823,1073741823,1073741823,1073741823:e6
1073741823,1073741823,1073741823,1073741823,1073721343,1073741823,1073719039,1073111039,1073577983,1073709055,1073737727,1073741823,1073741823,1073741823,1073741823:e6
1073741823,1073741823,1073741823,1073741823,1073737727,1073737727,1073719039,1073111039,1073577983,1073709055,1073737727,1073741823,1073741823,1073741823,1073741823:e6
1073741823,1073741823,1073741823,1073741823,1073737727,1073741823,1073719039,1073111039,1073577983,1073708031,1073737727,1073741823,1073741823,1073741823,1073741823:e6
1073741823,1073741823,1073741823,1073741823,1073737727,1073741823,1073719039,1073111039,1073573887,1073709055,1073737727,1073741823,1073741823,1073741823,1073741823:e6
1073741823,1073741823,1073741823,1073741823,1073737727,1073741823,1073719039,1073110015,1073577983,1073709055,1073737727,1073741823,1073741823,1073741823,1073741823:e6
1073741823,1073741823,1073741823,1073741823,1073737727,1073740799,1073719039,1073111039,1073577983,1073709055,1073737727,1073741823,1073741823,1073741823,1073741823:e6
1073741823,1073741823,1073741823,1073741823,1073737727,1073725439,1073719039,1073111039,1073577983,1073709055,1073737727,1073741823,1073741823,1073741823,1073741823:e6
1073741823,1073741823,1073741823,1073741823,1073737727,1073479679,1073719039,1073111039,1073577983,1073709055,1073737727,1073741823,1073741823,1073741823,1073741823:e6
1073741823,1073741823,1073741823,1073741823,1073737727,1073741823,1073653503,1073111039,1073577983,1073709055,1073737727,1073741823,1073741823,1073741823,1073741823:e6
1073741823,1073741823,1073741823,1073741823,1073737727,1073741823,1073719039,1073111039,1073577983,1073446911,1073737727,1073741823,1073741823,1073741823,1073741823:e6
1073741823,1073741823,1073741823,1073741823,1073737727,1073479679,1073737471,1073111039,1073577983,1073709055,1073737727,1073741823,1073741823,1073741823,1073741823:h7
1073741823,1073741823,1073741823,1073741823,1073737727,1073741823,1073671935,1073111039,1073577983,1073709055,1073737727,1073741823,1073741823,1073741823,1073741823:h7
1073741823,1073741823,1073741823,1073741823,1073737727,1073741823,1073737471,1073111039,1073577983,1073446911,1073737727,1073741823,1073741823,1073741823,1073741823:h7
1073741823,1073741823,1073741823,1073741823,1073737727,1073741823,1073737471,1073176575,1073610751,1073446911,1073737727,1073741823,1073741823,1073741823,1073741823:i8
1073741823,1073741823,1073741823,1073741823,1073737727,1073741823,1073737471,1073176575,1073594367,1073709055,1073737727,1073741823,1073741823,1073741823,1073741823:i8
1073741823,1073741823,1073741823,1073741823,1073737727,1073741823,1072688895,1073184767,1073610751,1073709055,1073741823,1073741823,1073741823,1073741823,1073741823:h7
1073741823,1073741823,1073741823,1073741823,1073737727,1073741823,1072656127,1073184767,1073609727,1073709055,1073741823,1073741823,1073741823,1073741823,1073741823:h9
1073741823,1073741823,1073741823,1073741823,1073475583,1073741823,1072656127,1073184767,1073610751,1073709055,1073741823,1073741823,1073741823,1073741823,1073741823:h9
1073741823,1073741823,1073741823,1073741823,1073737727,1073676287,1072656127,1073184767,1073610751,1073709055,1073741823,1073741823,1073741823,1073741823,1073741823:h9
1073741823,1073741823,1073741823,1073741823,1072689151,1073741823,1072656127,1073184767,1073610751,1073709055,1073741823,1073741823,1073741823,1073741823,1073741823:h9
1073741823,1073741823,1073741823,1073741823,1073737727,1072693247,1072656127,1073184767,1073610751,1073709055,1073741823,1073741823,1073741823,1073741823,1073741823:h9
1073741823,1073741823,1073741823,1073741823,1056960511,1073741823,1072656127,1073184767,1073610751,1073709055,1073741823,1073741823,1073741823,1073741823,1073741823:h9
1073741823,1073741823,1073741823,1073741823,1073737727,1073741823,1055878911,1073184767,1073610751,1073709055,1073741823,1073741823,1073741823,1073741823,1073741823:h9
1073741823,1073741823,1073741823,1073741823,1073737727,1073741823,1068461823,1073184767,1073610751,1073709055,1073741823,1073741823,1073741823,1073741823,1073741823:h9
1073741823,1073741823,1073741823,1073741823,1073737727,1073741823,1072656127,1073184767,1056833535,1073709055,1073741823,1073741823,1073741823,1073741823,1073741823:h9
1073741823,1073741823,1073741823,1073741823,1073737727,1073741823,1072656127,1073184767,1073610751,1073709055,1073741823,1073740799,1073741823,1073741823,1073741823:h9
1073741823,1073741823,1073741823,1073741823,1073737727,1073741823,1072656127,1073184767,1073610751,1073704959,1073741823,1073741823,1073741823,1073741823,1073741823:h9
1073741823,1073741823,1073741823,1073741823,1073737727,1073741823,1072656127,1073184767,1073610751,1073709055,1073741823,1073479679,1073741823,1073741823,1073741823:h9
1073741823,1073741823,1073741823,1073741823,1073737727,1073741823,1072656127,1073184767,1073610751,1073709055,1073741823,1073725439,1073741823,1073741823,1073741823:h9
1073741823,1073741823,1073741823,1073741823,1073737727,1073741823,1072656127,1073184767,1073610751,1073709055,1073725439,1073741823,1073741823,1073741823,1073741823:h9
1073741823,1073741823,1073741823,1073741823,1073737727,1073741823,1072393983,1073184767,1073610751,1073709055,1073741823,1073741823,1073741823,1073741823,1073741823:h9
1073741823,1073741823,1073741823,1073741823,1073737727,1069547519,1072656127,1073184767,1073610751,1073709055,1073741823,1073741823,1073741823,1073741823,1073741823:h9
1073741823,1073741823,1073741823,1073741823,1073737727,1073741823,1072656127,1068990463,1073610751,1073709055,1073741823,1073741823,1073741823,1073741823,1073741823:h9
1073741823,1073741823,1073741823,1073741823,1073737727,1073741823,1072656127,1072136191,1073610751,1073709055,1073741823,1073741823,1073741823,1073741823,1073741823:h9
1073741823,1073741823,1073741823,1073741823,1073737727,1073741823,1072656127,1073184767,1073610751,1069514751,1073741823,1073741823,1073741823,1073741823,1073741823:h9
1073741823,1073741823,1073741823,1073741823,1073737727,1073741823,1072656127,1073184767,1073610735,1073709055,1073741823,1073741823,1073741823,1073741823,1073741823:h9
1073741823,1073741823,1073741823,1073741823,1073737727,1073741823,1072656127,1073184703,1073610751,1073709055,1073741823,1073741823,1073741823,1073741823,1073741823:h9
1073741823,1073741823,1073741823,1073741823,1073737727,1073741823,1072656111,1073184767,1073610751,1073709055,1073741823,1073741823,1073741823,1073741823,1073741823:h9
1073741823,1073741823,1073741823,1073741823,1073737727,1073741823,1072656063,1073184767,1073610751,1073709055,1073741823,1073741823,1073741823,1073741823,1073741823:h9
1073741823,1073741823,1073741823,1073741823,1073737711,1073741823,1072656127,1073184767,1073610751,1073709055,1073741823,1073741823,1073741823,1073741823,1073741823:h9
1073741823,1073741823,1073741823,1073741823,1073737727,1073741759,1072656127,1073184767,1073610751,1073709055,1073741823,1073741823,1073741823,1073741823,1073741823:h9
1073741823,1073741823,1073741823,1073741823,1073737727,1073741567,1072656127,1073184767,1073610751,1073709055,1073741823,1073741823,1073741823,1073741823,1073741823:h9
1073741823,1073741823,1073741823,1073741823,1073737727,1073741823,1072655103,1073184767,1073610751,1073709055,1073741823,1073741823,1073741823,1073741823,1073741823:h9
1073741823,1073741823,1073741823,1073741823,1073737727,1073741823,1072656127,1073184767,1073610495,1073709055,1073741823,1073741823,1073741823,1073741823,1073741823:h9
1073741823,1073741823,1073741823,1073741823,1073737727,1073741823,1072656127,1073184511,1073610751,1073709055,1073741823,1073741823,1073741823,1073741823,1073741823:h9
1073741823,1073741823,1073741823,1073741823,1073737727,1073741823,1072656127,1073184767,1073610751,1073709055,1073737727,1073741823,1073741823,1073741823,1073741823:h9
1073741823,1073741823,1073741823,1073741823,1073737727,1073741823,1072656127,1073184767,1072562175,1073709055,1073741823,1073741823,1073741823,1073741823,1073741823:h9
1073741823,1073741823,1073741823,1073741823,1073737727,1073741823,1072656127,1073184767,1073348607,1073709055,1073741823,1073741823,1073741823,1073741823,1073741823:h9
1073741823,1073741823,1073741823,1073741823,1073737727,1073741823,1072656127,1073184767,1073610751,1073709055,1072693247,1073741823,1073741823,1073741823,1073741823:h9
1073741823,1073741823,1073741823,1073741823,1073737727,1073741823,1072656127,1073184767,1073610751,1073709055,1073676287,1073741823,1073741823,1073741823,1073741823:h9
1073741823,1073741823,1073741823,1073741823,1073737727,1073741823,1072656127,1073184767,1073610751,1073643519,1073741823,1073741823,1073741823,1073741823,1073741823:h9
1073741823,1073741823,1073741823,1073741823,1073737471,1073741823,1072656127,1073184767,1073610751,1073709055,1073741823,1073741823,1073741823,1073741823,1073741823:h9
1073741823,1073741823,1073741823,1073741823,1073736703,1073741823,1072656127,1073184767,1073610751,1073709055,1073741823,1073741823,1073741823,1073741823,1073741823:h9
1073741823,1073741823,1073741567,1073741823,1073737727,1073741823,1072656127,1073184767,1073610751,1073709055,1073741823,1073741823,1073741823,1073741823,1073741823:h9
1073741823,1073741823,1073741823,1073740799,1073737727,1073741823,1072656127,1073184767,1073610751,1073709055,1073741823,1073741823,1073741823,1073741823,1073741823:h9
1073741823,1073741823,1073737727,1073741823,1073737727,1073741823,1072656127,1073184767,1073610751,1073709055,1073741823,1073741823,1073741823,1073741823,1073741823:h9
1073741823,1073741823,1073741823,1073737727,1073737727,1073741823,1072656127,1073184767,1073610751,1073709055,1073741823,1073741823,1073741823,1073741823,1073741823:h9
1073741823,1073741823,1073676287,1073741823,1073737727,1073741823,1072656127,1073184767,1073610751,1073709055,1073741823,1073741823,1073741823,1073741823,1073741823:h9
1073741823,1073741823,1073741823,1073725439,1073737727,1073741823,1072656127,1073184767,1073610751,1073709055,1073741823,1073741823,1073741823,1073741823,1073741823:h9
1073741823,1073741823,1073741823,1073741823,1073672191,1073741823,1072656127,1073184767,1073610751,1073709055,1073741823,1073741823,1073741823,1073741823,1073741823:h9
1073741823,1073741823,1073741823,1073741823,1073721343,1073741823,1072656127,1073184767,1073610751,1073709055,1073741823,1073741823,1073741823,1073741823,1073741823:h9
1073741823,1073741823,1073741823,1073741823,1073737727,1073737727,1072656127,1073184767,1073610751,1073709055,1073741823,1073741823,1073741823,1073741823,1073741823:h9
1073741823,1073741823,1073741823,1073741823,1073737727,1073741823,1072656127,1073184767,1073610751,1073708031,1073741823,1073741823,1073741823,1073741823,1073741823:h9
1073741823,1073741823,1073741823,1073741823,1073737727,1073741823,1072656127,1073184767,1073606655,1073709055,1073741823,1073741823,1073741823,1073741823,1073741823:h9
1073741823,1073741823,1073741823,1073741823,1073737727,1073741823,1072656127,1073183743,1073610751,1073709055,1073741823,1073741823,1073741823,1073741823,1073741823:h9
1073741823,1073741823,1073741823,1073741823,1073737727,1073741823,1072656127,1073180671,1073610751,1073709055,1073741823,1073741823,1073741823,1073741823,1073741823:h9
1073741823,1073741823,1073741823,1073741823,1073737727,1073740799,1072656127,1073184767,1073610751,1073709055,1073741823,1073741823,1073741823,1073741823,1073741823:h9
1073741823,1073741823,1073741823,1073741823,1073737727,1073725439,1072656127,1073184767,1073610751,1073709055,1073741823,1073741823,1073741823,1073741823,1073741823:h9
1073741823,1073741823,1073741823,1073741823,1073737727,1073479679,1072656127,1073184767,1073610751,1073709055,1073741823,1073741823,1073741823,1073741823,1073741823:h9
1073741823,1073741823,1073741823,1073741823,1073737727,1073741823,1072590591,1073184767,1073610751,1073709055,1073741823,1073741823,1073741823,1073741823,1073741823:h9
1073741823,1073741823,1073741823,1073741823,1073737727,1073741823,1072656127,1073119231,1073610751,1073709055,1073741823,1073741823,1073741823,1073741823,1073741823:h9
1073741823,1073741823,1073741823,1073741823,1073737727,1073741823,1072656127,1073184767,1073610751,1073446911,1073741823,1073741823,1073741823,1073741823,1073741823:h9
1073741823,1073741823,1073741823,1073741823,1073737727,1073741823,1072656127,1073184767,1073594367,1073709055,1073741823,1073741823,1073741823,1073741823,1073741823:i8
1073741823,1073741823,1073741823,1073741823,1073737727,1073741823,1072656127,1073053695,1073594367,1072660479,1073741823,1073741823,1073741823,1073741823,1073741823:g8
1073741823,1073741823,1073741823,1073741823,1073737727,1073741823,1072656127,1073053695,1073594367,1073709055,1073740799,1073741823,1073741823,1073741823,1073741823:g8
1073741823,1073741823,1073741823,1073741823,1073737727,1073741823,1072656127,1073053695,1073594367,1073709055,1073479679,1073741823,1073741823,1073741823,1073741823:g8
1073741823,1073741823,1073741823,1073741823,1073737727,1073741823,1072656127,1073053695,1073593343,1073709055,1073741823,1073741823,1073741823,1073741823,1073741823:g8
1073741823,1073741823,1073741823,1073741823,1073475583,1073741823,1072656127,1073053695,1073594367,1073709055,1073741823,1073741823,1073741823,1073741823,1073741823:g8
1073741823,1073741823,1073741823,1073741823,1073737727,1073676287,1072656127,1073053695,1073594367,1073709055,1073741823,1073741823,1073741823,1073741823,1073741823:g8
1073741823,1073741823,1073741823,1073741823,1072689151,1073741823,1072656127,1073053695,1073594367,1073709055,1073741823,1073741823,1073741823,1073741823,1073741823:g8
1073741823,1073741823,1073741823,1073741823,1073737727,1072693247,1072656127,1073053695,1073594367,1073709055,1073741823,1073741823,1073741823,1073741823,1073741823:g8
1073741823,1073741823,1073741823,1073741823,1056960511,1073741823,1072656127,1073053695,1073594367,1073709055,1073741823,1073741823,1073741823,1073741823,1073741823:g8
1073741823,1073741823,1073741823,1073741823,1073737727,1073741823,1055878911,1073053695,1073594367,1073709055,1073741823,1073741823,1073741823,1073741823,1073741823:g8
1073741823,1073741823,1073741823,1073741823,1073737727,1073741823,1068461823,1073053695,1073594367,1073709055,1073741823,1073741823,1073741823,1073741823,1073741823:g8
1073741823,1073741823,1073741823,1073741823,1073737727,1073741823,1072656127,1073053695,1056817151,1073709055,1073741823,1073741823,1073741823,1073741823,1073741823:g8
1073741823,1073741823,1073741823,1073741823,1073737727,1073741823,1072656127,1073053695,1073594367,1073709055,1073741823,1073740799,1073741823,1073741823,1073741823:g8
1073741823,1073741823,1073741823,1073741823,1073737727,1073741823,1072656127,1073053695,1073594367,1073704959,1073741823,1073741823,1073741823,1073741823,1073741823:g8
1073741823,1073741823,1073741823,1073741823,1073737727,1073741823,1072656127,1073053695,1073594367,1073709055,1073741823,1073479679,1073741823,1073741823,1073741823:g8
1073741823,1073741823,1073741823,1073741823,1073737727,1073741823,1072656127,1073053695,1073594367,1073709055,1073741823,1073725439,1073741823,1073741823,1073741823:g8
1073741823,1073741823,1073741823,1073741823,1073737727,1073741823,1072656127,1073053695,1073594367,1073709055,1073725439,1073741823,1073741823,1073741823,1073741823:g8
1073741823,1073741823,1073741823,1073741823,1073737727,1073741823,1072393983,1073053695,1073594367,1073709055,1073741823,1073741823,1073741823,1073741823,1073741823:g8
1073741823,1073741823,1073741823,1073741823,1073737727,1069547519,1072656127,1073053695,1073594367,1073709055,1073741823,1073741823,1073741823,1073741823,1073741823:g8
1073741823,1073741823,1073741823,1073741823,1073737727,1073741823,1072656127,1068859391,1073594367,1073709055,1073741823,1073741823,1073741823,1073741823,1073741823:g8
1073741823,1073741823,1073741823,1073741823,1073737727,1073741823,1072656127,1072005119,1073594367,1073709055,1073741823,1073741823,1073741823,1073741823,1073741823:g8
1073741823,1073741823,1073741823,1073741823,1073737727,1073741823,1072656127,1073053695,1073594367,1069514751,1073741823,1073741823,1073741823,1073741823,1073741823:g8
1073741823,1073741823,1073741823,1073741823,1073737727,1073741823,1072656127,1073053695,1073594351,1073709055,1073741823,1073741823,1073741823,1073741823,1073741823:g8
1073741823,1073741823,1073741823,1073741823,1073737727,1073741823,1072656127,1073053631,1073594367,1073709055,1073741823,1073741823,1073741823,1073741823,1073741823:g8
1073741823,1073741823,1073741823,1073741823,1073737727,1073741823,1072656111,1073053695,1073594367,1073709055,1073741823,1073741823,1073741823,1073741823,1073741823:g8
1073741823,1073741823,1073741823,1073741823,1073737727,1073741823,1072656063,1073053695,1073594367,1073709055,1073741823,1073741823,1073741823,1073741823,1073741823:g8
1073741823,1073741823,1073741823,1073741823,1073737711,1073741823,1072656127,1073053695,1073594367,1073709055,1073741823,1073741823,1073741823,1073741823,1073741823:g8
1073741823,1073741823,1073741823,1073741823,1073737727,1073741759,1072656127,1073053695,1073594367,1073709055,1073741823,1073741823,1073741823,1073741823,1073741823:g8
1073741823,1073741823,1073741823,1073741823,1073737727,1073741567,1072656127,1073053695,1073594367,1073709055,1073741823,1073741823,1073741823,1073741823,1073741823:g8
1073741823,1073741823,1073741823,1073741823,1073737727,1073741823,1072655103,1073053695,1073594367,1073709055,1073741823,1073741823,1073741823,1073741823,1073741823:g8
1073741823,1073741823,1073741823,1073741823,1073737727,1073741823,1072656127,1073053695,1073594111,1073709055,1073741823,1073741823,1073741823,1073741823,1073741823:g8
1073741823,1073741823,1073741823,1073741823,1073737727,1073741823,1072656127,1073053439,1073594367,1073709055,1073741823,1073741823,1073741823,1073741823,1073741823:g8
1073741823,1073741823,1073741823,1073741823,1073737727,1073741823,1072656127,1073053695,1073594367,1073709055,1073737727,1073741823,1073741823,1073741823,1073741823:g8
1073741823,1073741823,1073741823,1073741823,1073737727,1073741823,1072656127,1073053695,1072545791,1073709055,1073741823,1073741823,1073741823,1073741823,1073741823:g8
1073741823,1073741823,1073741823,1073741823,1073737727,1073741823,1072656127,1073053695,1073332223,1073709055,1073741823,1073741823,1073741823,1073741823,1073741823:g8
1073741823,1073741823,1073741823,1073741823,1073737727,1073741823,1072656127,1073053695,1073594367,1073709055,1072693247,1073741823,1073741823,1073741823,1073741823:g8
1073741823,1073741823,1073741823,1073741823,1073737727,1073741823,1072656127,1073053695,1073594367,1073709055,1073676287,1073741823,1073741823,1073741823,1073741823:g8
1073741823,1073741823,1073741823,1073741823,1073737727,1073741823,1072656127,1073053695,1073594367,1073643519,1073741823,1073741823,1073741823,1073741823,1073741823:g8
1073741823,1073741823,1073741823,1073741823,1073737471,1073741823,1072656127,1073053695,1073594367,1073709055,1073741823,1073741823,1073741823,1073741823,1073741823:g8
1073741823,1073741823,1073741823,1073741823,1073736703,1073741823,1072656127,1073053695,1073594367,1073709055,1073741823,1073741823,1073741823,1073741823,1073741823:g8
1073741823,1073741823,1073741567,1073741823,1073737727,1073741823,1072656127,1073053695,1073594367,1073709055,1073741823,1073741823,1073741823,1073741823,1073741823:g8
1073741823,1073741823,1073741823,1073740799,1073737727,1073741823,1072656127,1073053695,1073594367,1073709055,1073741823,1073741823,1073741823,1073741823,1073741823:g8
1073741823,1073741823,1073737727,1073741823,1073737727,1073741823,1072656127,1073053695,1073594367,1073709055,1073741823,1073741823,1073741823,1073741823,1073741823:g8
1073741823,1073741823,1073741823,1073737727,1073737727,1073741823,1072656127,1073053695,1073594367,1073709055,1073741823,1073741823,1073741823,1073741823,1073741823:g8
1073741823,1073741823,1073676287,1073741823,1073737727,1073741823,1072656127,1073053695,1073594367,1073709055,1073741823,1073741823,1073741823,1073741823,1073741823:g8
1073741823,1073741823,1073741823,1073725439,1073737727,1073741823,1072656127,1073053695,1073594367,1073709055,1073741823,1073741823,1073741823,1073741823,1073741823:g8
1073741823,1073741823,1073741823,1073741823,1073672191,1073741823,1072656127,1073053695,1073594367,1073709055,1073741823,1073741823,1073741823,1073741823,1073741823:g8
1073741823,1073741823,1073741823,1073741823,1073721343,1073741823,1072656127,1073053695,1073594367,1073709055,1073741823,1073741823,1073741823,1073741823,1073741823:g8
1073741823,1073741823,1073741823,1073741823,1073737727,1073737727,1072656127,1073053695,1073594367,1073709055,1073741823,1073741823,1073741823,1073741823,1073741823:g8
1073741823,1073741823,1073741823,1073741823,1073737727,1073741823,1072656127,1073053695,1073594367,1073708031,1073741823,1073741823,1073741823,1073741823,1073741823:g8
1073741823,1073741823,1073741823,1073741823,1073737727,1073741823,1072656127,1073053695,1073590271,1073709055,1073741823,1073741823,1073741823,1073741823,1073741823:g8
1073741823,1073741823,1073741823,1073741823,1073737727,1073741823,1072656127,1073052671,1073594367,1073709055,1073741823,1073741823,1073741823,1073741823,1073741823:g8
1073741823,1073741823,1073741823,1073741823,1073737727,1073741823,1072656127,1073049599,1073594367,1073709055,1073741823,1073741823,1073741823,1073741823,1073741823:g6
1073741823,1073741823,1073741823,1073741823,1073475583,1073733631,1072656127,1073049599,1073594367,1073709055,1073741823,1073741823,1073741823,1073741823,1073741823:f5
1073741823,1073741823,1073741823,1073741823,1073737727,1073733631,1072656127,1073049599,1073594367,1073709055,1073740799,1073741823,1073741823,1073741823,1073741823:f5
1073741823,1073741823,1073741823,1073741823,1073737727,1073733631,1072656127,1073049599,1073594367,1073709055,1073479679,1073741823,1073741823,1073741823,1073741823:f5
1073741823,1073741823,1073741823,1073741567,1073737727,1073733631,1072656127,1073049599,1073594367,1073709055,1073741823,1073741823,1073741823,1073741823,1073741823:j9
1073741823,1073741823,1073741823,1073676287,1073737727,1073733631,1072656127,1073049599,1073594367,1073709055,1073741823,1073741823,1073741823,1073741823,1073741823:f5
1073741823,1073741823,1073741823,1073741823,1073737727,1073733631,1072656127,1073049599,1073594367,1073708799,1073741823,1073741823,1073741823,1073741823,1073741823:f5
1073741823,1073741823,1073741823,1073741823,1073737727,1073733631,1072656127,1073049599,1073593343,1073709055,1073741823,1073741823,1073741823,1073741823,1073741823:f5
1073741823,1073741823,1073741823,1073741823,1073737727,1073668095,1072656127,1073049599,1073594367,1073709055,1073741823,1073741823,1073741823,1073741823,1073741823:f5
1073741823,1073741823,1073741823,1073741823,1073737727,1073733631,1072656127,1073049599,1073594367,1072660479,1073741823,1073741823,1073741823,1073741823,1073741823:f5
1073741823,1073741823,1073741823,1073741823,1072689151,1073733631,1072656127,1073049599,1073594367,1073709055,1073741823,1073741823,1073741823,1073741823,1073741823:f5
1073741823,1073741823,1073741823,1073741823,1073737727,1072685055,1072656127,1073049599,1073594367,1073709055,1073741823,1073741823,1073741823,1073741823,1073741823:f5
1073741823,1073741823,1073741823,1073741823,1056960511,1073733631,1072656127,1073049599,1073594367,1073709055,1073741823,1073741823,1073741823,1073741823,1073741823:f5
1073741823,1073741823,1073741823,1073741823,1073737727,1073733631,1055878911,1073049599,1073594367,1073709055,1073741823,1073741823,1073741823,1073741823,1073741823:f5
1073741823,1073741823,1073741823,1073741823,1073737727,1073733631,1068461823,1073049599,1073594367,1073709055,1073741823,1073741823,1073741823,1073741823,1073741823:f5
1073741823,1073741823,1073741823,1073741823,1073737727,1073733631,1072656127,1073049599,1056817151,1073709055,1073741823,1073741823,1073741823,1073741823,1073741823:f5
1073741823,1073741823,1073741823,1073741823,1073737727,1073733631,1072656127,1073049599,1073594367,1073709055,1073741823,1073740799,1073741823,1073741823,1073741823:f5
1073741823,1073741823,1073741823,1073741823,1073737727,1073733631,1072656127,1073049599,1073594367,1073704959,1073741823,1073741823,1073741823,1073741823,1073741823:f5
1073741823,1073741823,1073741823,1073741823,1073737727,1073733631,1072656127,1073049599,1073594367,1073709055,1073741823,1073479679,1073741823,1073741823,1073741823:f5
1073741823,1073741823,1073741823,1073741823,1073737727,1073733631,1072656127,1073049599,1073594367,1073709055,1073741823,1073725439,1073741823,1073741823,1073741823:f5
1073741823,1073741823,1073741823,1073741823,1073737727,1073733631,1072656127,1073049599,1073594367,1073709055,1073725439,1073741823,1073741823,1073741823,1073741823:f5
1073741823,1073741823,1073741823,1073741823,1073737727,1073733631,1072393983,1073049599,1073594367,1073709055,1073741823,1073741823,1073741823,1073741823,1073741823:f5
1073741823,1073741823,1073741823,1073741823,1073737727,1069539327,1072656127,1073049599,1073594367,1073709055,1073741823,1073741823,1073741823,1073741823,1073741823:f5
1073741823,1073741823,1073741823,1073741823,1073737727,1073733631,1072656127,1068855295,1073594367,1073709055,1073741823,1073741823,1073741823,1073741823,1073741823:f5
1073741823,1073741823,1073741823,1073741823,1073737727,1073733631,1072656127,1072001023,1073594367,1073709055,1073741823,1073741823,1073741823,1073741823,1073741823:f5
1073741823,1073741823,1073741823,1073741823,1073737727,1073733631,1072656127,1073049599,1073594367,1069514751,1073741823,1073741823,1073741823,1073741823,1073741823:f5
1073741823,1073741823,1073741823,1073741823,1073737727,1073733631,1072656127,1073049599,1073594351,1073709055,1073741823,1073741823,1073741823,1073741823,1073741823:f5
1073741823,1073741823,1073741823,1073741823,1073737727,1073733631,1072656127,1073049535,1073594367,1073709055,1073741823,1073741823,1073741823,1073741823,1073741823:f5
1073741823,1073741823,1073741823,1073741823,1073737727,1073733631,1072656111,1073049599,1073594367,1073709055,1073741823,1073741823,1073741823,1073741823,1073741823:f5
1073741823,1073741823,1073741823,1073741823,1073737727,1073733631,1072656063,1073049599,1073594367,1073709055,1073741823,1073741823,1073741823,1073741823,1073741823:f5
1073741823,1073741823,1073741823,1073741823,1073737711,1073733631,1072656127,1073049599,1073594367,1073709055,1073741823,1073741823,1073741823,1073741823,1073741823:f5
1073741823,1073741823,1073741823,1073741823,1073737727,1073733567,1072656127,1073049599,1073594367,1073709055,1073741823,1073741823,1073741823,1073741823,1073741823:f5
1073741823,1073741823,1073741823,1073741823,1073737727,1073733375,1072656127,1073049599,1073594367,1073709055,1073741823,1073741823,1073741823,1073741823,1073741823:f5
1073741823,1073741823,1073741823,1073741823,1073737727,1073733631,1072655103,1073049599,1073594367,1073709055,1073741823,1073741823,1073741823,1073741823,1073741823:f5
1073741823,1073741823,1073741823,1073741823,1073737727,1073733631,1072656127,1073049599,1073594111,1073709055,1073741823,1073741823,1073741823,1073741823,1073741823:f5
1073741823,1073741823,1073741823,1073741823,1073737727,1073733631,1072656127,1073049343,1073594367,1073709055,1073741823,1073741823,1073741823,1073741823,1073741823:f5
1073741823,1073741823,1073741823,1073741823,1073737727,1073733631,1072656127,1073049599,1073594367,1073709055,1073737727,1073741823,1073741823,1073741823,1073741823:f5
1073741823,1073741823,1073741823,1073741823,1073737727,1073733631,1072656127,1073049599,1072545791,1073709055,1073741823,1073741823,1073741823,1073741823,1073741823:f5
1073741823,1073741823,1073741823,1073741823,1073737727,1073733631,1072656127,1073049599,1073332223,1073709055,1073741823,1073741823,1073741823,1073741823,1073741823:i10
1073741823,1073741823,1073741823,1073741823,1073737727,1073733631,1072656127,1073049599,1073332223,1073577983,1073741823,1073737727,1073741823,1073741823,1073741823:i7
1073741823,1073741823,1073741823,1073741823,1073737727,1073733631,1072656127,1073049599,1073332223,1073577983,1073741823,1072693247,1073741823,1073741823,1073741823:i7
1073741823,1073741823,1073741823,1073741823,1073737727,1073733631,1072656127,1073049599,1073332223,1073577983,1073741823,1073676287,1073741823,1073741823,1073741823:i7
1073741823,1073741823,1073741823,1073741823,1073737727,1073733631,1072656127,1073049599,1069137919,1073577983,1073741823,1073741823,1073741823,1073741823,1073741823:i7
1073741823,1073741823,1073741823,1073741823,1073737727,1073733631,1072656127,1073049599,1073332223,1073577983,1069547519,1073741823,1073741823,1073741823,1073741823:i7
1073741823,1073741823,1073741823,1073741567,1073737727,1073733631,1072656127,1073049599,1073332223,1073577983,1073741823,1073741823,1073741823,1073741823,1073741823:i7
1073741823,1073741823,1073741823,1073676287,1073737727,1073733631,1072656127,1073049599,1073332223,1073577983,1073741823,1073741823,1073741823,1073741823,1073741823:i7
1073741823,1073741823,1073741823,1073741823,1073737727,1073733631,1072656127,1073049599,1073332223,1073577727,1073741823,1073741823,1073741823,1073741823,1073741823:i7
1073741823,1073741823,1073741823,1073741823,1073737727,1073733631,1072656127,1073049599,1073332223,1072529407,1073741823,1073741823,1073741823,1073741823,1073741823:i7
1073741823,1073741823,1073741823,1073741823,1073737727,1073733631,1072656127,1073049599,1073332223,1073577983,1073740799,1073741823,1073741823,1073741823,1073741823:i7
1073741823,1073741823,1073741823,1073741823,1073737727,1073733631,1072656127,1073049599,1073332223,1073577983,1073479679,1073741823,1073741823,1073741823,1073741823:i7
1073741823,1073741823,1073741823,1073741823,1073737727,1073733631,1072656127,1073049599,1073331199,1073577983,1073741823,1073741823,1073741823,1073741823,1073741823:i7
1073741823,1073741823,1073741823,1073741823,1073475583,1073733631,1072656127,1073049599,1073332223,1073577983,1073741823,1073741823,1073741823,1073741823,1073741823:i7
1073741823,1073741823,1073741823,1073741823,1073737727,1073668095,1072656127,1073049599,1073332223,1073577983,1073741823,1073741823,1073741823,1073741823,1073741823:i7
1073741823,1073741823,1073741823,1073741823,1072689151,1073733631,1072656127,1073049599,1073332223,1073577983,1073741823,1073741823,1073741823,1073741823,1073741823:i7
1073741823,1073741823,1073741823,1073741823,1073737727,1072685055,1072656127,1073049599,1073332223,1073577983,1073741823,1073741823,1073741823,1073741823,1073741823:i7
1073741823,1073741823,1073741823,1073741823,1056960511,1073733631,1072656127,1073049599,1073332223,1073577983,1073741823,1073741823,1073741823,1073741823,1073741823:i7
1073741823,1073741823,1073741823,1073741823,1073737727,1073733631,1055878911,1073049599,1073332223,1073577983,1073741823,1073741823,1073741823,1073741823,1073741823:i7
1073741823,1073741823,1073741823,1073741823,1073737727,1073733631,1068461823,1073049599,1073332223,1073577983,1073741823,1073741823,1073741823,1073741823,1073741823:i7
1073741823,1073741823,1073741823,1073741823,1073737727,1073733631,1072656127,1073049599,1056555007,1073577983,1073741823,1073741823,1073741823,1073741823,1073741823:i7
1073741823,1073741823,1073741823,1073741823,1073737727,1073733631,1072656127,1073049599,1073332223,1073577983,1073741823,1073740799,1073741823,1073741823,1073741823:i7
1073741823,1073741823,1073741823,1073741823,1073737727,1073733631,1072656127,1073049599,1073332223,1073573887,1073741823,1073741823,1073741823,1073741823,1073741823:i7
1073741823,1073741823,1073741823,1073741823,1073737727,1073733631,1072656127,1073049599,1073332223,1073577983,1073741823,1073479679,1073741823,1073741823,1073741823:i7
1073741823,1073741823,1073741823,1073741823,1073737727,1073733631,1072656127,1073049599,1073332223,1073577983,1073741823,1073725439,1073741823,1073741823,1073741823:i7
1073741823,1073741823,1073741823,1073741823,1073737727,1073733631,1072656127,1073049599,1073332223,1073577983,1073725439,1073741823,1073741823,1073741823,1073741823:i7
1073741823,1073741823,1073741823,1073741823,1073737727,1073733631,1072393983,1073049599,1073332223,1073577983,1073741823,1073741823,1073741823,1073741823,1073741823:i7
1073741823,1073741823,1073741823,1073741823,1073737727,1069539327,1072656127,1073049599,1073332223,1073577983,1073741823,1073741823,1073741823,1073741823,1073741823:i7
1073741823,1073741823,1073741823,1073741823,1073737727,1073733631,1072656127,1068855295,1073332223,1073577983,1073741823,1073741823,1073741823,1073741823,1073741823:i7
1073741823,1073741823,1073741823,1073741823,1073737727,1073733631,1072656127,1072001023,1073332223,1073577983,1073741823,1073741823,1073741823,1073741823,1073741823:i7
1073741823,1073741823,1073741823,1073741823,1073737727,1073733631,1072656127,1073049599,1073332223,1069383679,1073741823,1073741823,1073741823,1073741823,1073741823:i7
1073741823,1073741823,1073741823,1073741823,1073737727,1073733631,1072656127,1073049599,1073332207,1073577983,1073741823,1073741823,1073741823,1073741823,1073741823:i7
1073741823,1073741823,1073741823,1073741823,1073737727,1073733631,1072656127,1073049535,1073332223,1073577983,1073741823,1073741823,1073741823,1073741823,1073741823:i7
1073741823,1073741823,1073741823,1073741823,1073737727,1073733631,1072656111,1073049599,1073332223,1073577983,1073741823,1073741823,1073741823,1073741823,1073741823:i7
1073741823,1073741823,1073741823,1073741823,1073737727,1073733631,1072656063,1073049599,1073332223,1073577983,1073741823,1073741823,1073741823,1073741823,1073741823:i7
1073741823,1073741823,1073741823,1073741823,1073737711,1073733631,1072656127,1073049599,1073332223,1073577983,1073741823,1073741823,1073741823,1073741823,1073741823:i7
1073741823,1073741823,1073741823,1073741823,1073737727,1073733567,1072656127,1073049599,1073332223,1073577983,1073741823,1073741823,1073741823,1073741823,1073741823:i7
1073741823,1073741823,1073741823,1073741823,1073737727,1073733375,1072656127,1073049599,1073332223,1073577983,1073741823,1073741823,1073741823,1073741823,1073741823:i7
1073741823,1073741823,1073741823,1073741823,1073737727,1073733631,1072655103,1073049599,1073332223,1073577983,1073741823,1073741823,1073741823,1073741823,1073741823:i7
1073741823,1073741823,1073741823,1073741823,1073737727,1073733631,1072656127,1073049599,1073331967,1073577983,1073741823,1073741823,1073741823,1073741823,1073741823:i7
1073741823,1073741823,1073741823,1073741823,1073737727,1073733631,1072656127,1073049343,1073332223,1073577983,1073741823,1073741823,1073741823,1073741823,1073741823:i7
1073741823,1073741823,1073741823,1073741823,1073737727,1073733631,1072656127,1073049599,1073332223,1073577983,1073737727,1073741823,1073741823,1073741823,1073741823:i7
1073741823,1073741823,1073741823,1073741823,1073737727,1073733631,1072656127,1073049599,1072283647,1073577983,1073741823,1073741823,1073741823,1073741823,1073741823:i7
1073741823,1073741823,1073741823,1073741823,1073737727,1073733631,1072656127,1073049599,1073332223,1073577983,1072693247,1073741823,1073741823,1073741823,1073741823:i7
1073741823,1073741823,1073741823,1073741823,1073737727,1073733631,1072656127,1073049599,1073332223,1073577983,1073676287,1073741823,1073741823,1073741823,1073741823:i7
1073741823,1073741823,1073741823,1073741823,1073737471,1073733631,1072656127,1073049599,1073332223,1073577983,1073741823,1073741823,1073741823,1073741823,1073741823:i7
1073741823,1073741823,1073741823,1073741823,1073736703,1073733631,1072656127,1073049599,1073332223,1073577983,1073741823,1073741823,1073741823,1073741823,1073741823:i7
1073741823,1073741823,1073741567,1073741823,1073737727,1073733631,1072656127,1073049599,1073332223,1073577983,1073741823,1073741823,1073741823,1073741823,1073741823:i7
1073741823,1073741823,1073741823,1073740799,1073737727,1073733631,1072656127,1073049599,1073332223,1073577983,1073741823,1073741823,1073741823,1073741823,1073741823:i7
1073741823,1073741823,1073737727,1073741823,1073737727,1073733631,1072656127,1073049599,1073332223,1073577983,1073741823,1073741823,1073741823,1073741823,1073741823:i7
1073741823,1073741823,1073741823,1073737727,1073737727,1073733631,1072656127,1073049599,1073332223,1073577983,1073741823,1073741823,1073741823,1073741823,1073741823:i7
1073741823,1073741823,1073676287,1073741823,1073737727,1073733631,1072656127,1073049599,1073332223,1073577983,1073741823,1073741823,1073741823,1073741823,1073741823:i7
1073741823,1073741823,1073741823,1073725439,1073737727,1073733631,1072656127,1073049599,1073332223,1073577983,1073741823,1073741823,1073741823,1073741823,1073741823:i7
1073741823,1073741823,1073741823,1073741823,1073672191,1073733631,1072656127,1073049599,1073332223,1073577983,1073741823,1073741823,1073741823,1073741823,1073741823:i7
1073741823,1073741823,1073741823,1073741823,1073721343,1073733631,1072656127,1073049599,1073332223,1073577983,1073741823,1073741823,1073741823,1073741823,1073741823:i7
1073741823,1073741823,1073741823,1073741823,1073737727,1073733631,1072656127,1073049599,1073332223,1073576959,1073741823,1073741823,1073741823,1073741823,1073741823:i7
1073741823,1073741823,1073741823,1073741823,1073737727,1073733631,1072656127,1073049599,1073328127,1073577983,1073741823,1073741823,1073741823,1073741823,1073741823:i7
1073741823,1073741823,1073741823,1073741823,1073737727,1073733631,1072656127,1073048575,1073332223,1073577983,1073741823,1073741823,1073741823,1073741823,1073741823:i7
1073741823,1073741823,1073741823,1073741823,1073737727,1073732607,1072656127,1073049599,1073332223,1073577983,1073741823,1073741823,1073741823,1073741823,1073741823:i7
1073741823,1073741823,1073741823,1073741823,1073737727,1073717247,1072656127,1073049599,1073332223,1073577983,1073741823,1073741823,1073741823,1073741823,1073741823:i7
1073741823,1073741823,1073741823,1073741823,1073737727,1073471487,1072656127,1073049599,1073332223,1073577983,1073741823,1073741823,1073741823,1073741823,1073741823:i7
1073741823,1073741823,1073741823,1073741823,1073737727,1073733631,1072590591,1073049599,1073332223,1073577983,1073741823,1073741823,1073741823,1073741823,1073741823:l8
1073741823,1073741823,1073741823,1073741823,1073737727,1073733631,1072656127,1073049599,1073332223,1073315839,1073741823,1073741823,1073741823,1073741823,1073741823:i7
1073741823,1073741823,1073741823,1073741823,1073737727,1073733631,1072656127,1073049599,1073594367,1073709055,1072693247,1073741823,1073741823,1073741823,1073741823:f5
1073741823,1073741823,1073741823,1073741823,1073737727,1073733631,1072656127,1073049599,1073594367,1073709055,1073676287,1073741823,1073741823,1073741823,1073741823:f5
1073741823,1073741823,1073741823,1073741823,1073737727,1073733631,1072656127,1073049599,1073594367,1073643519,1073741823,1073741823,1073741823,1073741823,1073741823:f5
1073741823,1073741823,1073741823,1073741823,1073737471,1073733631,1072656127,1073049599,1073594367,1073709055,1073741823,1073741823,1073741823,1073741823,1073741823:f5
1073741823,1073741823,1073741823,1073741823,1073736703,1073733631,1072656127,1073049599,1073594367,1073709055,1073741823,1073741823,1073741823,1073741823,1073741823:k10
1073741823,1073741823,1073741567,1073741823,1073737727,1073733631,1072656127,1073049599,1073594367,1073709055,1073741823,1073741823,1073741823,1073741823,1073741823:f5
1073741823,1073741823,1073741823,1073740799,1073737727,1073733631,1072656127,1073049599,1073594367,1073709055,1073741823,1073741823,1073741823,1073741823,1073741823:f5
1073741823,1073741823,1073737727,1073741823,1073737727,1073733631,1072656127,1073049599,1073594367,1073709055,1073741823,1073741823,1073741823,1073741823,1073741823:f5
1073741823,1073741823,1073741823,1073737727,1073737727,1073733631,1072656127,1073049599,1073594367,1073709055,1073741823,1073741823,1073741823,1073741823,1073741823:f5
1073741823,1073741823,1073676287,1073741823,1073737727,1073733631,1072656127,1073049599,1073594367,1073709055,1073741823,1073741823,1073741823,1073741823,1073741823:f5
1073741823,1073741823,1073741823,1073725439,1073737727,1073733631,1072656127,1073049599,1073594367,1073709055,1073741823,1073741823,1073741823,1073741823,1073741823:f5
1073741823,1073741823,1073741823,1073741823,1073672191,1073733631,1072656127,1073049599,1073594367,1073709055,1073741823,1073741823,1073741823,1073741823,1073741823:f5
1073741823,1073741823,1073741823,1073741823,1073721343,1073733631,1072656127,1073049599,1073594367,1073709055,1073741823,1073741823,1073741823,1073741823,1073741823:f5
1073741823,1073741823,1073741823,1073741823,1073737727,1073733631,1072656127,1073049599,1073594367,1073708031,1073741823,1073741823,1073741823,1073741823,1073741823:f5
1073741823,1073741823,1073741823,1073741823,1073737727,1073733631,1072656127,1073049599,1073590271,1073709055,1073741823,1073741823,1073741823,1073741823,1073741823:f5
1073741823,1073741823,1073741823,1073741823,1073737727,1073733631,1072656127,1073048575,1073594367,1073709055,1073741823,1073741823,1073741823,1073741823,1073741823:f5
1073741823,1073741823,1073741823,1073741823,1073737727,1073732607,1072656127,1073049599,1073594367,1073709055,1073741823,1073741823,1073741823,1073741823,1073741823:f5
1073741823,1073741823,1073741823,1073741823,1073737727,1073717247,1072656127,1073049599,1073594367,1073709055,1073741823,1073741823,1073741823,1073741823,1073741823:f5
1073741823,1073741823,1073741823,1073741823,1073737727,1073471487,1072656127,1073049599,1073594367,1073709055,1073741823,1073741823,1073741823,1073741823,1073741823:f5
1073741823,1073741823,1073741823,1073741823,1073737727,1073733631,1072590591,1073049599,1073594367,1073709055,1073741823,1073741823,1073741823,1073741823,1073741823:f5
1073741823,1073741823,1073741823,1073741823,1073737727,1073733631,1072656127,1073049599,1073594367,1073446911,1073741823,1073741823,1073741823,1073741823,1073741823:f5
1073741823,1073741823,1073741823,1073741823,1073737727,1073740799,1072656127,1073053695,1073594367,1073709055,1073741823,1073741823,1073741823,1073741823,1073741823:g8
1073741823,1073741823,1073741823,1073741823,1073737727,1073725439,1072656127,1073053695,1073594367,1073709055,1073741823,1073741823,1073741823,1073741823,1073741823:g8
1073741823,1073741823,1073741823,1073741823,1073737727,1073479679,1072656127,1073053695,1073594367,1073709055,1073741823,1073741823,1073741823,1073741823,1073741823:g8
1073741823,1073741823,1073741823,1073741823,1073737727,1073741823,1072590591,1073053695,1073594367,1073709055,1073741823,1073741823,1073741823,1073741823,1073741823:g8
1073741823,1073741823,1073741823,1073741823,1073737727,1073741823,1072656127,1073053695,1073594367,1073446911,1073741823,1073741823,1073741823,1073741823,1073741823:g8
1073741823,1073741823,1073741823,1073741823,1073737727,1073741823,1073737471,1073184767,1072562175,1073709055,1073741823,1073741823,1073741823,1073741823,1073741823:k7
1073741823,1073741823,1073741823,1073741823,1073737727,1073741823,1073737471,1073184767,1073348607,1073709055,1073741823,1073741823,1073741823,1073741823,1073741823:k7
1073741823,1073741823,1073741823,1073741823,1073737727,1073741823,1073737471,1073184767,1073610751,1073709055,1072693247,1073741823,1073741823,1073741823,1073741823:k7
1073741823,1073741823,1073741823,1073741823,1073737727,1073741823,1073737471,1073184767,1073610751,1073709055,1073676287,1073741823,1073741823,1073741823,1073741823:k7
1073741823,1073741823,1073741823,1073741823,1073737727,1073741823,1073737471,1073184767,1073610751,1073643519,1073741823,1073741823,1073741823,1073741823,1073741823:k7
1073741823,1073741823,1073741823,1073741823,1073737471,1073741823,1073737471,1073184767,1073610751,1073709055,1073741823,1073741823,1073741823,1073741823,1073741823:k7
1073741823,1073741823,1073741823,1073741823,1073736703,1073741823,1073737471,1073184767,1073610751,1073709055,1073741823,1073741823,1073741823,1073741823,1073741823:k7
1073741823,1073741823,1073741567,1073741823,1073737727,1073741823,1073737471,1073184767,1073610751,1073709055,1073741823,1073741823,1073741823,1073741823,1073741823:k7
1073741823,1073741823,1073741823,1073740799,1073737727,1073741823,1073737471,1073184767,1073610751,1073709055,1073741823,1073741823,1073741823,1073741823,1073741823:k7
1073741823,1073741823,1073737727,1073741823,1073737727,1073741823,1073737471,1073184767,1073610751,1073709055,1073741823,1073741823,1073741823,1073741823,1073741823:k7
1073741823,1073741823,1073741823,1073737727,1073737727,1073741823,1073737471,1073184767,1073610751,1073709055,1073741823,1073741823,1073741823,1073741823,1073741823:k7
1073741823,1073741823,1073676287,1073741823,1073737727,1073741823,1073737471,1073184767,1073610751,1073709055,1073741823,1073741823,1073741823,1073741823,1073741823:k7
1073741823,1073741823,1073741823,1073725439,1073737727,1073741823,1073737471,1073184767,1073610751,1073709055,1073741823,1073741823,1073741823,1073741823,1073741823:k7
1073741823,1073741823,1073741823,1073741823,1073672191,1073741823,1073737471,1073184767,1073610751,1073709055,1073741823,1073741823,1073741823,1073741823,1073741823:k7
1073741823,1073741823,1073741823,1073741823,1073721343,1073741823,1073737471,1073184767,1073610751,1073709055,1073741823,1073741823,1073741823,1073741823,1073741823:k7
1073741823,1073741823,1073741823,1073741823,1073737727,1073737727,1073737471,1073184767,1073610751,1073709055,1073741823,1073741823,1073741823,1073741823,1073741823:k7
1073741823,1073741823,1073741823,1073741823,1073737727,1073741823,1073737471,1073184767,1073610751,1073708031,1073741823,1073741823,1073741823,1073741823,1073741823:k7
1073741823,1073741823,1073741823,1073741823,1073737727,1073741823,1073737471,1073184767,1073606655,1073709055,1073741823,1073741823,1073741823,1073741823,1073741823:k7
1073741823,1073741823,1073741823,1073741823,1073737727,1073741823,1073737471,1073183743,1073610751,1073709055,1073741823,1073741823,1073741823,1073741823,1073741823:k7
1073741823,1073741823,1073741823,1073741823,1073737727,1073741823,1073737471,1073180671,1073610751,1073709055,1073741823,1073741823,1073741823,1073741823,1073741823:k7
1073741823,1073741823,1073741823,1073741823,1073737727,1073740799,1073737471,1073184767,1073610751,1073709055,1073741823,1073741823,1073741823,1073741823,1073741823:k7
1073741823,1073741823,1073741823,1073741823,1073737727,1073725439,1073737471,1073184767,1073610751,1073709055,1073741823,1073741823,1073741823,1073741823,1073741823:k7
1073741823,1073741823,1073741823,1073741823,1073737727,1073741823,1073721087,1073184767,1073610751,1073709055,1073741823,1073741823,1073741823,1073741823,1073741823:k7
1073741823,1073741823,1073741823,1073741823,1073737727,1073479679,1073737471,1073184767,1073610751,1073709055,1073741823,1073741823,1073741823,1073741823,1073741823:k7
1073741823,1073741823,1073741823,1073741823,1073737727,1073741823,1073671935,1073184767,1073610751,1073709055,1073741823,1073741823,1073741823,1073741823,1073741823:k7
1073741823,1073741823,1073741823,1073741823,1073737727,1073741823,1073737471,1073119231,1073610751,1073709055,1073741823,1073741823,1073741823,1073741823,1073741823:k7
1073741823,1073741823,1073741823,1073741823,1073737727,1073741823,1073737471,1073184767,1073610751,1073446911,1073741823,1073741823,1073741823,1073741823,1073741823:k7
1073741823,1073741823,1073741823,1073741823,1073737727,1073741823,1073737471,1073184767,1073594367,1073709055,1073741823,1073741823,1073741823,1073741823,1073741823:k7
