1073741823,1073741823,1073741823,1073741823,1073479679,1073741823,1073594367,1073709055,1073610751,1073741823,1073479679,1073741823,1073741823,1073741823,1073741823:g9
1073741823,1073741823,1073741823,1073741823,1073479679,1073741823,1073594367,1073709055,1073602559,1073741823,1073479423,1073741823,1073741823,1073741823,1073741823:i8
1073741823,1073741823,1073741823,1073741823,1073479679,1073741823,1073594367,1073709055,1073602303,1073741823,1073479679,1073741823,1073741823,1073741823,1073741823:i8
1073741823,1073741823,1073741823,1073741823,1073479679,1073741823,1073594111,1073709055,1073602559,1073741823,1073479679,1073741823,1073741823,1073741823,1073741823:i8
1073741823,1073741823,1073741823,1073741823,1073479679,1073741823,1073594367,1073709055,1073602559,1073737727,1073479679,1073741823,1073741823,1073741823,1073741823:j6
1073741823,1073741823,1073741823,1073741823,1073479679,1073741823,1073594367,1073709055,1073602559,1073741823,1073479679,1073741823,1073725439,1073741823,1073741823:i8
1073741823,1073741823,1073741823,1073741823,1073479679,1073741823,1073594367,1073709055,1073602559,1073741823,1073479679,1073676287,1073741823,1073741823,1073741823:i8
1073741823,1073741823,1073741823,1073741823,1073479679,1073741823,1073594367,1073709055,1073602559,1073741823,1073463295,1073741823,1073741823,1073741823,1073741823:i8
1073741823,1073741823,1073741823,1073741823,1073479679,1073741823,1073594367,1073709055,1069408255,1073741823,1073479679,1073741823,1073741823,1073741823,1073741823:i8
1073741823,1073741823,1073741823,1073741823,1073479679,1073741823,1073594367,1073709055,1073602559,1072693247,1073479679,1073741823,1073741823,1073741823,1073741823:i8
1073741823,1073741823,1073741823,1073741823,1073479679,1073741823,1073594367,1073709055,1073602559,1073741823,1069285375,1073741823,1073741823,1073741823,1073741823:i8
1073741823,1073741823,1073741823,1073741823,1073479679,1073741823,1073594367,1073709055,1073602559,1073741823,1073479679,1073741823,1069547519,1073741823,1073741823:j6
1073741823,1073741823,1073741823,1073741823,1073479679,1073741823,1073594367,1073709055,1073602559,1073741823,1073479679,1072693247,1073741823,1073741823,1073741823:j6
1073741823,1073741823,1073741823,1073741823,1073479679,1073741823,1073594367,1073709055,1073602559,1073741823,1073479679,1073741823,1073479679,1073741823,1073741823:i8
1073741823,1073741823,1073741823,1073741823,1073479679,1073741823,1073594367,1073709055,1073602559,1073741823,1073479679,1073479679,1073741823,1073741823,1073741823:j6
1073741823,1073741823,1073741823,1073741823,1073479679,1073741823,1073594367,1073709055,1073602559,1073741823,1073475583,1073741823,1073741823,1073741823,1073741823:i8
1073741823,1073741823,1073741823,1073741823,1073479679,1073741823,1073594367,1073709055,1073602559,1073741823,1072431103,1073741823,1073741823,1073741823,1073741823:i8
1073741823,1073741823,1073741823,1073741823,1073479679,1073741823,1073594367,1073709055,1073602559,1073741823,1073414143,1073741823,1073741823,1073741823,1073741823:i8
1073741823,1073741823,1073741823,1073741823,1073479679,1073741823,1073594367,1073709055,1073602559,1073676287,1073479679,1073741823,1073741823,1073741823,1073741823:j6
1073741823,1073741823,1073725439,1073741823,1073479679,1073741823,1073594367,1073709055,1073602559,1073741823,1073479679,1073741823,1073741823,1073741823,1073741823:i8
1073741823,1073741823,1073741823,1073676287,1073479679,1073741823,1073594367,1073709055,1073602559,1073741823,1073479679,1073741823,1073741823,1073741823,1073741823:j6
1073741823,1073741823,1073479679,1073741823,1073479679,1073741823,1073594367,1073709055,1073602559,1073741823,1073479679,1073741823,1073741823,1073741823,1073741823:j6
1073741823,1073741823,1073741823,1073479679,1073479679,1073741823,1073594367,1073709055,1073602559,1073741823,1073479679,1073741823,1073741823,1073741823,1073741823:j6
1073741823,1073741823,1069547519,1073741823,1073479679,1073741823,1073594367,1073709055,1073602559,1073741823,1073479679,1073741823,1073741823,1073741823,1073741823:j6
1073741823,1073741823,1073741823,1072693247,1073479679,1073741823,1073594367,1073709055,1073602559,1073741823,1073479679,1073741823,1073741823,1073741823,1073741823:j6
1073741823,1073741823,1073741823,1073741823,1069285375,1073741823,1073594367,1073709055,1073602559,1073741823,1073479679,1073741823,1073741823,1073741823,1073741823:j6
1073741823,1073741823,1073741823,1073741823,1073479679,1073741823,1069400063,1073709055,1073602559,1073741823,1073479679,1073741823,1073741823,1073741823,1073741823:i8
1073741823,1073741823,1073741823,1073741823,1073479679,1072693247,1073594367,1073709055,1073602559,1073741823,1073479679,1073741823,1073741823,1073741823,1073741823:j6
1073741823,1073741823,1073741823,1073741823,1073475583,1073741823,1073594367,1073709055,1073602559,1073741823,1073479679,1073741823,1073741823,1073741823,1073741823:i8
1073741823,1073741823,1073741823,1073741823,1073414143,1073741823,1073594367,1073709055,1073602559,1073741823,1073479679,1073741823,1073741823,1073741823,1073741823:i8
1073741823,1073741823,1073741823,1073741823,1072431103,1073741823,1073594367,1073709055,1073602559,1073741823,1073479679,1073741823,1073741823,1073741823,1073741823:f10
1073741823,1073741823,1073741823,1073741823,1073479679,1073741823,1072545791,1073709055,1073602559,1073741823,1073479679,1073741823,1073741823,1073741823,1073741823:j6
1073741823,1073741823,1073741823,1073741823,1073479679,1073741823,1073594367,1073709055,1072553983,1073741823,1073479679,1073741823,1073741823,1073741823,1073741823:i8
1073741823,1073741823,1073741823,1073741823,1073479679,1073741823,1073594367,1073709055,1073601535,1073741823,1073479679,1073741823,1073741823,1073741823,1073741823:j6
1073741823,1073741823,1073741823,1073741823,1073479679,1073741823,1073593343,1073709055,1073602559,1073741823,1073479679,1073741823,1073741823,1073741823,1073741823:i8
1073741823,1073741823,1073741823,1073741823,1073478655,1073741823,1073594367,1073709055,1073602559,1073741823,1073479679,1073741823,1073741823,1073741823,1073741823:i8
1073741823,1073741823,1073741823,1073741823,1073479679,1073737727,1073594367,1073709055,1073602559,1073741823,1073479679,1073741823,1073741823,1073741823,1073741823:i8
1073741823,1073741823,1073741823,1073741823,1073463295,1073741823,1073594367,1073709055,1073602559,1073741823,1073479679,1073741823,1073741823,1073741823,1073741823:i8
1073741823,1073741823,1073741823,1073741823,1073479679,1073676287,1073594367,1073709055,1073602559,1073741823,1073479679,1073741823,1073741823,1073741823,1073741823:j6
1073741823,1073741823,1073741823,1073741823,1073479679,1073741823,1073332223,1073709055,1073602559,1073741823,1073479679,1073741823,1073741823,1073741823,1073741823:j6
1073741823,1073741823,1073741823,1073741823,1073479679,1073741823,1073594367,1073709055,1073340415,1073741823,1073479679,1073741823,1073741823,1073741823,1073741823:j6
1073741823,1073741823,1073741823,1073741823,1073479679,1073741823,1073594367,1073709055,1073602559,1073740799,1073479679,1073741823,1073741823,1073741823,1073741823:i8
1073741823,1073741823,1073741823,1073741823,1073479679,1073741823,1073594367,1073708031,1073602559,1073741823,1073479679,1073741823,1073741823,1073741823,1073741823:j6
1073741823,1073741823,1073741823,1073741823,1073479679,1073741823,1073594367,1073704959,1073602559,1073741823,1073479679,1073741823,1073741823,1073741823,1073741823:j6
1073741823,1073741823,1073741823,1073741823,1073479679,1073740799,1073594367,1073709055,1073602559,1073741823,1073479679,1073741823,1073741823,1073741823,1073741823:i8
1073741823,1073741823,1073741823,1073741823,1073479679,1073741823,1073590271,1073709055,1073602559,1073741823,1073479679,1073741823,1073741823,1073741823,1073741823:j6
1073741823,1073741823,1073741823,1073741823,1073479679,1073725439,1073594367,1073709055,1073602559,1073741823,1073479679,1073741823,1073741823,1073741823,1073741823:i8
1073741823,1073741823,1073741823,1073741823,1073479679,1073479679,1073594367,1073709055,1073602559,1073741823,1073479679,1073741823,1073741823,1073741823,1073741823:j10
1073741823,1073741823,1073741823,1073741823,1073479679,1073479679,1073594367,1073709055,1073602559,1073217535,1073479679,1073725439,1073741823,1073741823,1073741823:i8
1073741823,1073741823,1073741823,1073741823,1073479679,1073479679,1073594367,1073709055,1073602559,1069023231,1073479679,1073741823,1073741823,1073741823,1073741823:i8
1073741823,1073741823,1073741823,1073741823,1073479679,1073479679,1073594367,1073709055,1073602559,1073217535,1073479679,1069547519,1073741823,1073741823,1073741823:i8
1073741823,1073741823,1073741823,1073725439,1073479679,1073479679,1073594367,1073709055,1073602559,1073217535,1073479679,1073741823,1073741823,1073741823,1073741823:g7
1073741823,1073741823,1073741823,1069547519,1073479679,1073479679,1073594367,1073709055,1073602559,1073217535,1073479679,1073741823,1073741823,1073741823,1073741823:g7
1073741823,1073741823,1073741823,1073741823,1073479679,1069285375,1073594367,1073709055,1073602559,1073217535,1073479679,1073741823,1073741823,1073741823,1073741823:g7
1073741823,1073741823,1073741823,1073741823,1073479679,1073479679,1073594367,1069514751,1073602559,1073217535,1073479679,1073741823,1073741823,1073741823,1073741823:i8
1073741823,1073741823,1073741823,1073741823,1073479679,1073479679,1073594367,1073709055,1073602559,1073217535,1073479423,1073741823,1073741823,1073741823,1073741823:i8
1073741823,1073741823,1073741823,1073741823,1073479679,1073479679,1073594367,1073709055,1073602303,1073217535,1073479679,1073741823,1073741823,1073741823,1073741823:i8
1073741823,1073741823,1073741823,1073741823,1073479679,1073479679,1073594111,1073709055,1073602559,1073217535,1073479679,1073741823,1073741823,1073741823,1073741823:i8
1073741823,1073741823,1073741823,1073741823,1073479679,1073479679,1073594367,1073709055,1073602559,1073213439,1073479679,1073741823,1073741823,1073741823,1073741823:g7
1073741823,1073741823,1073741823,1073741823,1073479679,1073479679,1073594367,1073709055,1073602559,1073217535,1073479679,1073741823,1073725439,1073741823,1073741823:i8
1073741823,1073741823,1073741823,1073741823,1073479679,1073479679,1073594367,1073709055,1073602559,1073217535,1073479679,1073676287,1073741823,1073741823,1073741823:i8
1073741823,1073741823,1073741823,1073741823,1073479679,1073479679,1073594367,1073709055,1073602559,1073217535,1073463295,1073741823,1073741823,1073741823,1073741823:i8
1073741823,1073741823,1073741823,1073741823,1073479679,1073479679,1073594367,1073709055,1069408255,1073217535,1073479679,1073741823,1073741823,1073741823,1073741823:i8
1073741823,1073741823,1073741823,1073741823,1073479679,1073479679,1073594367,1073709055,1073602559,1072168959,1073479679,1073741823,1073741823,1073741823,1073741823:i8
1073741823,1073741823,1073741823,1073741823,1073479679,1073479679,1073594367,1073709055,1073602559,1073217535,1069285375,1073741823,1073741823,1073741823,1073741823:i8
1073741823,1073741823,1073741823,1073741823,1073479679,1073479679,1073594367,1073709055,1073602559,1073217535,1073479679,1073741823,1069547519,1073741823,1073741823:g7
1073741823,1073741823,1073741823,1073741823,1073479679,1073479679,1073594367,1073709055,1073602559,1073217535,1073479679,1072693247,1073741823,1073741823,1073741823:g7
1073741823,1073741823,1073741823,1073741823,1073479679,1073479679,1073594367,1073709055,1073602559,1073217535,1073479679,1073741823,1073479679,1073741823,1073741823:i8
1073741823,1073741823,1073741823,1073741823,1073479679,1073479679,1073594367,1073709055,1073602559,1073217535,1073479679,1073479679,1073741823,1073741823,1073741823:i8
1073741823,1073741823,1073741823,1073741823,1073479679,1073479679,1073594367,1073709055,1073602559,1073217535,1073475583,1073741823,1073741823,1073741823,1073741823:i8
1073741823,1073741823,1073741823,1073741823,1073479679,1073479679,1073594367,1073709055,1073602559,1073217535,1072431103,1073741823,1073741823,1073741823,1073741823:i8
1073741823,1073741823,1073741823,1073741823,1073479679,1073479679,1073594367,1073709055,1073602559,1073217535,1073414143,1073741823,1073741823,1073741823,1073741823:i8
1073741823,1073741823,1073741823,1073741823,1073479679,1073479679,1073594367,1073709055,1073602559,1073151999,1073479679,1073741823,1073741823,1073741823,1073741823:g7
1073741823,1073741823,1073725439,1073741823,1073479679,1073479679,1073594367,1073709055,1073602559,1073217535,1073479679,1073741823,1073741823,1073741823,1073741823:i8
1073741823,1073741823,1073741823,1073676287,1073479679,1073479679,1073594367,1073709055,1073602559,1073217535,1073479679,1073741823,1073741823,1073741823,1073741823:g7
1073741823,1073741823,1073479679,1073741823,1073479679,1073479679,1073594367,1073709055,1073602559,1073217535,1073479679,1073741823,1073741823,1073741823,1073741823:g7
1073741823,1073741823,1073741823,1073479679,1073479679,1073479679,1073594367,1073709055,1073602559,1073217535,1073479679,1073741823,1073741823,1073741823,1073741823:g7
1073741823,1073741823,1069547519,1073741823,1073479679,1073479679,1073594367,1073709055,1073602559,1073217535,1073479679,1073741823,1073741823,1073741823,1073741823:g7
1073741823,1073741823,1073741823,1072693247,1073479679,1073479679,1073594367,1073709055,1073602559,1073217535,1073479679,1073741823,1073741823,1073741823,1073741823:g7
1073741823,1073741823,1073741823,1073741823,1069285375,1073479679,1073594367,1073709055,1073602559,1073217535,1073479679,1073741823,1073741823,1073741823,1073741823:g7
1073741823,1073741823,1073741823,1073741823,1073479679,1073479679,1069400063,1073709055,1073602559,1073217535,1073479679,1073741823,1073741823,1073741823,1073741823:i8
1073741823,1073741823,1073741823,1073741823,1073479679,1072431103,1073594367,1073709055,1073602559,1073217535,1073479679,1073741823,1073741823,1073741823,1073741823:g7
1073741823,1073741823,1073741823,1073741823,1073475583,1073479679,1073594367,1073709055,1073602559,1073217535,1073479679,1073741823,1073741823,1073741823,1073741823:i8
1073741823,1073741823,1073741823,1073741823,1073414143,1073479679,1073594367,1073709055,1073602559,1073217535,1073479679,1073741823,1073741823,1073741823,1073741823:i8
1073741823,1073741823,1073741823,1073741823,1072431103,1073479679,1073594367,1073709055,1073602559,1073217535,1073479679,1073741823,1073741823,1073741823,1073741823:g7
1073741823,1073741823,1073741823,1073741823,1073479679,1073479679,1072545791,1073709055,1073602559,1073217535,1073479679,1073741823,1073741823,1073741823,1073741823:g7
1073741823,1073741823,1073741823,1073741823,1073479679,1073479679,1073594367,1073709055,1072553983,1073217535,1073479679,1073741823,1073741823,1073741823,1073741823:i8
1073741823,1073741823,1073741823,1073741823,1073479679,1073479679,1073594367,1073709055,1073601535,1073217535,1073479679,1073741823,1073741823,1073741823,1073741823:g7
1073741823,1073741823,1073741823,1073741823,1073479679,1073479679,1073593343,1073709055,1073602559,1073217535,1073479679,1073741823,1073741823,1073741823,1073741823:i8
1073741823,1073741823,1073741823,1073741823,1073478655,1073479679,1073594367,1073709055,1073602559,1073217535,1073479679,1073741823,1073741823,1073741823,1073741823:i8
1073741823,1073741823,1073741823,1073741823,1073479679,1073475583,1073594367,1073709055,1073602559,1073217535,1073479679,1073741823,1073741823,1073741823,1073741823:g7
1073741823,1073741823,1073741823,1073741823,1073463295,1073479679,1073594367,1073709055,1073602559,1073217535,1073479679,1073741823,1073741823,1073741823,1073741823:i8
1073741823,1073741823,1073741823,1073741823,1073479679,1073414143,1073594367,1073709055,1073602559,1073217535,1073479679,1073741823,1073741823,1073741823,1073741823:g7
1073741823,1073741823,1073741823,1073741823,1073479679,1073479679,1073332223,1073709055,1073602559,1073217535,1073479679,1073741823,1073741823,1073741823,1073741823:g7
1073741823,1073741823,1073741823,1073741823,1073479679,1073479679,1073594367,1073709055,1073340415,1073217535,1073479679,1073741823,1073741823,1073741823,1073741823:g7
1073741823,1073741823,1073741823,1073741823,1073479679,1073479679,1073594367,1073709055,1073602559,1073216511,1073479679,1073741823,1073741823,1073741823,1073741823:i8
1073741823,1073741823,1073741823,1073741823,1073479679,1073479679,1073594367,1073708031,1073602559,1073217535,1073479679,1073741823,1073741823,1073741823,1073741823:g7
1073741823,1073741823,1073741823,1073741823,1073479679,1073479679,1073594367,1073704959,1073602559,1073217535,1073479679,1073741823,1073741823,1073741823,1073741823:g7
1073741823,1073741823,1073741823,1073741823,1073479679,1073478655,1073594367,1073709055,1073602559,1073217535,1073479679,1073741823,1073741823,1073741823,1073741823:k11
1073741823,1073741823,1073741823,1073741823,1073479679,1073479679,1073590271,1073709055,1073602559,1073217535,1073479679,1073741823,1073741823,1073741823,1073741823:h10
1073741823,1073741823,1073741823,1073741823,1073479679,1073479679,1073590271,1073709055,1073602559,1073184767,1073479679,1073740799,1073741823,1073741823,1073741823:i10
1073741823,1073741823,1073741823,1073725439,1073479679,1073479679,1073590271,1073709055,1073602559,1073184767,1073479679,1073741823,1073741823,1073741823,1073741823:i10
1073741823,1073741823,1073741823,1069547519,1073479679,1073479679,1073590271,1073709055,1073602559,1073184767,1073479679,1073741823,1073741823,1073741823,1073741823:i10
1073741823,1073741823,1073741823,1073741823,1073479679,1069285375,1073590271,1073709055,1073602559,1073184767,1073479679,1073741823,1073741823,1073741823,1073741823:i10
1073741823,1073741823,1073741823,1073741823,1073479679,1073479679,1073590271,1073709055,1073602559,1073184767,1073479423,1073741823,1073741823,1073741823,1073741823:i10
1073741823,1073741823,1073741823,1073741823,1073479679,1073479679,1073590271,1073709055,1073602559,1073180671,1073479679,1073741823,1073741823,1073741823,1073741823:i11
1073741823,1073741823,1073741823,1073741823,1073479679,1073479679,1073590271,1073709055,1073602303,1073184767,1073479679,1073741823,1073741823,1073741823,1073741823:i10
1073741823,1073741823,1073741823,1073741823,1073479679,1073479679,1073590015,1073709055,1073602559,1073184767,1073479679,1073741823,1073741823,1073741823,1073741823:i10
1073741823,1073741823,1073741823,1073741823,1073479423,1073479679,1073590271,1073709055,1073602559,1073184767,1073479679,1073741823,1073741823,1073741823,1073741823:i10
1073741823,1073741823,1073741823,1073741823,1073479679,1073479679,1073590271,1073709055,1073602559,1073184767,1073479679,1073725439,1073741823,1073741823,1073741823:i10
1073741823,1073741823,1073741823,1073741823,1073479679,1073479679,1073590271,1069514751,1073602559,1073184767,1073479679,1073741823,1073741823,1073741823,1073741823:i10
1073741823,1073741823,1073741823,1073741823,1073479679,1073479679,1073590271,1073709055,1073602559,1068990463,1073479679,1073741823,1073741823,1073741823,1073741823:i10
1073741823,1073741823,1073741823,1073741823,1073479679,1073479679,1073590271,1073709055,1073602559,1073184767,1073479679,1069547519,1073741823,1073741823,1073741823:i10
1073741823,1073741823,1073741823,1073741823,1073479679,1073479679,1073590271,1073709055,1073602559,1073184767,1073479679,1073741823,1073725439,1073741823,1073741823:i10
1073741823,1073741823,1073741823,1073741823,1073479679,1073479679,1073590271,1073709055,1073602559,1073184767,1073479679,1073676287,1073741823,1073741823,1073741823:i10
1073741823,1073741823,1073741823,1073741823,1073479679,1073479679,1073590271,1073709055,1073602559,1073184767,1073463295,1073741823,1073741823,1073741823,1073741823:i10
1073741823,1073741823,1073741823,1073741823,1073479679,1073479679,1073590271,1073709055,1069408255,1073184767,1073479679,1073741823,1073741823,1073741823,1073741823:i10
1073741823,1073741823,1073741823,1073741823,1073479679,1073479679,1073590271,1073709055,1073602559,1072136191,1073479679,1073741823,1073741823,1073741823,1073741823:i10
1073741823,1073741823,1073741823,1073741823,1073479679,1073479679,1073590271,1073709055,1073602559,1073184767,1069285375,1073741823,1073741823,1073741823,1073741823:i10
1073741823,1073741823,1073741823,1073741823,1073479679,1073479679,1073590271,1073709055,1073602559,1073184767,1073479679,1073741823,1069547519,1073741823,1073741823:i10
1073741823,1073741823,1073741823,1073741823,1073479679,1073479679,1073590271,1073709055,1073602559,1073184767,1073479679,1072693247,1073741823,1073741823,1073741823:i10
1073741823,1073741823,1073741823,1073741823,1073479679,1073479679,1073590271,1073709055,1073602559,1073184767,1073479679,1073741823,1073479679,1073741823,1073741823:i10
1073741823,1073741823,1073741823,1073741823,1073479679,1073479679,1073590271,1073709055,1073602559,1073184767,1073479679,1073479679,1073741823,1073741823,1073741823:i10
1073741823,1073741823,1073741823,1073741823,1073479679,1073479679,1073590271,1073709055,1073602559,1073184767,1073475583,1073741823,1073741823,1073741823,1073741823:i10
1073741823,1073741823,1073741823,1073741823,1073479679,1073479679,1073590271,1073709055,1073602559,1073184767,1072431103,1073741823,1073741823,1073741823,1073741823:i10
1073741823,1073741823,1073741823,1073741823,1073479679,1073479679,1073590271,1073709055,1073602559,1073184767,1073414143,1073741823,1073741823,1073741823,1073741823:f10
1073741823,1073741823,1073741823,1073741823,1073479679,1073479679,1073590271,1073709055,1073602559,1073119231,1073479679,1073741823,1073741823,1073741823,1073741823:i11
1073741823,1073741823,1073725439,1073741823,1073479679,1073479679,1073590271,1073709055,1073602559,1073184767,1073479679,1073741823,1073741823,1073741823,1073741823:i10
1073741823,1073741823,1073741823,1073676287,1073479679,1073479679,1073590271,1073709055,1073602559,1073184767,1073479679,1073741823,1073741823,1073741823,1073741823:i10
1073741823,1073741823,1073479679,1073741823,1073479679,1073479679,1073590271,1073709055,1073602559,1073184767,1073479679,1073741823,1073741823,1073741823,1073741823:f10
1073741823,1073741823,1073741823,1073479679,1073479679,1073479679,1073590271,1073709055,1073602559,1073184767,1073479679,1073741823,1073741823,1073741823,1073741823:f10
1073741823,1073741823,1069547519,1073741823,1073479679,1073479679,1073590271,1073709055,1073602559,1073184767,1073479679,1073741823,1073741823,1073741823,1073741823:f10
1073741823,1073741823,1073741823,1072693247,1073479679,1073479679,1073590271,1073709055,1073602559,1073184767,1073479679,1073741823,1073741823,1073741823,1073741823:f10
1073741823,1073741823,1073741823,1073741823,1069285375,1073479679,1073590271,1073709055,1073602559,1073184767,1073479679,1073741823,1073741823,1073741823,1073741823:i10
1073741823,1073741823,1073741823,1073741823,1073479679,1073479679,1069395967,1073709055,1073602559,1073184767,1073479679,1073741823,1073741823,1073741823,1073741823:i10
1073741823,1073741823,1073741823,1073741823,1073479679,1072431103,1073590271,1073709055,1073602559,1073184767,1073479679,1073741823,1073741823,1073741823,1073741823:i10
1073741823,1073741823,1073741823,1073741823,1073475583,1073479679,1073590271,1073709055,1073602559,1073184767,1073479679,1073741823,1073741823,1073741823,1073741823:i10
1073741823,1073741823,1073741823,1073741823,1073414143,1073479679,1073590271,1073709055,1073602559,1073184767,1073479679,1073741823,1073741823,1073741823,1073741823:i10
1073741823,1073741823,1073741823,1073741823,1072431103,1073479679,1073590271,1073709055,1073602559,1073184767,1073479679,1073741823,1073741823,1073741823,1073741823:i10
1073741823,1073741823,1073741823,1073741823,1073479679,1073479679,1072541695,1073709055,1073602559,1073184767,1073479679,1073741823,1073741823,1073741823,1073741823:i10
1073741823,1073741823,1073741823,1073741823,1073479679,1073479679,1073590271,1073709055,1072553983,1073184767,1073479679,1073741823,1073741823,1073741823,1073741823:i10
1073741823,1073741823,1073741823,1073741823,1073479679,1073479679,1073590271,1073709055,1073601535,1073184767,1073479679,1073741823,1073741823,1073741823,1073741823:f10
1073741823,1073741823,1073741823,1073741823,1073479679,1073479679,1073589247,1073709055,1073602559,1073184767,1073479679,1073741823,1073741823,1073741823,1073741823:i10
1073741823,1073741823,1073741823,1073741823,1073478655,1073479679,1073590271,1073709055,1073602559,1073184767,1073479679,1073741823,1073741823,1073741823,1073741823:i10
1073741823,1073741823,1073741823,1073741823,1073479679,1073475583,1073590271,1073709055,1073602559,1073184767,1073479679,1073741823,1073741823,1073741823,1073741823:i10
1073741823,1073741823,1073741823,1073741823,1073463295,1073479679,1073590271,1073709055,1073602559,1073184767,1073479679,1073741823,1073741823,1073741823,1073741823:i10
1073741823,1073741823,1073741823,1073741823,1073479679,1073414143,1073590271,1073709055,1073602559,1073184767,1073479679,1073741823,1073741823,1073741823,1073741823:f10
1073741823,1073741823,1073741823,1073741823,1073479679,1073479679,1073328127,1073709055,1073602559,1073184767,1073479679,1073741823,1073741823,1073741823,1073741823:f10
1073741823,1073741823,1073741823,1073741823,1073479679,1073479679,1073590271,1073709055,1073340415,1073184767,1073479679,1073741823,1073741823,1073741823,1073741823:f10
1073741823,1073741823,1073741823,1073741823,1073479679,1073479679,1073590271,1073709055,1073602559,1073183743,1073479679,1073741823,1073741823,1073741823,1073741823:i10
1073741823,1073741823,1073741823,1073741823,1073479679,1073479679,1073590271,1073708031,1073602559,1073184767,1073479679,1073741823,1073741823,1073741823,1073741823:i10
1073741823,1073741823,1073741823,1073741823,1073479679,1073479679,1073590271,1073704959,1073602559,1073184767,1073479679,1073741823,1073741823,1073741823,1073741823:f10
1073741823,1073741823,1073741823,1073741823,1073479679,1073478655,1073590271,1073709055,1073602559,1073184767,1073479679,1073741823,1073741823,1073741823,1073741823:i10
1073741823,1073741823,1073741823,1073741823,1073479679,1073463295,1073590271,1073709055,1073602559,1073184767,1073479679,1073741823,1073741823,1073741823,1073741823:i10
1073741823,1073741823,1073741823,1073741823,1073479679,1073479679,1073590271,1073446911,1073602559,1073184767,1073479679,1073741823,1073741823,1073741823,1073741823:f10
1073741823,1073741823,1073741823,1073741823,1073479679,1073479679,1073590271,1073643519,1073602559,1073184767,1073479679,1073741823,1073741823,1073741823,1073741823:f10
1073741823,1073741823,1073741823,1073741823,1073479679,1073479679,1073590271,1073709055,1073586175,1073184767,1073479679,1073741823,1073741823,1073741823,1073741823:i10
1073741823,1073741823,1073741823,1073741823,1073479679,1073463295,1073594367,1073709055,1073602559,1073217535,1073479679,1073741823,1073741823,1073741823,1073741823:g7
1073741823,1073741823,1073741823,1073741823,1073479679,1073479679,1073594367,1073446911,1073602559,1073217535,1073479679,1073741823,1073741823,1073741823,1073741823:g7
1073741823,1073741823,1073741823,1073741823,1073479679,1073479679,1073594367,1073643519,1073602559,1073217535,1073479679,1073741823,1073741823,1073741823,1073741823:g7
1073741823,1073741823,1073741823,1073741823,1073479679,1073479679,1073594367,1073709055,1073602559,1073201151,1073479679,1073741823,1073741823,1073741823,1073741823:i8
1073741823,1073741823,1073741823,1073741823,1073479679,1073479679,1073594367,1073709055,1073586175,1073217535,1073479679,1073741823,1073741823,1073741823,1073741823:i8
1073741823,1073741823,1073741823,1073741823,1073479679,1073741823,1073594367,1073446911,1073602559,1073741823,1073479679,1073741823,1073741823,1073741823,1073741823:j6
1073741823,1073741823,1073741823,1073741823,1073479679,1073741823,1073594367,1073643519,1073602559,1073741823,1073479679,1073741823,1073741823,1073741823,1073741823:j6
1073741823,1073741823,1073741823,1073741823,1073479679,1073741823,1073594367,1073709055,1073602559,1073479679,1073479679,1073741823,1073741823,1073741823,1073741823:j6
1073741823,1073741823,1073741823,1073741823,1073479679,1073741823,1073594367,1073709055,1073602559,1073725439,1073479679,1073741823,1073741823,1073741823,1073741823:i8
1073741823,1073741823,1073741823,1073741823,1073479679,1073741823,1073594367,1073709055,1073586175,1073741823,1073479679,1073741823,1073741823,1073741823,1073741823:i8
