1073741823,1073741823,1073741823,1073741823,1073741823,1073479679,1073594111,1073704959,1073715199,1073731583,1073741567,1073741823,1073741823,1073741823,1073741823:f11
1073741823,1073741823,1073741823,1073741823,1073741823,1073479679,1073594111,1073704959,1073715199,1073731583,1073739519,1073741823,1073741759,1073741823,1073741823:f8
1073741823,1073741823,1073741823,1073741823,1073741823,1073479679,1073594111,1073704959,1073715199,1073731583,1073739519,1073741823,1073725439,1073741823,1073741823:f8
1073741823,1073741823,1073741823,1073741823,1073741823,1073479679,1073594111,1073704959,1073715199,1073731583,1073739519,1073741823,1073740799,1073741823,1073741823:f8
1073741823,1073741823,1073741823,1073741823,1073741823,1073479679,1073594095,1073704959,1073715199,1073731583,1073739519,1073741823,1073741823,1073741823,1073741823:f8
1073741823,1073741823,1073741823,1073741823,1073741807,1073479679,1073594111,1073704959,1073715199,1073731583,1073739519,1073741823,1073741823,1073741823,1073741823:f8
1073741823,1073741823,1073741823,1073741823,1073741823,1073479615,1073594111,1073704959,1073715199,1073731583,1073739519,1073741823,1073741823,1073741823,1073741823:f8
1073741823,1073741823,1073741823,1073741823,1073741567,1073479679,1073594111,1073704959,1073715199,1073731583,1073739519,1073741823,1073741823,1073741823,1073741823:f8
1073741823,1073741823,1073741823,1073741823,1073741823,1073479679,1073594111,1073704959,1073715199,1073731583,1073739519,1073676287,1073741823,1073741823,1073741823:f8
1073741823,1073741823,1073741823,1073741823,1073741823,1073479679,1073594111,1073704959,1073715199,1073731583,1073739519,1073737727,1073741823,1073741823,1073741823:f8
1073741823,1073741823,1073741823,1073741823,1073741823,1073479679,1073594111,1073704959,1073715199,1073731583,1073739519,1073741823,1073741807,1073741823,1073741823:f8
1073741823,1073741823,1073741823,1073741823,1073741823,1073479679,1073594111,1073704959,1073715199,1073731583,1073739503,1073741823,1073741823,1073741823,1073741823:f8
1073741823,1073741823,1073741823,1073741823,1073741823,1073479679,1073594111,1073704959,1073715183,1073731583,1073739519,1073741823,1073741823,1073741823,1073741823:f8
1073741823,1073741823,1073741823,1073741823,1073741823,1073479679,1073594111,1073704959,1073715199,1073731583,1073739519,1073741823,1073737727,1073741823,1073741823:f8
1073741823,1073741823,1073741823,1073741823,1073741823,1073479679,1073594111,1073704959,1073715199,1073731583,1073739519,1073741823,1073741567,1073741823,1073741823:f8
1073741823,1073741823,1073741823,1073741823,1073741823,1073479679,1073594111,1073704959,1073715199,1073731583,1073739519,1073741567,1073741823,1073741823,1073741823:f8
1073741823,1073741823,1073741823,1073741823,1073741823,1073479679,1073594111,1073704959,1073715199,1073731583,1073739519,1073741759,1073741823,1073741823,1073741823:f8
1073741823,1073741823,1073741823,1073741823,1073741823,1073479679,1073594111,1073704959,1073715199,1073731519,1073739519,1073741823,1073741823,1073741823,1073741823:f8
1073741823,1073741823,1073741823,1073741823,1073741823,1073479679,1073594111,1073704895,1073715199,1073731583,1073739519,1073741823,1073741823,1073741823,1073741823:f8
1073741823,1073741823,1073741823,1073741823,1073741823,1073479679,1073594111,1073704959,1073715199,1073731583,1073739519,1073725439,1073741823,1073741823,1073741823:f8
1073741823,1073741823,1073741823,1073741823,1073741823,1073479679,1073594111,1073704959,1073715199,1073731583,1073739519,1073740799,1073741823,1073741823,1073741823:f7
1073741823,1073741823,1073741823,1073741823,1073741823,1073479679,1073594111,1073704959,1073715199,1073731583,1073477375,1073741823,1073741823,1073741823,1073741823:f8
1073741823,1073741823,1073741823,1073741823,1073741823,1073479679,1073594111,1073704959,1073715199,1073731583,1073739455,1073741823,1073741823,1073741823,1073741823:f8
1073741823,1073741823,1073741823,1073741823,1073741823,1073479679,1073594111,1073704959,1073715135,1073731583,1073739519,1073741823,1073741823,1073741823,1073741823:f8
1073741823,1073741823,1073741823,1073741823,1073741823,1073479679,1073594047,1073704959,1073715199,1073731583,1073739519,1073741823,1073741823,1073741823,1073741823:f8
1073741823,1073741823,1073741823,1073741823,1073741823,1073479679,1073594111,1073704959,1073715199,1073731583,1073723135,1073741823,1073741823,1073741823,1073741823:f8
1073741823,1073741823,1073741823,1073741823,1073741823,1073479679,1073594111,1073704959,1073715199,1073731327,1073739519,1073741823,1073741823,1073741823,1073741823:f8
1073741823,1073741823,1073741823,1073741823,1073741823,1073479679,1073594111,1073704703,1073715199,1073731583,1073739519,1073741823,1073741823,1073741823,1073741823:f8
1073741823,1073741823,1073741823,1073741823,1073741823,1073479423,1073594111,1073704959,1073715199,1073731583,1073739519,1073741823,1073741823,1073741823,1073741823:f8
1073741823,1073741823,1073741823,1073741823,1073741823,1073479679,1073594111,1073704959,1073715199,1073666047,1073739519,1073741823,1073741823,1073741823,1073741823:f8
1073741823,1073741823,1073741823,1073741823,1073741823,1073479679,1073594111,1073704959,1073714943,1073731583,1073739519,1073741823,1073741823,1073741823,1073741823:f8
1073741823,1073741823,1073741823,1073741823,1073741823,1073479679,1073594111,1073704959,1073715199,1073731583,1073673983,1073741823,1073741823,1073741823,1073741823:f8
1073741823,1073741823,1073741823,1073741823,1073741823,1073479679,1073594111,1073704959,1073715199,1073731583,1073735423,1073741823,1073741823,1073741823,1073741823:f8
1073741823,1073741823,1073741823,1073725439,1073741823,1073479679,1073594111,1073704959,1073715199,1073731583,1073739519,1073741823,1073741823,1073741823,1073741823:f8
1073741823,1073741823,1073741823,1073479679,1073741823,1073479679,1073594111,1073704959,1073715199,1073731583,1073739519,1073741823,1073741823,1073741823,1073741823:f8
1073741823,1073741823,1073741823,1069547519,1073741823,1073479679,1073594111,1073704959,1073715199,1073731583,1073739519,1073741823,1073741823,1073741823,1073741823:f8
1073741823,1073741823,1073741823,1073741823,1073741823,1069285375,1073594111,1073704959,1073715199,1073731583,1073739519,1073741823,1073741823,1073741823,1073741823:f8
1073741823,1073741823,1073741823,1073741823,1073741823,1072431103,1073594111,1073704959,1073715199,1073731583,1073739519,1073741823,1073741823,1073741823,1073741823:f8
1073741823,1073741823,1073741823,1073741823,1073741823,1073479679,1073594111,1069510655,1073715199,1073731583,1073739519,1073741823,1073741823,1073741823,1073741823:f8
1073741823,1073741823,1073741823,1073741823,1073737727,1073479679,1073594111,1073704959,1073715199,1073731583,1073739519,1073741823,1073741823,1073741823,1073741823:f8
1073741823,1073741823,1073741823,1073741823,1073676287,1073479679,1073594111,1073704959,1073715199,1073731583,1073739519,1073741823,1073741823,1073741823,1073741823:f8
1073741823,1073741823,1073741823,1073741823,1072693247,1073479679,1073594111,1073704959,1073715199,1073731583,1073739519,1073741823,1073741823,1073741823,1073741823:f8
1073741823,1073741823,1073741823,1073741823,1073741823,1073479679,1072545535,1073704959,1073715199,1073731583,1073739519,1073741823,1073741823,1073741823,1073741823:f8
1073741823,1073741823,1073741823,1073741823,1073741823,1073479679,1073594111,1073704959,1072666623,1073731583,1073739519,1073741823,1073741823,1073741823,1073741823:f8
1073741823,1073741823,1073741823,1073741823,1073741823,1073479679,1073593087,1073704959,1073715199,1073731583,1073739519,1073741823,1073741823,1073741823,1073741823:f12
1073741823,1073741823,1073741823,1073741823,1073740799,1073479679,1073594111,1073704959,1073715199,1073731583,1073739519,1073741823,1073741823,1073741823,1073741823:f8
1073741823,1073741823,1073741823,1073741823,1073741823,1073475583,1073594111,1073704959,1073715199,1073731583,1073739519,1073741823,1073741823,1073741823,1073741823:f8
1073741823,1073741823,1073741823,1073741823,1073725439,1073479679,1073594111,1073704959,1073715199,1073731583,1073739519,1073741823,1073741823,1073741823,1073741823:f8
1073741823,1073741823,1073741823,1073741823,1073479679,1073479679,1073594111,1073704959,1073715199,1073731583,1073739519,1073741823,1073741823,1073741823,1073741823:f8
1073741823,1073741823,1073741823,1073741823,1073741823,1073414143,1073594111,1073704959,1073715199,1073731583,1073739519,1073741823,1073741823,1073741823,1073741823:f8
1073741823,1073741823,1073741823,1073741823,1073741823,1073479679,1073331967,1073704959,1073715199,1073731583,1073739519,1073741823,1073741823,1073741823,1073741823:f8
1073741823,1073741823,1073741823,1073741823,1073741823,1073479679,1073594111,1073704959,1073453055,1073731583,1073739519,1073741823,1073741823,1073741823,1073741823:f8
1073741823,1073741823,1073741823,1073741823,1073741823,1073479679,1073594111,1073703935,1073715199,1073731583,1073739519,1073741823,1073741823,1073741823,1073741823:i10
1073741823,1073741823,1073741823,1073741823,1073741823,1073479679,1073594111,1072655359,1073715199,1073600511,1073739519,1073741823,1073741823,1073741823,1073741823:i9
1073741823,1073741823,1073741823,1073741823,1073741823,1073479679,1073594111,1073703935,1073715199,1072551935,1073739519,1073741823,1073741823,1073741823,1073741823:i9
1073741823,1073741823,1073741823,1073741823,1073741823,1073479679,1073594111,1073703935,1073715199,1073600511,1073739519,1072693247,1073741823,1073741823,1073741823:i9
1073741823,1073741823,1073741823,1073741823,1073741823,1073479679,1073594111,1073703935,1073715199,1073600511,1073739519,1073741823,1073741759,1073741823,1073741823:i9
1073741823,1073741823,1073741823,1073741823,1073741823,1073479679,1073594111,1073703935,1073715199,1073600511,1073739519,1073741823,1073725439,1073741823,1073741823:i9
1073741823,1073741823,1073741823,1073741823,1073741823,1073479679,1073594111,1073703935,1073715199,1073600511,1073739519,1073741823,1073740799,1073741823,1073741823:i9
1073741823,1073741823,1073741823,1073741823,1073741823,1073479679,1073594095,1073703935,1073715199,1073600511,1073739519,1073741823,1073741823,1073741823,1073741823:i9
1073741823,1073741823,1073741823,1073741823,1073741807,1073479679,1073594111,1073703935,1073715199,1073600511,1073739519,1073741823,1073741823,1073741823,1073741823:i9
1073741823,1073741823,1073741823,1073741823,1073741823,1073479615,1073594111,1073703935,1073715199,1073600511,1073739519,1073741823,1073741823,1073741823,1073741823:i9
1073741823,1073741823,1073741823,1073741823,1073741567,1073479679,1073594111,1073703935,1073715199,1073600511,1073739519,1073741823,1073741823,1073741823,1073741823:i9
1073741823,1073741823,1073741823,1073741823,1073741823,1073479679,1073594111,1073703935,1073715199,1073600511,1073739519,1073676287,1073741823,1073741823,1073741823:i9
1073741823,1073741823,1073741823,1073741823,1073741823,1073479679,1073594111,1073703935,1073715199,1073600511,1073739519,1073737727,1073741823,1073741823,1073741823:i9
1073741823,1073741823,1073741823,1073741823,1073741823,1073479679,1073594111,1073703935,1073715199,1073600511,1073739519,1073741823,1073741807,1073741823,1073741823:i9
1073741823,1073741823,1073741823,1073741823,1073741823,1073479679,1073594111,1073703935,1073715199,1073600511,1073739503,1073741823,1073741823,1073741823,1073741823:i9
1073741823,1073741823,1073741823,1073741823,1073741823,1073479679,1073594111,1073703935,1073715183,1073600511,1073739519,1073741823,1073741823,1073741823,1073741823:i9
1073741823,1073741823,1073741823,1073741823,1073741823,1073479679,1073594111,1073703935,1073715199,1073600511,1073739519,1073741823,1073737727,1073741823,1073741823:i9
1073741823,1073741823,1073741823,1073741823,1073741823,1073479679,1073594111,1073703935,1073715199,1073600511,1073739519,1073741823,1073741567,1073741823,1073741823:i9
1073741823,1073741823,1073741823,1073741823,1073741823,1073479679,1073594111,1073703935,1073715199,1073600511,1073739519,1073741567,1073741823,1073741823,1073741823:i9
1073741823,1073741823,1073741823,1073741823,1073741823,1073479679,1073594111,1073703935,1073715199,1073600511,1073739519,1073741759,1073741823,1073741823,1073741823:i9
1073741823,1073741823,1073741823,1073741823,1073741823,1073479679,1073594111,1073703935,1073715199,1073600447,1073739519,1073741823,1073741823,1073741823,1073741823:i9
1073741823,1073741823,1073741823,1073741823,1073741823,1073479679,1073594111,1073703871,1073715199,1073600511,1073739519,1073741823,1073741823,1073741823,1073741823:h10
1073741823,1073741823,1073741823,1073741823,1073741823,1073479679,1073594111,1073703935,1073715199,1073600511,1073739519,1073725439,1073741823,1073741823,1073741823:i9
1073741823,1073741823,1073741823,1073741823,1073741823,1073479679,1073594111,1073703935,1073715199,1073600511,1073739519,1073740799,1073741823,1073741823,1073741823:i9
1073741823,1073741823,1073741823,1073741823,1073741823,1073479679,1073594111,1073703935,1073715199,1073600511,1073477375,1073741823,1073741823,1073741823,1073741823:i9
1073741823,1073741823,1073741823,1073741823,1073741823,1073479679,1073594111,1073703935,1073715199,1073600511,1073739455,1073741823,1073741823,1073741823,1073741823:i9
1073741823,1073741823,1073741823,1073741823,1073741823,1073479679,1073594111,1073703935,1073715135,1073600511,1073739519,1073741823,1073741823,1073741823,1073741823:i9
1073741823,1073741823,1073741823,1073741823,1073741823,1073479679,1073594047,1073703935,1073715199,1073600511,1073739519,1073741823,1073741823,1073741823,1073741823:h10
1073741823,1073741823,1073741823,1073741823,1073741823,1073479679,1073594111,1073703935,1073715199,1073600511,1073723135,1073741823,1073741823,1073741823,1073741823:i9
1073741823,1073741823,1073741823,1073741823,1073741823,1073479679,1073594111,1073703935,1073715199,1073600255,1073739519,1073741823,1073741823,1073741823,1073741823:e8
1073741823,1073741823,1073741823,1073741823,1073741823,1073479663,1073594111,1073703423,1073715199,1073600255,1073739519,1073741823,1073741823,1073741823,1073741823:i9
1073741823,1073741823,1073741823,1073741823,1073741823,1073479679,1073594111,1073703423,1073715199,1073600255,1073739519,1073741807,1073741823,1073741823,1073741823:i9
1073741823,1073741823,1073741823,1073741823,1073741823,1073479679,1073594111,1073703423,1073715199,1073600239,1073739519,1073741823,1073741823,1073741823,1073741823:i9
1073741823,1073741823,1073741823,1073741823,1073741823,1073479679,1073594111,1073703407,1073715199,1073600255,1073739519,1073741823,1073741823,1073741823,1073741823:i9
1073741823,1073741823,1073741823,1073741823,1073741823,1073479679,1073594111,1072654847,1073715199,1073600255,1073739519,1073741823,1073741823,1073741823,1073741823:i9
1073741823,1073741823,1073741823,1073741823,1073741823,1073479679,1073594111,1073703423,1073715199,1072551679,1073739519,1073741823,1073741823,1073741823,1073741823:i9
1073741823,1073741823,1073741823,1073741823,1073741823,1073479679,1073594111,1073703423,1073715199,1073600255,1073739519,1072693247,1073741823,1073741823,1073741823:i9
1073741823,1073741823,1073741823,1073741823,1073741823,1073479679,1073594111,1073703423,1073715199,1073600255,1073739519,1073741823,1073741759,1073741823,1073741823:i9
1073741823,1073741823,1073741823,1073741823,1073741823,1073479679,1073594111,1073703423,1073715199,1073600255,1073739519,1073741823,1073725439,1073741823,1073741823:i9
1073741823,1073741823,1073741823,1073741823,1073741823,1073479679,1073594111,1073703423,1073715199,1073600255,1073739519,1073741823,1073740799,1073741823,1073741823:i9
1073741823,1073741823,1073741823,1073741823,1073741823,1073479679,1073594095,1073703423,1073715199,1073600255,1073739519,1073741823,1073741823,1073741823,1073741823:i9
1073741823,1073741823,1073741823,1073741823,1073741807,1073479679,1073594111,1073703423,1073715199,1073600255,1073739519,1073741823,1073741823,1073741823,1073741823:i9
1073741823,1073741823,1073741823,1073741823,1073741823,1073479615,1073594111,1073703423,1073715199,1073600255,1073739519,1073741823,1073741823,1073741823,1073741823:i9
1073741823,1073741823,1073741823,1073741823,1073741567,1073479679,1073594111,1073703423,1073715199,1073600255,1073739519,1073741823,1073741823,1073741823,1073741823:i9
1073741823,1073741823,1073741823,1073741823,1073741823,1073479679,1073594111,1073703423,1073715199,1073600255,1073739519,1073676287,1073741823,1073741823,1073741823:i9
1073741823,1073741823,1073741823,1073741823,1073741823,1073479679,1073594111,1073703423,1073715199,1073600255,1073739519,1073737727,1073741823,1073741823,1073741823:i9
1073741823,1073741823,1073741823,1073741823,1073741823,1073479679,1073594111,1073703423,1073715199,1073600255,1073739519,1073741823,1073741807,1073741823,1073741823:i9
1073741823,1073741823,1073741823,1073741823,1073741823,1073479679,1073594111,1073703423,1073715199,1073600255,1073739503,1073741823,1073741823,1073741823,1073741823:i9
1073741823,1073741823,1073741823,1073741823,1073741823,1073479679,1073594111,1073703423,1073715183,1073600255,1073739519,1073741823,1073741823,1073741823,1073741823:i9
1073741823,1073741823,1073741823,1073741823,1073741823,1073479679,1073594111,1073703423,1073715199,1073600255,1073739519,1073741823,1073737727,1073741823,1073741823:i9
1073741823,1073741823,1073741823,1073741823,1073741823,1073479679,1073594111,1073703423,1073715199,1073600255,1073739519,1073741823,1073741567,1073741823,1073741823:d7
1073741823,1073741823,1073741823,1073741823,1073741823,1073479679,1073594111,1073703423,1073715199,1073600255,1073739519,1073741567,1073741823,1073741823,1073741823:d7
1073741823,1073741823,1073741823,1073741823,1073741823,1073479679,1073594111,1073703423,1073715199,1073600255,1073739519,1073741759,1073741823,1073741823,1073741823:i9
1073741823,1073741823,1073741823,1073741823,1073741823,1073479679,1073594111,1073703423,1073715199,1073600191,1073739519,1073741823,1073741823,1073741823,1073741823:i9
1073741823,1073741823,1073741823,1073741823,1073741823,1073479679,1073594111,1073703359,1073715199,1073600255,1073739519,1073741823,1073741823,1073741823,1073741823:i9
1073741823,1073741823,1073741823,1073741823,1073741823,1073479679,1073594111,1073703423,1073715199,1073600255,1073739519,1073725439,1073741823,1073741823,1073741823:i9
1073741823,1073741823,1073741823,1073741823,1073741823,1073479679,1073594111,1073703423,1073715199,1073600255,1073739519,1073740799,1073741823,1073741823,1073741823:i9
1073741823,1073741823,1073741823,1073741823,1073741823,1073479679,1073594111,1073703423,1073715199,1073600255,1073477375,1073741823,1073741823,1073741823,1073741823:i9
1073741823,1073741823,1073741823,1073741823,1073741823,1073479679,1073594111,1073703423,1073715199,1073600255,1073739455,1073741823,1073741823,1073741823,1073741823:i9
1073741823,1073741823,1073741823,1073741823,1073741823,1073479679,1073594111,1073703423,1073715135,1073600255,1073739519,1073741823,1073741823,1073741823,1073741823:i9
1073741823,1073741823,1073741823,1073741823,1073741823,1073479679,1073594047,1073703423,1073715199,1073600255,1073739519,1073741823,1073741823,1073741823,1073741823:h11
1073741823,1073741823,1073741823,1073741823,1073741823,1073479679,1073594111,1073703423,1073715199,1073600255,1073723135,1073741823,1073741823,1073741823,1073741823:i9
1073741823,1073741823,1073741823,1073741823,1073741823,1073479423,1073594111,1073703423,1073715199,1073600255,1073739519,1073741823,1073741823,1073741823,1073741823:d7
1073741823,1073741823,1073741823,1073741823,1073741823,1073479679,1073594111,1073703423,1073714943,1073600255,1073739519,1073741823,1073741823,1073741823,1073741823:i9
1073741823,1073741823,1073741823,1073741823,1073741823,1073479679,1073594111,1073703423,1073715199,1073600255,1073673983,1073741823,1073741823,1073741823,1073741823:d7
1073741823,1073741823,1073741823,1073741823,1073741823,1073479679,1073594111,1073703423,1073715199,1073600255,1073735423,1073741823,1073741823,1073741823,1073741823:i9
1073741823,1073741823,1073741823,1073725439,1073741823,1073479679,1073594111,1073703423,1073715199,1073600255,1073739519,1073741823,1073741823,1073741823,1073741823:i9
1073741823,1073741823,1073741823,1073479679,1073741823,1073479679,1073594111,1073703423,1073715199,1073600255,1073739519,1073741823,1073741823,1073741823,1073741823:i9
1073741823,1073741823,1073741823,1069547519,1073741823,1073479679,1073594111,1073703423,1073715199,1073600255,1073739519,1073741823,1073741823,1073741823,1073741823:i9
1073741823,1073741823,1073741823,1073741823,1073741823,1069285375,1073594111,1073703423,1073715199,1073600255,1073739519,1073741823,1073741823,1073741823,1073741823:i9
1073741823,1073741823,1073741823,1073741823,1073741823,1072431103,1073594111,1073703423,1073715199,1073600255,1073739519,1073741823,1073741823,1073741823,1073741823:i9
1073741823,1073741823,1073741823,1073741823,1073741823,1073479679,1073594111,1069509119,1073715199,1073600255,1073739519,1073741823,1073741823,1073741823,1073741823:i9
1073741823,1073741823,1073741823,1073741823,1073737727,1073479679,1073594111,1073703423,1073715199,1073600255,1073739519,1073741823,1073741823,1073741823,1073741823:i9
1073741823,1073741823,1073741823,1073741823,1073676287,1073479679,1073594111,1073703423,1073715199,1073600255,1073739519,1073741823,1073741823,1073741823,1073741823:i9
1073741823,1073741823,1073741823,1073741823,1072693247,1073479679,1073594111,1073703423,1073715199,1073600255,1073739519,1073741823,1073741823,1073741823,1073741823:i9
1073741823,1073741823,1073741823,1073741823,1073741823,1073479679,1072545535,1073703423,1073715199,1073600255,1073739519,1073741823,1073741823,1073741823,1073741823:i9
1073741823,1073741823,1073741823,1073741823,1073741823,1073479679,1073594111,1073703423,1072666623,1073600255,1073739519,1073741823,1073741823,1073741823,1073741823:i9
1073741823,1073741823,1073741823,1073741823,1073741823,1073479679,1073593087,1073703423,1073715199,1073600255,1073739519,1073741823,1073741823,1073741823,1073741823:d7
1073741823,1073741823,1073741823,1073741823,1073740799,1073479679,1073594111,1073703423,1073715199,1073600255,1073739519,1073741823,1073741823,1073741823,1073741823:i9
1073741823,1073741823,1073741823,1073741823,1073741823,1073475583,1073594111,1073703423,1073715199,1073600255,1073739519,1073741823,1073741823,1073741823,1073741823:i9
1073741823,1073741823,1073741823,1073741823,1073725439,1073479679,1073594111,1073703423,1073715199,1073600255,1073739519,1073741823,1073741823,1073741823,1073741823:i9
1073741823,1073741823,1073741823,1073741823,1073479679,1073479679,1073594111,1073703423,1073715199,1073600255,1073739519,1073741823,1073741823,1073741823,1073741823:d7
1073741823,1073741823,1073741823,1073741823,1073741823,1073414143,1073594111,1073703423,1073715199,1073600255,1073739519,1073741823,1073741823,1073741823,1073741823:d7
1073741823,1073741823,1073741823,1073741823,1073741823,1073479679,1073331967,1073703423,1073715199,1073600255,1073739519,1073741823,1073741823,1073741823,1073741823:i9
1073741823,1073741823,1073741823,1073741823,1073741823,1073479679,1073594111,1073703423,1073453055,1073600255,1073739519,1073741823,1073741823,1073741823,1073741823:i9
1073741823,1073741823,1073741823,1073741823,1073741823,1073478655,1073594111,1073703423,1073715199,1073600255,1073739519,1073741823,1073741823,1073741823,1073741823:i9
1073741823,1073741823,1073741823,1073741823,1073741823,1073479679,1073590015,1073703423,1073715199,1073600255,1073739519,1073741823,1073741823,1073741823,1073741823:d7
1073741823,1073741823,1073741823,1073741823,1073741823,1073463295,1073594111,1073703423,1073715199,1073600255,1073739519,1073741823,1073741823,1073741823,1073741823:i9
1073741823,1073741823,1073741823,1073741823,1073741823,1073479679,1073594111,1073441279,1073715199,1073600255,1073739519,1073741823,1073741823,1073741823,1073741823:i9
1073741823,1073741823,1073741823,1073741823,1073741823,1073479679,1073594111,1073637887,1073715199,1073600255,1073739519,1073741823,1073741823,1073741823,1073741823:d7
1073741823,1073741823,1073741823,1073741823,1073741823,1073479679,1073594111,1073703423,1073715199,1073338111,1073739519,1073741823,1073741823,1073741823,1073741823:d7
1073741823,1073741823,1073741823,1073741823,1073741823,1073479679,1073594111,1073703423,1073649663,1073600255,1073739519,1073741823,1073741823,1073741823,1073741823:d7
1073741823,1073741823,1073741823,1073741823,1073741823,1073479679,1073594111,1073703423,1073715199,1073583871,1073739519,1073741823,1073741823,1073741823,1073741823:d7
1073741823,1073741823,1073741823,1073741823,1073741823,1073479679,1073594111,1073703679,1073715199,1073600511,1073739519,1073741823,1073741823,1073741823,1073741823:h10
1073741823,1073741823,1073741823,1073741823,1073741823,1073479423,1073594111,1073703935,1073715199,1073600511,1073739519,1073741823,1073741823,1073741823,1073741823:h10
1073741823,1073741823,1073741823,1073741823,1073741823,1073479679,1073594111,1073703935,1073714943,1073600511,1073739519,1073741823,1073741823,1073741823,1073741823:h10
1073741823,1073741823,1073741823,1073741823,1073741823,1073479679,1073594111,1073703935,1073715199,1073600511,1073673983,1073741823,1073741823,1073741823,1073741823:f13
1073741823,1073741823,1073741823,1073741823,1073741823,1073479679,1073594111,1073703935,1073715199,1073600511,1073735423,1073741823,1073741823,1073741823,1073741823:i9
1073741823,1073741823,1073741823,1073725439,1073741823,1073479679,1073594111,1073703935,1073715199,1073600511,1073739519,1073741823,1073741823,1073741823,1073741823:i9
1073741823,1073741823,1073741823,1073479679,1073741823,1073479679,1073594111,1073703935,1073715199,1073600511,1073739519,1073741823,1073741823,1073741823,1073741823:i9
1073741823,1073741823,1073741823,1069547519,1073741823,1073479679,1073594111,1073703935,1073715199,1073600511,1073739519,1073741823,1073741823,1073741823,1073741823:i9
1073741823,1073741823,1073741823,1073741823,1073741823,1069285375,1073594111,1073703935,1073715199,1073600511,1073739519,1073741823,1073741823,1073741823,1073741823:i9
1073741823,1073741823,1073741823,1073741823,1073741823,1072431103,1073594111,1073703935,1073715199,1073600511,1073739519,1073741823,1073741823,1073741823,1073741823:i9
1073741823,1073741823,1073741823,1073741823,1073741823,1073479679,1073594111,1069509631,1073715199,1073600511,1073739519,1073741823,1073741823,1073741823,1073741823:i9
1073741823,1073741823,1073741823,1073741823,1073737727,1073479679,1073594111,1073703935,1073715199,1073600511,1073739519,1073741823,1073741823,1073741823,1073741823:i9
1073741823,1073741823,1073741823,1073741823,1073676287,1073479679,1073594111,1073703935,1073715199,1073600511,1073739519,1073741823,1073741823,1073741823,1073741823:i9
1073741823,1073741823,1073741823,1073741823,1072693247,1073479679,1073594111,1073703935,1073715199,1073600511,1073739519,1073741823,1073741823,1073741823,1073741823:i9
1073741823,1073741823,1073741823,1073741823,1073741823,1073479679,1072545535,1073703935,1073715199,1073600511,1073739519,1073741823,1073741823,1073741823,1073741823:i9
1073741823,1073741823,1073741823,1073741823,1073741823,1073479679,1073594111,1073703935,1072666623,1073600511,1073739519,1073741823,1073741823,1073741823,1073741823:i9
1073741823,1073741823,1073741823,1073741823,1073741823,1073479679,1073593087,1073703935,1073715199,1073600511,1073739519,1073741823,1073741823,1073741823,1073741823:h10
1073741823,1073741823,1073741823,1073741823,1073740799,1073479679,1073594111,1073703935,1073715199,1073600511,1073739519,1073741823,1073741823,1073741823,1073741823:i9
1073741823,1073741823,1073741823,1073741823,1073741823,1073475583,1073594111,1073703935,1073715199,1073600511,1073739519,1073741823,1073741823,1073741823,1073741823:i9
1073741823,1073741823,1073741823,1073741823,1073725439,1073479679,1073594111,1073703935,1073715199,1073600511,1073739519,1073741823,1073741823,1073741823,1073741823:i9
1073741823,1073741823,1073741823,1073741823,1073479679,1073479679,1073594111,1073703935,1073715199,1073600511,1073739519,1073741823,1073741823,1073741823,1073741823:h10
1073741823,1073741823,1073741823,1073741823,1073741823,1073414143,1073594111,1073703935,1073715199,1073600511,1073739519,1073741823,1073741823,1073741823,1073741823:h10
1073741823,1073741823,1073741823,1073741823,1073741823,1073479679,1073331967,1073703935,1073715199,1073600511,1073739519,1073741823,1073741823,1073741823,1073741823:i9
1073741823,1073741823,1073741823,1073741823,1073741823,1073479679,1073594111,1073703935,1073453055,1073600511,1073739519,1073741823,1073741823,1073741823,1073741823:i9
1073741823,1073741823,1073741823,1073741823,1073741823,1073478655,1073594111,1073703935,1073715199,1073600511,1073739519,1073741823,1073741823,1073741823,1073741823:i9
1073741823,1073741823,1073741823,1073741823,1073741823,1073479679,1073590015,1073703935,1073715199,1073600511,1073739519,1073741823,1073741823,1073741823,1073741823:h10
1073741823,1073741823,1073741823,1073741823,1073741823,1073463295,1073594111,1073703935,1073715199,1073600511,1073739519,1073741823,1073741823,1073741823,1073741823:i9
1073741823,1073741823,1073741823,1073741823,1073741823,1073479679,1073594111,1073441791,1073715199,1073600511,1073739519,1073741823,1073741823,1073741823,1073741823:i9
1073741823,1073741823,1073741823,1073741823,1073741823,1073479679,1073594111,1073638399,1073715199,1073600511,1073739519,1073741823,1073741823,1073741823,1073741823:f13
1073741823,1073741823,1073741823,1073741823,1073741823,1073479679,1073594111,1073703935,1073715199,1073338367,1073739519,1073741823,1073741823,1073741823,1073741823:f13
1073741823,1073741823,1073741823,1073741823,1073741823,1073479679,1073594111,1073703935,1073649663,1073600511,1073739519,1073741823,1073741823,1073741823,1073741823:f13
1073741823,1073741823,1073741823,1073741823,1073741823,1073479679,1073594111,1073703935,1073715199,1073584127,1073739519,1073741823,1073741823,1073741823,1073741823:f13
1073741823,1073741823,1073741823,1073741823,1073741823,1073478655,1073594111,1073704959,1073715199,1073731583,1073739519,1073741823,1073741823,1073741823,1073741823:f8
1073741823,1073741823,1073741823,1073741823,1073741823,1073479679,1073590015,1073704959,1073715199,1073731583,1073739519,1073741823,1073741823,1073741823,1073741823:f8
1073741823,1073741823,1073741823,1073741823,1073741823,1073463295,1073594111,1073704959,1073715199,1073731583,1073739519,1073741823,1073741823,1073741823,1073741823:f8
1073741823,1073741823,1073741823,1073741823,1073741823,1073479679,1073594111,1073442815,1073715199,1073731583,1073739519,1073741823,1073741823,1073741823,1073741823:f8
1073741823,1073741823,1073741823,1073741823,1073741823,1073479679,1073594111,1073639423,1073715199,1073731583,1073739519,1073741823,1073741823,1073741823,1073741823:f8
1073741823,1073741823,1073741823,1073741823,1073741823,1073479679,1073594111,1073704959,1073715199,1073469439,1073739519,1073741823,1073741823,1073741823,1073741823:f8
1073741823,1073741823,1073741823,1073741823,1073741823,1073479679,1073594111,1073704959,1073649663,1073731583,1073739519,1073741823,1073741823,1073741823,1073741823:f8
1073741823,1073741823,1073741823,1073741823,1073741823,1073479679,1073594111,1073704959,1073715199,1073715199,1073739519,1073741823,1073741823,1073741823,1073741823:f8
