1073741823,1073741823,1073741823,1073741823,1073741823,1073479679,1073594367,1073704959,1073715199,1073731583,1073741567,1073737727,1073741823,1073741823,1073741823:f7
1073741823,1073741823,1073741823,1073741823,1073741759,1073479679,1073592319,1073704959,1073715199,1073731583,1073741567,1073737727,1073741823,1073741823,1073741823:f8
1073741823,1073741823,1073741823,1073741823,1073741823,1073479679,1073592319,1073704959,1073715199,1073731583,1073741567,1073737727,1073741823,1073741567,1073741823:f8
1073741823,1073741823,1073741823,1073741823,1073741823,1073479679,1073592319,1073704959,1073715199,1073731583,1073741567,1073737727,1073740799,1073741823,1073741823:f8
1073741823,1073741823,1073741823,1073741823,1073741823,1073479679,1073592319,1073704959,1073715199,1073731583,1073741567,1073737727,1073741823,1073676287,1073741823:f8
1073741823,1073741823,1073741823,1073741823,1073741823,1073479679,1073592319,1073704959,1073715199,1073731583,1073741567,1073737727,1073725439,1073741823,1073741823:f8
1073741823,1073741823,1073741823,1073741823,1073741823,1073479679,1073592319,1073704959,1073715199,1073731583,1073741567,1073737727,1073741823,1073737727,1073741823:f8
1073741823,1073741823,1073741823,1073741823,1073741823,1073479679,1073592319,1073704959,1073715199,1073731583,1073741567,1073672191,1073741823,1073741823,1073741823:f8
1073741823,1073741823,1073741823,1073741823,1073741823,1073479679,1073592319,1073704959,1073715199,1073731583,1073741567,1073737727,1073741807,1073741823,1073741823:f8
1073741823,1073741823,1073741823,1073741823,1073741823,1073479679,1073592319,1073704959,1073715199,1073731583,1073741551,1073737727,1073741823,1073741823,1073741823:f8
1073741823,1073741823,1073741823,1073741823,1073741823,1073479679,1073592319,1073704959,1073715183,1073731583,1073741567,1073737727,1073741823,1073741823,1073741823:f8
1073741823,1073741823,1073741823,1073741823,1073741823,1073479679,1073592319,1073704959,1073715199,1073731583,1073741567,1073737727,1073737727,1073741823,1073741823:f8
1073741823,1073741823,1073741823,1073741823,1073741823,1073479679,1073592319,1073704959,1073715199,1073731583,1073741567,1073737727,1073741567,1073741823,1073741823:f8
1073741823,1073741823,1073741823,1073741823,1073741823,1073479679,1073592319,1073704959,1073715199,1073731583,1073741567,1073737471,1073741823,1073741823,1073741823:f8
1073741823,1073741823,1073741823,1073741823,1073741823,1073479679,1073592319,1073704959,1073715199,1073731583,1073741567,1073737663,1073741823,1073741823,1073741823:f8
1073741823,1073741823,1073741823,1073741823,1073741823,1073479679,1073592319,1073704959,1073715199,1073731519,1073741567,1073737727,1073741823,1073741823,1073741823:f8
1073741823,1073741823,1073741823,1073741823,1073741823,1073479679,1073592319,1073704895,1073715199,1073731583,1073741567,1073737727,1073741823,1073741823,1073741823:f8
1073741823,1073741823,1073741823,1073741823,1073741823,1073479679,1073592319,1073704959,1073715199,1073731583,1073741567,1073721343,1073741823,1073741823,1073741823:f8
1073741823,1073741823,1073741823,1073741823,1073741823,1073479679,1073592319,1073704959,1073715199,1073731583,1073741567,1073736703,1073741823,1073741823,1073741823:f8
1073741823,1073741823,1073741823,1073741823,1073741823,1073479679,1073592319,1073704959,1073715199,1073731583,1073479423,1073737727,1073741823,1073741823,1073741823:f8
1073741823,1073741823,1073741823,1073741823,1073741823,1073479679,1073592319,1073704959,1073715199,1073731583,1073741503,1073737727,1073741823,1073741823,1073741823:f8
1073741823,1073741823,1073741823,1073741823,1073741823,1073479679,1073592319,1073704959,1073715135,1073731583,1073741567,1073737727,1073741823,1073741823,1073741823:f8
1073741823,1073741823,1073741823,1073741823,1073741823,1073479679,1073592255,1073704959,1073715199,1073731583,1073741567,1073737727,1073741823,1073741823,1073741823:f8
1073741823,1073741823,1073741823,1073741823,1073741823,1073479679,1073592319,1073704959,1073715199,1073731583,1073725183,1073737727,1073741823,1073741823,1073741823:f8
1073741823,1073741823,1073741823,1073741823,1073741823,1073479679,1073592319,1073704959,1073715199,1073731583,1073740543,1073737727,1073741823,1073741823,1073741823:f8
1073741823,1073741823,1073741823,1073741823,1073741823,1073479679,1073592319,1073704959,1073715199,1073731327,1073741567,1073737727,1073741823,1073741823,1073741823:f8
1073741823,1073741823,1073741823,1073741823,1073741823,1073479679,1073592319,1073704703,1073715199,1073731583,1073741567,1073737727,1073741823,1073741823,1073741823:f8
1073741823,1073741823,1073741823,1073741823,1073741823,1073479423,1073592319,1073704959,1073715199,1073731583,1073741567,1073737727,1073741823,1073741823,1073741823:f8
1073741823,1073741823,1073741823,1073741823,1073741823,1073479679,1073592319,1073704959,1073715199,1073666047,1073741567,1073737727,1073741823,1073741823,1073741823:f8
1073741823,1073741823,1073741823,1073741823,1073741823,1073479679,1073592319,1073704959,1073714943,1073731583,1073741567,1073737727,1073741823,1073741823,1073741823:f8
1073741823,1073741823,1073741823,1073741823,1073741823,1073479679,1073592063,1073704959,1073715199,1073731583,1073741567,1073737727,1073741823,1073741823,1073741823:f8
1073741823,1073741823,1073741823,1073741823,1073741823,1073479679,1073592319,1073704959,1073715199,1073731583,1073676031,1073737727,1073741823,1073741823,1073741823:f8
1073741823,1073741823,1073741823,1073741823,1073741823,1073479679,1073592319,1073704959,1073715199,1073731583,1073737471,1073737727,1073741823,1073741823,1073741823:f8
1073741823,1073741823,1073741823,1073725439,1073741823,1073479679,1073592319,1073704959,1073715199,1073731583,1073741567,1073737727,1073741823,1073741823,1073741823:f8
1073741823,1073741823,1073741823,1073479679,1073741823,1073479679,1073592319,1073704959,1073715199,1073731583,1073741567,1073737727,1073741823,1073741823,1073741823:f8
1073741823,1073741823,1073741823,1069547519,1073741823,1073479679,1073592319,1073704959,1073715199,1073731583,1073741567,1073737727,1073741823,1073741823,1073741823:f8
1073741823,1073741823,1073741823,1073741823,1073741823,1069285375,1073592319,1073704959,1073715199,1073731583,1073741567,1073737727,1073741823,1073741823,1073741823:f8
1073741823,1073741823,1073741823,1073741823,1073741823,1072431103,1073592319,1073704959,1073715199,1073731583,1073741567,1073737727,1073741823,1073741823,1073741823:f8
1073741823,1073741823,1073741823,1073741823,1073741823,1073479679,1073592319,1069510655,1073715199,1073731583,1073741567,1073737727,1073741823,1073741823,1073741823:f8
1073741823,1073741823,1073741823,1073741823,1073737727,1073479679,1073592319,1073704959,1073715199,1073731583,1073741567,1073737727,1073741823,1073741823,1073741823:f8
1073741823,1073741823,1073741823,1073741823,1073676287,1073479679,1073592319,1073704959,1073715199,1073731583,1073741567,1073737727,1073741823,1073741823,1073741823:f8
1073741823,1073741823,1073741823,1073741823,1072693247,1073479679,1073592319,1073704959,1073715199,1073731583,1073741567,1073737727,1073741823,1073741823,1073741823:f8
1073741823,1073741823,1073741823,1073741823,1073741823,1073479679,1072543743,1073704959,1073715199,1073731583,1073741567,1073737727,1073741823,1073741823,1073741823:f8
1073741823,1073741823,1073741823,1073741823,1073741823,1073479679,1073592319,1073704959,1072666623,1073731583,1073741567,1073737727,1073741823,1073741823,1073741823:f8
1073741823,1073741823,1073741823,1073741823,1073740799,1073479679,1073592319,1073704959,1073715199,1073731583,1073741567,1073737727,1073741823,1073741823,1073741823:f8
1073741823,1073741823,1073741823,1073741823,1073741823,1073475583,1073592319,1073704959,1073715199,1073731583,1073741567,1073737727,1073741823,1073741823,1073741823:f8
1073741823,1073741823,1073741823,1073741823,1073725439,1073479679,1073592319,1073704959,1073715199,1073731583,1073741567,1073737727,1073741823,1073741823,1073741823:f8
1073741823,1073741823,1073741823,1073741823,1073479679,1073479679,1073592319,1073704959,1073715199,1073731583,1073741567,1073737727,1073741823,1073741823,1073741823:f8
1073741823,1073741823,1073741823,1073741823,1073741823,1073414143,1073592319,1073704959,1073715199,1073731583,1073741567,1073737727,1073741823,1073741823,1073741823:f8
1073741823,1073741823,1073741823,1073741823,1073741823,1073479679,1073330175,1073704959,1073715199,1073731583,1073741567,1073737727,1073741823,1073741823,1073741823:f8
1073741823,1073741823,1073741823,1073741823,1073741823,1073479679,1073592319,1073704959,1073453055,1073731583,1073741567,1073737727,1073741823,1073741823,1073741823:f8
1073741823,1073741823,1073741823,1073741823,1073741823,1073479679,1073592319,1073703935,1073715199,1073731583,1073741567,1073737727,1073741823,1073741823,1073741823:e10
1073741823,1073741823,1073741823,1073741823,1073741823,1073479679,1073592319,1073703935,1073715199,1073731071,1073741567,1073737711,1073741823,1073741823,1073741823:e8
1073741823,1073741823,1073741823,1073741823,1073741823,1073479679,1073592319,1073703935,1073715199,1073731055,1073741567,1073737727,1073741823,1073741823,1073741823:h10
1073741823,1073741823,1073741823,1073741823,1073741823,1073479679,1073592319,1073703919,1073715199,1073731071,1073741567,1073737727,1073741823,1073741823,1073741823:e8
1073741823,1073741823,1073741823,1073741823,1073741823,1073479615,1073592319,1073703935,1073715199,1073731071,1073741567,1073737727,1073741823,1073741823,1073741823:e8
1073741823,1073741823,1073741823,1073741823,1073741759,1073479679,1073592319,1073703935,1073715199,1073731071,1073741567,1073737727,1073741823,1073741823,1073741823:e8
1073741823,1073741823,1073741823,1073741823,1073741823,1073479679,1073592319,1073703935,1073715199,1073731071,1073741567,1073737727,1073741823,1073741567,1073741823:e8
1073741823,1073741823,1073741823,1073741823,1073741823,1073479679,1073592319,1073703935,1073715199,1073731071,1073741567,1073737727,1073740799,1073741823,1073741823:e8
1073741823,1073741823,1073741823,1073741823,1073741823,1073479679,1073592319,1073703935,1073715199,1073731071,1073741567,1073737727,1073741823,1073676287,1073741823:e8
1073741823,1073741823,1073741823,1073741823,1073741823,1073479679,1073592319,1073703935,1073715199,1073731071,1073741567,1073737727,1073725439,1073741823,1073741823:e8
1073741823,1073741823,1073741823,1073741823,1073741823,1073479679,1073592319,1073703935,1073715199,1073731071,1073741567,1073737727,1073741823,1073737727,1073741823:e8
1073741823,1073741823,1073741823,1073741823,1073741823,1073479679,1073592319,1073703935,1073715199,1073731071,1073741567,1073672191,1073741823,1073741823,1073741823:e8
1073741823,1073741823,1073741823,1073741823,1073741823,1073479679,1073592319,1073703935,1073715199,1073731071,1073741567,1073737727,1073741807,1073741823,1073741823:e8
1073741823,1073741823,1073741823,1073741823,1073741823,1073479679,1073592319,1073703935,1073715199,1073731071,1073741551,1073737727,1073741823,1073741823,1073741823:e8
1073741823,1073741823,1073741823,1073741823,1073741823,1073479679,1073592319,1073703935,1073715183,1073731071,1073741567,1073737727,1073741823,1073741823,1073741823:e8
1073741823,1073741823,1073741823,1073741823,1073741823,1073479679,1073592319,1073703935,1073715199,1073731071,1073741567,1073737727,1073737727,1073741823,1073741823:e8
1073741823,1073741823,1073741823,1073741823,1073741823,1073479679,1073592319,1073703935,1073715199,1073731071,1073741567,1073737727,1073741567,1073741823,1073741823:e8
1073741823,1073741823,1073741823,1073741823,1073741823,1073479679,1073592319,1073703935,1073715199,1073731071,1073741567,1073737471,1073741823,1073741823,1073741823:e8
1073741823,1073741823,1073741823,1073741823,1073741823,1073479679,1073592319,1073703935,1073715199,1073731071,1073741567,1073737663,1073741823,1073741823,1073741823:e8
1073741823,1073741823,1073741823,1073741823,1073741823,1073479679,1073592319,1073703935,1073715199,1073731007,1073741567,1073737727,1073741823,1073741823,1073741823:e8
1073741823,1073741823,1073741823,1073741823,1073741823,1073479663,1073592319,1073703423,1073715199,1073731007,1073741567,1073737727,1073741823,1073741823,1073741823:d9
1073741823,1073741823,1073741823,1073741823,1073741823,1073479679,1073592319,1073703423,1073715199,1073731007,1073741567,1073737723,1073741823,1073741823,1073741823:d7
1073741823,1073741823,1073741823,1073741823,1073741823,1073479679,1073592319,1073703423,1073715199,1073731003,1073741567,1073737727,1073741823,1073741823,1073741823:d9
1073741823,1073741823,1073741823,1073741823,1073741823,1073479679,1073592319,1073703419,1073715199,1073731007,1073741567,1073737727,1073741823,1073741823,1073741823:d7
1073741823,1073741823,1073741823,1073741823,1073741823,1073479679,1073592319,1073703423,1073715199,1073731007,1073741567,1073737711,1073741823,1073741823,1073741823:d9
1073741823,1073741823,1073741823,1073741823,1073741823,1073479679,1073592319,1073703423,1073715199,1073730991,1073741567,1073737727,1073741823,1073741823,1073741823:d7
1073741823,1073741823,1073741823,1073741823,1073741823,1073479679,1073592319,1073703407,1073715199,1073731007,1073741567,1073737727,1073741823,1073741823,1073741823:d9
1073741823,1073741823,1073741823,1073741823,1073741823,1073479615,1073592319,1073703423,1073715199,1073731007,1073741567,1073737727,1073741823,1073741823,1073741823:d9
1073741823,1073741823,1073741823,1073741823,1073741759,1073479679,1073592319,1073703423,1073715199,1073731007,1073741567,1073737727,1073741823,1073741823,1073741823:d9
1073741823,1073741823,1073741823,1073741823,1073741823,1073479679,1073592319,1073703423,1073715199,1073731007,1073741567,1073737727,1073741823,1073741567,1073741823:d9
1073741823,1073741823,1073741823,1073741823,1073741823,1073479679,1073592319,1073703423,1073715199,1073731007,1073741567,1073737727,1073740799,1073741823,1073741823:d9
1073741823,1073741823,1073741823,1073741823,1073741823,1073479679,1073592319,1073703423,1073715199,1073731007,1073741567,1073737727,1073741823,1073676287,1073741823:d9
1073741823,1073741823,1073741823,1073741823,1073741823,1073479679,1073592319,1073703423,1073715199,1073731007,1073741567,1073737727,1073725439,1073741823,1073741823:d9
1073741823,1073741823,1073741823,1073741823,1073741823,1073479679,1073592319,1073703423,1073715199,1073731007,1073741567,1073737727,1073741823,1073737727,1073741823:d9
1073741823,1073741823,1073741823,1073741823,1073741823,1073479679,1073592319,1073703423,1073715199,1073731007,1073741567,1073672191,1073741823,1073741823,1073741823:d9
1073741823,1073741823,1073741823,1073741823,1073741823,1073479679,1073592319,1073703423,1073715199,1073731007,1073741567,1073737727,1073741807,1073741823,1073741823:d9
1073741823,1073741823,1073741823,1073741823,1073741823,1073479679,1073592319,1073703423,1073715199,1073731007,1073741551,1073737727,1073741823,1073741823,1073741823:d7
1073741823,1073741823,1073741823,1073741823,1073741823,1073479679,1073592319,1073703423,1073715183,1073731007,1073741567,1073737727,1073741823,1073741823,1073741823:d7
1073741823,1073741823,1073741823,1073741823,1073741823,1073479679,1073592319,1073703423,1073715199,1073731007,1073741567,1073737727,1073737727,1073741823,1073741823:d7
1073741823,1073741823,1073741823,1073741823,1073741823,1073479679,1073592319,1073703423,1073715199,1073731007,1073741567,1073737727,1073741567,1073741823,1073741823:d9
1073741823,1073741823,1073741823,1073741823,1073741823,1073479679,1073592319,1073703423,1073715199,1073731007,1073741567,1073737471,1073741823,1073741823,1073741823:d9
1073741823,1073741823,1073741823,1073741823,1073741823,1073479679,1073592319,1073703423,1073715199,1073731007,1073741567,1073737663,1073741823,1073741823,1073741823:d9
1073741823,1073741823,1073741823,1073741823,1073741823,1073479679,1073592319,1073703359,1073715199,1073731007,1073741567,1073737727,1073741823,1073741823,1073741823:d9
1073741823,1073741823,1073741823,1073741823,1073741823,1073479679,1073592319,1073703423,1073715199,1073731007,1073741567,1073721343,1073741823,1073741823,1073741823:d9
1073741823,1073741823,1073741823,1073741823,1073741823,1073479679,1073592319,1073703423,1073715199,1073731007,1073741567,1073736703,1073741823,1073741823,1073741823:d7
1073741823,1073741823,1073741823,1073741823,1073741823,1073479679,1073592319,1073703423,1073715199,1073731007,1073479423,1073737727,1073741823,1073741823,1073741823:d7
1073741823,1073741823,1073741823,1073741823,1073741823,1073479679,1073592319,1073703423,1073715199,1073731007,1073741503,1073737727,1073741823,1073741823,1073741823:d9
1073741823,1073741823,1073741823,1073741823,1073741823,1073479679,1073592319,1073703423,1073715135,1073731007,1073741567,1073737727,1073741823,1073741823,1073741823:d7
1073741823,1073741823,1073741823,1073741823,1073741823,1073479679,1073592255,1073703423,1073715199,1073731007,1073741567,1073737727,1073741823,1073741823,1073741823:d9
1073741823,1073741823,1073741823,1073741823,1073741823,1073479679,1073592255,1073703423,1073715071,1073731007,1073741563,1073737727,1073741823,1073741823,1073741823:g6
1073741823,1073741823,1073741823,1073741823,1073741823,1073479679,1073592255,1073703423,1073715067,1073731007,1073741567,1073737727,1073741823,1073741823,1073741823:g6
1073741823,1073741823,1073741823,1073741823,1073741823,1073479679,1073592251,1073703423,1073715071,1073731007,1073741567,1073737727,1073741823,1073741823,1073741823:g6
1073741823,1073741823,1073741823,1073741823,1073741823,1073479679,1073592239,1073703423,1073715071,1073731007,1073741567,1073737727,1073741823,1073741823,1073741823:g6
1073741823,1073741823,1073741823,1073741823,1073741819,1073479679,1073592255,1073703423,1073715071,1073731007,1073741567,1073737727,1073741823,1073741823,1073741823:g6
1073741823,1073741823,1073741823,1073741823,1073741823,1073479663,1073592255,1073703423,1073715071,1073731007,1073741567,1073737727,1073741823,1073741823,1073741823:g6
1073741823,1073741823,1073741823,1073741823,1073741823,1073479679,1073592255,1073703423,1073715071,1073731007,1073741567,1073737723,1073741823,1073741823,1073741823:g6
1073741823,1073741823,1073741823,1073741823,1073741823,1073479679,1073592255,1073703423,1073715071,1073731003,1073741567,1073737727,1073741823,1073741823,1073741823:g6
1073741823,1073741823,1073741823,1073741823,1073741823,1073479679,1073592255,1073703419,1073715071,1073731007,1073741567,1073737727,1073741823,1073741823,1073741823:g6
1073741823,1073741823,1073741823,1073741823,1073741823,1073479679,1073592255,1073703423,1073715071,1073731007,1073741567,1073737711,1073741823,1073741823,1073741823:g6
1073741823,1073741823,1073741823,1073741823,1073741823,1073479679,1073592255,1073703423,1073715071,1073730991,1073741567,1073737727,1073741823,1073741823,1073741823:i9
1073741823,1073741823,1073741823,1073741823,1073741823,1073479679,1073592255,1073703423,1073583999,1073730991,1072692991,1073737727,1073741823,1073741823,1073741823:i10
1073741823,1073741823,1073741823,1073741823,1073741823,1073479679,1073592255,1073703423,1073583999,1073730991,1073741567,1073737726,1073741823,1073741823,1073741823:i10
1073741823,1073741823,1073741823,1073741823,1073741823,1073479679,1073592255,1073703423,1073583999,1073730990,1073741567,1073737727,1073741823,1073741823,1073741823:i10
1073741823,1073741823,1073741823,1073741823,1073741823,1073479679,1073592255,1073703422,1073583999,1073730991,1073741567,1073737727,1073741823,1073741823,1073741823:i10
1073741823,1073741823,1073741823,1073741823,1073741823,1073479679,1073592255,1073703423,1073583999,1073730991,1073741563,1073737727,1073741823,1073741823,1073741823:i10
1073741823,1073741823,1073741823,1073741823,1073741823,1073479679,1073592255,1073703423,1073583995,1073730991,1073741567,1073737727,1073741823,1073741823,1073741823:i10
1073741823,1073741823,1073741823,1073741823,1073741823,1073479679,1073592251,1073703423,1073583999,1073730991,1073741567,1073737727,1073741823,1073741823,1073741823:i10
1073741823,1073741823,1073741823,1073741823,1073741823,1073479679,1073592239,1073703423,1073583999,1073730991,1073741567,1073737727,1073741823,1073741823,1073741823:i10
1073741823,1073741823,1073741823,1073741823,1073741819,1073479679,1073592255,1073703423,1073583999,1073730991,1073741567,1073737727,1073741823,1073741823,1073741823:i10
1073741823,1073741823,1073741823,1073741823,1073741823,1073479663,1073592255,1073703423,1073583999,1073730991,1073741567,1073737727,1073741823,1073741823,1073741823:i10
1073741823,1073741823,1073741823,1073741823,1073741823,1073479679,1073592255,1073703423,1073583999,1073730991,1073741567,1073737723,1073741823,1073741823,1073741823:i12
1073741823,1073741823,1073741823,1073741823,1073741823,1073479679,1073592255,1073703423,1073583999,1073730987,1073741567,1073737727,1073741823,1073741823,1073741823:i10
1073741823,1073741823,1073741823,1073741823,1073741823,1073479679,1073592255,1073703419,1073583999,1073730991,1073741567,1073737727,1073741823,1073741823,1073741823:i12
1073741823,1073741823,1073741823,1073741823,1073741823,1073479679,1073592255,1073703423,1073583999,1073730991,1073741567,1073737711,1073741823,1073741823,1073741823:i10
1073741823,1073741823,1073741823,1073741823,1073741823,1073479679,1073592255,1073703407,1073583999,1073730991,1073741567,1073737727,1073741823,1073741823,1073741823:i10
1073741823,1073741823,1073741823,1073741823,1073741823,1073479615,1073592255,1073703423,1073583999,1073730991,1073741567,1073737727,1073741823,1073741823,1073741823:i10
1073741823,1073741823,1073741823,1073741823,1073741759,1073479679,1073592255,1073703423,1073583999,1073730991,1073741567,1073737727,1073741823,1073741823,1073741823:i10
1073741823,1073741823,1073741823,1073741823,1073741823,1073479679,1073592255,1073703423,1073583999,1073730991,1073741567,1073737727,1073741823,1073741567,1073741823:i10
1073741823,1073741823,1073741823,1073741823,1073741823,1073479679,1073592255,1073703423,1073583999,1073730991,1073741567,1073737727,1073740799,1073741823,1073741823:i10
1073741823,1073741823,1073741823,1073741823,1073741823,1073479679,1073592255,1073703423,1073583999,1073730991,1073741567,1073737727,1073741823,1073676287,1073741823:i10
1073741823,1073741823,1073741823,1073741823,1073741823,1073479679,1073592255,1073703423,1073583999,1073730991,1073741567,1073737727,1073725439,1073741823,1073741823:i10
1073741823,1073741823,1073741823,1073741823,1073741823,1073479679,1073592255,1073703423,1073583999,1073730991,1073741567,1073737727,1073741823,1073737727,1073741823:i10
1073741823,1073741823,1073741823,1073741823,1073741823,1073479679,1073592255,1073703423,1073583999,1073730991,1073741567,1073672191,1073741823,1073741823,1073741823:i10
1073741823,1073741823,1073741823,1073741823,1073741823,1073479679,1073592255,1073703423,1073583999,1073730991,1073741567,1073737727,1073741807,1073741823,1073741823:i10
1073741823,1073741823,1073741823,1073741823,1073741823,1073479679,1073592255,1073703423,1073583999,1073730991,1073741551,1073737727,1073741823,1073741823,1073741823:i12
1073741823,1073741823,1073741823,1073741823,1073741823,1073479679,1073592255,1073703423,1073583983,1073730991,1073741567,1073737727,1073741823,1073741823,1073741823:i12
1073741823,1073741823,1073741823,1073741823,1073741823,1073479679,1073592255,1073703423,1073583999,1073730991,1073741567,1073737727,1073737727,1073741823,1073741823:i12
1073741823,1073741823,1073741823,1073741823,1073741823,1073479679,1073592255,1073703423,1073583999,1073730991,1073741567,1073737727,1073741567,1073741823,1073741823:i10
1073741823,1073741823,1073741823,1073741823,1073741823,1073479679,1073592255,1073703423,1073583999,1073730991,1073741567,1073737471,1073741823,1073741823,1073741823:i10
1073741823,1073741823,1073741823,1073741823,1073741823,1073479679,1073592255,1073703423,1073583999,1073730991,1073741567,1073737663,1073741823,1073741823,1073741823:i10
1073741823,1073741823,1073741823,1073741823,1073741823,1073479679,1073592255,1073703359,1073583999,1073730991,1073741567,1073737727,1073741823,1073741823,1073741823:i10
1073741823,1073741823,1073741823,1073741823,1073741823,1073479679,1073592255,1073703423,1073583999,1073730991,1073741567,1073721343,1073741823,1073741823,1073741823:i10
1073741823,1073741823,1073741823,1073741823,1073741823,1073479679,1073592255,1073703423,1073583999,1073730991,1073741567,1073736703,1073741823,1073741823,1073741823:i12
1073741823,1073741823,1073741823,1073741823,1073741823,1073479679,1073592255,1073703423,1073583999,1073730991,1073479423,1073737727,1073741823,1073741823,1073741823:i10
1073741823,1073741823,1073741823,1073741823,1073741823,1073479679,1073592255,1073703423,1073583999,1073730991,1073741503,1073737727,1073741823,1073741823,1073741823:i10
1073741823,1073741823,1073741823,1073741823,1073741823,1073479679,1073592255,1073703423,1073583999,1073730991,1073725183,1073737727,1073741823,1073741823,1073741823:i10
1073741823,1073741823,1073741823,1073741823,1073741823,1073479679,1073592255,1073703423,1073583999,1073730991,1073740543,1073737727,1073741823,1073741823,1073741823:i10
1073741823,1073741823,1073741823,1073741823,1073741823,1073479423,1073592255,1073703423,1073583999,1073730991,1073741567,1073737727,1073741823,1073741823,1073741823:i10
1073741823,1073741823,1073741823,1073741823,1073741823,1073479679,1073592255,1073703423,1073583999,1073665455,1073741567,1073737727,1073741823,1073741823,1073741823:f6
1073741823,1073741823,1073741823,1073741823,1073741823,1073479679,1073592255,1073703423,1073583743,1073730991,1073741567,1073737727,1073741823,1073741823,1073741823:i12
1073741823,1073741823,1073741823,1073741823,1073741823,1073479679,1073591999,1073703423,1073583999,1073730991,1073741567,1073737727,1073741823,1073741823,1073741823:i10
1073741823,1073741823,1073741823,1073741823,1073741823,1073479679,1073592255,1073703423,1073583999,1073730991,1073676031,1073737727,1073741823,1073741823,1073741823:f6
1073741823,1073741823,1073741823,1073741759,1073741823,1073477631,1073592255,1073703423,1073583999,1073730991,1073676031,1073737727,1073741823,1073741823,1073741823:g7
1073741823,1073741823,1073741823,1073741823,1073741567,1073477631,1073592255,1073703423,1073583999,1073730991,1073676031,1073737727,1073741823,1073741823,1073741823:g6
1073741823,1073741823,1073741823,1073740799,1073741823,1073477631,1073592255,1073703423,1073583999,1073730991,1073676031,1073737727,1073741823,1073741823,1073741823:g7
1073741823,1073741823,1073741823,1073741823,1073741823,1073477631,1073592255,1073703423,1073583999,1073730991,1073676031,1073737727,1072693247,1073741823,1073741823:g7
1073741823,1073741823,1073741823,1073741823,1073741823,1073477631,1073592255,1073703423,1073583999,1073730991,1073676031,1073475583,1073741823,1073741823,1073741823:g7
1073741823,1073741823,1073741823,1073741823,1073741823,1073477631,1073592255,1073703423,1073583999,1073730991,1073676031,1073737727,1073676287,1073741823,1073741823:g7
1073741823,1073741823,1073741823,1073741823,1073741823,1073477631,1073592255,1073703423,1073583999,1073730991,1072627455,1073737727,1073741823,1073741823,1073741823:g7
1073741823,1073741823,1073741823,1073741823,1073741823,1073477631,1073592255,1073703423,1073583999,1073730991,1073676031,1073737726,1073741823,1073741823,1073741823:g7
1073741823,1073741823,1073741823,1073741823,1073741823,1073477631,1073592255,1073703423,1073583999,1073730990,1073676031,1073737727,1073741823,1073741823,1073741823:g7
1073741823,1073741823,1073741823,1073741823,1073741823,1073477631,1073592255,1073703422,1073583999,1073730991,1073676031,1073737727,1073741823,1073741823,1073741823:g7
1073741823,1073741823,1073741823,1073741823,1073741823,1073477631,1073592255,1073703423,1073583999,1073730991,1073676027,1073737727,1073741823,1073741823,1073741823:g7
1073741823,1073741823,1073741823,1073741823,1073741823,1073477631,1073592255,1073703423,1073583995,1073730991,1073676031,1073737727,1073741823,1073741823,1073741823:g7
1073741823,1073741823,1073741823,1073741823,1073741823,1073477631,1073592251,1073703423,1073583999,1073730991,1073676031,1073737727,1073741823,1073741823,1073741823:g7
1073741823,1073741823,1073741823,1073741823,1073741823,1073477631,1073592239,1073703423,1073583999,1073730991,1073676031,1073737727,1073741823,1073741823,1073741823:g7
1073741823,1073741823,1073741823,1073741823,1073741819,1073477631,1073592255,1073703423,1073583999,1073730991,1073676031,1073737727,1073741823,1073741823,1073741823:g7
1073741823,1073741823,1073741823,1073741823,1073741823,1073477615,1073592255,1073703423,1073583999,1073730991,1073676031,1073737727,1073741823,1073741823,1073741823:g7
1073741823,1073741823,1073741823,1073741823,1073741823,1073477631,1073592255,1073703423,1073583999,1073730991,1073676031,1073737723,1073741823,1073741823,1073741823:g7
1073741823,1073741823,1073741823,1073741823,1073741823,1073477631,1073592255,1073703423,1073583999,1073730987,1073676031,1073737727,1073741823,1073741823,1073741823:g7
1073741823,1073741823,1073741823,1073741823,1073741823,1073477631,1073592255,1073703419,1073583999,1073730991,1073676031,1073737727,1073741823,1073741823,1073741823:g7
1073741823,1073741823,1073741823,1073741823,1073741823,1073477631,1073592255,1073703423,1073583999,1073730991,1073676031,1073737711,1073741823,1073741823,1073741823:g7
1073741823,1073741823,1073741823,1073741823,1073741823,1073477631,1073592255,1073703407,1073583999,1073730991,1073676031,1073737727,1073741823,1073741823,1073741823:g7
1073741823,1073741823,1073741823,1073741823,1073741823,1073477567,1073592255,1073703423,1073583999,1073730991,1073676031,1073737727,1073741823,1073741823,1073741823:g7
1073741823,1073741823,1073741823,1073741823,1073741759,1073477631,1073592255,1073703423,1073583999,1073730991,1073676031,1073737727,1073741823,1073741823,1073741823:g7
1073741823,1073741823,1073741823,1073741823,1073741823,1073477631,1073592255,1073703423,1073583999,1073730991,1073676031,1073737727,1073741823,1073741567,1073741823:g7
1073741823,1073741823,1073741823,1073741823,1073741823,1073477631,1073592255,1073703423,1073583999,1073730991,1073676031,1073737727,1073740799,1073741823,1073741823:g7
1073741823,1073741823,1073741823,1073741823,1073741823,1073477631,1073592255,1073703423,1073583999,1073730991,1073676031,1073737727,1073741823,1073676287,1073741823:g7
1073741823,1073741823,1073741823,1073741823,1073741823,1073477631,1073592255,1073703423,1073583999,1073730991,1073676031,1073737727,1073725439,1073741823,1073741823:g7
1073741823,1073741823,1073741823,1073741823,1073741823,1073477631,1073592255,1073703423,1073583999,1073730991,1073676031,1073737727,1073741823,1073737727,1073741823:g7
1073741823,1073741823,1073741823,1073741823,1073741823,1073477631,1073592255,1073703423,1073583999,1073730991,1073676031,1073672191,1073741823,1073741823,1073741823:g7
1073741823,1073741823,1073741823,1073741823,1073741823,1073477631,1073592255,1073703423,1073583999,1073730991,1073676031,1073737727,1073741807,1073741823,1073741823:g7
1073741823,1073741823,1073741823,1073741823,1073741823,1073477631,1073592255,1073703423,1073583999,1073730991,1073676015,1073737727,1073741823,1073741823,1073741823:g7
1073741823,1073741823,1073741823,1073741823,1073741823,1073477631,1073592255,1073703423,1073583983,1073730991,1073676031,1073737727,1073741823,1073741823,1073741823:g7
1073741823,1073741823,1073741823,1073741823,1073741823,1073477631,1073592255,1073703423,1073583999,1073730991,1073676031,1073737727,1073737727,1073741823,1073741823:g7
1073741823,1073741823,1073741823,1073741823,1073741823,1073477631,1073592255,1073703423,1073583999,1073730991,1073676031,1073737727,1073741567,1073741823,1073741823:g7
1073741823,1073741823,1073741823,1073741823,1073741823,1073477631,1073592255,1073703423,1073583999,1073730991,1073676031,1073737471,1073741823,1073741823,1073741823:g7
1073741823,1073741823,1073741823,1073741823,1073741823,1073477631,1073592255,1073703423,1073583999,1073730991,1073676031,1073737663,1073741823,1073741823,1073741823:g7
1073741823,1073741823,1073741823,1073741823,1073741823,1073477631,1073592255,1073703359,1073583999,1073730991,1073676031,1073737727,1073741823,1073741823,1073741823:g7
1073741823,1073741823,1073741823,1073741823,1073741823,1073477631,1073592255,1073703423,1073583999,1073730991,1073676031,1073721343,1073741823,1073741823,1073741823:g7
1073741823,1073741823,1073741823,1073741823,1073741823,1073477631,1073592255,1073703423,1073583999,1073730991,1073676031,1073736703,1073741823,1073741823,1073741823:g7
1073741823,1073741823,1073741823,1073741823,1073741823,1073477631,1073592255,1073703423,1073583999,1073730991,1073413887,1073737727,1073741823,1073741823,1073741823:g7
1073741823,1073741823,1073741823,1073741823,1073741823,1073477631,1073592255,1073703423,1073583999,1073730991,1073675967,1073737727,1073741823,1073741823,1073741823:g7
1073741823,1073741823,1073741823,1073741823,1073741823,1073477631,1073592255,1073703423,1073583999,1073730991,1073659647,1073737727,1073741823,1073741823,1073741823:g7
1073741823,1073741823,1073741823,1073741823,1073741823,1073477631,1073592255,1073703423,1073583999,1073730991,1073675007,1073737727,1073741823,1073741823,1073741823:g7
1073741823,1073741823,1073741823,1073741823,1073741823,1073477375,1073592255,1073703423,1073583999,1073730991,1073676031,1073737727,1073741823,1073741823,1073741823:g7
1073741823,1073741823,1073741823,1073741823,1073741823,1073477631,1073592255,1073703423,1073583999,1073665455,1073676031,1073737727,1073741823,1073741823,1073741823:g7
1073741823,1073741823,1073741823,1073741823,1073741823,1073477631,1073592255,1073703423,1073583743,1073730991,1073676031,1073737727,1073741823,1073741823,1073741823:g7
1073741823,1073741823,1073741823,1073741823,1073741823,1073477631,1073591999,1073703423,1073583999,1073730991,1073676031,1073737727,1073741823,1073741823,1073741823:g7
1073741823,1073741823,1073741823,1073741823,1073741823,1073477631,1073592255,1073703423,1073583999,1073730991,1073671935,1073737727,1073741823,1073741823,1073741823:g7
1073741823,1073741823,1073741823,1073725439,1073741823,1073477631,1073592255,1073703423,1073583999,1073730991,1073676031,1073737727,1073741823,1073741823,1073741823:g7
1073741823,1073741823,1073741823,1073479679,1073741823,1073477631,1073592255,1073703423,1073583999,1073730991,1073676031,1073737727,1073741823,1073741823,1073741823:g7
1073741823,1073741823,1073741823,1069547519,1073741823,1073477631,1073592255,1073703423,1073583999,1073730991,1073676031,1073737727,1073741823,1073741823,1073741823:g7
1073741823,1073741823,1073741823,1073741823,1073741823,1069283327,1073592255,1073703423,1073583999,1073730991,1073676031,1073737727,1073741823,1073741823,1073741823:g7
1073741823,1073741823,1073741823,1073741823,1073741823,1072429055,1073592255,1073703423,1073583999,1073730991,1073676031,1073737727,1073741823,1073741823,1073741823:g7
1073741823,1073741823,1073741823,1073741823,1073741823,1073477631,1073592255,1069509119,1073583999,1073730991,1073676031,1073737727,1073741823,1073741823,1073741823:g7
1073741823,1073741823,1073741823,1073741823,1073737727,1073477631,1073592255,1073703423,1073583999,1073730991,1073676031,1073737727,1073741823,1073741823,1073741823:g7
1073741823,1073741823,1073741823,1073741823,1073676287,1073477631,1073592255,1073703423,1073583999,1073730991,1073676031,1073737727,1073741823,1073741823,1073741823:g7
1073741823,1073741823,1073741823,1073741823,1072693247,1073477631,1073592255,1073703423,1073583999,1073730991,1073676031,1073737727,1073741823,1073741823,1073741823:g7
1073741823,1073741823,1073741823,1073741823,1073741823,1073477631,1072543679,1073703423,1073583999,1073730991,1073676031,1073737727,1073741823,1073741823,1073741823:g7
1073741823,1073741823,1073741823,1073741823,1073741823,1073477631,1073592255,1073703423,1072535423,1073730991,1073676031,1073737727,1073741823,1073741823,1073741823:g7
1073741823,1073741823,1073741823,1073741823,1073740799,1073477631,1073592255,1073703423,1073583999,1073730991,1073676031,1073737727,1073741823,1073741823,1073741823:g7
1073741823,1073741823,1073741823,1073741823,1073741823,1073473535,1073592255,1073703423,1073583999,1073730991,1073676031,1073737727,1073741823,1073741823,1073741823:g7
1073741823,1073741823,1073741823,1073741823,1073725439,1073477631,1073592255,1073703423,1073583999,1073730991,1073676031,1073737727,1073741823,1073741823,1073741823:g7
1073741823,1073741823,1073741823,1073741823,1073479679,1073477631,1073592255,1073703423,1073583999,1073730991,1073676031,1073737727,1073741823,1073741823,1073741823:g7
1073741823,1073741823,1073741823,1073741823,1073741823,1073412095,1073592255,1073703423,1073583999,1073730991,1073676031,1073737727,1073741823,1073741823,1073741823:g7
1073741823,1073741823,1073741823,1073741823,1073741823,1073477631,1073330111,1073703423,1073583999,1073730991,1073676031,1073737727,1073741823,1073741823,1073741823:g7
1073741823,1073741823,1073741823,1073741823,1073741823,1073477631,1073592255,1073703423,1073321855,1073730991,1073676031,1073737727,1073741823,1073741823,1073741823:g7
1073741823,1073741823,1073741823,1073741823,1073741823,1073477631,1073588159,1073703423,1073583999,1073730991,1073676031,1073737727,1073741823,1073741823,1073741823:e9
1073741823,1073741823,1073741823,1073741823,1073741823,1073461247,1073592255,1073703423,1073583999,1073730991,1073676031,1073737727,1073741823,1073741823,1073741823:g7
1073741823,1073741823,1073741823,1073741823,1073741823,1073477631,1073592255,1073441279,1073583999,1073730991,1073676031,1073737727,1073741823,1073741823,1073741823:g7
1073741823,1073741823,1073741823,1073741823,1073741823,1073477631,1073592255,1073637887,1073583999,1073730991,1073676031,1073737727,1073741823,1073741823,1073741823:g7
1073741823,1073741823,1073741823,1073741823,1073741823,1073477631,1073592255,1073703423,1073583999,1073468847,1073676031,1073737727,1073741823,1073741823,1073741823:g6
1073741823,1073741823,1073741823,1073741823,1073741823,1073477631,1073592255,1073703423,1073583999,1073714607,1073676031,1073737727,1073741823,1073741823,1073741823:g7
1073741823,1073741823,1073741823,1073741823,1073741823,1073479679,1073592255,1073703423,1073583999,1073730991,1073737471,1073737727,1073741823,1073741823,1073741823:i10
1073741823,1073741823,1073741823,1073725439,1073741823,1073479679,1073592255,1073703423,1073583999,1073730991,1073741567,1073737727,1073741823,1073741823,1073741823:i10
1073741823,1073741823,1073741823,1073479679,1073741823,1073479679,1073592255,1073703423,1073583999,1073730991,1073741567,1073737727,1073741823,1073741823,1073741823:i10
1073741823,1073741823,1073741823,1069547519,1073741823,1073479679,1073592255,1073703423,1073583999,1073730991,1073741567,1073737727,1073741823,1073741823,1073741823:i10
1073741823,1073741823,1073741823,1073741823,1073741823,1069285375,1073592255,1073703423,1073583999,1073730991,1073741567,1073737727,1073741823,1073741823,1073741823:i10
1073741823,1073741823,1073741823,1073741823,1073741823,1072431103,1073592255,1073703423,1073583999,1073730991,1073741567,1073737727,1073741823,1073741823,1073741823:i10
1073741823,1073741823,1073741823,1073741823,1073741823,1073479679,1073592255,1069509119,1073583999,1073730991,1073741567,1073737727,1073741823,1073741823,1073741823:i10
1073741823,1073741823,1073741823,1073741823,1073737727,1073479679,1073592255,1073703423,1073583999,1073730991,1073741567,1073737727,1073741823,1073741823,1073741823:i10
1073741823,1073741823,1073741823,1073741823,1073676287,1073479679,1073592255,1073703423,1073583999,1073730991,1073741567,1073737727,1073741823,1073741823,1073741823:i10
1073741823,1073741823,1073741823,1073741823,1072693247,1073479679,1073592255,1073703423,1073583999,1073730991,1073741567,1073737727,1073741823,1073741823,1073741823:i10
1073741823,1073741823,1073741823,1073741823,1073741823,1073479679,1072543679,1073703423,1073583999,1073730991,1073741567,1073737727,1073741823,1073741823,1073741823:i10
1073741823,1073741823,1073741823,1073741823,1073741823,1073479679,1073592255,1073703423,1072535423,1073730991,1073741567,1073737727,1073741823,1073741823,1073741823:i10
1073741823,1073741823,1073741823,1073741823,1073740799,1073479679,1073592255,1073703423,1073583999,1073730991,1073741567,1073737727,1073741823,1073741823,1073741823:i10
1073741823,1073741823,1073741823,1073741823,1073741823,1073475583,1073592255,1073703423,1073583999,1073730991,1073741567,1073737727,1073741823,1073741823,1073741823:i10
1073741823,1073741823,1073741823,1073741823,1073725439,1073479679,1073592255,1073703423,1073583999,1073730991,1073741567,1073737727,1073741823,1073741823,1073741823:i10
1073741823,1073741823,1073741823,1073741823,1073479679,1073479679,1073592255,1073703423,1073583999,1073730991,1073741567,1073737727,1073741823,1073741823,1073741823:i12
1073741823,1073741823,1073741823,1073741823,1073741823,1073414143,1073592255,1073703423,1073583999,1073730991,1073741567,1073737727,1073741823,1073741823,1073741823:i12
1073741823,1073741823,1073741823,1073741823,1073741823,1073479679,1073330111,1073703423,1073583999,1073730991,1073741567,1073737727,1073741823,1073741823,1073741823:i10
1073741823,1073741823,1073741823,1073741823,1073741823,1073479679,1073592255,1073703423,1073321855,1073730991,1073741567,1073737727,1073741823,1073741823,1073741823:i10
1073741823,1073741823,1073741823,1073741823,1073741823,1073478655,1073592255,1073703423,1073583999,1073730991,1073741567,1073737727,1073741823,1073741823,1073741823:i10
1073741823,1073741823,1073741823,1073741823,1073741823,1073479679,1073588159,1073703423,1073583999,1073730991,1073741567,1073737727,1073741823,1073741823,1073741823:i12
1073741823,1073741823,1073741823,1073741823,1073741823,1073463295,1073592255,1073703423,1073583999,1073730991,1073741567,1073737727,1073741823,1073741823,1073741823:i12
1073741823,1073741823,1073741823,1073741823,1073741823,1073479679,1073592255,1073441279,1073583999,1073730991,1073741567,1073737727,1073741823,1073741823,1073741823:i10
1073741823,1073741823,1073741823,1073741823,1073741823,1073479679,1073592255,1073637887,1073583999,1073730991,1073741567,1073737727,1073741823,1073741823,1073741823:f6
1073741823,1073741823,1073741823,1073741759,1073741823,1073477631,1073592255,1073637887,1073583999,1073730991,1073741567,1073737727,1073741823,1073741823,1073741823:g7
1073741823,1073741823,1073741823,1073741823,1073741567,1073477631,1073592255,1073637887,1073583999,1073730991,1073741567,1073737727,1073741823,1073741823,1073741823:g6
1073741823,1073741823,1073741823,1073740799,1073741823,1073477631,1073592255,1073637887,1073583999,1073730991,1073741567,1073737727,1073741823,1073741823,1073741823:g7
1073741823,1073741823,1073741823,1073741823,1073741823,1073477631,1073592255,1072589311,1073583999,1073730991,1073741567,1073737727,1073741823,1073741823,1073741823:g7
1073741823,1073741823,1073741823,1073741823,1073741823,1073477631,1073592255,1073637887,1073583999,1072682415,1073741567,1073737727,1073741823,1073741823,1073741823:g7
1073741823,1073741823,1073741823,1073741823,1073741823,1073477631,1073592255,1073637887,1073583999,1073730991,1072692991,1073737727,1073741823,1073741823,1073741823:g7
1073741823,1073741823,1073741823,1073741823,1073741823,1073477631,1073592255,1073637887,1073583999,1073730991,1073741567,1073737726,1073741823,1073741823,1073741823:g7
1073741823,1073741823,1073741823,1073741823,1073741823,1073477631,1073592255,1073637887,1073583999,1073730990,1073741567,1073737727,1073741823,1073741823,1073741823:g7
1073741823,1073741823,1073741823,1073741823,1073741823,1073477631,1073592255,1073637886,1073583999,1073730991,1073741567,1073737727,1073741823,1073741823,1073741823:g7
1073741823,1073741823,1073741823,1073741823,1073741823,1073477631,1073592255,1073637887,1073583999,1073730991,1073741563,1073737727,1073741823,1073741823,1073741823:g7
1073741823,1073741823,1073741823,1073741823,1073741823,1073477631,1073592255,1073637887,1073583995,1073730991,1073741567,1073737727,1073741823,1073741823,1073741823:g7
1073741823,1073741823,1073741823,1073741823,1073741823,1073477631,1073592251,1073637887,1073583999,1073730991,1073741567,1073737727,1073741823,1073741823,1073741823:g7
1073741823,1073741823,1073741823,1073741823,1073741823,1073477631,1073592239,1073637887,1073583999,1073730991,1073741567,1073737727,1073741823,1073741823,1073741823:g7
1073741823,1073741823,1073741823,1073741823,1073741819,1073477631,1073592255,1073637887,1073583999,1073730991,1073741567,1073737727,1073741823,1073741823,1073741823:g7
1073741823,1073741823,1073741823,1073741823,1073741823,1073477615,1073592255,1073637887,1073583999,1073730991,1073741567,1073737727,1073741823,1073741823,1073741823:g7
1073741823,1073741823,1073741823,1073741823,1073741823,1073477631,1073592255,1073637887,1073583999,1073730991,1073741567,1073737723,1073741823,1073741823,1073741823:g7
1073741823,1073741823,1073741823,1073741823,1073741823,1073477631,1073592255,1073637887,1073583999,1073730987,1073741567,1073737727,1073741823,1073741823,1073741823:g7
1073741823,1073741823,1073741823,1073741823,1073741823,1073477631,1073592255,1073637883,1073583999,1073730991,1073741567,1073737727,1073741823,1073741823,1073741823:g7
1073741823,1073741823,1073741823,1073741823,1073741823,1073477631,1073592255,1073637887,1073583999,1073730991,1073741567,1073737711,1073741823,1073741823,1073741823:g7
1073741823,1073741823,1073741823,1073741823,1073741823,1073477631,1073592255,1073637871,1073583999,1073730991,1073741567,1073737727,1073741823,1073741823,1073741823:g7
1073741823,1073741823,1073741823,1073741823,1073741823,1073477567,1073592255,1073637887,1073583999,1073730991,1073741567,1073737727,1073741823,1073741823,1073741823:g7
1073741823,1073741823,1073741823,1073741823,1073741759,1073477631,1073592255,1073637887,1073583999,1073730991,1073741567,1073737727,1073741823,1073741823,1073741823:g7
1073741823,1073741823,1073741823,1073741823,1073741823,1073477631,1073592255,1073637887,1073583999,1073730991,1073741567,1073737727,1073741823,1073741567,1073741823:g7
1073741823,1073741823,1073741823,1073741823,1073741823,1073477631,1073592255,1073637887,1073583999,1073730991,1073741567,1073737727,1073740799,1073741823,1073741823:g7
1073741823,1073741823,1073741823,1073741823,1073741823,1073477631,1073592255,1073637887,1073583999,1073730991,1073741567,1073737727,1073741823,1073676287,1073741823:g7
1073741823,1073741823,1073741823,1073741823,1073741823,1073477631,1073592255,1073637887,1073583999,1073730991,1073741567,1073737727,1073725439,1073741823,1073741823:g7
1073741823,1073741823,1073741823,1073741823,1073741823,1073477631,1073592255,1073637887,1073583999,1073730991,1073741567,1073737727,1073741823,1073737727,1073741823:g7
1073741823,1073741823,1073741823,1073741823,1073741823,1073477631,1073592255,1073637887,1073583999,1073730991,1073741567,1073672191,1073741823,1073741823,1073741823:g7
1073741823,1073741823,1073741823,1073741823,1073741823,1073477631,1073592255,1073637887,1073583999,1073730991,1073741567,1073737727,1073741807,1073741823,1073741823:g7
1073741823,1073741823,1073741823,1073741823,1073741823,1073477631,1073592255,1073637887,1073583999,1073730991,1073741551,1073737727,1073741823,1073741823,1073741823:g7
1073741823,1073741823,1073741823,1073741823,1073741823,1073477631,1073592255,1073637887,1073583983,1073730991,1073741567,1073737727,1073741823,1073741823,1073741823:g7
1073741823,1073741823,1073741823,1073741823,1073741823,1073477631,1073592255,1073637887,1073583999,1073730991,1073741567,1073737727,1073737727,1073741823,1073741823:g7
1073741823,1073741823,1073741823,1073741823,1073741823,1073477631,1073592255,1073637887,1073583999,1073730991,1073741567,1073737727,1073741567,1073741823,1073741823:g7
1073741823,1073741823,1073741823,1073741823,1073741823,1073477631,1073592255,1073637887,1073583999,1073730991,1073741567,1073737471,1073741823,1073741823,1073741823:g7
1073741823,1073741823,1073741823,1073741823,1073741823,1073477631,1073592255,1073637887,1073583999,1073730991,1073741567,1073737663,1073741823,1073741823,1073741823:g7
1073741823,1073741823,1073741823,1073741823,1073741823,1073477631,1073592255,1073637823,1073583999,1073730991,1073741567,1073737727,1073741823,1073741823,1073741823:g7
1073741823,1073741823,1073741823,1073741823,1073741823,1073477631,1073592255,1073637887,1073583999,1073730991,1073741567,1073721343,1073741823,1073741823,1073741823:g7
1073741823,1073741823,1073741823,1073741823,1073741823,1073477631,1073592255,1073637887,1073583999,1073730991,1073741567,1073736703,1073741823,1073741823,1073741823:g7
1073741823,1073741823,1073741823,1073741823,1073741823,1073477631,1073592255,1073637887,1073583999,1073730991,1073479423,1073737727,1073741823,1073741823,1073741823:g7
1073741823,1073741823,1073741823,1073741823,1073741823,1073477631,1073592255,1073637887,1073583999,1073730991,1073741503,1073737727,1073741823,1073741823,1073741823:g7
1073741823,1073741823,1073741823,1073741823,1073741823,1073477631,1073592255,1073637887,1073583999,1073730991,1073725183,1073737727,1073741823,1073741823,1073741823:g7
1073741823,1073741823,1073741823,1073741823,1073741823,1073477631,1073592255,1073637887,1073583999,1073730991,1073740543,1073737727,1073741823,1073741823,1073741823:g7
1073741823,1073741823,1073741823,1073741823,1073741823,1073477375,1073592255,1073637887,1073583999,1073730991,1073741567,1073737727,1073741823,1073741823,1073741823:g7
1073741823,1073741823,1073741823,1073741823,1073741823,1073477631,1073592255,1073637887,1073583999,1073665455,1073741567,1073737727,1073741823,1073741823,1073741823:g7
1073741823,1073741823,1073741823,1073741823,1073741823,1073477631,1073592255,1073637887,1073583743,1073730991,1073741567,1073737727,1073741823,1073741823,1073741823:g7
1073741823,1073741823,1073741823,1073741823,1073741823,1073477631,1073591999,1073637887,1073583999,1073730991,1073741567,1073737727,1073741823,1073741823,1073741823:g7
1073741823,1073741823,1073741823,1073741823,1073741823,1073477631,1073592255,1073637887,1073583999,1073730991,1073676031,1073737727,1073741823,1073741823,1073741823:g7
1073741823,1073741823,1073741823,1073741823,1073741823,1073477631,1073592255,1073637887,1073583999,1073730991,1073737471,1073737727,1073741823,1073741823,1073741823:g7
1073741823,1073741823,1073741823,1073725439,1073741823,1073477631,1073592255,1073637887,1073583999,1073730991,1073741567,1073737727,1073741823,1073741823,1073741823:g7
1073741823,1073741823,1073741823,1073479679,1073741823,1073477631,1073592255,1073637887,1073583999,1073730991,1073741567,1073737727,1073741823,1073741823,1073741823:g7
1073741823,1073741823,1073741823,1069547519,1073741823,1073477631,1073592255,1073637887,1073583999,1073730991,1073741567,1073737727,1073741823,1073741823,1073741823:g7
1073741823,1073741823,1073741823,1073741823,1073741823,1069283327,1073592255,1073637887,1073583999,1073730991,1073741567,1073737727,1073741823,1073741823,1073741823:g7
1073741823,1073741823,1073741823,1073741823,1073741823,1072429055,1073592255,1073637887,1073583999,1073730991,1073741567,1073737727,1073741823,1073741823,1073741823:g7
1073741823,1073741823,1073741823,1073741823,1073741823,1073477631,1073592255,1069443583,1073583999,1073730991,1073741567,1073737727,1073741823,1073741823,1073741823:g7
1073741823,1073741823,1073741823,1073741823,1073737727,1073477631,1073592255,1073637887,1073583999,1073730991,1073741567,1073737727,1073741823,1073741823,1073741823:g7
1073741823,1073741823,1073741823,1073741823,1073676287,1073477631,1073592255,1073637887,1073583999,1073730991,1073741567,1073737727,1073741823,1073741823,1073741823:g7
1073741823,1073741823,1073741823,1073741823,1072693247,1073477631,1073592255,1073637887,1073583999,1073730991,1073741567,1073737727,1073741823,1073741823,1073741823:g7
1073741823,1073741823,1073741823,1073741823,1073741823,1073477631,1072543679,1073637887,1073583999,1073730991,1073741567,1073737727,1073741823,1073741823,1073741823:g7
1073741823,1073741823,1073741823,1073741823,1073741823,1073477631,1073592255,1073637887,1072535423,1073730991,1073741567,1073737727,1073741823,1073741823,1073741823:g7
1073741823,1073741823,1073741823,1073741823,1073740799,1073477631,1073592255,1073637887,1073583999,1073730991,1073741567,1073737727,1073741823,1073741823,1073741823:g7
1073741823,1073741823,1073741823,1073741823,1073741823,1073473535,1073592255,1073637887,1073583999,1073730991,1073741567,1073737727,1073741823,1073741823,1073741823:g7
1073741823,1073741823,1073741823,1073741823,1073725439,1073477631,1073592255,1073637887,1073583999,1073730991,1073741567,1073737727,1073741823,1073741823,1073741823:g7
1073741823,1073741823,1073741823,1073741823,1073479679,1073477631,1073592255,1073637887,1073583999,1073730991,1073741567,1073737727,1073741823,1073741823,1073741823:g7
1073741823,1073741823,1073741823,1073741823,1073741823,1073412095,1073592255,1073637887,1073583999,1073730991,1073741567,1073737727,1073741823,1073741823,1073741823:g7
1073741823,1073741823,1073741823,1073741823,1073741823,1073477631,1073330111,1073637887,1073583999,1073730991,1073741567,1073737727,1073741823,1073741823,1073741823:g7
1073741823,1073741823,1073741823,1073741823,1073741823,1073477631,1073592255,1073637887,1073321855,1073730991,1073741567,1073737727,1073741823,1073741823,1073741823:g7
1073741823,1073741823,1073741823,1073741823,1073741823,1073477631,1073588159,1073637887,1073583999,1073730991,1073741567,1073737727,1073741823,1073741823,1073741823:e9
1073741823,1073741823,1073741823,1073741823,1073741823,1073461247,1073592255,1073637887,1073583999,1073730991,1073741567,1073737727,1073741823,1073741823,1073741823:g7
1073741823,1073741823,1073741823,1073741823,1073741823,1073477631,1073592255,1073375743,1073583999,1073730991,1073741567,1073737727,1073741823,1073741823,1073741823:g7
1073741823,1073741823,1073741823,1073741823,1073741823,1073477631,1073592255,1073637887,1073583999,1073468847,1073741567,1073737727,1073741823,1073741823,1073741823:g6
1073741823,1073741823,1073741823,1073741823,1073741823,1073477631,1073592255,1073637887,1073583999,1073714607,1073741567,1073737727,1073741823,1073741823,1073741823:g7
1073741823,1073741823,1073741823,1073741823,1073741823,1073479679,1073592255,1073703423,1073583999,1073468847,1073741567,1073737727,1073741823,1073741823,1073741823:i10
1073741823,1073741823,1073741823,1073741823,1073741823,1073479679,1073592255,1073703423,1073583999,1073714607,1073741567,1073737727,1073741823,1073741823,1073741823:f6
1073741823,1073741823,1073741823,1073741823,1073741823,1073479679,1073592255,1073703407,1073715071,1073731007,1073741567,1073737727,1073741823,1073741823,1073741823:g6
1073741823,1073741823,1073741823,1073741823,1073741823,1073479615,1073592255,1073703423,1073715071,1073731007,1073741567,1073737727,1073741823,1073741823,1073741823:g6
1073741823,1073741823,1073741823,1073741823,1073741759,1073479679,1073592255,1073703423,1073715071,1073731007,1073741567,1073737727,1073741823,1073741823,1073741823:g6
1073741823,1073741823,1073741823,1073741823,1073741823,1073479679,1073592255,1073703423,1073715071,1073731007,1073741567,1073737727,1073741823,1073741567,1073741823:g6
1073741823,1073741823,1073741823,1073741823,1073741823,1073479679,1073592255,1073703423,1073715071,1073731007,1073741567,1073737727,1073740799,1073741823,1073741823:g6
1073741823,1073741823,1073741823,1073741823,1073741823,1073479679,1073592255,1073703423,1073715071,1073731007,1073741567,1073737727,1073741823,1073676287,1073741823:g6
1073741823,1073741823,1073741823,1073741823,1073741823,1073479679,1073592255,1073703423,1073715071,1073731007,1073741567,1073737727,1073725439,1073741823,1073741823:g6
1073741823,1073741823,1073741823,1073741823,1073741823,1073479679,1073592255,1073703423,1073715071,1073731007,1073741567,1073737727,1073741823,1073737727,1073741823:g6
1073741823,1073741823,1073741823,1073741823,1073741823,1073479679,1073592255,1073703423,1073715071,1073731007,1073741567,1073672191,1073741823,1073741823,1073741823:g6
1073741823,1073741823,1073741823,1073741823,1073741823,1073479679,1073592255,1073703423,1073715071,1073731007,1073741567,1073737727,1073741807,1073741823,1073741823:g6
1073741823,1073741823,1073741823,1073741823,1073741823,1073479679,1073592255,1073703423,1073715071,1073731007,1073741551,1073737727,1073741823,1073741823,1073741823:g6
1073741823,1073741823,1073741823,1073741823,1073741823,1073479679,1073592255,1073703423,1073715055,1073731007,1073741567,1073737727,1073741823,1073741823,1073741823:g6
1073741823,1073741823,1073741823,1073741823,1073741823,1073479679,1073592255,1073703423,1073715071,1073731007,1073741567,1073737727,1073737727,1073741823,1073741823:g6
1073741823,1073741823,1073741823,1073741823,1073741823,1073479679,1073592255,1073703423,1073715071,1073731007,1073741567,1073737727,1073741567,1073741823,1073741823:g6
1073741823,1073741823,1073741823,1073741823,1073741823,1073479679,1073592255,1073703423,1073715071,1073731007,1073741567,1073737471,1073741823,1073741823,1073741823:g6
1073741823,1073741823,1073741823,1073741823,1073741823,1073479679,1073592255,1073703423,1073715071,1073731007,1073741567,1073737663,1073741823,1073741823,1073741823:g6
1073741823,1073741823,1073741823,1073741823,1073741823,1073479679,1073592255,1073703359,1073715071,1073731007,1073741567,1073737727,1073741823,1073741823,1073741823:g6
1073741823,1073741823,1073741823,1073741823,1073741823,1073479679,1073592255,1073703423,1073715071,1073731007,1073741567,1073721343,1073741823,1073741823,1073741823:g6
1073741823,1073741823,1073741823,1073741823,1073741823,1073479679,1073592255,1073703423,1073715071,1073731007,1073741567,1073736703,1073741823,1073741823,1073741823:g6
1073741823,1073741823,1073741823,1073741823,1073741823,1073479679,1073592255,1073703423,1073715071,1073731007,1073479423,1073737727,1073741823,1073741823,1073741823:g6
1073741823,1073741823,1073741823,1073741823,1073741823,1073479679,1073592255,1073703423,1073715071,1073731007,1073741503,1073737727,1073741823,1073741823,1073741823:g6
1073741823,1073741823,1073741823,1073741823,1073741823,1073479679,1073592255,1073703423,1073715071,1073731007,1073725183,1073737727,1073741823,1073741823,1073741823:g6
1073741823,1073741823,1073741823,1073741823,1073741823,1073479679,1073592255,1073703423,1073715071,1073731007,1073740543,1073737727,1073741823,1073741823,1073741823:g6
1073741823,1073741823,1073741823,1073741823,1073741823,1073479423,1073592255,1073703423,1073715071,1073731007,1073741567,1073737727,1073741823,1073741823,1073741823:g6
1073741823,1073741823,1073741823,1073741823,1073741823,1073479679,1073592255,1073703423,1073715071,1073665471,1073741567,1073737727,1073741823,1073741823,1073741823:g6
1073741823,1073741823,1073741823,1073741823,1073741823,1073479679,1073592255,1073703423,1073714815,1073731007,1073741567,1073737727,1073741823,1073741823,1073741823:g6
1073741823,1073741823,1073741823,1073741823,1073741823,1073479679,1073591999,1073703423,1073715071,1073731007,1073741567,1073737727,1073741823,1073741823,1073741823:g6
1073741823,1073741823,1073741823,1073741823,1073741823,1073479679,1073592255,1073703423,1073715071,1073731007,1073676031,1073737727,1073741823,1073741823,1073741823:g6
1073741823,1073741823,1073741823,1073741823,1073741823,1073479679,1073592255,1073703423,1073715071,1073731007,1073737471,1073737727,1073741823,1073741823,1073741823:g6
1073741823,1073741823,1073741823,1073725439,1073741823,1073479679,1073592255,1073703423,1073715071,1073731007,1073741567,1073737727,1073741823,1073741823,1073741823:g6
1073741823,1073741823,1073741823,1073479679,1073741823,1073479679,1073592255,1073703423,1073715071,1073731007,1073741567,1073737727,1073741823,1073741823,1073741823:g6
1073741823,1073741823,1073741823,1069547519,1073741823,1073479679,1073592255,1073703423,1073715071,1073731007,1073741567,1073737727,1073741823,1073741823,1073741823:g6
1073741823,1073741823,1073741823,1073741823,1073741823,1069285375,1073592255,1073703423,1073715071,1073731007,1073741567,1073737727,1073741823,1073741823,1073741823:g6
1073741823,1073741823,1073741823,1073741823,1073741823,1072431103,1073592255,1073703423,1073715071,1073731007,1073741567,1073737727,1073741823,1073741823,1073741823:g6
1073741823,1073741823,1073741823,1073741823,1073741823,1073479679,1073592255,1069509119,1073715071,1073731007,1073741567,1073737727,1073741823,1073741823,1073741823:g6
1073741823,1073741823,1073741823,1073741823,1073737727,1073479679,1073592255,1073703423,1073715071,1073731007,1073741567,1073737727,1073741823,1073741823,1073741823:g6
1073741823,1073741823,1073741823,1073741823,1073676287,1073479679,1073592255,1073703423,1073715071,1073731007,1073741567,1073737727,1073741823,1073741823,1073741823:g6
1073741823,1073741823,1073741823,1073741823,1072693247,1073479679,1073592255,1073703423,1073715071,1073731007,1073741567,1073737727,1073741823,1073741823,1073741823:g6
1073741823,1073741823,1073741823,1073741823,1073741823,1073479679,1072543679,1073703423,1073715071,1073731007,1073741567,1073737727,1073741823,1073741823,1073741823:g6
1073741823,1073741823,1073741823,1073741823,1073741823,1073479679,1073592255,1073703423,1072666495,1073731007,1073741567,1073737727,1073741823,1073741823,1073741823:g6
1073741823,1073741823,1073741823,1073741823,1073740799,1073479679,1073592255,1073703423,1073715071,1073731007,1073741567,1073737727,1073741823,1073741823,1073741823:g6
1073741823,1073741823,1073741823,1073741823,1073741823,1073475583,1073592255,1073703423,1073715071,1073731007,1073741567,1073737727,1073741823,1073741823,1073741823:c10
1073741823,1073741823,1073741823,1073741823,1073725439,1073479679,1073592255,1073703423,1073715071,1073731007,1073741567,1073737727,1073741823,1073741823,1073741823:c10
1073741823,1073741823,1073741823,1073741823,1073479679,1073479679,1073592255,1073703423,1073715071,1073731007,1073741567,1073737727,1073741823,1073741823,1073741823:g6
1073741823,1073741823,1073741823,1073741823,1073741823,1073414143,1073592255,1073703423,1073715071,1073731007,1073741567,1073737727,1073741823,1073741823,1073741823:g6
1073741823,1073741823,1073741823,1073741823,1073741823,1073479679,1073330111,1073703423,1073715071,1073731007,1073741567,1073737727,1073741823,1073741823,1073741823:g6
1073741823,1073741823,1073741823,1073741823,1073741823,1073479679,1073592255,1073703423,1073452927,1073731007,1073741567,1073737727,1073741823,1073741823,1073741823:g6
1073741823,1073741823,1073741823,1073741823,1073741823,1073478655,1073592255,1073703423,1073715071,1073731007,1073741567,1073737727,1073741823,1073741823,1073741823:g6
1073741823,1073741823,1073741823,1073741823,1073741823,1073479679,1073588159,1073703423,1073715071,1073731007,1073741567,1073737727,1073741823,1073741823,1073741823:g6
1073741823,1073741823,1073741823,1073741823,1073741823,1073463295,1073592255,1073703423,1073715071,1073731007,1073741567,1073737727,1073741823,1073741823,1073741823:g6
1073741823,1073741823,1073741823,1073741823,1073741823,1073479679,1073592255,1073441279,1073715071,1073731007,1073741567,1073737727,1073741823,1073741823,1073741823:g6
1073741823,1073741823,1073741823,1073741823,1073741823,1073479679,1073592255,1073637887,1073715071,1073731007,1073741567,1073737727,1073741823,1073741823,1073741823:g6
1073741823,1073741823,1073741823,1073741823,1073741823,1073479679,1073592255,1073703423,1073715071,1073468863,1073741567,1073737727,1073741823,1073741823,1073741823:g6
1073741823,1073741823,1073741823,1073741823,1073741823,1073479679,1073592255,1073703423,1073649535,1073731007,1073741567,1073737727,1073741823,1073741823,1073741823:g6
1073741823,1073741823,1073741823,1073741823,1073741823,1073479679,1073592255,1073703423,1073715071,1073714623,1073741567,1073737727,1073741823,1073741823,1073741823:g6
1073741823,1073741823,1073741823,1073741823,1073741823,1073479679,1073592319,1073703423,1073715199,1073731007,1073725183,1073737727,1073741823,1073741823,1073741823:d9
1073741823,1073741823,1073741823,1073741823,1073741823,1073479679,1073592319,1073703423,1073715199,1073731007,1073740543,1073737727,1073741823,1073741823,1073741823:d9
1073741823,1073741823,1073741823,1073741823,1073741823,1073479423,1073592319,1073703423,1073715199,1073731007,1073741567,1073737727,1073741823,1073741823,1073741823:d7
1073741823,1073741823,1073741823,1073741823,1073741823,1073479679,1073592319,1073703423,1073715199,1073665471,1073741567,1073737727,1073741823,1073741823,1073741823:d9
1073741823,1073741823,1073741823,1073741823,1073741823,1073479679,1073592319,1073703423,1073714943,1073731007,1073741567,1073737727,1073741823,1073741823,1073741823:d7
1073741823,1073741823,1073741823,1073741823,1073741823,1073479679,1073592063,1073703423,1073715199,1073731007,1073741567,1073737727,1073741823,1073741823,1073741823:d7
1073741823,1073741823,1073741823,1073741823,1073741823,1073479679,1073592319,1073703423,1073715199,1073731007,1073676031,1073737727,1073741823,1073741823,1073741823:d9
1073741823,1073741823,1073741823,1073741823,1073741823,1073479679,1073592319,1073703423,1073715199,1073731007,1073737471,1073737727,1073741823,1073741823,1073741823:d9
1073741823,1073741823,1073741823,1073725439,1073741823,1073479679,1073592319,1073703423,1073715199,1073731007,1073741567,1073737727,1073741823,1073741823,1073741823:d9
1073741823,1073741823,1073741823,1073479679,1073741823,1073479679,1073592319,1073703423,1073715199,1073731007,1073741567,1073737727,1073741823,1073741823,1073741823:d9
1073741823,1073741823,1073741823,1069547519,1073741823,1073479679,1073592319,1073703423,1073715199,1073731007,1073741567,1073737727,1073741823,1073741823,1073741823:d9
1073741823,1073741823,1073741823,1073741823,1073741823,1069285375,1073592319,1073703423,1073715199,1073731007,1073741567,1073737727,1073741823,1073741823,1073741823:d9
1073741823,1073741823,1073741823,1073741823,1073741823,1072431103,1073592319,1073703423,1073715199,1073731007,1073741567,1073737727,1073741823,1073741823,1073741823:d9
1073741823,1073741823,1073741823,1073741823,1073741823,1073479679,1073592319,1069509119,1073715199,1073731007,1073741567,1073737727,1073741823,1073741823,1073741823:d9
1073741823,1073741823,1073741823,1073741823,1073737727,1073479679,1073592319,1073703423,1073715199,1073731007,1073741567,1073737727,1073741823,1073741823,1073741823:d9
1073741823,1073741823,1073741823,1073741823,1073676287,1073479679,1073592319,1073703423,1073715199,1073731007,1073741567,1073737727,1073741823,1073741823,1073741823:d9
1073741823,1073741823,1073741823,1073741823,1072693247,1073479679,1073592319,1073703423,1073715199,1073731007,1073741567,1073737727,1073741823,1073741823,1073741823:d9
1073741823,1073741823,1073741823,1073741823,1073741823,1073479679,1072543743,1073703423,1073715199,1073731007,1073741567,1073737727,1073741823,1073741823,1073741823:d9
1073741823,1073741823,1073741823,1073741823,1073741823,1073479679,1073592319,1073703423,1072666623,1073731007,1073741567,1073737727,1073741823,1073741823,1073741823:d9
1073741823,1073741823,1073741823,1073741823,1073740799,1073479679,1073592319,1073703423,1073715199,1073731007,1073741567,1073737727,1073741823,1073741823,1073741823:d9
1073741823,1073741823,1073741823,1073741823,1073741823,1073475583,1073592319,1073703423,1073715199,1073731007,1073741567,1073737727,1073741823,1073741823,1073741823:d7
1073741823,1073741823,1073741823,1073741823,1073725439,1073479679,1073592319,1073703423,1073715199,1073731007,1073741567,1073737727,1073741823,1073741823,1073741823:d9
1073741823,1073741823,1073741823,1073741823,1073479679,1073479679,1073592319,1073703423,1073715199,1073731007,1073741567,1073737727,1073741823,1073741823,1073741823:d7
1073741823,1073741823,1073741823,1073741823,1073741823,1073414143,1073592319,1073703423,1073715199,1073731007,1073741567,1073737727,1073741823,1073741823,1073741823:d7
1073741823,1073741823,1073741823,1073741823,1073741823,1073479679,1073330175,1073703423,1073715199,1073731007,1073741567,1073737727,1073741823,1073741823,1073741823:d9
1073741823,1073741823,1073741823,1073741823,1073741823,1073479679,1073592319,1073703423,1073453055,1073731007,1073741567,1073737727,1073741823,1073741823,1073741823:d9
1073741823,1073741823,1073741823,1073741823,1073741823,1073478655,1073592319,1073703423,1073715199,1073731007,1073741567,1073737727,1073741823,1073741823,1073741823:d9
1073741823,1073741823,1073741823,1073741823,1073741823,1073479679,1073588223,1073703423,1073715199,1073731007,1073741567,1073737727,1073741823,1073741823,1073741823:d7
1073741823,1073741823,1073741823,1073741823,1073741823,1073463295,1073592319,1073703423,1073715199,1073731007,1073741567,1073737727,1073741823,1073741823,1073741823:d7
1073741823,1073741823,1073741823,1073741823,1073741823,1073479679,1073592319,1073441279,1073715199,1073731007,1073741567,1073737727,1073741823,1073741823,1073741823:d9
1073741823,1073741823,1073741823,1073741823,1073741823,1073479679,1073592319,1073637887,1073715199,1073731007,1073741567,1073737727,1073741823,1073741823,1073741823:d9
1073741823,1073741823,1073741823,1073741823,1073741823,1073479679,1073592319,1073703423,1073715199,1073468863,1073741567,1073737727,1073741823,1073741823,1073741823:d9
1073741823,1073741823,1073741823,1073741823,1073741823,1073479679,1073592319,1073703423,1073649663,1073731007,1073741567,1073737727,1073741823,1073741823,1073741823:d9
1073741823,1073741823,1073741823,1073741823,1073741823,1073479679,1073592319,1073703423,1073715199,1073714623,1073741567,1073737727,1073741823,1073741823,1073741823:d9
1073741823,1073741823,1073741823,1073741823,1073741823,1073479679,1073592319,1073703871,1073715199,1073731071,1073741567,1073737727,1073741823,1073741823,1073741823:e8
1073741823,1073741823,1073741823,1073741823,1073741823,1073479679,1073592319,1073703935,1073715199,1073731071,1073741567,1073721343,1073741823,1073741823,1073741823:e8
1073741823,1073741823,1073741823,1073741823,1073741823,1073479679,1073592319,1073703935,1073715199,1073731071,1073741567,1073736703,1073741823,1073741823,1073741823:e8
1073741823,1073741823,1073741823,1073741823,1073741823,1073479679,1073592319,1073703935,1073715199,1073731071,1073479423,1073737727,1073741823,1073741823,1073741823:d10
1073741823,1073741823,1073741823,1073741823,1073741823,1073479679,1073592319,1073703935,1073715199,1073731071,1073741503,1073737727,1073741823,1073741823,1073741823:e8
1073741823,1073741823,1073741823,1073741823,1073741823,1073479679,1073592319,1073703935,1073715135,1073731071,1073741567,1073737727,1073741823,1073741823,1073741823:d10
1073741823,1073741823,1073741823,1073741823,1073741823,1073479679,1073592255,1073703935,1073715199,1073731071,1073741567,1073737727,1073741823,1073741823,1073741823:d10
1073741823,1073741823,1073741823,1073741823,1073741823,1073479679,1073592319,1073703935,1073715199,1073731071,1073725183,1073737727,1073741823,1073741823,1073741823:d10
1073741823,1073741823,1073741823,1073741823,1073741823,1073479679,1073592319,1073703935,1073715199,1073731071,1073740543,1073737727,1073741823,1073741823,1073741823:e8
1073741823,1073741823,1073741823,1073741823,1073741823,1073479679,1073592319,1073703679,1073715199,1073731071,1073741567,1073737727,1073741823,1073741823,1073741823:d10
1073741823,1073741823,1073741823,1073741823,1073741823,1073479423,1073592319,1073703935,1073715199,1073731071,1073741567,1073737727,1073741823,1073741823,1073741823:e8
1073741823,1073741823,1073741823,1073741823,1073741823,1073479679,1073592319,1073703935,1073715199,1073665535,1073741567,1073737727,1073741823,1073741823,1073741823:e8
1073741823,1073741823,1073741823,1073741823,1073741823,1073479679,1073592319,1073703935,1073714943,1073731071,1073741567,1073737727,1073741823,1073741823,1073741823:e8
1073741823,1073741823,1073741823,1073741823,1073741823,1073479679,1073592063,1073703935,1073715199,1073731071,1073741567,1073737727,1073741823,1073741823,1073741823:e8
1073741823,1073741823,1073741823,1073741823,1073741823,1073479679,1073592319,1073703935,1073715199,1073731071,1073676031,1073737727,1073741823,1073741823,1073741823:e8
1073741823,1073741823,1073741823,1073741823,1073741823,1073479679,1073592319,1073703935,1073715199,1073731071,1073737471,1073737727,1073741823,1073741823,1073741823:e8
1073741823,1073741823,1073741823,1073725439,1073741823,1073479679,1073592319,1073703935,1073715199,1073731071,1073741567,1073737727,1073741823,1073741823,1073741823:e8
1073741823,1073741823,1073741823,1073479679,1073741823,1073479679,1073592319,1073703935,1073715199,1073731071,1073741567,1073737727,1073741823,1073741823,1073741823:e8
1073741823,1073741823,1073741823,1069547519,1073741823,1073479679,1073592319,1073703935,1073715199,1073731071,1073741567,1073737727,1073741823,1073741823,1073741823:e8
1073741823,1073741823,1073741823,1073741823,1073741823,1069285375,1073592319,1073703935,1073715199,1073731071,1073741567,1073737727,1073741823,1073741823,1073741823:e8
1073741823,1073741823,1073741823,1073741823,1073741823,1072431103,1073592319,1073703935,1073715199,1073731071,1073741567,1073737727,1073741823,1073741823,1073741823:e8
1073741823,1073741823,1073741823,1073741823,1073741823,1073479679,1073592319,1069509631,1073715199,1073731071,1073741567,1073737727,1073741823,1073741823,1073741823:e8
1073741823,1073741823,1073741823,1073741823,1073737727,1073479679,1073592319,1073703935,1073715199,1073731071,1073741567,1073737727,1073741823,1073741823,1073741823:e8
1073741823,1073741823,1073741823,1073741823,1073676287,1073479679,1073592319,1073703935,1073715199,1073731071,1073741567,1073737727,1073741823,1073741823,1073741823:e8
1073741823,1073741823,1073741823,1073741823,1072693247,1073479679,1073592319,1073703935,1073715199,1073731071,1073741567,1073737727,1073741823,1073741823,1073741823:e8
1073741823,1073741823,1073741823,1073741823,1073741823,1073479679,1072543743,1073703935,1073715199,1073731071,1073741567,1073737727,1073741823,1073741823,1073741823:e8
1073741823,1073741823,1073741823,1073741823,1073741823,1073479679,1073592319,1073703935,1072666623,1073731071,1073741567,1073737727,1073741823,1073741823,1073741823:e8
1073741823,1073741823,1073741823,1073741823,1073740799,1073479679,1073592319,1073703935,1073715199,1073731071,1073741567,1073737727,1073741823,1073741823,1073741823:e8
1073741823,1073741823,1073741823,1073741823,1073741823,1073475583,1073592319,1073703935,1073715199,1073731071,1073741567,1073737727,1073741823,1073741823,1073741823:d10
1073741823,1073741823,1073741823,1073741823,1073725439,1073479679,1073592319,1073703935,1073715199,1073731071,1073741567,1073737727,1073741823,1073741823,1073741823:e8
1073741823,1073741823,1073741823,1073741823,1073479679,1073479679,1073592319,1073703935,1073715199,1073731071,1073741567,1073737727,1073741823,1073741823,1073741823:d10
1073741823,1073741823,1073741823,1073741823,1073741823,1073414143,1073592319,1073703935,1073715199,1073731071,1073741567,1073737727,1073741823,1073741823,1073741823:d10
1073741823,1073741823,1073741823,1073741823,1073741823,1073479679,1073330175,1073703935,1073715199,1073731071,1073741567,1073737727,1073741823,1073741823,1073741823:e8
1073741823,1073741823,1073741823,1073741823,1073741823,1073479679,1073592319,1073703935,1073453055,1073731071,1073741567,1073737727,1073741823,1073741823,1073741823:e8
1073741823,1073741823,1073741823,1073741823,1073741823,1073478655,1073592319,1073703935,1073715199,1073731071,1073741567,1073737727,1073741823,1073741823,1073741823:e8
1073741823,1073741823,1073741823,1073741823,1073741823,1073479679,1073588223,1073703935,1073715199,1073731071,1073741567,1073737727,1073741823,1073741823,1073741823:e8
1073741823,1073741823,1073741823,1073741823,1073741823,1073463295,1073592319,1073703935,1073715199,1073731071,1073741567,1073737727,1073741823,1073741823,1073741823:e8
1073741823,1073741823,1073741823,1073741823,1073741823,1073479679,1073592319,1073441791,1073715199,1073731071,1073741567,1073737727,1073741823,1073741823,1073741823:e8
1073741823,1073741823,1073741823,1073741823,1073741823,1073479679,1073592319,1073638399,1073715199,1073731071,1073741567,1073737727,1073741823,1073741823,1073741823:e8
1073741823,1073741823,1073741823,1073741823,1073741823,1073479679,1073592319,1073703935,1073715199,1073468927,1073741567,1073737727,1073741823,1073741823,1073741823:e8
1073741823,1073741823,1073741823,1073741823,1073741823,1073479679,1073592319,1073703935,1073649663,1073731071,1073741567,1073737727,1073741823,1073741823,1073741823:e8
1073741823,1073741823,1073741823,1073741823,1073741823,1073479679,1073592319,1073703935,1073715199,1073714687,1073741567,1073737727,1073741823,1073741823,1073741823:e8
1073741823,1073741823,1073741823,1073741823,1073741823,1073478655,1073592319,1073704959,1073715199,1073731583,1073741567,1073737727,1073741823,1073741823,1073741823:f8
1073741823,1073741823,1073741823,1073741823,1073741823,1073479679,1073588223,1073704959,1073715199,1073731583,1073741567,1073737727,1073741823,1073741823,1073741823:f8
1073741823,1073741823,1073741823,1073741823,1073741823,1073463295,1073592319,1073704959,1073715199,1073731583,1073741567,1073737727,1073741823,1073741823,1073741823:f8
1073741823,1073741823,1073741823,1073741823,1073741823,1073479679,1073592319,1073442815,1073715199,1073731583,1073741567,1073737727,1073741823,1073741823,1073741823:f8
1073741823,1073741823,1073741823,1073741823,1073741823,1073479679,1073592319,1073639423,1073715199,1073731583,1073741567,1073737727,1073741823,1073741823,1073741823:f8
1073741823,1073741823,1073741823,1073741823,1073741823,1073479679,1073592319,1073704959,1073715199,1073469439,1073741567,1073737727,1073741823,1073741823,1073741823:f8
1073741823,1073741823,1073741823,1073741823,1073741823,1073479679,1073592319,1073704959,1073649663,1073731583,1073741567,1073737727,1073741823,1073741823,1073741823:f8
1073741823,1073741823,1073741823,1073741823,1073741823,1073479679,1073592319,1073704959,1073715199,1073715199,1073741567,1073737727,1073741823,1073741823,1073741823:f8
