1073741823,1073741823,1073741823,1073741823,1073741823,1069285375,1073741823,1073704959,1073577983,1073709055,1073725439,1073741823,1073741823,1073741823,1073741823:j8
1073741823,1073741823,1073741823,1073741823,1073741823,1073445887,1073717247,1073643519,1073577983,1073741823,1073725439,1073741823,1073741823,1073741823,1073741823:g9
1073741823,1073741823,1073741823,1073741823,1073741823,1073445887,1073717247,1073704959,1073577983,1073741823,1073725439,1073741823,1073741823,1073741823,1073741823:i5
1073741823,1073741823,1073741823,1073741823,1073741823,1073462271,1073602559,1073709055,1073610751,1073741823,1073725439,1073741823,1073741823,1073741823,1073741823:g6
1073741823,1073741823,1073741823,1073741823,1073741823,1073463295,1073602559,1073709055,1073610751,1073479679,1073725439,1073741823,1073741823,1073741823,1073741823:g6
1073741823,1073741823,1073741823,1073741823,1073741823,1073463295,1073610751,1073709055,1073610751,1073741823,1073725439,1073741823,1073741823,1073741823,1073741823:g7
1073741823,1073741823,1073741823,1073741823,1073741823,1073478655,1073602559,1073704959,1073610751,1073741823,1073725439,1073741823,1073741823,1073741823,1073741823:h6
1073741823,1073741823,1073741823,1073741823,1073741823,1073478655,1073717247,1073577983,1073610751,1073741823,1073725439,1073741823,1073741823,1073741823,1073741823:f8
1073741823,1073741823,1073741823,1073741823,1073741823,1073478655,1073717247,1073709055,1073610751,1073610751,1073725439,1073741823,1073741823,1073741823,1073741823:h10
1073741823,1073741823,1073741823,1073741823,1073741823,1073478655,1073733631,1073643519,1073602559,1073741823,1073725439,1073741823,1073741823,1073741823,1073741823:h6
1073741823,1073741823,1073741823,1073741823,1073741823,1073478655,1073733631,1073700863,1073594367,1073741823,1073725439,1073741823,1073741823,1073741823,1073741823:g9
1073741823,1073741823,1073741823,1073741823,1073741823,1073478655,1073733631,1073704959,1073577983,1073741823,1073725439,1073741823,1073741823,1073741823,1073741823:h6
1073741823,1073741823,1073741823,1073741823,1073741823,1073478655,1073733631,1073709055,1073606655,1073709055,1073725439,1073741823,1073741823,1073741823,1073741823:j8
1073741823,1073741823,1073741823,1073741823,1073741823,1073479679,1073676287,1073709055,1073577983,1073741823,1073725439,1073741823,1073741823,1073741823,1073741823:g9
1073741823,1073741823,1073741823,1073741823,1073741823,1073479679,1073733631,1073700863,1073594367,1073479679,1073725439,1073741823,1073741823,1073741823,1073741823:j8
1073741823,1073741823,1073741823,1073741823,1073741823,1073479679,1073733631,1073704959,1073577983,1073479679,1073725439,1073741823,1073741823,1073741823,1073741823:j9
1073741823,1073741823,1073741823,1073741823,1073741823,1073479679,1073737727,1073643519,1073610751,1073184767,1073725439,1073741823,1073741823,1073741823,1073741823:i10
1073741823,1073741823,1073741823,1073741823,1073741823,1073479679,1073737727,1073709055,1073610751,1073213439,1073594367,1073741823,1073741823,1073741823,1073741823:i12
1073741823,1073741823,1073741823,1073741823,1073741823,1073479679,1073741823,1073184767,1073610751,1073676287,1073725439,1073741823,1073741823,1073741823,1073741823:j9
1073741823,1073741823,1073741823,1073741823,1073741823,1073479679,1073741823,1073576959,1073610751,1073741823,1073725439,1073741823,1073741823,1073741823,1073741823:j9
1073741823,1073741823,1073741823,1073741823,1073741823,1073479679,1073741823,1073577983,1073594367,1073741823,1073725439,1073741823,1073741823,1073741823,1073741823:i7
1073741823,1073741823,1073741823,1073741823,1073741823,1073479679,1073741823,1073577983,1073606655,1073741823,1073725439,1073741823,1073741823,1073741823,1073741823:h7
1073741823,1073741823,1073741823,1073741823,1073741823,1073479679,1073741823,1073577983,1073610751,1073740799,1073725439,1073741823,1073741823,1073741823,1073741823:h9
1073741823,1073741823,1073741823,1073741823,1073741823,1073479679,1073741823,1073577983,1073610751,1073741823,1073721343,1073741823,1073741823,1073741823,1073741823:i11
1073741823,1073741823,1073741823,1073741823,1073741823,1073479679,1073741823,1073643519,1073577983,1073741823,1073725439,1073741823,1073741823,1073741823,1073741823:h6
1073741823,1073741823,1073741823,1073741823,1073741823,1073479679,1073741823,1073643519,1073602559,1073741823,1073725439,1073741823,1073741823,1073741823,1073741823:g7
1073741823,1073741823,1073741823,1073741823,1073741823,1073479679,1073741823,1073643519,1073610751,1073184767,1072676863,1073741823,1073741823,1073741823,1073741823:i11
1073741823,1073741823,1073741823,1073741823,1073741823,1073479679,1073741823,1073643519,1073610751,1073709055,1073725439,1073741823,1073741823,1073741823,1073741823:j10
1073741823,1073741823,1073741823,1073741823,1073741823,1073479679,1073741823,1073700863,1073594367,1073741823,1073725439,1073741823,1073741823,1073741823,1073741823:g7
1073741823,1073741823,1073741823,1073741823,1073741823,1073479679,1073741823,1073704959,1073602559,1073741823,1073725439,1073741823,1073741823,1073741823,1073741823:h9
1073741823,1073741823,1073741823,1073741823,1073741823,1073479679,1073741823,1073704959,1073610751,1073709055,1073725439,1073741823,1073741823,1073741823,1073741823:i11
1073741823,1073741823,1073741823,1073741823,1073741823,1073479679,1073741823,1073709055,1072529407,1073741823,1073725439,1073741823,1073741823,1073741823,1073741823:f8
1073741823,1073741823,1073741823,1073741823,1073741823,1073479679,1073741823,1073709055,1073609727,1073709055,1073725439,1073741823,1073741823,1073741823,1073741823:g10
1073741823,1073741823,1073741823,1073741823,1073741823,1073479679,1073741823,1073709055,1073610751,1073213439,1072545791,1073741823,1073741823,1073741823,1073741823:k9
1073741823,1073741823,1073741823,1073741823,1073741823,1073479679,1073741823,1073709055,1073610751,1073708031,1073725439,1073741823,1073741823,1073741823,1073741823:i8
1073741823,1073741823,1073741823,1073741823,1073741823,1073479679,1073741823,1073709055,1073610751,1073737727,1073594367,1073741823,1073741823,1073741823,1073741823:j10
