1073741823,1073741823,1073741823,1073741823,1073703679,1073741823,1073741823,1073184767,1073606655,1073741823,1073741823,1073741823,1073741823,1073741823,1073741823:g7
1073741823,1073741823,1073741823,1073741823,1073703679,1073741823,1073733631,1073184767,1073606655,1073741823,1073741567,1073741823,1073741823,1073741823,1073741823:h7
1073741823,1073741823,1073741823,1073741823,1073703679,1073741823,1073733631,1073184767,1073606399,1073741823,1073741823,1073741823,1073741823,1073741823,1073741823:h7
1073741823,1073741823,1073741823,1073741823,1073703679,1073741823,1073733631,1073184767,1073605631,1073741823,1073741823,1073741823,1073741823,1073741823,1073741823:h7
1073741823,1073741823,1073741823,1073741823,1073703679,1073741823,1073733631,1073184767,1073606655,1073737727,1073741823,1073741823,1073741823,1073741823,1073741823:h7
1073741823,1073741823,1073479679,1073741823,1073703679,1073741823,1073733631,1073184767,1073606655,1073741823,1073741823,1073741823,1073741823,1073741823,1073741823:h7
1073741823,1073741823,1073741823,1073676287,1073703679,1073741823,1073733631,1073184767,1073606655,1073741823,1073741823,1073741823,1073741823,1073741823,1073741823:h7
1073741823,1073741823,1073741823,1073741823,1073441535,1073741823,1073733631,1073184767,1073606655,1073741823,1073741823,1073741823,1073741823,1073741823,1073741823:h7
1073741823,1073741823,1073741823,1073741823,1073703679,1073676287,1073733631,1073184767,1073606655,1073741823,1073741823,1073741823,1073741823,1073741823,1073741823:h7
1073741823,1073741823,1073741823,1073741823,1073703679,1073741823,1073733615,1073184767,1073606655,1073741823,1073741823,1073741823,1073741823,1073741823,1073741823:j10
1073741823,1073741823,1073741823,1073741823,1073703679,1073741759,1073733631,1073184767,1073606655,1073741823,1073741823,1073741823,1073741823,1073741823,1073741823:j10
1073741823,1073741823,1073741823,1073741823,1073703663,1073741823,1073733631,1073184767,1073606655,1073741823,1073741823,1073741823,1073741823,1073741823,1073741823:d5
1073741823,1073741823,1073741823,1073741823,1073703535,1073741823,1073733627,1073184767,1073606655,1073741823,1073741823,1073741823,1073741823,1073741823,1073741823:h7
1073741823,1073741823,1073741819,1073741823,1073703535,1073741823,1073733631,1073184767,1073606655,1073741823,1073741823,1073741823,1073741823,1073741823,1073741823:h7
1073741823,1073741823,1073741823,1073741823,1073703535,1073741823,1073733630,1073184767,1073606655,1073741823,1073741823,1073741823,1073741823,1073741823,1073741823:h7
1073741823,1073741823,1073741823,1073741823,1073703535,1073741819,1073733631,1073184767,1073606655,1073741823,1073741823,1073741823,1073741823,1073741823,1073741823:h7
1073741823,1073741823,1073741823,1073741823,1073703534,1073741823,1073733631,1073184767,1073606655,1073741823,1073741823,1073741823,1073741823,1073741823,1073741823:h7
1073741823,1073741823,1073741823,1073741823,1073703531,1073741823,1073733631,1073184767,1073606655,1073741823,1073741823,1073741823,1073741823,1073741823,1073741823:h7
1073741823,1073741823,1073741822,1073741823,1073703535,1073741823,1073733631,1073184767,1073606655,1073741823,1073741823,1073741823,1073741823,1073741823,1073741823:h7
1073741823,1073741823,1073741823,1073741819,1073703535,1073741823,1073733631,1073184767,1073606655,1073741823,1073741823,1073741823,1073741823,1073741823,1073741823:h7
1073741823,1073741823,1073741823,1073741807,1073703535,1073741823,1073733631,1073184767,1073606655,1073741823,1073741823,1073741823,1073741823,1073741823,1073741823:h7
1073741823,1073741823,1073741823,1073741823,1073703535,1073741807,1073733631,1073184767,1073606655,1073741823,1073741823,1073741823,1073741823,1073741823,1073741823:h7
1073741823,1073741823,1073741823,1073741823,1073703535,1073741823,1073733631,1073184767,1073606655,1073741823,1073741567,1073741823,1073741823,1073741823,1073741823:h7
1073741823,1073741823,1073741823,1073741823,1073703535,1073741823,1073733631,1073184767,1073606399,1073741823,1073741823,1073741823,1073741823,1073741823,1073741823:h7
1073741823,1073741823,1073741823,1073741823,1073703535,1073741823,1073733631,1073184767,1073605631,1073741823,1073741823,1073741823,1073741823,1073741823,1073741823:h7
1073741823,1073741823,1073741823,1073741823,1073703535,1073741823,1073733631,1073184767,1073606655,1073737727,1073741823,1073741823,1073741823,1073741823,1073741823:h7
1073741823,1073741823,1073479679,1073741823,1073703535,1073741823,1073733631,1073184767,1073606655,1073741823,1073741823,1073741823,1073741823,1073741823,1073741823:h7
1073741823,1073741823,1073741823,1073676287,1073703535,1073741823,1073733631,1073184767,1073606655,1073741823,1073741823,1073741823,1073741823,1073741823,1073741823:h7
1073741823,1073741823,1073741823,1073741823,1073441391,1073741823,1073733631,1073184767,1073606655,1073741823,1073741823,1073741823,1073741823,1073741823,1073741823:h7
1073741823,1073741823,1073741823,1073741823,1073703535,1073676287,1073733631,1073184767,1073606655,1073741823,1073741823,1073741823,1073741823,1073741823,1073741823:h7
1073741823,1073741823,1073741823,1073741823,1073703535,1073741823,1073733615,1073184767,1073606655,1073741823,1073741823,1073741823,1073741823,1073741823,1073741823:h7
1073741823,1073741823,1073741823,1073741823,1073703535,1073741759,1073733631,1073184767,1073606655,1073741823,1073741823,1073741823,1073741823,1073741823,1073741823:j10
1073741823,1073741823,1073741807,1073741823,1073703535,1073741823,1073733631,1073184767,1073606655,1073741823,1073741823,1073741823,1073741823,1073741823,1073741823:h7
1073741823,1073741823,1073741823,1073741759,1073703535,1073741823,1073733631,1073184767,1073606655,1073741823,1073741823,1073741823,1073741823,1073741823,1073741823:h7
1073741823,1073741823,1073741823,1073741823,1073703535,1073741823,1073471487,1073184767,1073606655,1073741823,1073741823,1073741823,1073741823,1073741823,1073741823:j10
1073741823,1073741823,1073741823,1073741823,1073703535,1069547519,1073733631,1073184767,1073606655,1073741823,1073741823,1073741823,1073741823,1073741823,1073741823:h7
1073741823,1073741823,1073741823,1073741823,1073703535,1073741823,1073733631,1068990463,1073606655,1073741823,1073741823,1073741823,1073741823,1073741823,1073741823:h7
1073741823,1073741823,1073741823,1073741823,1073703535,1073741823,1073733631,1072136191,1073606655,1073741823,1073741823,1073741823,1073741823,1073741823,1073741823:h7
1073741823,1073741823,1073741823,1073741823,1073703535,1073741823,1073733631,1073184767,1073606655,1069547519,1073741823,1073741823,1073741823,1073741823,1073741823:h7
1073741823,1073741823,1073741823,1073741823,1073703535,1073741823,1073733567,1073184767,1073606655,1073741823,1073741823,1073741823,1073741823,1073741823,1073741823:h7
1073741823,1073741823,1073741823,1073741823,1073703535,1073741567,1073733631,1073184767,1073606655,1073741823,1073741823,1073741823,1073741823,1073741823,1073741823:h7
1073741823,1073741823,1073741759,1073741823,1073703535,1073741823,1073733631,1073184767,1073606655,1073741823,1073741823,1073741823,1073741823,1073741823,1073741823:h7
1073741823,1073741823,1073741823,1073741567,1073703535,1073741823,1073733631,1073184767,1073606655,1073741823,1073741823,1073741823,1073741823,1073741823,1073741823:h7
1073741823,1073741823,1073740799,1073741823,1073703535,1073741823,1073733631,1073184767,1073606655,1073741823,1073741823,1073741823,1073741823,1073741823,1073741823:h7
1073741823,1073741823,1073725439,1073741823,1073703535,1073741823,1073733631,1073184767,1073606655,1073741823,1073741823,1073741823,1073741823,1073741823,1073741823:h7
1073741823,1073741823,1073741823,1073741823,1073703535,1073741823,1073732607,1073184767,1073606655,1073741823,1073741823,1073741823,1073741823,1073741823,1073741823:j10
1073741823,1073741823,1073741823,1073741823,1073703535,1073741823,1073733631,1073184767,1073606655,1073741823,1073737727,1073741823,1073741823,1073741823,1073741823:h7
1073741823,1073741823,1073741823,1073741823,1073703535,1073741823,1072685055,1073184767,1073606655,1073741823,1073741823,1073741823,1073741823,1073741823,1073741823:j10
1073741823,1073741823,1073741823,1073741823,1073703535,1073741823,1073733631,1073184767,1072558079,1073741823,1073741823,1073741823,1073741823,1073741823,1073741823:h7
1073741823,1073741823,1073741823,1073741823,1073703535,1073741823,1073733631,1073184767,1073344511,1073741823,1073741823,1073741823,1073741823,1073741823,1073741823:h7
1073741823,1073741823,1073741823,1073741823,1073703535,1073741823,1073733631,1073184767,1073606655,1073741823,1072693247,1073741823,1073741823,1073741823,1073741823:h7
1073741823,1073741823,1073741823,1073741823,1073703535,1073741823,1073733631,1073184767,1073606655,1073741823,1073676287,1073741823,1073741823,1073741823,1073741823:h7
1073741823,1073741823,1073741823,1073741823,1073703535,1073741823,1073733631,1073184767,1073606655,1073676287,1073741823,1073741823,1073741823,1073741823,1073741823:h7
1073741823,1073741823,1073741823,1073741823,1073703535,1073741823,1073733375,1073184767,1073606655,1073741823,1073741823,1073741823,1073741823,1073741823,1073741823:j10
1073741823,1073741823,1073741567,1073741823,1073703535,1073741823,1073733631,1073184767,1073606655,1073741823,1073741823,1073741823,1073741823,1073741823,1073741823:j10
1073741823,1073741823,1073741823,1073740799,1073703535,1073741823,1073733631,1073184767,1073606655,1073741823,1073741823,1073741823,1073741823,1073741823,1073741823:j10
1073741823,1073741823,1073737727,1073741823,1073703535,1073741823,1073733631,1073184767,1073606655,1073741823,1073741823,1073741823,1073741823,1073741823,1073741823:h7
1073741823,1073741823,1073741823,1073737727,1073703535,1073741823,1073733631,1073184767,1073606655,1073741823,1073741823,1073741823,1073741823,1073741823,1073741823:h7
1073741823,1073741823,1073676287,1073741823,1073703535,1073741823,1073733631,1073184767,1073606655,1073741823,1073741823,1073741823,1073741823,1073741823,1073741823:j10
1073741823,1073741823,1073741823,1073725439,1073703535,1073741823,1073733631,1073184767,1073606655,1073741823,1073741823,1073741823,1073741823,1073741823,1073741823:j10
1073741823,1073741823,1073741823,1073741823,1073637999,1073741823,1073733631,1073184767,1073606655,1073741823,1073741823,1073741823,1073741823,1073741823,1073741823:h7
1073741823,1073741823,1073741823,1073741823,1073703535,1073737727,1073733631,1073184767,1073606655,1073741823,1073741823,1073741823,1073741823,1073741823,1073741823:h7
1073741823,1073741823,1073741823,1073741823,1073703535,1073741823,1073733631,1073184767,1073606655,1073740799,1073741823,1073741823,1073741823,1073741823,1073741823:h7
1073741823,1073741823,1073741823,1073741823,1073703535,1073741823,1073733631,1073183743,1073606655,1073741823,1073741823,1073741823,1073741823,1073741823,1073741823:j10
1073741823,1073741823,1073741823,1073741823,1073703535,1073741823,1073733631,1073180671,1073606655,1073741823,1073741823,1073741823,1073741823,1073741823,1073741823:h7
1073741823,1073741823,1073741823,1073741823,1073703535,1073740799,1073733631,1073184767,1073606655,1073741823,1073741823,1073741823,1073741823,1073741823,1073741823:j10
1073741823,1073741823,1073741823,1073741823,1073703535,1073725439,1073733631,1073184767,1073606655,1073741823,1073741823,1073741823,1073741823,1073741823,1073741823:j10
1073741823,1073741823,1073741823,1073741823,1073703535,1073741823,1073717247,1073184767,1073606655,1073741823,1073741823,1073741823,1073741823,1073741823,1073741823:j10
1073741823,1073741823,1073741823,1073741823,1073703535,1073479679,1073733631,1073184767,1073606655,1073741823,1073741823,1073741823,1073741823,1073741823,1073741823:h7
1073741823,1073741823,1073741823,1073741823,1073703535,1073741823,1073668095,1073184767,1073606655,1073741823,1073741823,1073741823,1073741823,1073741823,1073741823:j10
1073741823,1073741823,1073741823,1073741823,1073703535,1073741823,1073733631,1073119231,1073606655,1073741823,1073741823,1073741823,1073741823,1073741823,1073741823:h7
1073741823,1073741823,1073741823,1073741823,1073703535,1073741823,1073733631,1073184767,1073606655,1073479679,1073741823,1073741823,1073741823,1073741823,1073741823:h7
1073741823,1073741823,1073741823,1073741823,1073703535,1073741823,1073733631,1073184767,1073606655,1073725439,1073741823,1073741823,1073741823,1073741823,1073741823:h7
1073741823,1073741823,1073741823,1073741823,1073703535,1073741823,1073733631,1073184767,1073590271,1073741823,1073741823,1073741823,1073741823,1073741823,1073741823:j10
1073741823,1073741823,1073741807,1073741823,1073703679,1073741823,1073733631,1073184767,1073606655,1073741823,1073741823,1073741823,1073741823,1073741823,1073741823:j10
1073741823,1073741823,1073741823,1073741759,1073703679,1073741823,1073733631,1073184767,1073606655,1073741823,1073741823,1073741823,1073741823,1073741823,1073741823:j10
1073741823,1073741823,1073741823,1073741823,1073703679,1073741823,1073471487,1073184767,1073606655,1073741823,1073741823,1073741823,1073741823,1073741823,1073741823:j10
1073741823,1073741823,1073741823,1073741823,1073703679,1069547519,1073733631,1073184767,1073606655,1073741823,1073741823,1073741823,1073741823,1073741823,1073741823:h7
1073741823,1073741823,1073741823,1073741823,1073703679,1073741823,1073733631,1068990463,1073606655,1073741823,1073741823,1073741823,1073741823,1073741823,1073741823:h7
1073741823,1073741823,1073741823,1073741823,1073703679,1073741823,1073733631,1072136191,1073606655,1073741823,1073741823,1073741823,1073741823,1073741823,1073741823:h7
1073741823,1073741823,1073741823,1073741823,1073703679,1073741823,1073733631,1073184767,1073606655,1069547519,1073741823,1073741823,1073741823,1073741823,1073741823:h7
1073741823,1073741823,1073741823,1073741823,1073703679,1073741823,1073733567,1073184767,1073606655,1073741823,1073741823,1073741823,1073741823,1073741823,1073741823:j10
1073741823,1073741823,1073741823,1073741823,1073703679,1073741567,1073733631,1073184767,1073606655,1073741823,1073741823,1073741823,1073741823,1073741823,1073741823:j10
1073741823,1073741823,1073741823,1073741823,1073703615,1073741823,1073733631,1073184767,1073606655,1073741823,1073741823,1073741823,1073741823,1073741823,1073741823:c5
1073741823,1073741823,1073741823,1073741823,1073703583,1073741823,1073733630,1073184767,1073606655,1073741823,1073741823,1073741823,1073741823,1073741823,1073741823:h7
1073741823,1073741823,1073741823,1073741823,1073703583,1073741819,1073733631,1073184767,1073606655,1073741823,1073741823,1073741823,1073741823,1073741823,1073741823:h7
1073741823,1073741823,1073741823,1073741823,1073703582,1073741823,1073733631,1073184767,1073606655,1073741823,1073741823,1073741823,1073741823,1073741823,1073741823:h7
1073741823,1073741823,1073741822,1073741823,1073703583,1073741823,1073733631,1073184767,1073606655,1073741823,1073741823,1073741823,1073741823,1073741823,1073741823:h7
1073741823,1073741823,1073741823,1073741819,1073703583,1073741823,1073733631,1073184767,1073606655,1073741823,1073741823,1073741823,1073741823,1073741823,1073741823:h7
1073741823,1073741823,1073741823,1073741823,1073703583,1073741823,1073733627,1073184767,1073606655,1073741823,1073741823,1073741823,1073741823,1073741823,1073741823:h7
1073741823,1073741823,1073741823,1073741823,1073703583,1073741807,1073733631,1073184767,1073606655,1073741823,1073741823,1073741823,1073741823,1073741823,1073741823:h7
1073741823,1073741823,1073741823,1073741823,1073703579,1073741823,1073733631,1073184767,1073606655,1073741823,1073741823,1073741823,1073741823,1073741823,1073741823:h7
1073741823,1073741823,1073741819,1073741823,1073703583,1073741823,1073733631,1073184767,1073606655,1073741823,1073741823,1073741823,1073741823,1073741823,1073741823:h7
1073741823,1073741823,1073741823,1073741807,1073703583,1073741823,1073733631,1073184767,1073606655,1073741823,1073741823,1073741823,1073741823,1073741823,1073741823:h7
1073741823,1073741823,1073741823,1073741823,1073703583,1073741823,1073733631,1073184767,1073606655,1073741823,1073741567,1073741823,1073741823,1073741823,1073741823:h7
1073741823,1073741823,1073741823,1073741823,1073703583,1073741823,1073733631,1073184767,1073606399,1073741823,1073741823,1073741823,1073741823,1073741823,1073741823:h7
1073741823,1073741823,1073741823,1073741823,1073703583,1073741823,1073733631,1073184767,1073605631,1073741823,1073741823,1073741823,1073741823,1073741823,1073741823:h7
1073741823,1073741823,1073741823,1073741823,1073703583,1073741823,1073733631,1073184767,1073606655,1073737727,1073741823,1073741823,1073741823,1073741823,1073741823:h7
1073741823,1073741823,1073479679,1073741823,1073703583,1073741823,1073733631,1073184767,1073606655,1073741823,1073741823,1073741823,1073741823,1073741823,1073741823:h7
1073741823,1073741823,1073741823,1073676287,1073703583,1073741823,1073733631,1073184767,1073606655,1073741823,1073741823,1073741823,1073741823,1073741823,1073741823:h7
1073741823,1073741823,1073741823,1073741823,1073441439,1073741823,1073733631,1073184767,1073606655,1073741823,1073741823,1073741823,1073741823,1073741823,1073741823:h7
1073741823,1073741823,1073741823,1073741823,1073703583,1073676287,1073733631,1073184767,1073606655,1073741823,1073741823,1073741823,1073741823,1073741823,1073741823:h7
1073741823,1073741823,1073741823,1073741823,1073703583,1073741823,1073733615,1073184767,1073606655,1073741823,1073741823,1073741823,1073741823,1073741823,1073741823:h7
1073741823,1073741823,1073741823,1073741823,1073703583,1073741759,1073733631,1073184767,1073606655,1073741823,1073741823,1073741823,1073741823,1073741823,1073741823:h7
1073741823,1073741823,1073741807,1073741823,1073703583,1073741823,1073733631,1073184767,1073606655,1073741823,1073741823,1073741823,1073741823,1073741823,1073741823:h7
1073741823,1073741823,1073741823,1073741759,1073703583,1073741823,1073733631,1073184767,1073606655,1073741823,1073741823,1073741823,1073741823,1073741823,1073741823:h7
1073741823,1073741823,1073741823,1073741823,1073703583,1073741823,1073471487,1073184767,1073606655,1073741823,1073741823,1073741823,1073741823,1073741823,1073741823:j10
1073741823,1073741823,1073741823,1073741823,1073703583,1069547519,1073733631,1073184767,1073606655,1073741823,1073741823,1073741823,1073741823,1073741823,1073741823:h7
1073741823,1073741823,1073741823,1073741823,1073703583,1073741823,1073733631,1068990463,1073606655,1073741823,1073741823,1073741823,1073741823,1073741823,1073741823:h7
1073741823,1073741823,1073741823,1073741823,1073703583,1073741823,1073733631,1072136191,1073606655,1073741823,1073741823,1073741823,1073741823,1073741823,1073741823:h7
1073741823,1073741823,1073741823,1073741823,1073703583,1073741823,1073733631,1073184767,1073606655,1069547519,1073741823,1073741823,1073741823,1073741823,1073741823:h7
1073741823,1073741823,1073741823,1073741823,1073703583,1073741823,1073733567,1073184767,1073606655,1073741823,1073741823,1073741823,1073741823,1073741823,1073741823:h7
1073741823,1073741823,1073741823,1073741823,1073703583,1073741567,1073733631,1073184767,1073606655,1073741823,1073741823,1073741823,1073741823,1073741823,1073741823:j10
1073741823,1073741823,1073741759,1073741823,1073703583,1073741823,1073733631,1073184767,1073606655,1073741823,1073741823,1073741823,1073741823,1073741823,1073741823:h7
1073741823,1073741823,1073741823,1073741567,1073703583,1073741823,1073733631,1073184767,1073606655,1073741823,1073741823,1073741823,1073741823,1073741823,1073741823:h7
1073741823,1073741823,1073740799,1073741823,1073703583,1073741823,1073733631,1073184767,1073606655,1073741823,1073741823,1073741823,1073741823,1073741823,1073741823:h7
1073741823,1073741823,1073725439,1073741823,1073703583,1073741823,1073733631,1073184767,1073606655,1073741823,1073741823,1073741823,1073741823,1073741823,1073741823:h7
1073741823,1073741823,1073741823,1073741823,1073703583,1073741823,1073732607,1073184767,1073606655,1073741823,1073741823,1073741823,1073741823,1073741823,1073741823:j10
1073741823,1073741823,1073741823,1073741823,1073703583,1073741823,1073733631,1073184767,1073606655,1073741823,1073737727,1073741823,1073741823,1073741823,1073741823:h7
1073741823,1073741823,1073741823,1073741823,1073703583,1073741823,1072685055,1073184767,1073606655,1073741823,1073741823,1073741823,1073741823,1073741823,1073741823:j10
1073741823,1073741823,1073741823,1073741823,1073703583,1073741823,1073733631,1073184767,1072558079,1073741823,1073741823,1073741823,1073741823,1073741823,1073741823:h7
1073741823,1073741823,1073741823,1073741823,1073703583,1073741823,1073733631,1073184767,1073344511,1073741823,1073741823,1073741823,1073741823,1073741823,1073741823:j10
1073741823,1073741823,1073741823,1073741823,1073703583,1073741823,1073733631,1073184767,1073606655,1073741823,1072693247,1073741823,1073741823,1073741823,1073741823:h7
1073741823,1073741823,1073741823,1073741823,1073703583,1073741823,1073733631,1073184767,1073606655,1073741823,1073676287,1073741823,1073741823,1073741823,1073741823:h7
1073741823,1073741823,1073741823,1073741823,1073703583,1073741823,1073733631,1073184767,1073606655,1073676287,1073741823,1073741823,1073741823,1073741823,1073741823:h7
1073741823,1073741823,1073741823,1073741823,1073703583,1073741823,1073733375,1073184767,1073606655,1073741823,1073741823,1073741823,1073741823,1073741823,1073741823:j10
1073741823,1073741823,1073741567,1073741823,1073703583,1073741823,1073733631,1073184767,1073606655,1073741823,1073741823,1073741823,1073741823,1073741823,1073741823:j10
1073741823,1073741823,1073741823,1073740799,1073703583,1073741823,1073733631,1073184767,1073606655,1073741823,1073741823,1073741823,1073741823,1073741823,1073741823:j10
1073741823,1073741823,1073737727,1073741823,1073703583,1073741823,1073733631,1073184767,1073606655,1073741823,1073741823,1073741823,1073741823,1073741823,1073741823:h7
1073741823,1073741823,1073741823,1073737727,1073703583,1073741823,1073733631,1073184767,1073606655,1073741823,1073741823,1073741823,1073741823,1073741823,1073741823:h7
1073741823,1073741823,1073676287,1073741823,1073703583,1073741823,1073733631,1073184767,1073606655,1073741823,1073741823,1073741823,1073741823,1073741823,1073741823:j10
1073741823,1073741823,1073741823,1073725439,1073703583,1073741823,1073733631,1073184767,1073606655,1073741823,1073741823,1073741823,1073741823,1073741823,1073741823:j10
1073741823,1073741823,1073741823,1073741823,1073638047,1073741823,1073733631,1073184767,1073606655,1073741823,1073741823,1073741823,1073741823,1073741823,1073741823:h7
1073741823,1073741823,1073741823,1073741823,1073703583,1073737727,1073733631,1073184767,1073606655,1073741823,1073741823,1073741823,1073741823,1073741823,1073741823:h7
1073741823,1073741823,1073741823,1073741823,1073703583,1073741823,1073733631,1073184767,1073606655,1073740799,1073741823,1073741823,1073741823,1073741823,1073741823:h7
1073741823,1073741823,1073741823,1073741823,1073703583,1073741823,1073733631,1073183743,1073606655,1073741823,1073741823,1073741823,1073741823,1073741823,1073741823:h7
1073741823,1073741823,1073741823,1073741823,1073703583,1073741823,1073733631,1073180671,1073606655,1073741823,1073741823,1073741823,1073741823,1073741823,1073741823:j10
1073741823,1073741823,1073741823,1073741823,1073703583,1073740799,1073733631,1073184767,1073606655,1073741823,1073741823,1073741823,1073741823,1073741823,1073741823:j10
1073741823,1073741823,1073741823,1073741823,1073703583,1073725439,1073733631,1073184767,1073606655,1073741823,1073741823,1073741823,1073741823,1073741823,1073741823:j10
1073741823,1073741823,1073741823,1073741823,1073703583,1073741823,1073717247,1073184767,1073606655,1073741823,1073741823,1073741823,1073741823,1073741823,1073741823:j10
1073741823,1073741823,1073741823,1073741823,1073703583,1073479679,1073733631,1073184767,1073606655,1073741823,1073741823,1073741823,1073741823,1073741823,1073741823:j10
1073741823,1073741823,1073741823,1073741823,1073703583,1073741823,1073668095,1073184767,1073606655,1073741823,1073741823,1073741823,1073741823,1073741823,1073741823:j10
1073741823,1073741823,1073741823,1073741823,1073703583,1073741823,1073733631,1073119231,1073606655,1073741823,1073741823,1073741823,1073741823,1073741823,1073741823:h7
1073741823,1073741823,1073741823,1073741823,1073703583,1073741823,1073733631,1073184767,1073606655,1073479679,1073741823,1073741823,1073741823,1073741823,1073741823:i8
1073741823,1073741823,1073741823,1073741823,1073703583,1073741823,1073733631,1073184767,1073606655,1073725439,1073741823,1073741823,1073741823,1073741823,1073741823:h7
1073741823,1073741823,1073741823,1073741823,1073703583,1073741823,1073733631,1073184767,1073590271,1073741823,1073741823,1073741823,1073741823,1073741823,1073741823:j10
1073741823,1073741823,1073741759,1073741823,1073703679,1073741823,1073733631,1073184767,1073606655,1073741823,1073741823,1073741823,1073741823,1073741823,1073741823:j10
1073741823,1073741823,1073741823,1073741567,1073703679,1073741823,1073733631,1073184767,1073606655,1073741823,1073741823,1073741823,1073741823,1073741823,1073741823:j10
1073741823,1073741823,1073740799,1073741823,1073703679,1073741823,1073733631,1073184767,1073606655,1073741823,1073741823,1073741823,1073741823,1073741823,1073741823:j10
1073741823,1073741823,1073725439,1073741823,1073703679,1073741823,1073733631,1073184767,1073606655,1073741823,1073741823,1073741823,1073741823,1073741823,1073741823:h7
1073741823,1073741823,1073741823,1073741823,1073703679,1073741823,1073732607,1073184767,1073606655,1073741823,1073741823,1073741823,1073741823,1073741823,1073741823:j10
1073741823,1073741823,1073741823,1073741823,1073703679,1073741823,1073733631,1073184767,1073606655,1073741823,1073737727,1073741823,1073741823,1073741823,1073741823:h7
1073741823,1073741823,1073741823,1073741823,1073703679,1073741823,1072685055,1073184767,1073606655,1073741823,1073741823,1073741823,1073741823,1073741823,1073741823:j10
1073741823,1073741823,1073741823,1073741823,1073703679,1073741823,1073733631,1073184767,1072558079,1073741823,1073741823,1073741823,1073741823,1073741823,1073741823:h7
1073741823,1073741823,1073741823,1073741823,1073703679,1073741823,1073733631,1073184767,1073344511,1073741823,1073741823,1073741823,1073741823,1073741823,1073741823:j10
1073741823,1073741823,1073741823,1073741823,1073703679,1073741823,1073733631,1073184767,1073606655,1073741823,1072693247,1073741823,1073741823,1073741823,1073741823:h7
1073741823,1073741823,1073741823,1073741823,1073703679,1073741823,1073733631,1073184767,1073606655,1073741823,1073676287,1073741823,1073741823,1073741823,1073741823:h7
1073741823,1073741823,1073741823,1073741823,1073703679,1073741823,1073733631,1073184767,1073606655,1073676287,1073741823,1073741823,1073741823,1073741823,1073741823:h7
1073741823,1073741823,1073741823,1073741823,1073703679,1073741823,1073733375,1073184767,1073606655,1073741823,1073741823,1073741823,1073741823,1073741823,1073741823:j10
1073741823,1073741823,1073741567,1073741823,1073703679,1073741823,1073733631,1073184767,1073606655,1073741823,1073741823,1073741823,1073741823,1073741823,1073741823:j10
1073741823,1073741823,1073741823,1073740799,1073703679,1073741823,1073733631,1073184767,1073606655,1073741823,1073741823,1073741823,1073741823,1073741823,1073741823:j10
1073741823,1073741823,1073737727,1073741823,1073703679,1073741823,1073733631,1073184767,1073606655,1073741823,1073741823,1073741823,1073741823,1073741823,1073741823:h7
1073741823,1073741823,1073741823,1073737727,1073703679,1073741823,1073733631,1073184767,1073606655,1073741823,1073741823,1073741823,1073741823,1073741823,1073741823:h7
1073741823,1073741823,1073676287,1073741823,1073703679,1073741823,1073733631,1073184767,1073606655,1073741823,1073741823,1073741823,1073741823,1073741823,1073741823:j10
1073741823,1073741823,1073741823,1073725439,1073703679,1073741823,1073733631,1073184767,1073606655,1073741823,1073741823,1073741823,1073741823,1073741823,1073741823:j10
1073741823,1073741823,1073741823,1073741823,1073638143,1073741823,1073733631,1073184767,1073606655,1073741823,1073741823,1073741823,1073741823,1073741823,1073741823:h7
1073741823,1073741823,1073741823,1073741823,1073703679,1073737727,1073733631,1073184767,1073606655,1073741823,1073741823,1073741823,1073741823,1073741823,1073741823:h7
1073741823,1073741823,1073741823,1073741823,1073703679,1073741823,1073733631,1073184767,1073606655,1073740799,1073741823,1073741823,1073741823,1073741823,1073741823:h7
1073741823,1073741823,1073741823,1073741823,1073703679,1073741823,1073733631,1073183743,1073606655,1073741823,1073741823,1073741823,1073741823,1073741823,1073741823:j10
1073741823,1073741823,1073741823,1073741823,1073703679,1073741823,1073733631,1073180671,1073606655,1073741823,1073741823,1073741823,1073741823,1073741823,1073741823:j10
1073741823,1073741823,1073741823,1073741823,1073703679,1073740799,1073733631,1073184767,1073606655,1073741823,1073741823,1073741823,1073741823,1073741823,1073741823:j10
1073741823,1073741823,1073741823,1073741823,1073703679,1073725439,1073733631,1073184767,1073606655,1073741823,1073741823,1073741823,1073741823,1073741823,1073741823:j10
1073741823,1073741823,1073741823,1073741823,1073703679,1073741823,1073717247,1073184767,1073606655,1073741823,1073741823,1073741823,1073741823,1073741823,1073741823:j10
1073741823,1073741823,1073741823,1073741823,1073703679,1073479679,1073733631,1073184767,1073606655,1073741823,1073741823,1073741823,1073741823,1073741823,1073741823:j10
1073741823,1073741823,1073741823,1073741823,1073703679,1073741823,1073668095,1073184767,1073606655,1073741823,1073741823,1073741823,1073741823,1073741823,1073741823:j10
1073741823,1073741823,1073741823,1073741823,1073703679,1073741823,1073733631,1073119231,1073606655,1073741823,1073741823,1073741823,1073741823,1073741823,1073741823:h7
1073741823,1073741823,1073741823,1073741823,1073703679,1073741823,1073733631,1073184767,1073606655,1073479679,1073741823,1073741823,1073741823,1073741823,1073741823:h7
1073741823,1073741823,1073741823,1073741823,1073703679,1073741823,1073700863,1073184767,1073606655,1073479679,1073741823,1073725439,1073741823,1073741823,1073741823:h6
1073741823,1073741823,1073741823,1073741823,1073703679,1073741823,1073700863,1073184767,1073606655,1072431103,1073741823,1073741823,1073741823,1073741823,1073741823:h6
1073741823,1073741823,1073741823,1073741823,1073703679,1073741823,1073700863,1073184767,1073606655,1073479679,1073741823,1069547519,1073741823,1073741823,1073741823:h6
1073741823,1073741823,1073741823,1073741823,1073703679,1073741823,1073700863,1073184767,1073606655,1073479679,1073741823,1073479679,1073741823,1073741823,1073741823:h6
1073741823,1073741823,1073741823,1073741823,1073703679,1073741823,1073700863,1073184767,1073606655,1073479679,1073479679,1073741823,1073741823,1073741823,1073741823:h6
1073741823,1073741823,1073741823,1073741823,1073703679,1073741823,1073700863,1073184767,1073606655,1073479679,1073741567,1073741823,1073741823,1073741823,1073741823:h6
1073741823,1073741823,1073741823,1073741823,1073703679,1073741823,1073700863,1073184767,1073606399,1073479679,1073741823,1073741823,1073741823,1073741823,1073741823:h6
1073741823,1073741823,1073741823,1073741823,1073703679,1073741823,1073700863,1073184767,1073605631,1073479679,1073741823,1073741823,1073741823,1073741823,1073741823:h6
1073741823,1073741823,1073741823,1073741823,1073703679,1073741823,1073700863,1073184767,1073606655,1073475583,1073741823,1073741823,1073741823,1073741823,1073741823:h6
1073741823,1073741823,1073479679,1073741823,1073703679,1073741823,1073700863,1073184767,1073606655,1073479679,1073741823,1073741823,1073741823,1073741823,1073741823:h6
1073741823,1073741823,1073741823,1073676287,1073703679,1073741823,1073700863,1073184767,1073606655,1073479679,1073741823,1073741823,1073741823,1073741823,1073741823:h6
1073741823,1073741823,1073741823,1073741823,1073441535,1073741823,1073700863,1073184767,1073606655,1073479679,1073741823,1073741823,1073741823,1073741823,1073741823:h6
1073741823,1073741823,1073741823,1073741823,1073703679,1073676287,1073700863,1073184767,1073606655,1073479679,1073741823,1073741823,1073741823,1073741823,1073741823:h6
1073741823,1073741823,1073741823,1073741823,1073703679,1073741823,1073700847,1073184767,1073606655,1073479679,1073741823,1073741823,1073741823,1073741823,1073741823:h6
1073741823,1073741823,1073741823,1073741823,1073703679,1073741759,1073700863,1073184767,1073606655,1073479679,1073741823,1073741823,1073741823,1073741823,1073741823:h6
1073741823,1073741823,1073741823,1073741823,1073703663,1073741823,1073700863,1073184767,1073606655,1073479679,1073741823,1073741823,1073741823,1073741823,1073741823:d5
1073741823,1073741823,1073741823,1073741823,1073703535,1073741823,1073700859,1073184767,1073606655,1073479679,1073741823,1073741823,1073741823,1073741823,1073741823:h6
1073741823,1073741823,1073741819,1073741823,1073703535,1073741823,1073700863,1073184767,1073606655,1073479679,1073741823,1073741823,1073741823,1073741823,1073741823:h6
1073741823,1073741823,1073741823,1073741823,1073703535,1073741823,1073700862,1073184767,1073606655,1073479679,1073741823,1073741823,1073741823,1073741823,1073741823:h6
1073741823,1073741823,1073741823,1073741823,1073703535,1073741819,1073700863,1073184767,1073606655,1073479679,1073741823,1073741823,1073741823,1073741823,1073741823:h6
1073741823,1073741823,1073741823,1073741823,1073703534,1073741823,1073700863,1073184767,1073606655,1073479679,1073741823,1073741823,1073741823,1073741823,1073741823:h6
1073741823,1073741823,1073741823,1073741823,1073703531,1073741823,1073700863,1073184767,1073606655,1073479679,1073741823,1073741823,1073741823,1073741823,1073741823:h6
1073741823,1073741823,1073741822,1073741823,1073703535,1073741823,1073700863,1073184767,1073606655,1073479679,1073741823,1073741823,1073741823,1073741823,1073741823:h6
1073741823,1073741823,1073741823,1073741819,1073703535,1073741823,1073700863,1073184767,1073606655,1073479679,1073741823,1073741823,1073741823,1073741823,1073741823:h6
1073741823,1073741823,1073741823,1073741807,1073703535,1073741823,1073700863,1073184767,1073606655,1073479679,1073741823,1073741823,1073741823,1073741823,1073741823:h6
1073741823,1073741823,1073741823,1073741823,1073703535,1073741807,1073700863,1073184767,1073606655,1073479679,1073741823,1073741823,1073741823,1073741823,1073741823:h6
1073741823,1073741823,1073741823,1073741823,1073703535,1073741823,1073700863,1073184767,1073606655,1073479679,1073741823,1073725439,1073741823,1073741823,1073741823:h6
1073741823,1073741823,1073741823,1073741823,1073703535,1073741823,1073700863,1073184767,1073606655,1072431103,1073741823,1073741823,1073741823,1073741823,1073741823:h6
1073741823,1073741823,1073741823,1073741823,1073703535,1073741823,1073700863,1073184767,1073606655,1073479679,1073741823,1069547519,1073741823,1073741823,1073741823:h6
1073741823,1073741823,1073741823,1073741823,1073703535,1073741823,1073700863,1073184767,1073606655,1073479679,1073741823,1073479679,1073741823,1073741823,1073741823:h6
1073741823,1073741823,1073741823,1073741823,1073703535,1073741823,1073700863,1073184767,1073606655,1073479679,1073479679,1073741823,1073741823,1073741823,1073741823:h6
1073741823,1073741823,1073741823,1073741823,1073703535,1073741823,1073700863,1073184767,1073606655,1073479679,1073741567,1073741823,1073741823,1073741823,1073741823:h6
1073741823,1073741823,1073741823,1073741823,1073703535,1073741823,1073700863,1073184767,1073606399,1073479679,1073741823,1073741823,1073741823,1073741823,1073741823:h6
1073741823,1073741823,1073741823,1073741823,1073703535,1073741823,1073700863,1073184767,1073605631,1073479679,1073741823,1073741823,1073741823,1073741823,1073741823:h6
1073741823,1073741823,1073741823,1073741823,1073703535,1073741823,1073700863,1073184767,1073606655,1073475583,1073741823,1073741823,1073741823,1073741823,1073741823:h6
1073741823,1073741823,1073479679,1073741823,1073703535,1073741823,1073700863,1073184767,1073606655,1073479679,1073741823,1073741823,1073741823,1073741823,1073741823:h6
1073741823,1073741823,1073741823,1073676287,1073703535,1073741823,1073700863,1073184767,1073606655,1073479679,1073741823,1073741823,1073741823,1073741823,1073741823:h6
1073741823,1073741823,1073741823,1073741823,1073441391,1073741823,1073700863,1073184767,1073606655,1073479679,1073741823,1073741823,1073741823,1073741823,1073741823:h6
1073741823,1073741823,1073741823,1073741823,1073703535,1073676287,1073700863,1073184767,1073606655,1073479679,1073741823,1073741823,1073741823,1073741823,1073741823:h6
1073741823,1073741823,1073741823,1073741823,1073703535,1073741823,1073700847,1073184767,1073606655,1073479679,1073741823,1073741823,1073741823,1073741823,1073741823:h6
1073741823,1073741823,1073741823,1073741823,1073703535,1073741759,1073700863,1073184767,1073606655,1073479679,1073741823,1073741823,1073741823,1073741823,1073741823:h6
1073741823,1073741823,1073741807,1073741823,1073703535,1073741823,1073700863,1073184767,1073606655,1073479679,1073741823,1073741823,1073741823,1073741823,1073741823:h6
1073741823,1073741823,1073741823,1073741759,1073703535,1073741823,1073700863,1073184767,1073606655,1073479679,1073741823,1073741823,1073741823,1073741823,1073741823:h6
1073741823,1073741823,1073741823,1073741823,1073703535,1073741823,1073438719,1073184767,1073606655,1073479679,1073741823,1073741823,1073741823,1073741823,1073741823:h6
1073741823,1073741823,1073741823,1073741823,1073703535,1069547519,1073700863,1073184767,1073606655,1073479679,1073741823,1073741823,1073741823,1073741823,1073741823:h6
1073741823,1073741823,1073741823,1073741823,1073703535,1073741823,1073700863,1068990463,1073606655,1073479679,1073741823,1073741823,1073741823,1073741823,1073741823:h6
1073741823,1073741823,1073741823,1073741823,1073703535,1073741823,1073700863,1072136191,1073606655,1073479679,1073741823,1073741823,1073741823,1073741823,1073741823:h6
1073741823,1073741823,1073741823,1073741823,1073703535,1073741823,1073700863,1073184767,1073606655,1069285375,1073741823,1073741823,1073741823,1073741823,1073741823:h6
1073741823,1073741823,1073741823,1073741823,1073703535,1073741823,1073700799,1073184767,1073606655,1073479679,1073741823,1073741823,1073741823,1073741823,1073741823:h6
1073741823,1073741823,1073741823,1073741823,1073703535,1073741567,1073700863,1073184767,1073606655,1073479679,1073741823,1073741823,1073741823,1073741823,1073741823:h6
1073741823,1073741823,1073741759,1073741823,1073703535,1073741823,1073700863,1073184767,1073606655,1073479679,1073741823,1073741823,1073741823,1073741823,1073741823:h6
1073741823,1073741823,1073741823,1073741567,1073703535,1073741823,1073700863,1073184767,1073606655,1073479679,1073741823,1073741823,1073741823,1073741823,1073741823:h6
1073741823,1073741823,1073740799,1073741823,1073703535,1073741823,1073700863,1073184767,1073606655,1073479679,1073741823,1073741823,1073741823,1073741823,1073741823:h6
1073741823,1073741823,1073725439,1073741823,1073703535,1073741823,1073700863,1073184767,1073606655,1073479679,1073741823,1073741823,1073741823,1073741823,1073741823:h6
1073741823,1073741823,1073741823,1073741823,1073703535,1073741823,1073699839,1073184767,1073606655,1073479679,1073741823,1073741823,1073741823,1073741823,1073741823:h6
1073741823,1073741823,1073741823,1073741823,1073703535,1073741823,1073700863,1073184767,1073606655,1073479679,1073737727,1073741823,1073741823,1073741823,1073741823:h6
1073741823,1073741823,1073741823,1073741823,1073703535,1073741823,1072652287,1073184767,1073606655,1073479679,1073741823,1073741823,1073741823,1073741823,1073741823:h6
1073741823,1073741823,1073741823,1073741823,1073703535,1073741823,1073700863,1073184767,1072558079,1073479679,1073741823,1073741823,1073741823,1073741823,1073741823:h6
1073741823,1073741823,1073741823,1073741823,1073703535,1073741823,1073700863,1073184767,1073344511,1073479679,1073741823,1073741823,1073741823,1073741823,1073741823:h6
1073741823,1073741823,1073741823,1073741823,1073703535,1073741823,1073700863,1073184767,1073606655,1073479679,1072693247,1073741823,1073741823,1073741823,1073741823:h6
1073741823,1073741823,1073741823,1073741823,1073703535,1073741823,1073700863,1073184767,1073606655,1073479679,1073676287,1073741823,1073741823,1073741823,1073741823:h6
1073741823,1073741823,1073741823,1073741823,1073703535,1073741823,1073700863,1073184767,1073606655,1073414143,1073741823,1073741823,1073741823,1073741823,1073741823:h6
1073741823,1073741823,1073741823,1073741823,1073703535,1073741823,1073700607,1073184767,1073606655,1073479679,1073741823,1073741823,1073741823,1073741823,1073741823:h6
1073741823,1073741823,1073741567,1073741823,1073703535,1073741823,1073700863,1073184767,1073606655,1073479679,1073741823,1073741823,1073741823,1073741823,1073741823:h6
1073741823,1073741823,1073741823,1073740799,1073703535,1073741823,1073700863,1073184767,1073606655,1073479679,1073741823,1073741823,1073741823,1073741823,1073741823:h6
1073741823,1073741823,1073737727,1073741823,1073703535,1073741823,1073700863,1073184767,1073606655,1073479679,1073741823,1073741823,1073741823,1073741823,1073741823:h6
1073741823,1073741823,1073741823,1073737727,1073703535,1073741823,1073700863,1073184767,1073606655,1073479679,1073741823,1073741823,1073741823,1073741823,1073741823:h6
1073741823,1073741823,1073676287,1073741823,1073703535,1073741823,1073700863,1073184767,1073606655,1073479679,1073741823,1073741823,1073741823,1073741823,1073741823:h6
1073741823,1073741823,1073741823,1073725439,1073703535,1073741823,1073700863,1073184767,1073606655,1073479679,1073741823,1073741823,1073741823,1073741823,1073741823:h6
1073741823,1073741823,1073741823,1073741823,1073637999,1073741823,1073700863,1073184767,1073606655,1073479679,1073741823,1073741823,1073741823,1073741823,1073741823:h6
1073741823,1073741823,1073741823,1073741823,1073703535,1073737727,1073700863,1073184767,1073606655,1073479679,1073741823,1073741823,1073741823,1073741823,1073741823:h6
1073741823,1073741823,1073741823,1073741823,1073703535,1073741823,1073700863,1073184767,1073606655,1073478655,1073741823,1073741823,1073741823,1073741823,1073741823:h6
1073741823,1073741823,1073741823,1073741823,1073703535,1073741823,1073700863,1073183743,1073606655,1073479679,1073741823,1073741823,1073741823,1073741823,1073741823:h6
1073741823,1073741823,1073741823,1073741823,1073703535,1073741823,1073700863,1073180671,1073606655,1073479679,1073741823,1073741823,1073741823,1073741823,1073741823:h6
1073741823,1073741823,1073741823,1073741823,1073703535,1073740799,1073700863,1073184767,1073606655,1073479679,1073741823,1073741823,1073741823,1073741823,1073741823:h6
1073741823,1073741823,1073741823,1073741823,1073703535,1073725439,1073700863,1073184767,1073606655,1073479679,1073741823,1073741823,1073741823,1073741823,1073741823:i7
1073741823,1073741823,1073741823,1073741823,1073703535,1073479679,1073700863,1073184767,1073606655,1073479679,1073741823,1073741823,1073741823,1073741823,1073741823:h6
1073741823,1073741823,1073741823,1073741823,1073703535,1073741823,1073635327,1073184767,1073606655,1073479679,1073741823,1073741823,1073741823,1073741823,1073741823:h6
1073741823,1073741823,1073741823,1073741823,1073703535,1073741823,1073700863,1073119231,1073606655,1073479679,1073741823,1073741823,1073741823,1073741823,1073741823:h6
1073741823,1073741823,1073741823,1073741823,1073703535,1073741823,1073700863,1073184767,1073606655,1073463295,1073741823,1073741823,1073741823,1073741823,1073741823:h6
1073741823,1073741823,1073741823,1073741823,1073703535,1073741823,1073700863,1073184767,1073590271,1073479679,1073741823,1073741823,1073741823,1073741823,1073741823:h6
1073741823,1073741823,1073741807,1073741823,1073703679,1073741823,1073700863,1073184767,1073606655,1073479679,1073741823,1073741823,1073741823,1073741823,1073741823:h6
1073741823,1073741823,1073741823,1073741759,1073703679,1073741823,1073700863,1073184767,1073606655,1073479679,1073741823,1073741823,1073741823,1073741823,1073741823:h6
1073741823,1073741823,1073741823,1073741823,1073703679,1073741823,1073438719,1073184767,1073606655,1073479679,1073741823,1073741823,1073741823,1073741823,1073741823:h6
1073741823,1073741823,1073741823,1073741823,1073703679,1069547519,1073700863,1073184767,1073606655,1073479679,1073741823,1073741823,1073741823,1073741823,1073741823:h6
1073741823,1073741823,1073741823,1073741823,1073703679,1073741823,1073700863,1068990463,1073606655,1073479679,1073741823,1073741823,1073741823,1073741823,1073741823:h6
1073741823,1073741823,1073741823,1073741823,1073703679,1073741823,1073700863,1072136191,1073606655,1073479679,1073741823,1073741823,1073741823,1073741823,1073741823:h6
1073741823,1073741823,1073741823,1073741823,1073703679,1073741823,1073700863,1073184767,1073606655,1069285375,1073741823,1073741823,1073741823,1073741823,1073741823:h6
1073741823,1073741823,1073741823,1073741823,1073703679,1073741823,1073700799,1073184767,1073606655,1073479679,1073741823,1073741823,1073741823,1073741823,1073741823:h6
1073741823,1073741823,1073741823,1073741823,1073703679,1073741567,1073700863,1073184767,1073606655,1073479679,1073741823,1073741823,1073741823,1073741823,1073741823:h6
1073741823,1073741823,1073741823,1073741823,1073703615,1073741823,1073700863,1073184767,1073606655,1073479679,1073741823,1073741823,1073741823,1073741823,1073741823:c5
1073741823,1073741823,1073741823,1073741823,1073703583,1073741823,1073700862,1073184767,1073606655,1073479679,1073741823,1073741823,1073741823,1073741823,1073741823:h6
1073741823,1073741823,1073741823,1073741823,1073703583,1073741819,1073700863,1073184767,1073606655,1073479679,1073741823,1073741823,1073741823,1073741823,1073741823:h6
1073741823,1073741823,1073741823,1073741823,1073703582,1073741823,1073700863,1073184767,1073606655,1073479679,1073741823,1073741823,1073741823,1073741823,1073741823:h6
1073741823,1073741823,1073741822,1073741823,1073703583,1073741823,1073700863,1073184767,1073606655,1073479679,1073741823,1073741823,1073741823,1073741823,1073741823:h6
1073741823,1073741823,1073741823,1073741819,1073703583,1073741823,1073700863,1073184767,1073606655,1073479679,1073741823,1073741823,1073741823,1073741823,1073741823:h6
1073741823,1073741823,1073741823,1073741823,1073703583,1073741823,1073700859,1073184767,1073606655,1073479679,1073741823,1073741823,1073741823,1073741823,1073741823:h6
1073741823,1073741823,1073741823,1073741823,1073703583,1073741807,1073700863,1073184767,1073606655,1073479679,1073741823,1073741823,1073741823,1073741823,1073741823:h6
1073741823,1073741823,1073741823,1073741823,1073703579,1073741823,1073700863,1073184767,1073606655,1073479679,1073741823,1073741823,1073741823,1073741823,1073741823:h6
1073741823,1073741823,1073741819,1073741823,1073703583,1073741823,1073700863,1073184767,1073606655,1073479679,1073741823,1073741823,1073741823,1073741823,1073741823:h6
1073741823,1073741823,1073741823,1073741807,1073703583,1073741823,1073700863,1073184767,1073606655,1073479679,1073741823,1073741823,1073741823,1073741823,1073741823:h6
1073741823,1073741823,1073741823,1073741823,1073703583,1073741823,1073700863,1073184767,1073606655,1073479679,1073741823,1073725439,1073741823,1073741823,1073741823:h6
1073741823,1073741823,1073741823,1073741823,1073703583,1073741823,1073700863,1073184767,1073606655,1072431103,1073741823,1073741823,1073741823,1073741823,1073741823:h6
1073741823,1073741823,1073741823,1073741823,1073703583,1073741823,1073700863,1073184767,1073606655,1073479679,1073741823,1069547519,1073741823,1073741823,1073741823:h6
1073741823,1073741823,1073741823,1073741823,1073703583,1073741823,1073700863,1073184767,1073606655,1073479679,1073741823,1073479679,1073741823,1073741823,1073741823:h6
1073741823,1073741823,1073741823,1073741823,1073703583,1073741823,1073700863,1073184767,1073606655,1073479679,1073479679,1073741823,1073741823,1073741823,1073741823:h6
1073741823,1073741823,1073741823,1073741823,1073703583,1073741823,1073700863,1073184767,1073606655,1073479679,1073741567,1073741823,1073741823,1073741823,1073741823:h6
1073741823,1073741823,1073741823,1073741823,1073703583,1073741823,1073700863,1073184767,1073606399,1073479679,1073741823,1073741823,1073741823,1073741823,1073741823:h6
1073741823,1073741823,1073741823,1073741823,1073703583,1073741823,1073700863,1073184767,1073605631,1073479679,1073741823,1073741823,1073741823,1073741823,1073741823:h6
1073741823,1073741823,1073741823,1073741823,1073703583,1073741823,1073700863,1073184767,1073606655,1073475583,1073741823,1073741823,1073741823,1073741823,1073741823:h6
1073741823,1073741823,1073479679,1073741823,1073703583,1073741823,1073700863,1073184767,1073606655,1073479679,1073741823,1073741823,1073741823,1073741823,1073741823:h6
1073741823,1073741823,1073741823,1073676287,1073703583,1073741823,1073700863,1073184767,1073606655,1073479679,1073741823,1073741823,1073741823,1073741823,1073741823:h6
1073741823,1073741823,1073741823,1073741823,1073441439,1073741823,1073700863,1073184767,1073606655,1073479679,1073741823,1073741823,1073741823,1073741823,1073741823:h6
1073741823,1073741823,1073741823,1073741823,1073703583,1073676287,1073700863,1073184767,1073606655,1073479679,1073741823,1073741823,1073741823,1073741823,1073741823:h6
1073741823,1073741823,1073741823,1073741823,1073703583,1073741823,1073700847,1073184767,1073606655,1073479679,1073741823,1073741823,1073741823,1073741823,1073741823:h6
1073741823,1073741823,1073741823,1073741823,1073703583,1073741759,1073700863,1073184767,1073606655,1073479679,1073741823,1073741823,1073741823,1073741823,1073741823:h6
1073741823,1073741823,1073741807,1073741823,1073703583,1073741823,1073700863,1073184767,1073606655,1073479679,1073741823,1073741823,1073741823,1073741823,1073741823:h6
1073741823,1073741823,1073741823,1073741759,1073703583,1073741823,1073700863,1073184767,1073606655,1073479679,1073741823,1073741823,1073741823,1073741823,1073741823:h6
1073741823,1073741823,1073741823,1073741823,1073703583,1073741823,1073438719,1073184767,1073606655,1073479679,1073741823,1073741823,1073741823,1073741823,1073741823:h6
1073741823,1073741823,1073741823,1073741823,1073703583,1069547519,1073700863,1073184767,1073606655,1073479679,1073741823,1073741823,1073741823,1073741823,1073741823:h6
1073741823,1073741823,1073741823,1073741823,1073703583,1073741823,1073700863,1068990463,1073606655,1073479679,1073741823,1073741823,1073741823,1073741823,1073741823:h6
1073741823,1073741823,1073741823,1073741823,1073703583,1073741823,1073700863,1072136191,1073606655,1073479679,1073741823,1073741823,1073741823,1073741823,1073741823:h6
1073741823,1073741823,1073741823,1073741823,1073703583,1073741823,1073700863,1073184767,1073606655,1069285375,1073741823,1073741823,1073741823,1073741823,1073741823:h6
1073741823,1073741823,1073741823,1073741823,1073703583,1073741823,1073700799,1073184767,1073606655,1073479679,1073741823,1073741823,1073741823,1073741823,1073741823:h6
1073741823,1073741823,1073741823,1073741823,1073703583,1073741567,1073700863,1073184767,1073606655,1073479679,1073741823,1073741823,1073741823,1073741823,1073741823:h6
1073741823,1073741823,1073741759,1073741823,1073703583,1073741823,1073700863,1073184767,1073606655,1073479679,1073741823,1073741823,1073741823,1073741823,1073741823:h6
1073741823,1073741823,1073741823,1073741567,1073703583,1073741823,1073700863,1073184767,1073606655,1073479679,1073741823,1073741823,1073741823,1073741823,1073741823:h6
1073741823,1073741823,1073740799,1073741823,1073703583,1073741823,1073700863,1073184767,1073606655,1073479679,1073741823,1073741823,1073741823,1073741823,1073741823:h6
1073741823,1073741823,1073725439,1073741823,1073703583,1073741823,1073700863,1073184767,1073606655,1073479679,1073741823,1073741823,1073741823,1073741823,1073741823:h6
1073741823,1073741823,1073741823,1073741823,1073703583,1073741823,1073699839,1073184767,1073606655,1073479679,1073741823,1073741823,1073741823,1073741823,1073741823:h6
1073741823,1073741823,1073741823,1073741823,1073703583,1073741823,1073700863,1073184767,1073606655,1073479679,1073737727,1073741823,1073741823,1073741823,1073741823:h6
1073741823,1073741823,1073741823,1073741823,1073703583,1073741823,1072652287,1073184767,1073606655,1073479679,1073741823,1073741823,1073741823,1073741823,1073741823:h6
1073741823,1073741823,1073741823,1073741823,1073703583,1073741823,1073700863,1073184767,1072558079,1073479679,1073741823,1073741823,1073741823,1073741823,1073741823:h6
1073741823,1073741823,1073741823,1073741823,1073703583,1073741823,1073700863,1073184767,1073344511,1073479679,1073741823,1073741823,1073741823,1073741823,1073741823:h6
1073741823,1073741823,1073741823,1073741823,1073703583,1073741823,1073700863,1073184767,1073606655,1073479679,1072693247,1073741823,1073741823,1073741823,1073741823:h6
1073741823,1073741823,1073741823,1073741823,1073703583,1073741823,1073700863,1073184767,1073606655,1073479679,1073676287,1073741823,1073741823,1073741823,1073741823:h6
1073741823,1073741823,1073741823,1073741823,1073703583,1073741823,1073700863,1073184767,1073606655,1073414143,1073741823,1073741823,1073741823,1073741823,1073741823:h6
1073741823,1073741823,1073741823,1073741823,1073703583,1073741823,1073700607,1073184767,1073606655,1073479679,1073741823,1073741823,1073741823,1073741823,1073741823:h6
1073741823,1073741823,1073741567,1073741823,1073703583,1073741823,1073700863,1073184767,1073606655,1073479679,1073741823,1073741823,1073741823,1073741823,1073741823:h6
1073741823,1073741823,1073741823,1073740799,1073703583,1073741823,1073700863,1073184767,1073606655,1073479679,1073741823,1073741823,1073741823,1073741823,1073741823:h6
1073741823,1073741823,1073737727,1073741823,1073703583,1073741823,1073700863,1073184767,1073606655,1073479679,1073741823,1073741823,1073741823,1073741823,1073741823:h6
1073741823,1073741823,1073741823,1073737727,1073703583,1073741823,1073700863,1073184767,1073606655,1073479679,1073741823,1073741823,1073741823,1073741823,1073741823:h6
1073741823,1073741823,1073676287,1073741823,1073703583,1073741823,1073700863,1073184767,1073606655,1073479679,1073741823,1073741823,1073741823,1073741823,1073741823:h6
1073741823,1073741823,1073741823,1073725439,1073703583,1073741823,1073700863,1073184767,1073606655,1073479679,1073741823,1073741823,1073741823,1073741823,1073741823:h9
1073741823,1073741823,1073741823,1073741823,1073638047,1073741823,1073700863,1073184767,1073606655,1073479679,1073741823,1073741823,1073741823,1073741823,1073741823:h6
1073741823,1073741823,1073741823,1073741823,1073703583,1073737727,1073700863,1073184767,1073606655,1073479679,1073741823,1073741823,1073741823,1073741823,1073741823:h6
1073741823,1073741823,1073741823,1073741823,1073703583,1073741823,1073700863,1073184767,1073606655,1073478655,1073741823,1073741823,1073741823,1073741823,1073741823:h6
1073741823,1073741823,1073741823,1073741823,1073703583,1073741823,1073700863,1073183743,1073606655,1073479679,1073741823,1073741823,1073741823,1073741823,1073741823:h6
1073741823,1073741823,1073741823,1073741823,1073703583,1073741823,1073700863,1073180671,1073606655,1073479679,1073741823,1073741823,1073741823,1073741823,1073741823:h6
1073741823,1073741823,1073741823,1073741823,1073703583,1073740799,1073700863,1073184767,1073606655,1073479679,1073741823,1073741823,1073741823,1073741823,1073741823:h6
1073741823,1073741823,1073741823,1073741823,1073703583,1073725439,1073700863,1073184767,1073606655,1073479679,1073741823,1073741823,1073741823,1073741823,1073741823:i7
1073741823,1073741823,1073741823,1073741823,1073703583,1073479679,1073700863,1073184767,1073606655,1073479679,1073741823,1073741823,1073741823,1073741823,1073741823:h6
1073741823,1073741823,1073741823,1073741823,1073703583,1073741823,1073635327,1073184767,1073606655,1073479679,1073741823,1073741823,1073741823,1073741823,1073741823:h6
1073741823,1073741823,1073741823,1073741823,1073703583,1073741823,1073700863,1073119231,1073606655,1073479679,1073741823,1073741823,1073741823,1073741823,1073741823:h6
1073741823,1073741823,1073741823,1073741823,1073703583,1073741823,1073700863,1073184767,1073606655,1073463295,1073741823,1073741823,1073741823,1073741823,1073741823:h6
1073741823,1073741823,1073741823,1073741823,1073703583,1073741823,1073700863,1073184767,1073590271,1073479679,1073741823,1073741823,1073741823,1073741823,1073741823:k7
1073741823,1073741823,1073741759,1073741823,1073703679,1073741823,1073700863,1073184767,1073606655,1073479679,1073741823,1073741823,1073741823,1073741823,1073741823:h6
1073741823,1073741823,1073741823,1073741567,1073703679,1073741823,1073700863,1073184767,1073606655,1073479679,1073741823,1073741823,1073741823,1073741823,1073741823:h6
1073741823,1073741823,1073740799,1073741823,1073703679,1073741823,1073700863,1073184767,1073606655,1073479679,1073741823,1073741823,1073741823,1073741823,1073741823:h6
1073741823,1073741823,1073725439,1073741823,1073703679,1073741823,1073700863,1073184767,1073606655,1073479679,1073741823,1073741823,1073741823,1073741823,1073741823:h6
1073741823,1073741823,1073741823,1073741823,1073703679,1073741823,1073699839,1073184767,1073606655,1073479679,1073741823,1073741823,1073741823,1073741823,1073741823:h6
1073741823,1073741823,1073741823,1073741823,1073703679,1073741823,1073700863,1073184767,1073606655,1073479679,1073737727,1073741823,1073741823,1073741823,1073741823:h6
1073741823,1073741823,1073741823,1073741823,1073703679,1073741823,1072652287,1073184767,1073606655,1073479679,1073741823,1073741823,1073741823,1073741823,1073741823:h6
1073741823,1073741823,1073741823,1073741823,1073703679,1073741823,1073700863,1073184767,1072558079,1073479679,1073741823,1073741823,1073741823,1073741823,1073741823:h6
1073741823,1073741823,1073741823,1073741823,1073703679,1073741823,1073700863,1073184767,1073344511,1073479679,1073741823,1073741823,1073741823,1073741823,1073741823:h6
1073741823,1073741823,1073741823,1073741823,1073703679,1073741823,1073700863,1073184767,1073606655,1073479679,1072693247,1073741823,1073741823,1073741823,1073741823:h6
1073741823,1073741823,1073741823,1073741823,1073703679,1073741823,1073700863,1073184767,1073606655,1073479679,1073676287,1073741823,1073741823,1073741823,1073741823:h6
1073741823,1073741823,1073741823,1073741823,1073703679,1073741823,1073700863,1073184767,1073606655,1073414143,1073741823,1073741823,1073741823,1073741823,1073741823:h6
1073741823,1073741823,1073741823,1073741823,1073703679,1073741823,1073700607,1073184767,1073606655,1073479679,1073741823,1073741823,1073741823,1073741823,1073741823:h6
1073741823,1073741823,1073741567,1073741823,1073703679,1073741823,1073700863,1073184767,1073606655,1073479679,1073741823,1073741823,1073741823,1073741823,1073741823:h6
1073741823,1073741823,1073741823,1073740799,1073703679,1073741823,1073700863,1073184767,1073606655,1073479679,1073741823,1073741823,1073741823,1073741823,1073741823:h6
1073741823,1073741823,1073737727,1073741823,1073703679,1073741823,1073700863,1073184767,1073606655,1073479679,1073741823,1073741823,1073741823,1073741823,1073741823:h6
1073741823,1073741823,1073741823,1073737727,1073703679,1073741823,1073700863,1073184767,1073606655,1073479679,1073741823,1073741823,1073741823,1073741823,1073741823:h6
1073741823,1073741823,1073676287,1073741823,1073703679,1073741823,1073700863,1073184767,1073606655,1073479679,1073741823,1073741823,1073741823,1073741823,1073741823:h6
1073741823,1073741823,1073741823,1073725439,1073703679,1073741823,1073700863,1073184767,1073606655,1073479679,1073741823,1073741823,1073741823,1073741823,1073741823:h9
1073741823,1073741823,1073741823,1073741823,1073638143,1073741823,1073700863,1073184767,1073606655,1073479679,1073741823,1073741823,1073741823,1073741823,1073741823:h6
1073741823,1073741823,1073741823,1073741823,1073703679,1073737727,1073700863,1073184767,1073606655,1073479679,1073741823,1073741823,1073741823,1073741823,1073741823:h6
1073741823,1073741823,1073741823,1073741823,1073703679,1073741823,1073700863,1073184767,1073606655,1073478655,1073741823,1073741823,1073741823,1073741823,1073741823:h6
1073741823,1073741823,1073741823,1073741823,1073703679,1073741823,1073700863,1073183743,1073606655,1073479679,1073741823,1073741823,1073741823,1073741823,1073741823:h6
1073741823,1073741823,1073741823,1073741823,1073703679,1073741823,1073700863,1073180671,1073606655,1073479679,1073741823,1073741823,1073741823,1073741823,1073741823:h6
1073741823,1073741823,1073741823,1073741823,1073703679,1073740799,1073700863,1073184767,1073606655,1073479679,1073741823,1073741823,1073741823,1073741823,1073741823:h6
1073741823,1073741823,1073741823,1073741823,1073703679,1073725439,1073700863,1073184767,1073606655,1073479679,1073741823,1073741823,1073741823,1073741823,1073741823:k7
1073741823,1073741823,1073741823,1073741823,1073703679,1073479679,1073700863,1073184767,1073606655,1073479679,1073741823,1073741823,1073741823,1073741823,1073741823:h6
1073741823,1073741823,1073741823,1073741823,1073703679,1073741823,1073635327,1073184767,1073606655,1073479679,1073741823,1073741823,1073741823,1073741823,1073741823:h6
1073741823,1073741823,1073741823,1073741823,1073703679,1073741823,1073700863,1073119231,1073606655,1073479679,1073741823,1073741823,1073741823,1073741823,1073741823:h6
1073741823,1073741823,1073741823,1073741823,1073703679,1073741823,1073700863,1073184767,1073606655,1073463295,1073741823,1073741823,1073741823,1073741823,1073741823:h6
1073741823,1073741823,1073741823,1073741823,1073703679,1073741823,1073700863,1073184767,1073590271,1073479679,1073741823,1073741823,1073741823,1073741823,1073741823:k7
1073741823,1073741823,1073741823,1073741823,1073703679,1073741823,1073733631,1073184767,1073606655,1073725439,1073741823,1073741823,1073741823,1073741823,1073741823:h7
1073741823,1073741823,1073741823,1073741823,1073703679,1073741823,1073733631,1073184767,1073590271,1073741823,1073741823,1073741823,1073741823,1073741823,1073741823:j10
