1073741823,1073741823,1073741823,1073741823,1073740799,1073741567,1073479679,1073184767,1073610751,1073741823,1073741823,1073741823,1073741823,1073741823,1073741823:j10
1073741823,1073741823,1073741823,1073741823,1073740799,1073741567,1073479679,1073184767,1073610751,1073217535,1073741823,1073725439,1073741823,1073741823,1073741823:i8
1073741823,1073741823,1073741823,1073741823,1073740799,1073741567,1073479679,1073184767,1073610751,1072168959,1073741823,1073741823,1073741823,1073741823,1073741823:g7
1073741823,1073741823,1073741823,1073741823,1073740799,1073741567,1073479679,1073184767,1073610751,1073217535,1073741823,1069547519,1073741823,1073741823,1073741823:i8
1073741823,1073741823,1073741823,1073741823,1073740799,1073741567,1073479679,1073184767,1073610751,1073217535,1073741823,1073479679,1073741823,1073741823,1073741823:i8
1073741823,1073741823,1073741823,1073741823,1073740799,1073741567,1073479679,1073184767,1073610751,1073217535,1073479679,1073741823,1073741823,1073741823,1073741823:i8
1073741823,1073741823,1073741823,1073741823,1073740799,1073676031,1073479679,1073184767,1073610751,1073217535,1073741823,1073741823,1073741823,1073741823,1073741823:g7
1073741823,1073741823,1073741823,1073741823,1073478655,1073741567,1073479679,1073184767,1073610751,1073217535,1073741823,1073741823,1073741823,1073741823,1073741823:i8
1073741823,1073741823,1073741823,1073741823,1069546495,1073741567,1073479679,1073184767,1073610751,1073217535,1073741823,1073741823,1073741823,1073741823,1073741823:i8
1073741823,1073741823,1073741823,1073741823,1073740799,1072692991,1073479679,1073184767,1073610751,1073217535,1073741823,1073741823,1073741823,1073741823,1073741823:i8
1073741823,1073741823,1073741823,1073741823,1073740799,1073741567,1069285375,1073184767,1073610751,1073217535,1073741823,1073741823,1073741823,1073741823,1073741823:g7
1073741823,1073741823,1073741823,1073741823,1073740799,1073741567,1073479679,1073184767,1069416447,1073217535,1073741823,1073741823,1073741823,1073741823,1073741823:g7
1073741823,1073741823,1073741823,1073741823,1073740799,1069547263,1073479679,1073184767,1073610751,1073217535,1073741823,1073741823,1073741823,1073741823,1073741823:i8
1073741823,1073741823,1073741823,1073741823,1073740799,1073741567,1073479679,1068990463,1073610751,1073217535,1073741823,1073741823,1073741823,1073741823,1073741823:i8
1073741823,1073741823,1073741823,1073741823,1073740799,1073741567,1073479679,1072136191,1073610751,1073217535,1073741823,1073741823,1073741823,1073741823,1073741823:g7
1073741823,1073741823,1073741823,1073741823,1073740799,1073741567,1073479679,1073184767,1073610751,1069023231,1073741823,1073741823,1073741823,1073741823,1073741823:i8
1073741823,1073741823,1073741823,1073741823,1073740799,1073741567,1073479679,1073184751,1073610751,1073217535,1073741823,1073741823,1073741823,1073741823,1073741823:g7
1073741823,1073741823,1073741823,1073741823,1073740799,1073741551,1073479679,1073184767,1073610751,1073217535,1073741823,1073741823,1073741823,1073741823,1073741823:i8
1073741823,1073741823,1073741823,1073741823,1073740799,1073741503,1073479679,1073184767,1073610751,1073217535,1073741823,1073741823,1073741823,1073741823,1073741823:i8
1073741823,1073741823,1073741823,1073741807,1073740799,1073741567,1073479679,1073184767,1073610751,1073217535,1073741823,1073741823,1073741823,1073741823,1073741823:g7
1073741823,1073741823,1073741823,1073741823,1073740799,1073741567,1073479679,1073184511,1073610751,1073217535,1073741823,1073741823,1073741823,1073741823,1073741823:i8
1073741823,1073741823,1073741823,1073741823,1073740799,1073741567,1073479423,1073184767,1073610751,1073217535,1073741823,1073741823,1073741823,1073741823,1073741823:i8
1073741823,1073741823,1073741823,1073741823,1073740799,1073741567,1073479679,1073184767,1073610751,1073217535,1073737727,1073741823,1073741823,1073741823,1073741823:g7
1073741823,1073741823,1073741823,1073741823,1073740799,1073741567,1072431103,1073184767,1073610751,1073217535,1073741823,1073741823,1073741823,1073741823,1073741823:g7
1073741823,1073741823,1073741823,1073741823,1073740799,1073741567,1073479679,1073184767,1072562175,1073217535,1073741823,1073741823,1073741823,1073741823,1073741823:i8
1073741823,1073741823,1073741823,1073741823,1073740799,1073741567,1073479679,1073184767,1073348607,1073217535,1073741823,1073741823,1073741823,1073741823,1073741823:i8
1073741823,1073741823,1073741823,1073741823,1073740799,1073741567,1073479679,1073184767,1073610751,1073217535,1072693247,1073741823,1073741823,1073741823,1073741823:i8
1073741823,1073741823,1073741823,1073741823,1073740799,1073741567,1073479679,1073184767,1073610751,1073217535,1073676287,1073741823,1073741823,1073741823,1073741823:g7
1073741823,1073741823,1073741823,1073741823,1073740799,1073741567,1073479679,1073184767,1073610751,1073151999,1073741823,1073741823,1073741823,1073741823,1073741823:g7
1073741823,1073741823,1073741823,1073741823,1073740799,1073741567,1073479615,1073184767,1073610751,1073217535,1073741823,1073741823,1073741823,1073741823,1073741823:g7
1073741823,1073741823,1073741823,1073741823,1073740735,1073741567,1073479679,1073184767,1073610751,1073217535,1073741823,1073741823,1073741823,1073741823,1073741823:g7
1073741823,1073741823,1073741823,1073741823,1073740543,1073741567,1073479679,1073184767,1073610751,1073217535,1073741823,1073741823,1073741823,1073741823,1073741823:i8
1073741823,1073741823,1073741759,1073741823,1073740799,1073741567,1073479679,1073184767,1073610751,1073217535,1073741823,1073741823,1073741823,1073741823,1073741823:i8
1073741823,1073741823,1073741823,1073741567,1073740799,1073741567,1073479679,1073184767,1073610751,1073217535,1073741823,1073741823,1073741823,1073741823,1073741823:i8
1073741823,1073741823,1073740799,1073741823,1073740799,1073741567,1073479679,1073184767,1073610751,1073217535,1073741823,1073741823,1073741823,1073741823,1073741823:i8
1073741823,1073741823,1073741823,1073740799,1073740799,1073741567,1073479679,1073184767,1073610751,1073217535,1073741823,1073741823,1073741823,1073741823,1073741823:i8
1073741823,1073741823,1073725439,1073741823,1073740799,1073741567,1073479679,1073184767,1073610751,1073217535,1073741823,1073741823,1073741823,1073741823,1073741823:g7
1073741823,1073741823,1073741823,1073737727,1073740799,1073741567,1073479679,1073184767,1073610751,1073217535,1073741823,1073741823,1073741823,1073741823,1073741823:g7
1073741823,1073741823,1073741823,1073741823,1073724415,1073741567,1073479679,1073184767,1073610751,1073217535,1073741823,1073741823,1073741823,1073741823,1073741823:g7
1073741823,1073741823,1073741823,1073741823,1073736703,1073741567,1073479679,1073184767,1073610751,1073217535,1073741823,1073741823,1073741823,1073741823,1073741823:i8
1073741823,1073741823,1073741823,1073741823,1073740799,1073737471,1073479679,1073184767,1073610751,1073217535,1073741823,1073741823,1073741823,1073741823,1073741823:i8
1073741823,1073741823,1073741823,1073741823,1073740799,1073741567,1073478655,1073184767,1073610751,1073217535,1073741823,1073741823,1073741823,1073741823,1073741823:g7
1073741823,1073741823,1073741823,1073741823,1073740799,1073741567,1073479679,1073184767,1073610751,1073216511,1073741823,1073741823,1073741823,1073741823,1073741823:i8
1073741823,1073741823,1073741823,1073741823,1073740799,1073741567,1073479679,1073184767,1073606655,1073217535,1073741823,1073741823,1073741823,1073741823,1073741823:i8
1073741823,1073741823,1073741823,1073741823,1073740799,1073741567,1073479679,1073183743,1073610751,1073217535,1073741823,1073741823,1073741823,1073741823,1073741823:i8
1073741823,1073741823,1073741823,1073741823,1073740799,1073741567,1073479679,1073180671,1073610751,1073217535,1073741823,1073741823,1073741823,1073741823,1073741823:g7
1073741823,1073741823,1073741823,1073741823,1073740799,1073740543,1073479679,1073184767,1073610751,1073217535,1073741823,1073741823,1073741823,1073741823,1073741823:i8
1073741823,1073741823,1073741823,1073741823,1073740799,1073741567,1073475583,1073184767,1073610751,1073217535,1073741823,1073741823,1073741823,1073741823,1073741823:i8
1073741823,1073741823,1073741823,1073741823,1073740799,1073741567,1073475583,1073053695,1073610751,1073213439,1073741823,1073741823,1073741823,1073741823,1073741823:g8
1073741823,1073741823,1073741823,1073741823,1073740799,1073741567,1073475583,1073053695,1073610495,1073217535,1073741823,1073741823,1073741823,1073741823,1073741823:g8
1073741823,1073741823,1073741823,1073741823,1073675263,1073741567,1073475583,1073053695,1073610751,1073217535,1073741823,1073741823,1073741823,1073741823,1073741823:g8
1073741823,1073741823,1073741823,1073741823,1073740799,1073741567,1073475583,1073053695,1073610751,1073217535,1073741823,1073725439,1073741823,1073741823,1073741823:g8
1073741823,1073741823,1073741823,1073741823,1073740799,1073741567,1073475583,1073053695,1073610751,1072168959,1073741823,1073741823,1073741823,1073741823,1073741823:g8
1073741823,1073741823,1073741823,1073741823,1073740799,1073741567,1073475583,1073053695,1073610751,1073217535,1073741823,1069547519,1073741823,1073741823,1073741823:g8
1073741823,1073741823,1073741823,1073741823,1073740799,1073741567,1073475583,1073053695,1073610751,1073217535,1073741823,1073479679,1073741823,1073741823,1073741823:g8
1073741823,1073741823,1073741823,1073741823,1073740799,1073741567,1073475583,1073053695,1073610751,1073217535,1073479679,1073741823,1073741823,1073741823,1073741823:g8
1073741823,1073741823,1073741823,1073741823,1073740799,1073676031,1073475583,1073053695,1073610751,1073217535,1073741823,1073741823,1073741823,1073741823,1073741823:g8
1073741823,1073741823,1073741823,1073741823,1073478655,1073741567,1073475583,1073053695,1073610751,1073217535,1073741823,1073741823,1073741823,1073741823,1073741823:g8
1073741823,1073741823,1073741823,1073741823,1069546495,1073741567,1073475583,1073053695,1073610751,1073217535,1073741823,1073741823,1073741823,1073741823,1073741823:g8
1073741823,1073741823,1073741823,1073741823,1073740799,1072692991,1073475583,1073053695,1073610751,1073217535,1073741823,1073741823,1073741823,1073741823,1073741823:g8
1073741823,1073741823,1073741823,1073741823,1073740799,1073741567,1069281279,1073053695,1073610751,1073217535,1073741823,1073741823,1073741823,1073741823,1073741823:g8
1073741823,1073741823,1073741823,1073741823,1073740799,1073741567,1073475583,1073053695,1069416447,1073217535,1073741823,1073741823,1073741823,1073741823,1073741823:g8
1073741823,1073741823,1073741823,1073741823,1073740799,1069547263,1073475583,1073053695,1073610751,1073217535,1073741823,1073741823,1073741823,1073741823,1073741823:g8
1073741823,1073741823,1073741823,1073741823,1073740799,1073741567,1073475583,1068859391,1073610751,1073217535,1073741823,1073741823,1073741823,1073741823,1073741823:g8
1073741823,1073741823,1073741823,1073741823,1073740799,1073741567,1073475583,1072005119,1073610751,1073217535,1073741823,1073741823,1073741823,1073741823,1073741823:h10
1073741823,1073741823,1073741823,1073741823,1073740799,1073741567,1073475583,1073053695,1073610751,1069023231,1073741823,1073741823,1073741823,1073741823,1073741823:g8
1073741823,1073741823,1073741823,1073741823,1073740799,1073741567,1073475583,1073053679,1073610751,1073217535,1073741823,1073741823,1073741823,1073741823,1073741823:g8
1073741823,1073741823,1073741823,1073741823,1073740799,1073741551,1073475583,1073053695,1073610751,1073217535,1073741823,1073741823,1073741823,1073741823,1073741823:g8
1073741823,1073741823,1073741823,1073741823,1073740799,1073741503,1073475583,1073053695,1073610751,1073217535,1073741823,1073741823,1073741823,1073741823,1073741823:g8
1073741823,1073741823,1073741823,1073741807,1073740799,1073741567,1073475583,1073053695,1073610751,1073217535,1073741823,1073741823,1073741823,1073741823,1073741823:g8
1073741823,1073741823,1073741823,1073741823,1073740799,1073741567,1073475583,1073053439,1073610751,1073217535,1073741823,1073741823,1073741823,1073741823,1073741823:g8
1073741823,1073741823,1073741823,1073741823,1073740799,1073741567,1073475327,1073053695,1073610751,1073217535,1073741823,1073741823,1073741823,1073741823,1073741823:g8
1073741823,1073741823,1073741823,1073741823,1073740799,1073741567,1073475583,1073053695,1073610751,1073217535,1073737727,1073741823,1073741823,1073741823,1073741823:g8
1073741823,1073741823,1073741823,1073741823,1073740799,1073741567,1072427007,1073053695,1073610751,1073217535,1073741823,1073741823,1073741823,1073741823,1073741823:g8
1073741823,1073741823,1073741823,1073741823,1073740799,1073741567,1073475583,1073053695,1072562175,1073217535,1073741823,1073741823,1073741823,1073741823,1073741823:g8
1073741823,1073741823,1073741823,1073741823,1073740799,1073741567,1073475583,1073053695,1073348607,1073217535,1073741823,1073741823,1073741823,1073741823,1073741823:g8
1073741823,1073741823,1073741823,1073741823,1073740799,1073741567,1073475583,1073053695,1073610751,1073217535,1072693247,1073741823,1073741823,1073741823,1073741823:g8
1073741823,1073741823,1073741823,1073741823,1073740799,1073741567,1073475583,1073053695,1073610751,1073217535,1073676287,1073741823,1073741823,1073741823,1073741823:g8
1073741823,1073741823,1073741823,1073741823,1073740799,1073741567,1073475583,1073053695,1073610751,1073151999,1073741823,1073741823,1073741823,1073741823,1073741823:g8
1073741823,1073741823,1073741823,1073741823,1073740799,1073741567,1073475519,1073053695,1073610751,1073217535,1073741823,1073741823,1073741823,1073741823,1073741823:g8
1073741823,1073741823,1073741823,1073741823,1073740735,1073741567,1073475583,1073053695,1073610751,1073217535,1073741823,1073741823,1073741823,1073741823,1073741823:g8
1073741823,1073741823,1073741823,1073741823,1073740543,1073741567,1073475583,1073053695,1073610751,1073217535,1073741823,1073741823,1073741823,1073741823,1073741823:g8
1073741823,1073741823,1073741759,1073741823,1073740799,1073741567,1073475583,1073053695,1073610751,1073217535,1073741823,1073741823,1073741823,1073741823,1073741823:g8
1073741823,1073741823,1073741823,1073741567,1073740799,1073741567,1073475583,1073053695,1073610751,1073217535,1073741823,1073741823,1073741823,1073741823,1073741823:g8
1073741823,1073741823,1073740799,1073741823,1073740799,1073741567,1073475583,1073053695,1073610751,1073217535,1073741823,1073741823,1073741823,1073741823,1073741823:g8
1073741823,1073741823,1073741823,1073740799,1073740799,1073741567,1073475583,1073053695,1073610751,1073217535,1073741823,1073741823,1073741823,1073741823,1073741823:g8
1073741823,1073741823,1073725439,1073741823,1073740799,1073741567,1073475583,1073053695,1073610751,1073217535,1073741823,1073741823,1073741823,1073741823,1073741823:g8
1073741823,1073741823,1073741823,1073737727,1073740799,1073741567,1073475583,1073053695,1073610751,1073217535,1073741823,1073741823,1073741823,1073741823,1073741823:g8
1073741823,1073741823,1073741823,1073741823,1073724415,1073741567,1073475583,1073053695,1073610751,1073217535,1073741823,1073741823,1073741823,1073741823,1073741823:g8
1073741823,1073741823,1073741823,1073741823,1073736703,1073741567,1073475583,1073053695,1073610751,1073217535,1073741823,1073741823,1073741823,1073741823,1073741823:g8
1073741823,1073741823,1073741823,1073741823,1073740799,1073737471,1073475583,1073053695,1073610751,1073217535,1073741823,1073741823,1073741823,1073741823,1073741823:g8
1073741823,1073741823,1073741823,1073741823,1073740799,1073741567,1073474559,1073053695,1073610751,1073217535,1073741823,1073741823,1073741823,1073741823,1073741823:g8
1073741823,1073741823,1073741823,1073741823,1073740799,1073741567,1073475583,1073053695,1073610751,1073216511,1073741823,1073741823,1073741823,1073741823,1073741823:g8
1073741823,1073741823,1073741823,1073741823,1073740799,1073741567,1073475583,1073053695,1073606655,1073217535,1073741823,1073741823,1073741823,1073741823,1073741823:g8
1073741823,1073741823,1073741823,1073741823,1073740799,1073741567,1073475583,1073052671,1073610751,1073217535,1073741823,1073741823,1073741823,1073741823,1073741823:k8
1073741823,1073741823,1073741823,1073741823,1073740799,1073741567,1073475583,1073049599,1073610751,1073217535,1073741823,1073741823,1073741823,1073741823,1073741823:l8
1073741823,1073741823,1073741823,1073741823,1073740799,1073740543,1073475583,1073053695,1073610751,1073217535,1073741823,1073741823,1073741823,1073741823,1073741823:g8
1073741823,1073741823,1073741823,1073741823,1073740799,1073725183,1073475583,1073053695,1073610751,1073217535,1073741823,1073741823,1073741823,1073741823,1073741823:g8
1073741823,1073741823,1073741823,1073741823,1073740799,1073741567,1073459199,1073053695,1073610751,1073217535,1073741823,1073741823,1073741823,1073741823,1073741823:g8
1073741823,1073741823,1073741823,1073741823,1073740799,1073479423,1073475583,1073053695,1073610751,1073217535,1073741823,1073741823,1073741823,1073741823,1073741823:g8
1073741823,1073741823,1073741823,1073741823,1073740799,1073741567,1073410047,1073053695,1073610751,1073217535,1073741823,1073741823,1073741823,1073741823,1073741823:g8
1073741823,1073741823,1073741823,1073741823,1073740799,1073741567,1073475583,1073053695,1073610751,1073201151,1073741823,1073741823,1073741823,1073741823,1073741823:g8
1073741823,1073741823,1073741823,1073741823,1073740799,1073741567,1073475583,1073053695,1073594367,1073217535,1073741823,1073741823,1073741823,1073741823,1073741823:g8
1073741823,1073741823,1073741823,1073741823,1073740799,1073725183,1073479679,1073184767,1073610751,1073217535,1073741823,1073741823,1073741823,1073741823,1073741823:i8
1073741823,1073741823,1073741823,1073741823,1073740799,1073741567,1073463295,1073184767,1073610751,1073217535,1073741823,1073741823,1073741823,1073741823,1073741823:g7
1073741823,1073741823,1073741823,1073741823,1073740799,1073479423,1073479679,1073184767,1073610751,1073217535,1073741823,1073741823,1073741823,1073741823,1073741823:i8
1073741823,1073741823,1073741823,1073741823,1073740799,1073741567,1073414143,1073184767,1073610751,1073217535,1073741823,1073741823,1073741823,1073741823,1073741823:g7
1073741823,1073741823,1073741823,1073741823,1073740799,1073741567,1073479679,1073119231,1073610751,1073217535,1073741823,1073741823,1073741823,1073741823,1073741823:g7
1073741823,1073741823,1073741823,1073741823,1073740799,1073741567,1073479679,1073184767,1073610751,1073201151,1073741823,1073741823,1073741823,1073741823,1073741823:g7
1073741823,1073741823,1073741823,1073741823,1073740799,1073741567,1073479679,1073184767,1073594367,1073217535,1073741823,1073741823,1073741823,1073741823,1073741823:g7
