1073741823,1073741823,1073741823,1073741311,1073740799,1073475583,1073594367,1069441023,1073209343,1073741823,1073741823,1073741823,1073741823,1073741823,1073741823:h9
1073741823,1073741823,1073741823,1073741311,1073740799,1073475583,1073594367,1069441023,1073176575,1073741823,1073740799,1073741823,1073741823,1073741823,1073741823:i10
1073741823,1073741823,1073741823,1073741311,1073740799,1006366719,1073594367,1069441023,1073176575,1073741823,1073741823,1073741823,1073741823,1073741823,1073741823:i10
1073741823,1073741823,1073741823,1073741311,1073740799,1073475583,1056817151,1069441023,1073176575,1073741823,1073741823,1073741823,1073741823,1073741823,1073741823:i10
1073741823,1073741823,1073741823,1073741311,1073740799,1073475583,1073594367,1002332159,1073176575,1073741823,1073741823,1073741823,1073741823,1073741823,1073741823:i10
1073741823,1073741823,1073741823,1073741311,1073740799,1073475583,1073594367,1052663807,1073176575,1073741823,1073741823,1073741823,1073741823,1073741823,1073741823:i9
1073741823,1073741823,1073741823,1073741311,1073740799,1073475583,1073594367,1069441023,1073176575,1006632959,1073741823,1073741823,1073741823,1073741823,1073741823:i9
1073741823,1073741823,1073741823,1073741311,1073740799,1073475583,1073594367,1069441023,1056399359,1073741823,1073741823,1073741823,1073741823,1073741823,1073741823:i9
1073741823,1073741823,1073741823,1073741311,1073740799,1073475583,1073594367,1069441023,1073176575,1069547519,1073741823,1073741823,1073741823,1073741823,1073741823:i10
1073741823,1073741823,1073741823,1073741311,1073740799,1073475567,1073594367,1069441023,1073176575,1073741823,1073741823,1073741823,1073741823,1073741823,1073741823:i10
1073741823,1073741823,1073741823,1073741295,1073740799,1073475583,1073594367,1069441023,1073176575,1073741823,1073741823,1073741823,1073741823,1073741823,1073741823:i10
1073741823,1073741823,1073741823,1073741247,1073740799,1073475583,1073594367,1069441023,1073176575,1073741823,1073741823,1073741823,1073741823,1073741823,1073741823:i10
1073741823,1073741807,1073741823,1073741311,1073740799,1073475583,1073594367,1069441023,1073176575,1073741823,1073741823,1073741823,1073741823,1073741823,1073741823:i10
1073741823,1073741567,1073741823,1073741311,1073740799,1073475583,1073594367,1069441023,1073176575,1073741823,1073741823,1073741823,1073741823,1073741823,1073741823:i10
1073741823,1073741823,1073741567,1073741311,1073740799,1073475583,1073594367,1069441023,1073176575,1073741823,1073741823,1073741823,1073741823,1073741823,1073741823:i10
1073741823,1073737727,1073741823,1073741311,1073740799,1073475583,1073594367,1069441023,1073176575,1073741823,1073741823,1073741823,1073741823,1073741823,1073741823:i10
1073741823,1073741823,1073741823,1073741311,1073740799,1073475583,1073594303,1069441023,1073176575,1073741823,1073741823,1073741823,1073741823,1073741823,1073741823:i10
1073741823,1073741823,1073741823,1073741311,1073740735,1073475583,1073594367,1069441023,1073176575,1073741823,1073741823,1073741823,1073741823,1073741823,1073741823:i10
1073741823,1073741823,1073741823,1073741311,1073740543,1073475583,1073594367,1069441023,1073176575,1073741823,1073741823,1073741823,1073741823,1073741823,1073741823:i10
1073741823,1073741823,1073741759,1073741311,1073740799,1073475583,1073594367,1069441023,1073176575,1073741823,1073741823,1073741823,1073741823,1073741823,1073741823:i10
1073741823,1073741823,1073740799,1073741311,1073740799,1073475583,1073594367,1069441023,1073176575,1073741823,1073741823,1073741823,1073741823,1073741823,1073741823:i9
1073741823,1073741823,1073741823,1073740287,1073740799,1073475583,1073594367,1069441023,1073176575,1073741823,1073741823,1073741823,1073741823,1073741823,1073741823:i9
1073741823,1073741823,1073725439,1073741311,1073740799,1073475583,1073594367,1069441023,1073176575,1073741823,1073741823,1073741823,1073741823,1073741823,1073741823:i10
1073741823,1073741823,1073741823,1073741311,1073740799,1073475583,1073594367,1069441023,1073176575,1073741823,1073725439,1073741823,1073741823,1073741823,1073741823:j11
1073741823,1073741823,1073741823,1073741311,1073740799,1073475583,1069400063,1069441023,1073176575,1073741823,1073741823,1073741823,1073741823,1073741823,1073741823:i10
1073741823,1073741823,1073741823,1073741311,1073740799,1073475583,1073594367,1069441023,1068982271,1073741823,1073741823,1073741823,1073741823,1073741823,1073741823:i10
1073741823,1073741823,1073741823,1073741311,1073740799,1073475583,1073594367,1069441023,1073176575,1073741823,1069547519,1073741823,1073741823,1073741823,1073741823:i10
1073741823,1073741823,1073741823,1073741311,1073740799,1073475583,1073594367,1069441023,1073176575,1073741823,1073479679,1073741823,1073741823,1073741823,1073741823:i9
1073741823,1073741823,1073741823,1073737215,1073740799,1073475583,1073594367,1069441023,1073176575,1073741823,1073741823,1073741823,1073741823,1073741823,1073741823:i10
1073741823,1073741823,1073741823,1073675775,1073740799,1073475583,1073594367,1069441023,1073176575,1073741823,1073741823,1073741823,1073741823,1073741823,1073741823:i9
1073741823,1073741823,1073741823,1073741311,1073740799,1073475583,1073594367,1069441023,1073176575,1073741567,1073741823,1073741823,1073741823,1073741823,1073741823:j11
1073741823,1073741823,1073741823,1073741311,1073740799,1073475583,1073594367,1069440767,1073176575,1073741823,1073741823,1073741823,1073741823,1073741823,1073741823:i9
1073741823,1073741823,1073741823,1073741311,1073740799,1073475327,1073594367,1069441023,1073176575,1073741823,1073741823,1073741823,1073741823,1073741823,1073741823:i10
1073741823,1073741823,1073741823,1073741311,1073740799,1073475583,1073594367,1068392447,1073176575,1073741823,1073741823,1073741823,1073741823,1073741823,1073741823:i9
1073741823,1073741823,1073741823,1073741311,1073740799,1073475583,1073594367,1069441023,1073176575,1072693247,1073741823,1073741823,1073741823,1073741823,1073741823:i10
1073741823,1073741823,1073741823,1073741311,1073740799,1073475583,1073594367,1069441023,1073176575,1073676287,1073741823,1073741823,1073741823,1073741823,1073741823:i9
1073741823,1073741823,1073741823,1073741311,1073740799,1073475583,1073594367,1069441023,1073176575,1073741823,1073741567,1073741823,1073741823,1073741823,1073741823:j11
1073741823,1073741823,1073741823,1073741311,1073740799,1073475583,1073594367,1069441023,1073176319,1073741823,1073741823,1073741823,1073741823,1073741823,1073741823:i10
1073741823,1073741823,1073741823,1073741311,1073740799,1073475583,1073594111,1069441023,1073176575,1073741823,1073741823,1073741823,1073741823,1073741823,1073741823:i9
1073741823,1073741823,1073741823,1073741311,1073740799,1073475583,1073594367,1069441023,1073176575,1073741823,1073676287,1073741823,1073741823,1073741823,1073741823:i10
1073741823,1073741823,1073741823,1073741311,1073740799,1073475583,1073594367,1069441023,1073176575,1073741823,1073737727,1073741823,1073741823,1073741823,1073741823:i10
1073741823,1073741823,1073741823,1073741311,1073740799,1073475583,1073594367,1069441023,1073176575,1073737727,1073741823,1073741823,1073741823,1073741823,1073741823:j11
1073741823,1073741823,1073741823,1073724927,1073740799,1073475583,1073594367,1069441023,1073176575,1073741823,1073741823,1073741823,1073741823,1073741823,1073741823:i9
1073741823,1073741823,1073741823,1073479167,1073740799,1073475583,1073594367,1069441023,1073176575,1073741823,1073741823,1073741823,1073741823,1073741823,1073741823:i10
1073741823,1073741823,1073741823,1069547007,1073740799,1073475583,1073594367,1069441023,1073176575,1073741823,1073741823,1073741823,1073741823,1073741823,1073741823:i10
1073741823,1073741823,1073741823,1073741311,1073740799,1069281279,1073594367,1069441023,1073176575,1073741823,1073741823,1073741823,1073741823,1073741823,1073741823:i10
1073741823,1073741823,1073741823,1073741311,1073740799,1072427007,1073594367,1069441023,1073176575,1073741823,1073741823,1073741823,1073741823,1073741823,1073741823:i9
1073741823,1073741823,1073741823,1073741311,1073736703,1073475583,1073594367,1069441023,1073176575,1073741823,1073741823,1073741823,1073741823,1073741823,1073741823:i10
1073741823,1073741823,1073741823,1073741311,1073675263,1073475583,1073594367,1069441023,1073176575,1073741823,1073741823,1073741823,1073741823,1073741823,1073741823:i9
1073741823,1073741823,1073741823,1073741311,1072692223,1073475583,1073594367,1069441023,1073176575,1073741823,1073741823,1073741823,1073741823,1073741823,1073741823:i10
1073741823,1073741823,1073741823,1073741311,1073740799,1073475583,1072545791,1069441023,1073176575,1073741823,1073741823,1073741823,1073741823,1073741823,1073741823:i9
1073741823,1073741823,1073741823,1073741311,1073740799,1073475583,1073594367,1069441023,1072127999,1073741823,1073741823,1073741823,1073741823,1073741823,1073741823:i10
1073741823,1073741823,1073741823,1073741311,1073740799,1073475583,1073594367,1069441023,1073175551,1073741823,1073741823,1073741823,1073741823,1073741823,1073741823:i9
1073741823,1073741823,1073741823,1073741311,1073740799,1073475583,1073593343,1069441023,1073176575,1073741823,1073741823,1073741823,1073741823,1073741823,1073741823:i9
1073741823,1073741823,1073741823,1073741311,1073724415,1073475583,1073594367,1069441023,1073176575,1073741823,1073741823,1073741823,1073741823,1073741823,1073741823:i9
1073741823,1073741823,1073741823,1073741311,1073478655,1073475583,1073594367,1069441023,1073176575,1073741823,1073741823,1073741823,1073741823,1073741823,1073741823:i10
1073741823,1073741823,1073741823,1073741311,1073740799,1073410047,1073594367,1069441023,1073176575,1073741823,1073741823,1073741823,1073741823,1073741823,1073741823:i9
1073741823,1073741823,1073741823,1073741311,1073740799,1073475583,1073332223,1069441023,1073176575,1073741823,1073741823,1073741823,1073741823,1073741823,1073741823:i10
1073741823,1073741823,1073741823,1073741311,1073740799,1073475583,1073594367,1069441023,1073176575,1073740799,1073741823,1073741823,1073741823,1073741823,1073741823:j11
1073741823,1073741823,1073741823,1073741311,1073740799,1073475583,1073594367,1069439999,1073176575,1073741823,1073741823,1073741823,1073741823,1073741823,1073741823:i9
1073741823,1073741823,1073741823,1073741311,1073740799,1073474559,1073594367,1069441023,1073176575,1073741823,1073741823,1073741823,1073741823,1073741823,1073741823:i9
1073741823,1073741823,1073741823,1073741311,1073740799,1073475583,1073590271,1069441023,1073176575,1073741823,1073741823,1073741823,1073741823,1073741823,1073741823:i9
1073741823,1073741823,1073741823,1073741311,1073740799,1073459199,1073594367,1069441023,1073176575,1073741823,1073741823,1073741823,1073741823,1073741823,1073741823:i9
1073741823,1073741823,1073741823,1073741311,1073740799,1073475583,1073594367,1069178879,1073176575,1073741823,1073741823,1073741823,1073741823,1073741823,1073741823:i9
1073741823,1073741823,1073741823,1073741311,1073740799,1073475583,1073594367,1069441023,1073176575,1073479679,1073741823,1073741823,1073741823,1073741823,1073741823:i9
1073741823,1073741823,1073741823,1073741311,1073740799,1073475583,1073594367,1069441023,1073111039,1073741823,1073741823,1073741823,1073741823,1073741823,1073741823:i10
1073741823,1073741823,1073741823,1073741311,1073740799,1073475583,1073594367,1069441023,1073176575,1073725439,1073741823,1073741823,1073741823,1073741823,1073741823:j11
