1073741823,1073741823,1073741823,1073741823,1073737727,1073741823,1073741823,1073184767,1073594367,1073479679,1073741823,1073741823,1073741823,1073741823,1073741823:i8
1073741823,1073741823,1073741823,1073741823,1073737727,1073676287,1073741823,1073053695,1073594367,1073479679,1073741823,1073741823,1073741823,1073741823,1073741823:g8
1073741823,1073741823,1073741823,1073741823,1073737727,1072693247,1073741823,1073053695,1073594367,1073479679,1073741823,1073741823,1073741823,1073741823,1073741823:g8
1073741823,1073741823,1073741823,1073741823,1073737727,1073741823,1073741823,1073053695,1073594367,1073479679,1073741823,1073725439,1073741823,1073741823,1073741823:g8
1073741823,1073741823,1073741823,1073741823,1073737727,1073741823,1073741823,1073053695,1073594367,1072431103,1073741823,1073741823,1073741823,1073741823,1073741823:g8
1073741823,1073741823,1073741823,1073741823,1073737727,1073741823,1073741823,1073053695,1073594367,1073479679,1073741823,1069547519,1073741823,1073741823,1073741823:g8
1073741823,1073741823,1073741823,1073741823,1073737727,1073741823,1073741823,1073053695,1073594367,1073479679,1073741823,1073479679,1073741823,1073741823,1073741823:g8
1073741823,1073741823,1073741823,1073741823,1073737727,1069547519,1073741823,1073053695,1073594367,1073479679,1073741823,1073741823,1073741823,1073741823,1073741823:g8
1073741823,1073741823,1073741823,1073741823,1073737727,1073741823,1073741823,1068859391,1073594367,1073479679,1073741823,1073741823,1073741823,1073741823,1073741823:g8
1073741823,1073741823,1073741823,1073741823,1073737727,1073741823,1073741823,1072005119,1073594367,1073479679,1073741823,1073741823,1073741823,1073741823,1073741823:f8
1073741823,1073741823,1073741823,1073741823,1073737727,1073741823,1073741823,1073053695,1073594367,1069285375,1073741823,1073741823,1073741823,1073741823,1073741823:g8
1073741823,1073741823,1073741823,1073741823,1073737727,1073741823,1073741823,1073053695,1073594367,1073479679,1073740799,1073741823,1073741823,1073741823,1073741823:g8
1073741823,1073741823,1073741823,1073741823,1073737727,1073741823,1073741823,1073053695,1073594367,1073475583,1073741823,1073741823,1073741823,1073741823,1073741823:g8
1073741823,1073741823,1073741823,1073741823,1073737727,1073741823,1073741823,1073053695,1073593343,1073479679,1073741823,1073741823,1073741823,1073741823,1073741823:g8
1073741823,1073741823,1073741823,1073741823,1073737727,1073741823,1073740799,1073053695,1073594367,1073479679,1073741823,1073741823,1073741823,1073741823,1073741823:g8
1073741823,1073741823,1073741823,1073741823,1073737727,1073741823,1073479679,1073053695,1073594367,1073479679,1073741823,1073741823,1073741823,1073741823,1073741823:g8
1073741823,1073741823,1073741823,1073741823,1073737727,1073741823,1073741823,1073053695,1073594367,1073479679,1073479679,1073741823,1073741823,1073741823,1073741823:g8
1073741823,1073741823,1073741823,1073741823,1073737727,1073741823,1073741823,1073053695,1073594367,1073479679,1073725439,1073741823,1073741823,1073741823,1073741823:g8
1073741823,1073741823,1073741823,1073741823,1073737727,1073741823,1073741823,1073053695,1073594367,1073479679,1073737727,1073741823,1073741823,1073741823,1073741823:g8
1073741823,1073741823,1073741823,1073741823,1073737727,1073741823,1072693247,1073053695,1073594367,1073479679,1073741823,1073741823,1073741823,1073741823,1073741823:g8
1073741823,1073741823,1073741823,1073741823,1073737727,1073741823,1073741823,1073053695,1072545791,1073479679,1073741823,1073741823,1073741823,1073741823,1073741823:g8
1073741823,1073741823,1073741823,1073741823,1073737727,1073741823,1073741823,1073053695,1073332223,1073479679,1073741823,1073741823,1073741823,1073741823,1073741823:g8
1073741823,1073741823,1073741823,1073741823,1073737727,1073741823,1073741823,1073053695,1073594367,1073479679,1072693247,1073741823,1073741823,1073741823,1073741823:g8
1073741823,1073741823,1073741823,1073741823,1073737727,1073741823,1073741823,1073053695,1073594367,1073479679,1073676287,1073741823,1073741823,1073741823,1073741823:g8
1073741823,1073741823,1073741823,1073741823,1073737727,1073741823,1073741823,1073053695,1073594367,1073414143,1073741823,1073741823,1073741823,1073741823,1073741823:g8
1073741823,1073741823,1073741823,1073741823,1073737727,1073741823,1073741567,1073053695,1073594367,1073479679,1073741823,1073741823,1073741823,1073741823,1073741823:g8
1073741823,1073741823,1073741823,1073741823,1073737471,1073741823,1073741823,1073053695,1073594367,1073479679,1073741823,1073741823,1073741823,1073741823,1073741823:g8
1073741823,1073741823,1073741823,1073741823,1073736703,1073741823,1073741823,1073053695,1073594367,1073479679,1073741823,1073741823,1073741823,1073741823,1073741823:g8
1073741823,1073741823,1073741567,1073741823,1073737727,1073741823,1073741823,1073053695,1073594367,1073479679,1073741823,1073741823,1073741823,1073741823,1073741823:g8
1073741823,1073741823,1073741823,1073740799,1073737727,1073741823,1073741823,1073053695,1073594367,1073479679,1073741823,1073741823,1073741823,1073741823,1073741823:g8
1073741823,1073741823,1073737727,1073741823,1073737727,1073741823,1073741823,1073053695,1073594367,1073479679,1073741823,1073741823,1073741823,1073741823,1073741823:g8
1073741823,1073741823,1073741823,1073737727,1073737727,1073741823,1073741823,1073053695,1073594367,1073479679,1073741823,1073741823,1073741823,1073741823,1073741823:g8
1073741823,1073741823,1073676287,1073741823,1073737727,1073741823,1073741823,1073053695,1073594367,1073479679,1073741823,1073741823,1073741823,1073741823,1073741823:g8
1073741823,1073741823,1073741823,1073725439,1073737727,1073741823,1073741823,1073053695,1073594367,1073479679,1073741823,1073741823,1073741823,1073741823,1073741823:g8
1073741823,1073741823,1073741823,1073741823,1073672191,1073741823,1073741823,1073053695,1073594367,1073479679,1073741823,1073741823,1073741823,1073741823,1073741823:g8
1073741823,1073741823,1073741823,1073741823,1073721343,1073741823,1073741823,1073053695,1073594367,1073479679,1073741823,1073741823,1073741823,1073741823,1073741823:g8
1073741823,1073741823,1073741823,1073741823,1073737727,1073737727,1073741823,1073053695,1073594367,1073479679,1073741823,1073741823,1073741823,1073741823,1073741823:g8
1073741823,1073741823,1073741823,1073741823,1073737727,1073741823,1073741823,1073053695,1073594367,1073478655,1073741823,1073741823,1073741823,1073741823,1073741823:g8
1073741823,1073741823,1073741823,1073741823,1073737727,1073741823,1073741823,1073053695,1073590271,1073479679,1073741823,1073741823,1073741823,1073741823,1073741823:g8
1073741823,1073741823,1073741823,1073741823,1073737727,1073741823,1073741823,1073052671,1073594367,1073479679,1073741823,1073741823,1073741823,1073741823,1073741823:k8
1073741823,1073741823,1073741823,1073741823,1073737727,1073741823,1073741823,1073049599,1073594367,1073479679,1073741823,1073741823,1073741823,1073741823,1073741823:l8
1073741823,1073741823,1073741823,1073741823,1073737727,1073740799,1073741823,1073053695,1073594367,1073479679,1073741823,1073741823,1073741823,1073741823,1073741823:g8
1073741823,1073741823,1073741823,1073741823,1073737727,1073741823,1073737727,1073053695,1073594367,1073479679,1073741823,1073741823,1073741823,1073741823,1073741823:g8
1073741823,1073741823,1073741823,1073741823,1073737727,1073725439,1073741823,1073053695,1073594367,1073479679,1073741823,1073741823,1073741823,1073741823,1073741823:g8
1073741823,1073741823,1073741823,1073741823,1073737727,1073741823,1073725439,1073053695,1073594367,1073479679,1073741823,1073741823,1073741823,1073741823,1073741823:g8
1073741823,1073741823,1073741823,1073741823,1073737727,1073479679,1073741823,1073053695,1073594367,1073479679,1073741823,1073741823,1073741823,1073741823,1073741823:g8
1073741823,1073741823,1073741823,1073741823,1073737727,1073741823,1073676287,1073053695,1073594367,1073479679,1073741823,1073741823,1073741823,1073741823,1073741823:g8
1073741823,1073741823,1073741823,1073741823,1073737727,1073741823,1073741823,1073053695,1073594367,1073463295,1073741823,1073741823,1073741823,1073741823,1073741823:g8
