1073741823,1073741823,1073741823,1073741823,1073737727,1073741823,1072693247,1073184767,1073594367,1073741823,1073741823,1073741823,1073741823,1073741823,1073741823:i8
1073741823,1073741823,1073741823,1073741823,1073737727,1073676287,1072693247,1073053695,1073594367,1073741823,1073741823,1073741823,1073741823,1073741823,1073741823:g8
1073741823,1073741823,1073741823,1073741823,1073737727,1073741823,1072693247,1073053695,1073594367,1072693247,1073741823,1073741823,1073741823,1073741823,1073741823:g8
1073741823,1073741823,1073741823,1073741823,1072689151,1073741823,1072693247,1073053695,1073594367,1073741823,1073741823,1073741823,1073741823,1073741823,1073741823:g8
1073741823,1073741823,1073741823,1073741823,1073737727,1072693247,1072693247,1073053695,1073594367,1073741823,1073741823,1073741823,1073741823,1073741823,1073741823:g8
1073741823,1073741823,1073741823,1073741823,1056960511,1073741823,1072693247,1073053695,1073594367,1073741823,1073741823,1073741823,1073741823,1073741823,1073741823:g8
1073741823,1073741823,1073741823,1073741823,1073737727,1073741823,1055916031,1073053695,1073594367,1073741823,1073741823,1073741823,1073741823,1073741823,1073741823:g8
1073741823,1073741823,1073741823,1073741823,1073737727,1073741823,1068498943,1073053695,1073594367,1073741823,1073741823,1073741823,1073741823,1073741823,1073741823:g8
1073741823,1073741823,1073741823,1073741823,1073737727,1073741823,1072693247,1073053695,1056817151,1073741823,1073741823,1073741823,1073741823,1073741823,1073741823:g8
1073741823,1073741823,1073741823,1073741823,1073737727,1069547519,1072693247,1073053695,1073594367,1073741823,1073741823,1073741823,1073741823,1073741823,1073741823:g8
1073741823,1073741823,1073741823,1073741823,1073737727,1073741823,1072693247,1068859391,1073594367,1073741823,1073741823,1073741823,1073741823,1073741823,1073741823:g8
1073741823,1073741823,1073741823,1073741823,1073737727,1073741823,1072693247,1072005119,1073594367,1073741823,1073741823,1073741823,1073741823,1073741823,1073741823:g8
1073741823,1073741823,1073741823,1073741823,1073737727,1073741823,1072693247,1073053695,1073594367,1069547519,1073741823,1073741823,1073741823,1073741823,1073741823:g8
1073741823,1073741823,1073741823,1073741823,1073737727,1073741823,1072693247,1073053695,1073594367,1073741823,1073740799,1073741823,1073741823,1073741823,1073741823:g8
1073741823,1073741823,1073741823,1073741823,1073737727,1073741823,1072693247,1073053695,1073594367,1073737727,1073741823,1073741823,1073741823,1073741823,1073741823:g8
1073741823,1073741823,1073741823,1073741823,1073737727,1073741823,1072693247,1073053695,1073593343,1073741823,1073741823,1073741823,1073741823,1073741823,1073741823:g8
1073741823,1073741823,1073741823,1073741823,1073737727,1073741823,1072692223,1073053695,1073594367,1073741823,1073741823,1073741823,1073741823,1073741823,1073741823:g8
1073741823,1073741823,1073741823,1073741823,1073737727,1073741823,1072431103,1073053695,1073594367,1073741823,1073741823,1073741823,1073741823,1073741823,1073741823:g8
1073741823,1073741823,1073741823,1073741823,1073737727,1073741823,1072693247,1073053695,1073594367,1073741823,1073479679,1073741823,1073741823,1073741823,1073741823:g8
1073741823,1073741823,1073741823,1073741823,1073737727,1073741823,1072693247,1073053695,1073594367,1073741823,1073725439,1073741823,1073741823,1073741823,1073741823:g8
1073741823,1073741823,1073741823,1073741823,1073737727,1073741823,1072693247,1073053695,1073594367,1073741823,1073737727,1073741823,1073741823,1073741823,1073741823:g8
1073741823,1073741823,1073741823,1073741823,1073737727,1073741823,1072693247,1073053695,1072545791,1073741823,1073741823,1073741823,1073741823,1073741823,1073741823:g8
1073741823,1073741823,1073741823,1073741823,1073737727,1073741823,1072693247,1073053695,1073332223,1073741823,1073741823,1073741823,1073741823,1073741823,1073741823:g8
1073741823,1073741823,1073741823,1073741823,1073737727,1073741823,1072693247,1073053695,1073594367,1073741823,1072693247,1073741823,1073741823,1073741823,1073741823:g8
1073741823,1073741823,1073741823,1073741823,1073737727,1073741823,1072693247,1073053695,1073594367,1073741823,1073676287,1073741823,1073741823,1073741823,1073741823:g8
1073741823,1073741823,1073741823,1073741823,1073737727,1073741823,1072693247,1073053695,1073594367,1073676287,1073741823,1073741823,1073741823,1073741823,1073741823:g8
1073741823,1073741823,1073741823,1073741823,1073737727,1073741823,1072692991,1073053695,1073594367,1073741823,1073741823,1073741823,1073741823,1073741823,1073741823:g8
1073741823,1073741823,1073741823,1073741823,1073737471,1073741823,1072693247,1073053695,1073594367,1073741823,1073741823,1073741823,1073741823,1073741823,1073741823:g8
1073741823,1073741823,1073741823,1073741823,1073736703,1073741823,1072693247,1073053695,1073594367,1073741823,1073741823,1073741823,1073741823,1073741823,1073741823:g8
1073741823,1073741823,1073741567,1073741823,1073737727,1073741823,1072693247,1073053695,1073594367,1073741823,1073741823,1073741823,1073741823,1073741823,1073741823:g8
1073741823,1073741823,1073741823,1073740799,1073737727,1073741823,1072693247,1073053695,1073594367,1073741823,1073741823,1073741823,1073741823,1073741823,1073741823:g8
1073741823,1073741823,1073737727,1073741823,1073737727,1073741823,1072693247,1073053695,1073594367,1073741823,1073741823,1073741823,1073741823,1073741823,1073741823:g8
1073741823,1073741823,1073741823,1073737727,1073737727,1073741823,1072693247,1073053695,1073594367,1073741823,1073741823,1073741823,1073741823,1073741823,1073741823:g8
1073741823,1073741823,1073676287,1073741823,1073737727,1073741823,1072693247,1073053695,1073594367,1073741823,1073741823,1073741823,1073741823,1073741823,1073741823:g8
1073741823,1073741823,1073741823,1073725439,1073737727,1073741823,1072693247,1073053695,1073594367,1073741823,1073741823,1073741823,1073741823,1073741823,1073741823:g8
1073741823,1073741823,1073741823,1073741823,1073672191,1073741823,1072693247,1073053695,1073594367,1073741823,1073741823,1073741823,1073741823,1073741823,1073741823:g8
1073741823,1073741823,1073741823,1073741823,1073721343,1073741823,1072693247,1073053695,1073594367,1073741823,1073741823,1073741823,1073741823,1073741823,1073741823:g8
1073741823,1073741823,1073741823,1073741823,1073737727,1073737727,1072693247,1073053695,1073594367,1073741823,1073741823,1073741823,1073741823,1073741823,1073741823:g8
1073741823,1073741823,1073741823,1073741823,1073737727,1073741823,1072693247,1073053695,1073594367,1073740799,1073741823,1073741823,1073741823,1073741823,1073741823:g8
1073741823,1073741823,1073741823,1073741823,1073737727,1073741823,1072693247,1073053695,1073590271,1073741823,1073741823,1073741823,1073741823,1073741823,1073741823:g8
1073741823,1073741823,1073741823,1073741823,1073737727,1073741823,1072693247,1073052671,1073594367,1073741823,1073741823,1073741823,1073741823,1073741823,1073741823:k8
1073741823,1073741823,1073741823,1073741823,1073737727,1073741823,1072693247,1073049599,1073594367,1073741823,1073741823,1073741823,1073741823,1073741823,1073741823:i10
1073741823,1073741823,1073741823,1073741823,1073737727,1073741823,1072693247,1073049599,1073594367,1073610751,1073741823,1073737727,1073741823,1073741823,1073741823:k8
1073741823,1073741823,1073741823,1073741823,1073737727,1073741823,1072693247,1073049599,1073594367,1073610751,1073741823,1072693247,1073741823,1073741823,1073741823:k8
1073741823,1073741823,1073741823,1073741823,1073737727,1073741823,1072693247,1073049599,1073594367,1073610751,1073741823,1073676287,1073741823,1073741823,1073741823:k8
1073741823,1073741823,1073741823,1073741823,1073737727,1073741823,1072693247,1073049599,1073594367,1073610495,1073741823,1073741823,1073741823,1073741823,1073741823:k8
1073741823,1073741823,1073741823,1073741823,1073737727,1073741823,1072693247,1073049343,1073594367,1073610751,1073741823,1073741823,1073741823,1073741823,1073741823:k8
1073741823,1073741823,1073741823,1073741823,1073737727,1073741567,1072693247,1073049599,1073594367,1073610751,1073741823,1073741823,1073741823,1073741823,1073741823:i7
1073741823,1073741823,1073741823,1073741823,1073737727,1073676287,1072693247,1073049599,1073594367,1073610751,1073741823,1073741823,1073741823,1073741823,1073741823:k8
1073741823,1073741823,1073741823,1073741823,1073737727,1073741823,1072693247,1073049599,1073594367,1072562175,1073741823,1073741823,1073741823,1073741823,1073741823:k8
1073741823,1073741823,1073741823,1073741823,1072689151,1073741823,1072693247,1073049599,1073594367,1073610751,1073741823,1073741823,1073741823,1073741823,1073741823:k8
1073741823,1073741823,1073741823,1073741823,1073737727,1072693247,1072693247,1073049599,1073594367,1073610751,1073741823,1073741823,1073741823,1073741823,1073741823:k8
1073741823,1073741823,1073741823,1073741823,1056960511,1073741823,1072693247,1073049599,1073594367,1073610751,1073741823,1073741823,1073741823,1073741823,1073741823:k8
1073741823,1073741823,1073741823,1073741823,1073737727,1073741823,1055916031,1073049599,1073594367,1073610751,1073741823,1073741823,1073741823,1073741823,1073741823:k8
1073741823,1073741823,1073741823,1073741823,1073737727,1073741823,1068498943,1073049599,1073594367,1073610751,1073741823,1073741823,1073741823,1073741823,1073741823:i7
1073741823,1073741823,1073741823,1073741823,1073737727,1073741823,1072693247,1073049599,1056817151,1073610751,1073741823,1073741823,1073741823,1073741823,1073741823:i7
1073741823,1073741823,1073741823,1073741823,1073737727,1069547519,1072693247,1073049599,1073594367,1073610751,1073741823,1073741823,1073741823,1073741823,1073741823:i7
1073741823,1073741823,1073741823,1073741823,1073737727,1073741823,1072693247,1068855295,1073594367,1073610751,1073741823,1073741823,1073741823,1073741823,1073741823:i7
1073741823,1073741823,1073741823,1073741823,1073737727,1073741823,1072693247,1072001023,1073594367,1073610751,1073741823,1073741823,1073741823,1073741823,1073741823:i7
1073741823,1073741823,1073741823,1073741823,1073737727,1073741823,1072693247,1073049599,1073594367,1069416447,1073741823,1073741823,1073741823,1073741823,1073741823:i7
1073741823,1073741823,1073741823,1073741823,1073737727,1073741823,1072693247,1073049599,1073594367,1073610751,1073740799,1073741823,1073741823,1073741823,1073741823:k8
1073741823,1073741823,1073741823,1073741823,1073737727,1073741823,1072693247,1073049599,1073594367,1073606655,1073741823,1073741823,1073741823,1073741823,1073741823:k8
1073741823,1073741823,1073741823,1073741823,1073737727,1073741823,1072693247,1073049599,1073593343,1073610751,1073741823,1073741823,1073741823,1073741823,1073741823:k8
1073741823,1073741823,1073741823,1073741823,1073737727,1073741823,1072692223,1073049599,1073594367,1073610751,1073741823,1073741823,1073741823,1073741823,1073741823:i7
1073741823,1073741823,1073741823,1073741823,1073737727,1073741823,1072431103,1073049599,1073594367,1073610751,1073741823,1073741823,1073741823,1073741823,1073741823:i7
1073741823,1073741823,1073741823,1073741823,1073737727,1073741823,1072693247,1073049599,1073594367,1073610751,1073479679,1073741823,1073741823,1073741823,1073741823:k8
1073741823,1073741823,1073741823,1073741823,1073737727,1073741823,1072693247,1073049599,1073594367,1073610751,1073725439,1073741823,1073741823,1073741823,1073741823:i7
1073741823,1073741823,1073741823,1073741823,1073737727,1073741823,1072693247,1073049599,1073594367,1073610751,1073737727,1073741823,1073741823,1073741823,1073741823:k8
1073741823,1073741823,1073741823,1073741823,1073737727,1073741823,1072693247,1073049599,1072545791,1073610751,1073741823,1073741823,1073741823,1073741823,1073741823:k8
1073741823,1073741823,1073741823,1073741823,1073737727,1073741823,1072693247,1073049599,1073332223,1073610751,1073741823,1073741823,1073741823,1073741823,1073741823:i7
1073741823,1073741823,1073741823,1073741823,1073737727,1073741823,1072693247,1073049599,1073594367,1073610751,1072693247,1073741823,1073741823,1073741823,1073741823:k8
1073741823,1073741823,1073741823,1073741823,1073737727,1073741823,1072693247,1073049599,1073594367,1073610751,1073676287,1073741823,1073741823,1073741823,1073741823:k8
1073741823,1073741823,1073741823,1073741823,1073737727,1073741823,1072692991,1073049599,1073594367,1073610751,1073741823,1073741823,1073741823,1073741823,1073741823:k8
1073741823,1073741823,1073741823,1073741823,1073737471,1073741823,1072693247,1073049599,1073594367,1073610751,1073741823,1073741823,1073741823,1073741823,1073741823:k8
1073741823,1073741823,1073741823,1073741823,1073736703,1073741823,1072693247,1073049599,1073594367,1073610751,1073741823,1073741823,1073741823,1073741823,1073741823:k8
1073741823,1073741823,1073741567,1073741823,1073737727,1073741823,1072693247,1073049599,1073594367,1073610751,1073741823,1073741823,1073741823,1073741823,1073741823:k8
1073741823,1073741823,1073741823,1073740799,1073737727,1073741823,1072693247,1073049599,1073594367,1073610751,1073741823,1073741823,1073741823,1073741823,1073741823:k8
1073741823,1073741823,1073737727,1073741823,1073737727,1073741823,1072693247,1073049599,1073594367,1073610751,1073741823,1073741823,1073741823,1073741823,1073741823:k8
1073741823,1073741823,1073741823,1073737727,1073737727,1073741823,1072693247,1073049599,1073594367,1073610751,1073741823,1073741823,1073741823,1073741823,1073741823:k8
1073741823,1073741823,1073676287,1073741823,1073737727,1073741823,1072693247,1073049599,1073594367,1073610751,1073741823,1073741823,1073741823,1073741823,1073741823:k8
1073741823,1073741823,1073741823,1073725439,1073737727,1073741823,1072693247,1073049599,1073594367,1073610751,1073741823,1073741823,1073741823,1073741823,1073741823:i7
1073741823,1073741823,1073741823,1073741823,1073672191,1073741823,1072693247,1073049599,1073594367,1073610751,1073741823,1073741823,1073741823,1073741823,1073741823:i7
1073741823,1073741823,1073741823,1073741823,1073721343,1073741823,1072693247,1073049599,1073594367,1073610751,1073741823,1073741823,1073741823,1073741823,1073741823:k8
1073741823,1073741823,1073741823,1073741823,1073737727,1073737727,1072693247,1073049599,1073594367,1073610751,1073741823,1073741823,1073741823,1073741823,1073741823:i7
1073741823,1073741823,1073741823,1073741823,1073737727,1073741823,1072693247,1073049599,1073594367,1073609727,1073741823,1073741823,1073741823,1073741823,1073741823:k8
1073741823,1073741823,1073741823,1073741823,1073737727,1073741823,1072693247,1073049599,1073590271,1073610751,1073741823,1073741823,1073741823,1073741823,1073741823:i7
1073741823,1073741823,1073741823,1073741823,1073737727,1073741823,1072693247,1073048575,1073594367,1073610751,1073741823,1073741823,1073741823,1073741823,1073741823:k8
1073741823,1073741823,1073741823,1073741823,1073737727,1073740799,1072693247,1073049599,1073594367,1073610751,1073741823,1073741823,1073741823,1073741823,1073741823:k8
1073741823,1073741823,1073741823,1073741823,1073737727,1073741823,1072689151,1073049599,1073594367,1073610751,1073741823,1073741823,1073741823,1073741823,1073741823:i7
1073741823,1073741823,1073741823,1073741823,1073737727,1073725439,1072693247,1073049599,1073594367,1073610751,1073741823,1073741823,1073741823,1073741823,1073741823:k8
1073741823,1073741823,1073741823,1073741823,1073737727,1073741823,1072676863,1073049599,1073594367,1073610751,1073741823,1073741823,1073741823,1073741823,1073741823:k8
1073741823,1073741823,1073741823,1073741823,1073737727,1073479679,1072693247,1073049599,1073594367,1073610751,1073741823,1073741823,1073741823,1073741823,1073741823:i7
1073741823,1073741823,1073741823,1073741823,1073737727,1073741823,1072627711,1073049599,1073594367,1073610751,1073741823,1073741823,1073741823,1073741823,1073741823:j10
1073741823,1073741823,1073741823,1073741823,1073737727,1073741823,1072627711,1073049599,1073594367,1073086463,1073741823,1073725439,1073741823,1073741823,1073741823:k8
1073741823,1073741823,1073741823,1073741823,1073737727,1073741823,1072627711,1073049599,1073594367,1073086463,1073741823,1069547519,1073741823,1073741823,1073741823:k8
1073741823,1073741823,1073741823,1073741823,1073737727,1073741823,1072627711,1073049599,1073594367,1073086463,1073741823,1073479679,1073741823,1073741823,1073741823:k8
1073741823,1073741823,1073741823,1073741823,1073737727,1073741823,1072627711,1073049599,1073594367,1073086463,1073741823,1073737727,1073741823,1073741823,1073741823:k8
1073741823,1073741823,1073741823,1073741823,1073737727,1073741823,1072627711,1073049599,1073594367,1073086463,1073741823,1072693247,1073741823,1073741823,1073741823:k8
1073741823,1073741823,1073741823,1073741823,1073737727,1073741823,1072627711,1073049599,1073594367,1073086463,1073741823,1073676287,1073741823,1073741823,1073741823:k8
1073741823,1073741823,1073741823,1073741823,1073737727,1073741823,1072627711,1073049599,1073594367,1073086207,1073741823,1073741823,1073741823,1073741823,1073741823:k8
1073741823,1073741823,1073741823,1073741823,1073737727,1073741823,1072627711,1073049343,1073594367,1073086463,1073741823,1073741823,1073741823,1073741823,1073741823:k8
1073741823,1073741823,1073741823,1073741823,1073737727,1073741567,1072627711,1073049599,1073594367,1073086463,1073741823,1073741823,1073741823,1073741823,1073741823:l8
1073741823,1073741823,1073741823,1073741823,1073737727,1073676287,1072627711,1073049599,1073594367,1073086463,1073741823,1073741823,1073741823,1073741823,1073741823:k8
1073741823,1073741823,1073741823,1073741823,1073737727,1073741823,1072627711,1073049599,1073594367,1072037887,1073741823,1073741823,1073741823,1073741823,1073741823:k8
1073741823,1073741823,1073741823,1073741823,1072689151,1073741823,1072627711,1073049599,1073594367,1073086463,1073741823,1073741823,1073741823,1073741823,1073741823:k8
1073741823,1073741823,1073741823,1073741823,1073737727,1072693247,1072627711,1073049599,1073594367,1073086463,1073741823,1073741823,1073741823,1073741823,1073741823:k8
1073741823,1073741823,1073741823,1073741823,1056960511,1073741823,1072627711,1073049599,1073594367,1073086463,1073741823,1073741823,1073741823,1073741823,1073741823:k8
1073741823,1073741823,1073741823,1073741823,1073737727,1073741823,1055850495,1073049599,1073594367,1073086463,1073741823,1073741823,1073741823,1073741823,1073741823:g7
1073741823,1073741823,1073741823,1073741823,1073737727,1073741823,1068433407,1073049599,1073594367,1073086463,1073741823,1073741823,1073741823,1073741823,1073741823:l8
1073741823,1073741823,1073741823,1073741823,1073737727,1073741823,1072627711,1073049599,1056817151,1073086463,1073741823,1073741823,1073741823,1073741823,1073741823:l8
1073741823,1073741823,1073741823,1073741823,1073737727,1069547519,1072627711,1073049599,1073594367,1073086463,1073741823,1073741823,1073741823,1073741823,1073741823:k8
1073741823,1073741823,1073741823,1073741823,1073737727,1073741823,1072627711,1068855295,1073594367,1073086463,1073741823,1073741823,1073741823,1073741823,1073741823:g7
1073741823,1073741823,1073741823,1073741823,1073737727,1073741823,1072627711,1072001023,1073594367,1073086463,1073741823,1073741823,1073741823,1073741823,1073741823:g7
1073741823,1073741823,1073741823,1073741823,1073737727,1073741823,1072627711,1073049599,1073594367,1068892159,1073741823,1073741823,1073741823,1073741823,1073741823:k8
1073741823,1073741823,1073741823,1073741823,1073737727,1073741823,1072627711,1073049599,1073594367,1073086463,1073740799,1073741823,1073741823,1073741823,1073741823:k8
1073741823,1073741823,1073741823,1073741823,1073737727,1073741823,1072627711,1073049599,1073594367,1073082367,1073741823,1073741823,1073741823,1073741823,1073741823:k8
1073741823,1073741823,1073741823,1073741823,1073737727,1073741823,1072627711,1073049599,1073593343,1073086463,1073741823,1073741823,1073741823,1073741823,1073741823:k8
1073741823,1073741823,1073741823,1073741823,1073737727,1073741823,1072626687,1073049599,1073594367,1073086463,1073741823,1073741823,1073741823,1073741823,1073741823:l8
1073741823,1073741823,1073741823,1073741823,1073737727,1073741823,1072365567,1073049599,1073594367,1073086463,1073741823,1073741823,1073741823,1073741823,1073741823:l8
1073741823,1073741823,1073741823,1073741823,1073737727,1073741823,1072627711,1073049599,1073594367,1073086463,1073479679,1073741823,1073741823,1073741823,1073741823:l8
1073741823,1073741823,1073741823,1073741823,1073737727,1073741823,1072627711,1073049599,1073594367,1073086463,1073725439,1073741823,1073741823,1073741823,1073741823:l8
1073741823,1073741823,1073741823,1073741823,1073737727,1073741823,1072627711,1073049599,1073594367,1073086463,1073737727,1073741823,1073741823,1073741823,1073741823:k8
1073741823,1073741823,1073741823,1073741823,1073737727,1073741823,1072627711,1073049599,1072545791,1073086463,1073741823,1073741823,1073741823,1073741823,1073741823:k8
1073741823,1073741823,1073741823,1073741823,1073737727,1073741823,1072627711,1073049599,1073332223,1073086463,1073741823,1073741823,1073741823,1073741823,1073741823:l8
1073741823,1073741823,1073741823,1073741823,1073737727,1073741823,1072627711,1073049599,1073594367,1073086463,1072693247,1073741823,1073741823,1073741823,1073741823:k8
1073741823,1073741823,1073741823,1073741823,1073737727,1073741823,1072627711,1073049599,1073594367,1073086463,1073676287,1073741823,1073741823,1073741823,1073741823:k8
1073741823,1073741823,1073741823,1073741823,1073737727,1073741823,1072627455,1073049599,1073594367,1073086463,1073741823,1073741823,1073741823,1073741823,1073741823:k8
1073741823,1073741823,1073741823,1073741823,1073737471,1073741823,1072627711,1073049599,1073594367,1073086463,1073741823,1073741823,1073741823,1073741823,1073741823:k8
1073741823,1073741823,1073741823,1073741823,1073736703,1073741823,1072627711,1073049599,1073594367,1073086463,1073741823,1073741823,1073741823,1073741823,1073741823:k8
1073741823,1073741823,1073741567,1073741823,1073737727,1073741823,1072627711,1073049599,1073594367,1073086463,1073741823,1073741823,1073741823,1073741823,1073741823:k8
1073741823,1073741823,1073741823,1073740799,1073737727,1073741823,1072627711,1073049599,1073594367,1073086463,1073741823,1073741823,1073741823,1073741823,1073741823:k8
1073741823,1073741823,1073737727,1073741823,1073737727,1073741823,1072627711,1073049599,1073594367,1073086463,1073741823,1073741823,1073741823,1073741823,1073741823:k8
1073741823,1073741823,1073741823,1073737727,1073737727,1073741823,1072627711,1073049599,1073594367,1073086463,1073741823,1073741823,1073741823,1073741823,1073741823:l8
1073741823,1073741823,1073676287,1073741823,1073737727,1073741823,1072627711,1073049599,1073594367,1073086463,1073741823,1073741823,1073741823,1073741823,1073741823:k8
1073741823,1073741823,1073741823,1073725439,1073737727,1073741823,1072627711,1073049599,1073594367,1073086463,1073741823,1073741823,1073741823,1073741823,1073741823:l8
1073741823,1073741823,1073741823,1073741823,1073672191,1073741823,1072627711,1073049599,1073594367,1073086463,1073741823,1073741823,1073741823,1073741823,1073741823:l8
1073741823,1073741823,1073741823,1073741823,1073721343,1073741823,1072627711,1073049599,1073594367,1073086463,1073741823,1073741823,1073741823,1073741823,1073741823:k8
1073741823,1073741823,1073741823,1073741823,1073737727,1073737727,1072627711,1073049599,1073594367,1073086463,1073741823,1073741823,1073741823,1073741823,1073741823:l8
1073741823,1073741823,1073741823,1073741823,1073737727,1073741823,1072627711,1073049599,1073594367,1073085439,1073741823,1073741823,1073741823,1073741823,1073741823:k8
1073741823,1073741823,1073741823,1073741823,1073737727,1073741823,1072627711,1073049599,1073590271,1073086463,1073741823,1073741823,1073741823,1073741823,1073741823:l8
1073741823,1073741823,1073741823,1073741823,1073737727,1073741823,1072627711,1073048575,1073594367,1073086463,1073741823,1073741823,1073741823,1073741823,1073741823:k8
1073741823,1073741823,1073741823,1073741823,1073737727,1073740799,1072627711,1073049599,1073594367,1073086463,1073741823,1073741823,1073741823,1073741823,1073741823:k8
1073741823,1073741823,1073741823,1073741823,1073737727,1073741823,1072623615,1073049599,1073594367,1073086463,1073741823,1073741823,1073741823,1073741823,1073741823:l8
1073741823,1073741823,1073741823,1073741823,1073737727,1073725439,1072627711,1073049599,1073594367,1073086463,1073741823,1073741823,1073741823,1073741823,1073741823:k8
1073741823,1073741823,1073741823,1073741823,1073737727,1073741823,1072611327,1073049599,1073594367,1073086463,1073741823,1073741823,1073741823,1073741823,1073741823:l8
1073741823,1073741823,1073741823,1073741823,1073737727,1073479679,1072627711,1073049599,1073594367,1073086463,1073741823,1073741823,1073741823,1073741823,1073741823:l8
1073741823,1073741823,1073741823,1073741823,1073737727,1073741823,1072627711,1073049599,1073594367,1073070079,1073741823,1073741823,1073741823,1073741823,1073741823:k8
1073741823,1073741823,1073741823,1073741823,1073737727,1073741823,1072693247,1073049599,1073594367,1073348607,1073741823,1073741823,1073741823,1073741823,1073741823:i7
1073741823,1073741823,1073741823,1073741823,1073737727,1073741823,1072693247,1073049599,1073594367,1073594367,1073741823,1073741823,1073741823,1073741823,1073741823:k8
1073741823,1073741823,1073741823,1073741823,1073737727,1073740799,1072693247,1073053695,1073594367,1073741823,1073741823,1073741823,1073741823,1073741823,1073741823:g8
1073741823,1073741823,1073741823,1073741823,1073737727,1073741823,1072689151,1073053695,1073594367,1073741823,1073741823,1073741823,1073741823,1073741823,1073741823:g8
1073741823,1073741823,1073741823,1073741823,1073737727,1073725439,1072693247,1073053695,1073594367,1073741823,1073741823,1073741823,1073741823,1073741823,1073741823:g8
1073741823,1073741823,1073741823,1073741823,1073737727,1073741823,1072676863,1073053695,1073594367,1073741823,1073741823,1073741823,1073741823,1073741823,1073741823:g8
1073741823,1073741823,1073741823,1073741823,1073737727,1073479679,1072693247,1073053695,1073594367,1073741823,1073741823,1073741823,1073741823,1073741823,1073741823:g8
1073741823,1073741823,1073741823,1073741823,1073737727,1073741823,1072627711,1073053695,1073594367,1073741823,1073741823,1073741823,1073741823,1073741823,1073741823:g8
1073741823,1073741823,1073741823,1073741823,1073737727,1073741823,1072693247,1073053695,1073594367,1073479679,1073741823,1073741823,1073741823,1073741823,1073741823:g8
1073741823,1073741823,1073741823,1073741823,1073737727,1073741823,1072693247,1073053695,1073594367,1073725439,1073741823,1073741823,1073741823,1073741823,1073741823:g8
