1073741823,1073741823,1073741823,1073741823,1073479679,1073741823,1073348607,1073709055,1073610751,1073741823,1073741823,1073741823,1073741823,1073740799,1073741823:j8
1073741823,1073741823,1073741823,1073741823,1073676287,1073741823,1073348607,1073709055,1073610751,1073741823,1073741823,1073741823,1073741823,1073740799,1073741823:h6
1073741823,1073741823,1073741823,1073741823,1073741823,1072693247,1073348607,1073709055,1073610751,1073741823,1073741823,1073741823,1073741823,1073740799,1073741823:j6
1073741823,1073741823,1073741823,1073741823,1073741823,1073741823,1072300031,1073709055,1073610751,1073741823,1073741823,1073741823,1073741823,1073740799,1073741823:j8
1073741823,1073741823,1073741823,1073741823,1073741823,1073741823,1073340415,1073709055,1073610751,1073479679,1073741823,1073741823,1073741823,1073724415,1073741823:i8
1073741823,1073741823,1073741823,1073741823,1073741823,1073741823,1073348607,1072660479,1073610751,1073741823,1073741823,1073741823,1073741823,1073740799,1073741823:g9
1073741823,1073741823,1073741823,1073741823,1073741823,1073741823,1073348607,1073704959,1073610751,1073741823,1073741823,1073741823,1073741823,1073740799,1073741823:h10
1073741823,1073741823,1073741823,1073741823,1073741823,1073741823,1073348607,1073709055,1072562175,1073741823,1073741823,1073741823,1073741823,1073740799,1073741823:j8
1073741823,1073741823,1073741823,1073741823,1073741823,1073741823,1073348607,1073709055,1073610751,1073741823,1073741823,1073725439,1073741823,1073740799,1073741823:i8
1073741823,1073741823,1073741823,1073741823,1073741823,1073741823,1073348607,1073709055,1073610751,1073741823,1073741823,1073741823,1073741823,1073724415,1073741823:i8
