1073741823,1073741823,1073741823,1073741823,1006632959,1073741823,1069146111,1073709055,1073610751,1073479679,1073741823,1073741823,1073741823,1073741823,1073741823:i8
1073741823,1073741823,1073741823,1073741823,1006632959,1073741823,1069285375,1073709055,1073602559,1073741823,1073741823,1073741823,1073741823,1073741823,1073741823:j9
1073741823,1073741823,1073741823,1073741823,1069547519,1073741823,1069146111,1073709055,1073610751,1073479679,1073741823,1073741823,1073741823,1073741823,1073741823:i8
1073741823,1073741823,1073741823,1073741823,1069547519,1073741823,1069285375,1073709055,1073602559,1073741823,1073741823,1073741823,1073741823,1073741823,1073741823:i7
1073741823,1073741823,1073741823,1073741823,1073479679,1073740799,1069146111,1073709055,1073610751,1073741823,1073741823,1073741823,1073741823,1073741823,1073741823:i8
1073741823,1073741823,1073741823,1073741823,1073479679,1073741823,1069146111,1073709055,1073610751,1073479679,1073741823,1073741823,1073741823,1073741823,1073741823:i6
1073741823,1073741823,1073741823,1073741823,1073479679,1073741823,1069285375,1073446911,1073340415,1073184767,1073741823,1073741823,1073741823,1073741823,1073741823:j6
1073741823,1073741823,1073741823,1073741823,1073725439,1073741823,1069285375,1073577983,1073070079,1073741823,1073741823,1073741823,1073741823,1073741823,1073741823:k8
1073741823,1073741823,1073741823,1073741823,1073725439,1073741823,1069285375,1073709055,1073086463,1073741823,1073741823,1073741823,1073741823,1073741823,1073741823:l9
1073741823,1073741823,1073741823,1073741823,1073740799,1073741823,1069252607,1073709055,1073610751,1073741823,1073741823,1073741823,1073741823,1073741823,1073741823:h9
1073741823,1073741823,1073741823,1073741823,1073741823,1056964607,1069285375,1073709055,1073602559,1073741823,1073741823,1073741823,1073741823,1073741823,1073741823:j9
1073741823,1073741823,1073741823,1073741823,1073741823,1069285375,1067188223,1073184767,1073610751,1073741823,1073741823,1073741823,1073741823,1073741823,1073741823:j10
1073741823,1073741823,1073741823,1073741823,1073741823,1073150975,1069146111,1073577983,1073344511,1073741823,1073741823,1073741823,1073741823,1073741823,1073741823:f8
1073741823,1073741823,1073741823,1073741823,1073741823,1073184767,1069146111,1073446911,1073344511,1073479679,1073741823,1073741823,1073741823,1073741823,1073741823:j11
1073741823,1073741823,1073741823,1073741823,1073741823,1073216511,1069146111,1073577983,1073344511,1073676287,1073741823,1073741823,1073741823,1073741823,1073741823:k8
1073741823,1073741823,1073741823,1073741823,1073741823,1073216511,1069146111,1073709055,1073344511,1073741823,1073741823,1073741823,1073741823,1073741823,1073741823:i8
1073741823,1073741823,1073741823,1073741823,1073741823,1073217535,1069146111,1073709055,1073344511,1073479679,1073741823,1073741823,1073741823,1073741823,1073741823:h6
1073741823,1073741823,1073741823,1073741823,1073741823,1073479679,1051328511,1073709055,1073078271,1073741823,1073741823,1073741823,1073741823,1073741823,1073741823:n7
1073741823,1073741823,1073741823,1073741823,1073741823,1073479679,1051328511,1073709055,1073602559,1073217535,1073741823,1073741823,1073741823,1073741823,1073741823:n7
1073741823,1073741823,1073741823,1073741823,1073741823,1073479679,1067188223,1073184767,1073610751,1073725439,1073741823,1073741823,1073741823,1073741823,1073741823:i8
1073741823,1073741823,1073741823,1073741823,1073741823,1073479679,1068105727,1073709055,1073602559,1073741823,1073741823,1073741823,1073741823,1073741823,1073741823:j10
1073741823,1073741823,1073741823,1073741823,1073741823,1073479679,1069187071,1073184767,1073610751,1073741823,1073741823,1073741823,1073741823,1073741823,1073741823:k7
1073741823,1073741823,1073741823,1073741823,1073741823,1073479679,1069285375,1073049599,1073610751,1073741823,1073741823,1073741823,1073741823,1073741823,1073741823:j10
1073741823,1073741823,1073741823,1073741823,1073741823,1073479679,1069285375,1073184767,1073610751,1073741823,1073741823,1073741823,1073741823,1073741823,1073741823:i8
1073741823,1073741823,1073741823,1073741823,1073741823,1073479679,1069285375,1073446911,1073340415,1073184767,1073741823,1073741823,1073741823,1073741823,1073741823:j5
1073741823,1073741823,1073741823,1073741823,1073741823,1073676287,1069285375,1073709055,1073086463,1073741823,1073741823,1073741823,1073741823,1073741823,1073741823:l9
1073741823,1073741823,1073741823,1073741823,1073741823,1073709055,1069211647,1073184767,1073348607,1073479679,1073741823,1073741823,1073741823,1073741823,1073741823:k7
1073741823,1073741823,1073741823,1073741823,1073741823,1073709055,1069211647,1073709055,1073610751,1073479679,1073741823,1073741823,1073741823,1073741823,1073741823:k7
1073741823,1073741823,1073741823,1073741823,1073741823,1073725439,1069219839,1073184767,1073602559,1073741823,1073741823,1073741823,1073741823,1073741823,1073741823:k7
1073741823,1073741823,1073741823,1073741823,1073741823,1073725439,1069285375,1073709055,1073610751,1073709055,1073741823,1073741823,1073741823,1073741823,1073741823:i7
1073741823,1073741823,1073741823,1073741823,1073741823,1073740799,1069211647,1073709055,1073577983,1073741823,1073741823,1073741823,1073741823,1073741823,1073741823:k7
1073741823,1073741823,1073741823,1073741823,1073741823,1073740799,1069260799,1073577983,1073610751,1073741823,1073741823,1073741823,1073741823,1073741823,1073741823:i7
1073741823,1073741823,1073741823,1073741823,1073741823,1073741823,1000996863,1073709055,1073602559,1073741823,1073741823,1073741823,1073741823,1073741823,1073741823:m7
1073741823,1073741823,1073741823,1073741823,1073741823,1073741823,1002176511,1073709055,1073568767,1073741823,1073741823,1073741823,1073741823,1073741823,1073741823:k7
1073741823,1073741823,1073741823,1073741823,1073741823,1073741823,1002176511,1073709055,1073602559,1073741823,1073741823,1073741823,1073741823,1073741823,1073741823:k7
1073741823,1073741823,1073741823,1073741823,1073741823,1073741823,1051328511,1073709055,1073602559,1073741823,1073741823,1073741823,1073741823,1073741823,1073741823:n7
1073741823,1073741823,1073741823,1073741823,1073741823,1073741823,1052491775,1073700863,1073602559,1073741823,1073741823,1073741823,1073741823,1073741823,1073741823:k7
1073741823,1073741823,1073741823,1073741823,1073741823,1073741823,1052508159,1073709055,1073602559,1073709055,1073741567,1073741823,1073741823,1073741823,1073741823:k7
1073741823,1073741823,1073741823,1073741823,1073741823,1073741823,1068138495,1073709055,1073577983,1073741823,1073741823,1073741823,1073741823,1073741823,1073741823:m7
1073741823,1073741823,1073741823,1073741823,1073741823,1073741823,1068236799,1073709055,1073602559,1073741823,1073741823,1073741823,1073741823,1073741823,1073741823:i7
1073741823,1073741823,1073741823,1073741823,1073741823,1073741823,1069133823,1073643519,1073070079,1073209343,1073741823,1073741823,1073741823,1073741823,1073741823:j11
1073741823,1073741823,1073741823,1073741823,1073741823,1073741823,1069146111,1056931839,1073610751,1073479679,1073741823,1073741823,1073741823,1073741823,1073741823:i8
1073741823,1073741823,1073741823,1073741823,1073741823,1073741823,1069146111,1073709055,1006501887,1073479679,1073741823,1073741823,1073741823,1073741823,1073741823:i8
1073741823,1073741823,1073741823,1073741823,1073741823,1073741823,1069154303,1073643519,1073307647,1073593343,1073741823,1073741823,1073741823,1073741823,1073741823:f7
1073741823,1073741823,1073741823,1073741823,1073741823,1073741823,1069154303,1073709055,1073307647,1073724415,1073741823,1073741823,1073741823,1073741823,1073741823:i10
1073741823,1073741823,1073741823,1073741823,1073741823,1073741823,1069182975,1073709055,1073086463,1073201151,1073741823,1073741823,1073741823,1073741823,1073741823:m7
1073741823,1073741823,1073741823,1073741823,1073741823,1073741823,1069187071,1073183743,1073610751,1073741823,1073741823,1073741823,1073741823,1073741823,1073741823:h6
1073741823,1073741823,1073741823,1073741823,1073741823,1073741823,1069187071,1073709055,1072553983,1073741823,1073741823,1073741823,1073741823,1073741823,1073741823:h9
1073741823,1073741823,1073741823,1073741823,1073741823,1073741823,1069187071,1073709055,1073601535,1073741823,1073741823,1073741823,1073741823,1073741823,1073741823:h10
1073741823,1073741823,1073741823,1073741823,1073741823,1073741823,1069187071,1073709055,1073602559,1073479679,1073741823,1073741823,1073741823,1073741823,1073741823:h9
1073741823,1073741823,1073741823,1073741823,1073741823,1073741823,1069195263,1073709055,1073602559,1073741823,1073741823,1073741823,1073741823,1073741823,1073741823:k7
1073741823,1073741823,1073741823,1073741823,1073741823,1073741823,1069219839,1073184767,1073602303,1073741823,1073741823,1073741823,1073741823,1073741823,1073741823:k7
1073741823,1073741823,1073741823,1073741823,1073741823,1073741823,1069219839,1073184767,1073602559,1073741823,1073741567,1073741823,1073741823,1073741823,1073741823:k7
1073741823,1073741823,1073741823,1073741823,1073741823,1073741823,1069219839,1073704959,1073602559,1073709055,1073741823,1073741823,1073741823,1073741823,1073741823:k7
1073741823,1073741823,1073741823,1073741823,1073741823,1073741823,1069219839,1073709055,1073586175,1073709055,1073741823,1073741823,1073741823,1073741823,1073741823:k7
1073741823,1073741823,1073741823,1073741823,1073741823,1073741823,1069219839,1073709055,1073601535,1073709055,1073741823,1073741823,1073741823,1073741823,1073741823:k7
1073741823,1073741823,1073741823,1073741823,1073741823,1073741823,1069219839,1073709055,1073602559,1073708031,1073741823,1073741823,1073741823,1073741823,1073741823:k7
1073741823,1073741823,1073741823,1073741823,1073741823,1073741823,1069219839,1073709055,1073602559,1073709055,1073676287,1073741823,1073741823,1073741823,1073741823:k7
1073741823,1073741823,1073741823,1073741823,1073741823,1073741823,1069219839,1073709055,1073602559,1073741823,1073741823,1073741823,1073741823,1073741823,1073741823:h7
1073741823,1073741823,1073741823,1073741823,1073741823,1073741823,1069252607,1073709055,1073307647,1073724415,1073741823,1073741823,1073741823,1073741823,1073741823:g7
1073741823,1073741823,1073741823,1073741823,1073741823,1073741823,1069277183,1072660479,1073602559,1073479679,1073741823,1073741823,1073741823,1073741823,1073741823:j9
1073741823,1073741823,1073741823,1073741823,1073741823,1073741823,1069277183,1073438719,1073070079,1073479679,1073741823,1073741823,1073741823,1073741823,1073741823:g6
1073741823,1073741823,1073741823,1073741823,1073741823,1073741823,1069277183,1073577983,1073594367,1073479679,1073741823,1073741823,1073741823,1073741823,1073741823:j8
1073741823,1073741823,1073741823,1073741823,1073741823,1073741823,1069277183,1073643519,1073602559,1073479679,1073741823,1073741823,1073741823,1073741823,1073741823:g6
1073741823,1073741823,1073741823,1073741823,1073741823,1073741823,1069281279,1073446911,1073340415,1073184767,1073741823,1073741823,1073741823,1073741823,1073741823:i10
1073741823,1073741823,1073741823,1073741823,1073741823,1073741823,1069285375,1069514751,1073602559,1073741823,1073741823,1073741823,1073741823,1073741823,1073741823:j9
1073741823,1073741823,1073741823,1073741823,1073741823,1073741823,1069285375,1072660479,1073602559,1073741823,1073741823,1073741823,1073741823,1073741823,1073741823:j9
1073741823,1073741823,1073741823,1073741823,1073741823,1073741823,1069285375,1073049599,1073606655,1073741823,1073741823,1073741823,1073741823,1073741823,1073741823:i10
1073741823,1073741823,1073741823,1073741823,1073741823,1073741823,1069285375,1073184767,1073594367,1073741823,1073741823,1073741823,1073741823,1073741823,1073741823:i8
1073741823,1073741823,1073741823,1073741823,1073741823,1073741823,1069285375,1073446911,1073340415,1073184767,1072693247,1073741823,1073741823,1073741823,1073741823:f10
1073741823,1073741823,1073741823,1073741823,1073741823,1073741823,1069285375,1073577983,1073594367,1073741823,1073741823,1073741823,1073741823,1073741823,1073741823:j8
1073741823,1073741823,1073741823,1073741823,1073741823,1073741823,1069285375,1073577983,1073606655,1073741823,1073741823,1073741823,1073741823,1073741823,1073741823:j8
1073741823,1073741823,1073741823,1073741823,1073741823,1073741823,1069285375,1073643519,1073577983,1073741823,1073741823,1073741823,1073741823,1073741823,1073741823:f9
1073741823,1073741823,1073741823,1073741823,1073741823,1073741823,1069285375,1073708031,1073307647,1073741823,1073741823,1073741823,1073741823,1073741823,1073741823:h6
1073741823,1073741823,1073741823,1073741823,1073741823,1073741823,1069285375,1073708031,1073568767,1073741823,1073741823,1073741823,1073741823,1073741823,1073741823:j9
1073741823,1073741823,1073741823,1073741823,1073741823,1073741823,1069285375,1073708031,1073610751,1073709055,1073741823,1073741823,1073741823,1073741823,1073741823:i7
1073741823,1073741823,1073741823,1073741823,1073741823,1073741823,1069285375,1073709055,1069408255,1073741823,1073741823,1073741823,1073741823,1073741823,1073741823:j9
1073741823,1073741823,1073741823,1073741823,1073741823,1073741823,1069285375,1073709055,1071513599,1073740799,1073741823,1073741823,1073741823,1073741823,1073741823:h9
1073741823,1073741823,1073741823,1073741823,1073741823,1073741823,1069285375,1073709055,1073307647,1073737727,1073741823,1073741823,1073741823,1073741823,1073741823:h6
1073741823,1073741823,1073741823,1073741823,1073741823,1073741823,1069285375,1073709055,1073568767,1073737727,1073741823,1073741823,1073741823,1073741823,1073741823:j9
1073741823,1073741823,1073741823,1073741823,1073741823,1073741823,1069285375,1073709055,1073576959,1073741823,1073741823,1073741823,1073741823,1073741823,1073741823:h7
1073741823,1073741823,1073741823,1073741823,1073741823,1073741823,1069285375,1073709055,1073602559,1073741823,1073737727,1073741823,1073741823,1073741823,1073741823:j9
