1073741823,1073741823,1073741823,1073741823,1073479679,1073741823,1073348607,1073709055,1073610751,1073741823,1073741823,1073737727,1073741823,1073741823,1073741823:j6
1073741823,1073741823,1073741823,1073741823,1073741823,1072693247,1073348607,1073709055,1073610751,1073741823,1073741823,1073737727,1073741823,1073741823,1073741823:j6
1073741823,1073741823,1073741823,1073741823,1073741823,1073741823,1072300031,1073709055,1073610751,1073741823,1073741823,1073737727,1073741823,1073741823,1073741823:j8
1073741823,1073741823,1073741823,1073741823,1073741823,1073741823,1073340415,1073709055,1073610751,1073479679,1073737727,1073737727,1073741823,1073741823,1073741823:i8
1073741823,1073741823,1073741823,1073741823,1073741823,1073741823,1073340415,1073709055,1073610751,1073479679,1073741823,1073737471,1073741823,1073741823,1073741823:i8
1073741823,1073741823,1073741823,1073741823,1073741823,1073741823,1073348607,1073709055,1073606655,1073741823,1073741823,1073737727,1073741823,1073741823,1073741823:i8
1073741823,1073741823,1073741823,1073741823,1073741823,1073741823,1073348607,1073709055,1073610751,1073741823,1073725439,1073737727,1073741823,1073741823,1073741823:g9
1073741823,1073741823,1073741823,1073741823,1073741823,1073741823,1073348607,1073709055,1073610751,1073741823,1073737727,1073737727,1073741823,1073741823,1073741823:g7
1073741823,1073741823,1073741823,1073741823,1073741823,1073741823,1073348607,1073709055,1073610751,1073741823,1073741823,1073672191,1073741823,1073741823,1073741823:i8
1073741823,1073741823,1073741823,1073741823,1073741823,1073741823,1073348607,1073709055,1073610751,1073741823,1073741823,1073721343,1073741823,1073741823,1073741823:i8
1073741823,1073741823,1073741823,1073741823,1073741823,1073741823,1073348607,1073709055,1073610751,1073741823,1073741823,1073737471,1073741823,1073741823,1073741823:g7
1073741823,1073741823,1073741823,1073741823,1073741823,1073741823,1073348607,1073709055,1073610751,1073741823,1073741823,1073737727,1073740799,1073741823,1073741823:i10
1073741823,1073741823,1073741823,1073741823,1073741823,1073741823,1073348607,1073709055,1073610751,1073741823,1073741823,1073737727,1073741823,1073737727,1073741823:i8
1073741823,1073741823,1073741823,1073741823,1073741823,1073741823,1073348607,1073709055,1073610751,1073741823,1073741823,1073737727,1073741823,1073741567,1073741823:i10
1073741823,1073741823,1073741823,1073741823,1073741823,1073741823,1073463295,1073643519,1073577983,1073709055,1073741823,1073737727,1073741823,1073741823,1073741823:j9
1073741823,1073741823,1073741823,1073741823,1073741823,1073741823,1073479679,1073643519,1073577983,1073709055,1073725439,1073737727,1073741823,1073741823,1073741823:j9
1073741823,1073741823,1073741823,1073741823,1073741823,1073741823,1073479679,1073643519,1073610751,1073709055,1073741823,1073737727,1073741823,1073741823,1073741823:h9
