1073741823,1073741823,1073741823,1073741823,1073741823,1073741823,1056882687,1065312255,1072529407,1073479679,1073741823,1073741823,1073741823,1073741823,1073741823:f7
1073741823,1073741823,1073741823,1073741823,1073741823,1073741823,1056880639,1065312255,1072529343,1073479679,1073741823,1073741823,1073741823,1073741823,1073741823:e6
1073741823,1073741823,1073741823,1073741823,1073741823,1073741823,1056880575,1065312255,1072529407,1073479679,1073741823,1073741823,1073741823,1073741823,1073741823:e6
1073741823,1073741823,1073741823,1073741823,1073741823,1073741823,1056880383,1065312255,1072529407,1073479679,1073741823,1073741823,1073741823,1073741823,1073741823:e6
1073741823,1073741823,1073741823,1073741823,1073741759,1073741823,1056880639,1065312255,1072529407,1073479679,1073741823,1073741823,1073741823,1073741823,1073741823:i10
1073741823,1073741823,1073741823,1073741823,1073740799,1073741823,1056880639,1065312255,1072529407,1073479679,1073741823,1073741823,1073741823,1073741823,1073741823:e6
1073741823,1073741823,1073741823,1073741823,1073725439,1073741823,1056880639,1065312255,1072529407,1073479679,1073741823,1073741823,1073741823,1073741823,1073741823:e6
1073741823,1073741823,1073741823,1073741823,1073479679,1073741823,1056880639,1065312255,1072529407,1073479679,1073741823,1073741823,1073741823,1073741823,1073741823:e6
1073741823,1073741823,1073741823,1073741823,1073741823,1073741823,1056880639,1065312255,1072529407,1006370815,1073741823,1073741823,1073741823,1073741823,1073741823:e6
1073741823,1073741823,1073741823,1073741823,1073741823,1073741823,1052686335,1065312255,1072529407,1073479679,1073741823,1073741823,1073741823,1073741823,1073741823:e6
1073741823,1073741823,1073741823,1073741823,1073741823,1069547519,1056880639,1065312255,1072529407,1073479679,1073741823,1073741823,1073741823,1073741823,1073741823:e6
1073741823,1073741823,1073741823,1073741823,1056964607,1073741823,1056880639,1065312255,1072529407,1073479679,1073741823,1073741823,1073741823,1073741823,1073741823:e6
1073741823,1073741823,1073741823,1073741823,1073741823,1056964607,1056880639,1065312255,1072529407,1073479679,1073741823,1073741823,1073741823,1073741823,1073741823:e6
1073741823,1073741823,1073741823,1073741823,805306367,1073741823,1056880639,1065312255,1072529407,1073479679,1073741823,1073741823,1073741823,1073741823,1073741823:e6
1073741823,1073741823,1073741823,1073741823,1073741823,1006632959,1056880639,1065312255,1072529407,1073479679,1073741823,1073741823,1073741823,1073741823,1073741823:e6
1073741823,1073741823,1073741823,1073741823,1073741823,1073741823,788445183,1065312255,1072529407,1073479679,1073741823,1073741823,1073741823,1073741823,1073741823:e6
1073741823,1073741823,1073741823,1073741823,1073741823,1073741823,989771775,1065312255,1072529407,1073479679,1073741823,1073741823,1073741823,1073741823,1073741823:e6
1073741823,1073741823,1073741823,1073741823,1073741823,1073741823,1056880639,1065312255,804093951,1073479679,1073741823,1073741823,1073741823,1073741823,1073741823:e6
1073741823,1073741823,1073741823,1073741823,1073741823,1073741823,1056880639,998203391,1072529407,1073479679,1073741823,1073741823,1073741823,1073741823,1073741823:e6
1073741823,1073741823,1073741823,1073741823,1073741823,1073741823,1056880639,1048535039,1072529407,1073479679,1073741823,1073741823,1073741823,1073741823,1073741823:e6
1073741823,1073741823,1073741823,1073741823,1073741823,1073741823,1056880639,1065312255,1072529407,1073479679,1073740799,1073741823,1073741823,1073741823,1073741823:e6
1073741823,1073741823,1073741823,1073741823,1073741823,1073741823,1056880639,1065312255,1072529407,1073479679,1073725439,1073741823,1073741823,1073741823,1073741823:e6
1073741823,1073741823,1073741823,1073741823,1073741823,1073741823,1056880639,1064263679,1072529407,1073479679,1073741823,1073741823,1073741823,1073741823,1073741823:e6
1073741823,1073741823,1073741823,1073741823,1073741823,1073741823,1056880639,1065312255,1055752191,1073479679,1073741823,1073741823,1073741823,1073741823,1073741823:e6
1073741823,1073741823,1073741823,1073741823,1073741823,1073741823,1056880639,1065312255,1068335103,1073479679,1073741823,1073741823,1073741823,1073741823,1073741823:e6
1073741823,1073741823,1073741823,1073741823,1073741823,1073741823,1056880639,1065312255,1072529407,1073479679,1056964607,1073741823,1073741823,1073741823,1073741823:e6
1073741823,1073741823,1073741823,1073741823,1073741823,1073741823,1056880639,1065312255,1072529407,1073479423,1073741823,1073741823,1073741823,1073741823,1073741823:e6
1073741823,1073741823,1073741823,1073741823,1073741823,1073741823,1056880639,1065312255,1072528383,1073479679,1073741823,1073741823,1073741823,1073741823,1073741823:e6
1073741823,1073741823,1073741823,1073741823,1073741823,1073741823,1056880639,1065311999,1072529407,1073479679,1073741823,1073741823,1073741823,1073741823,1073741823:e6
1073741823,1073741823,1073741823,1073741823,1073741823,1073741567,1056880639,1065312255,1072529407,1073479679,1073741823,1073741823,1073741823,1073741823,1073741823:e8
1073741823,1073741823,1073741823,1073741823,1073741823,1073737727,1056880639,1065312255,1072529407,1073479679,1073741823,1073741823,1073741823,1073741823,1073741823:e6
1073741823,1073741823,1073741823,1073741823,1073741823,1073741823,1056880639,1065312255,1072529407,1073475583,1073741823,1073741823,1073741823,1073741823,1073741823:e6
1073741823,1073741823,1073741823,1073741823,1073741823,1073741823,1056880639,1065312255,1072529407,1073479679,1073741823,1073725439,1073741823,1073741823,1073741823:e6
1073741823,1073741823,1073741823,1073741823,1073741823,1073741823,1056880639,1065312255,1072529407,1069285375,1073741823,1073741823,1073741823,1073741823,1073741823:e6
1073741823,1073741823,1073741823,1073741823,1073741823,1073741823,1056880639,1065312255,1072529407,1072431103,1073741823,1073741823,1073741823,1073741823,1073741823:e6
1073741823,1073741823,1073741823,1073741823,1073741823,1073741823,1056880639,1065312255,1072529407,1073479679,1073741823,1069547519,1073741823,1073741823,1073741823:e6
1073741823,1073741823,1073741823,1073741823,1073741823,1073741823,1056880639,1065312255,1072529407,1073479679,1073741823,1073479679,1073741823,1073741823,1073741823:e6
1073741823,1073741823,1073741823,1073741823,1073741823,1073741823,1056880639,1065312255,1072529407,1073479679,1073479679,1073741823,1073741823,1073741823,1073741823:e6
1073741823,1073741823,1073741823,1073741823,1073741823,1073741823,1056880639,1065312255,1072529407,1073479679,1073737727,1073741823,1073741823,1073741823,1073741823:e6
1073741823,1073741823,1073741823,1073741823,1073741823,1073741823,1056880639,1065312255,1072267263,1073479679,1073741823,1073741823,1073741823,1073741823,1073741823:e6
1073741823,1073741823,1073741823,1073741823,1073741823,1073741823,1056880639,1065312255,1072529407,1073479679,1072693247,1073741823,1073741823,1073741823,1073741823:e6
1073741823,1073741823,1073741823,1073741823,1073741823,1073741823,1056880639,1065312255,1072529407,1073479679,1073676287,1073741823,1073741823,1073741823,1073741823:e6
1073741823,1073741823,1073741823,1073741823,1073741823,1073741823,1056880639,1065312255,1072529407,1073414143,1073741823,1073741823,1073741823,1073741823,1073741823:e8
1073741823,1073741823,1073741823,1073741823,1073737727,1073741823,1056880639,1065312255,1072529407,1073479679,1073741823,1073741823,1073741823,1073741823,1073741823:e6
1073741823,1073741823,1073741823,1073741823,1073676287,1073741823,1056880639,1065312255,1072529407,1073479679,1073741823,1073741823,1073741823,1073741823,1073741823:e6
1073741823,1073741823,1073741823,1073741823,1073741823,1073676287,1056880639,1065312255,1072529407,1073479679,1073741823,1073741823,1073741823,1073741823,1073741823:e6
1073741823,1073741823,1073741823,1073741823,1072693247,1073741823,1056880639,1065312255,1072529407,1073479679,1073741823,1073741823,1073741823,1073741823,1073741823:e6
1073741823,1073741823,1073741823,1073741823,1073741823,1073741823,1055832063,1065312255,1072529407,1073479679,1073741823,1073741823,1073741823,1073741823,1073741823:e6
1073741823,1073741823,1073741823,1073741823,1073741823,1073741823,1056618495,1065312255,1072529407,1073479679,1073741823,1073741823,1073741823,1073741823,1073741823:e6
1073741823,1073741823,1073741823,1073741823,1073741823,1073741823,1056880639,1065312255,1072529407,1073478655,1073741823,1073741823,1073741823,1073741823,1073741823:e6
1073741823,1073741823,1073741823,1073741823,1073741823,1073741823,1056880639,1065312255,1072525311,1073479679,1073741823,1073741823,1073741823,1073741823,1073741823:e6
1073741823,1073741823,1073741823,1073741823,1073741823,1073741823,1056880639,1065311231,1072529407,1073479679,1073741823,1073741823,1073741823,1073741823,1073741823:e6
1073741823,1073741823,1073741823,1073741823,1073741823,1073740799,1056880639,1065312255,1072529407,1073479679,1073741823,1073741823,1073741823,1073741823,1073741823:e6
1073741823,1073741823,1073741823,1073741823,1073741823,1073741823,1056876543,1065312255,1072529407,1073479679,1073741823,1073741823,1073741823,1073741823,1073741823:e6
1073741823,1073741823,1073741823,1073741823,1073741823,1073725439,1056880639,1065312255,1072529407,1073479679,1073741823,1073741823,1073741823,1073741823,1073741823:e6
1073741823,1073741823,1073741823,1073741823,1073741823,1073479679,1056880639,1065312255,1072529407,1073479679,1073741823,1073741823,1073741823,1073741823,1073741823:e6
1073741823,1073741823,1073741823,1073741823,1073741823,1073741823,1056880639,1065050111,1072529407,1073479679,1073741823,1073741823,1073741823,1073741823,1073741823:e6
1073741823,1073741823,1073741823,1073741823,1073741823,1073741823,1056880639,1065246719,1072529407,1073479679,1073741823,1073741823,1073741823,1073741823,1073741823:e6
1073741823,1073741823,1073741823,1073741823,1073741823,1073741823,1056880639,1065312255,1072529407,1073463295,1073741823,1073741823,1073741823,1073741823,1073741823:e6
