1073741823,1073741823,1073741823,1069547519,1073741823,1071120383,1073594367,1073446911,1073737727,1073741823,1073741823,1073741823,1073741823,1073741823,1073741823:i6
1073741823,1073741823,1073741823,1069543423,1073741823,1070989311,1073594367,1073446911,1073737727,1073741823,1073741823,1073741823,1073741823,1073741823,1073741823:h6
1073741823,1073479679,1073741823,1069547519,1073741823,1070989311,1073594367,1073446911,1073737727,1073741823,1073741823,1073741823,1073741823,1073741823,1073741823:h6
1073741823,1073741823,1072693247,1069547519,1073741823,1070989311,1073594367,1073446911,1073737727,1073741823,1073741823,1073741823,1073741823,1073741823,1073741823:h6
1073741823,1069547519,1073741823,1069547519,1073741823,1070989311,1073594367,1073446911,1073737727,1073741823,1073741823,1073741823,1073741823,1073741823,1073741823:h6
1073741823,1073741823,1069547519,1069547519,1073741823,1070989311,1073594367,1073446911,1073737727,1073741823,1073741823,1073741823,1073741823,1073741823,1073741823:h6
1073741823,1006632959,1073741823,1069547519,1073741823,1070989311,1073594367,1073446911,1073737727,1073741823,1073741823,1073741823,1073741823,1073741823,1073741823:h6
1073741823,1073741823,1056964607,1069547519,1073741823,1070989311,1073594367,1073446911,1073737727,1073741823,1073741823,1073741823,1073741823,1073741823,1073741823:h6
1073741823,1073741823,1073741823,1002438655,1073741823,1070989311,1073594367,1073446911,1073737727,1073741823,1073741823,1073741823,1073741823,1073741823,1073741823:h6
1073741823,1073741823,1073741823,1069547519,1073741823,1003880447,1073594367,1073446911,1073737727,1073741823,1073741823,1073741823,1073741823,1073741823,1073741823:h6
1073741823,1073741823,1073741823,1069547519,1056964607,1070989311,1073594367,1073446911,1073737727,1073741823,1073741823,1073741823,1073741823,1073741823,1073741823:h6
1073741823,1073741823,1073741823,1069481983,1073741823,1070989311,1073594367,1073446911,1073737727,1073741823,1073741823,1073741823,1073741823,1073741823,1073741823:h6
1073741823,1073741823,1073741823,1068498943,1073741823,1070989311,1073594367,1073446911,1073737727,1073741823,1073741823,1073741823,1073741823,1073741823,1073741823:h6
1073741823,1073741823,1073741823,1052770303,1073741823,1070989311,1073594367,1073446911,1073737727,1073741823,1073741823,1073741823,1073741823,1073741823,1073741823:h6
1073741823,1073741823,1073741823,1069547519,1069547519,1070989311,1073594367,1073446911,1073737727,1073741823,1073741823,1073741823,1073741823,1073741823,1073741823:h6
1073741823,1073741823,1073741823,1069547519,1073741823,1054212095,1073594367,1073446911,1073737727,1073741823,1073741823,1073741823,1073741823,1073741823,1073741823:h6
1073741823,1073741823,1073741823,1069547519,1073741823,1070989311,1073594367,1056669695,1073737727,1073741823,1073741823,1073741823,1073741823,1073741823,1073741823:h6
1073741823,1073741823,1073741823,1069547519,1073741823,1070989311,1069400063,1073446911,1073737727,1073741823,1073741823,1073741823,1073741823,1073741823,1073741823:h6
1073741823,1073741823,1073741823,1069547519,1073741823,1070989311,1073594367,1073446911,1073737727,1073741823,1073741567,1073741823,1073741823,1073741823,1073741823:h6
1073741823,1073741823,1073741823,1069547519,1073741823,1070989311,1073594367,1073446911,1073737471,1073741823,1073741823,1073741823,1073741823,1073741823,1073741823:h6
1073741823,1073741823,1073741823,1069547519,1073741823,1070989311,1073594111,1073446911,1073737727,1073741823,1073741823,1073741823,1073741823,1073741823,1073741823:h6
1073741823,1073741823,1073741823,1069547519,1073741823,1070989311,1073594367,1073446911,1073737727,1073741823,1073676287,1073741823,1073741823,1073741823,1073741823:h6
1073741823,1073741823,1073741823,1069547519,1073741823,1070989311,1073594367,1073446911,1073737727,1073741823,1073737727,1073741823,1073741823,1073741823,1073741823:h6
1073741823,1073741823,1073741823,1069547519,1073741823,1070989311,1073594367,1073446911,1073737727,1073737727,1073741823,1073741823,1073741823,1073741823,1073741823:h6
1073741823,1073741823,1073741823,1069531135,1073741823,1070989311,1073594367,1073446911,1073737727,1073741823,1073741823,1073741823,1073741823,1073741823,1073741823:h6
1073741823,1073741823,1073741823,1069285375,1073741823,1070989311,1073594367,1073446911,1073737727,1073741823,1073741823,1073741823,1073741823,1073741823,1073741823:h6
1073741823,1073741823,1073741823,1069547519,1073741823,1066795007,1073594367,1073446911,1073737727,1073741823,1073741823,1073741823,1073741823,1073741823,1073741823:i4
1073741823,1073737727,1073741823,1069416447,1073741823,1066795007,1073594367,1073446911,1073737727,1073741823,1073741823,1073741823,1073741823,1073741823,1073741823:i5
1073741823,1073741823,1073725439,1069416447,1073741823,1066795007,1073594367,1073446911,1073737727,1073741823,1073741823,1073741823,1073741823,1073741823,1073741823:i5
1073741823,1073676287,1073741823,1069416447,1073741823,1066795007,1073594367,1073446911,1073737727,1073741823,1073741823,1073741823,1073741823,1073741823,1073741823:i5
1073741823,1073741823,1073676287,1069416447,1073741823,1066795007,1073594367,1073446911,1073737727,1073741823,1073741823,1073741823,1073741823,1073741823,1073741823:g6
1073741823,1072693247,1073741823,1069416447,1073741823,1066795007,1073594367,1073446911,1073737727,1073741823,1073741823,1073741823,1073741823,1073741823,1073741823:i5
1073741823,1073741823,1073479679,1069416447,1073741823,1066795007,1073594367,1073446911,1073737727,1073741823,1073741823,1073741823,1073741823,1073741823,1073741823:i5
1073741823,1073741823,1073741823,1069416447,1073741823,1066795007,1073594367,1006338047,1073737727,1073741823,1073741823,1073741823,1073741823,1073741823,1073741823:i5
1073741823,1073741823,1073741823,1069416447,1073741823,1066795007,1056817151,1073446911,1073737727,1073741823,1073741823,1073741823,1073741823,1073741823,1073741823:i5
1073741823,1073741823,1073741823,1069412351,1073741823,1066795007,1073594367,1073446911,1073737727,1073741823,1073741823,1073741823,1073741823,1073741823,1073741823:i5
1073741823,1073479679,1073741823,1069416447,1073741823,1066795007,1073594367,1073446911,1073737727,1073741823,1073741823,1073741823,1073741823,1073741823,1073741823:i5
1073741823,1073741823,1072693247,1069416447,1073741823,1066795007,1073594367,1073446911,1073737727,1073741823,1073741823,1073741823,1073741823,1073741823,1073741823:i5
1073741823,1069547519,1073741823,1069416447,1073741823,1066795007,1073594367,1073446911,1073737727,1073741823,1073741823,1073741823,1073741823,1073741823,1073741823:i5
1073741823,1073741823,1069547519,1069416447,1073741823,1066795007,1073594367,1073446911,1073737727,1073741823,1073741823,1073741823,1073741823,1073741823,1073741823:i5
1073741823,1006632959,1073741823,1069416447,1073741823,1066795007,1073594367,1073446911,1073737727,1073741823,1073741823,1073741823,1073741823,1073741823,1073741823:i5
1073741823,1073741823,1056964607,1069416447,1073741823,1066795007,1073594367,1073446911,1073737727,1073741823,1073741823,1073741823,1073741823,1073741823,1073741823:i5
1073741823,1073741823,1073741823,1002307583,1073741823,1066795007,1073594367,1073446911,1073737727,1073741823,1073741823,1073741823,1073741823,1073741823,1073741823:i5
1073741823,1073741823,1073741823,1069416447,1073741823,999686143,1073594367,1073446911,1073737727,1073741823,1073741823,1073741823,1073741823,1073741823,1073741823:i5
1073741823,1073741823,1073741823,1069416447,1056964607,1066795007,1073594367,1073446911,1073737727,1073741823,1073741823,1073741823,1073741823,1073741823,1073741823:i5
1073741823,1073741823,1073741823,1068367871,1073741823,1066795007,1073594367,1073446911,1073737727,1073741823,1073741823,1073741823,1073741823,1073741823,1073741823:i5
1073741823,1073741823,1073741823,1052639231,1073741823,1066795007,1073594367,1073446911,1073737727,1073741823,1073741823,1073741823,1073741823,1073741823,1073741823:i5
1073741823,1073741823,1073741823,1069416447,1069547519,1066795007,1073594367,1073446911,1073737727,1073741823,1073741823,1073741823,1073741823,1073741823,1073741823:i5
1073741823,1073741823,1073741823,1069416447,1073741823,1050017791,1073594367,1073446911,1073737727,1073741823,1073741823,1073741823,1073741823,1073741823,1073741823:i5
1073741823,1073741823,1073741823,1069416447,1073741823,1066795007,1073594367,1056669695,1073737727,1073741823,1073741823,1073741823,1073741823,1073741823,1073741823:i5
1073741823,1073741823,1073741823,1069416447,1073741823,1066795007,1069400063,1073446911,1073737727,1073741823,1073741823,1073741823,1073741823,1073741823,1073741823:i5
1073741823,1073741823,1073741823,1069416447,1073741823,1066795007,1073594367,1073446911,1073737727,1073741823,1073741567,1073741823,1073741823,1073741823,1073741823:i5
1073741823,1073741823,1073741823,1069416447,1073741823,1066795007,1073594367,1073446911,1073737471,1073741823,1073741823,1073741823,1073741823,1073741823,1073741823:i5
1073741823,1073741823,1073741823,1069416447,1073741823,1066795007,1073594111,1073446911,1073737727,1073741823,1073741823,1073741823,1073741823,1073741823,1073741823:i5
1073741823,1073741823,1073741823,1069416447,1073741823,1066795007,1073594367,1073446911,1073737727,1073741823,1073676287,1073741823,1073741823,1073741823,1073741823:i5
1073741823,1073741823,1073741823,1069416447,1073741823,1066795007,1073594367,1073446911,1073737727,1073741823,1073737727,1073741823,1073741823,1073741823,1073741823:i5
1073741823,1073741823,1073741823,1069416447,1073741823,1066795007,1073594367,1073446911,1073737727,1073737727,1073741823,1073741823,1073741823,1073741823,1073741823:i5
1073741823,1073741823,1073741823,1069400063,1073741823,1066795007,1073594367,1073446911,1073737727,1073741823,1073741823,1073741823,1073741823,1073741823,1073741823:i5
1073741823,1073741823,1073741823,1069154303,1073741823,1066795007,1073594367,1073446911,1073737727,1073741823,1073741823,1073741823,1073741823,1073741823,1073741823:i5
1073741823,1073741823,1073741823,1069416447,1073741823,1066795007,1073594367,1069252607,1073737727,1073741823,1073741823,1073741823,1073741823,1073741823,1073741823:i5
1073741823,1073741823,1073741823,1069416447,1073741823,1066795007,1073594367,1072398335,1073737727,1073741823,1073741823,1073741823,1073741823,1073741823,1073741823:i5
1073741823,1073741823,1073741823,1069416447,1073741823,1066795007,1073594367,1073446911,1073737727,1069547519,1073741823,1073741823,1073741823,1073741823,1073741823:i5
1073741823,1073741823,1073741823,1069416447,1073737727,1066795007,1073594367,1073446911,1073737727,1073741823,1073741823,1073741823,1073741823,1073741823,1073741823:i5
1073741823,1073741823,1073741823,1069416447,1073676287,1066795007,1073594367,1073446911,1073737727,1073741823,1073741823,1073741823,1073741823,1073741823,1073741823:h5
1073741823,1073741823,1073740799,1069416447,1073643519,1066795007,1073594367,1073446911,1073737727,1073741823,1073741823,1073741823,1073741823,1073741823,1073741823:j3
1073741823,1073741823,1073737727,1069416447,1073643519,1066795007,1073594367,1073446911,1073737727,1073741823,1073741823,1073741823,1073741823,1073741823,1073741823:j3
1073741823,1073737727,1073741823,1069416447,1073643519,1066795007,1073594367,1073446911,1073737727,1073741823,1073741823,1073741823,1073741823,1073741823,1073741823:j3
1073741823,1073741823,1073725439,1069416447,1073643519,1066795007,1073594367,1073446911,1073737727,1073741823,1073741823,1073741823,1073741823,1073741823,1073741823:g6
1073741823,1073676287,1073741823,1069416447,1073643519,1066795007,1073594367,1073446911,1073737727,1073741823,1073741823,1073741823,1073741823,1073741823,1073741823:j3
1073741823,1073741823,1073676287,1069416447,1073643519,1066795007,1073594367,1073446911,1073737727,1073741823,1073741823,1073741823,1073741823,1073741823,1073741823:j3
1073741823,1072693247,1073741823,1069416447,1073643519,1066795007,1073594367,1073446911,1073737727,1073741823,1073741823,1073741823,1073741823,1073741823,1073741823:g6
1073741823,1073741823,1073479679,1069416447,1073643519,1066795007,1073594367,1073446911,1073737727,1073741823,1073741823,1073741823,1073741823,1073741823,1073741823:g4
1073741823,1073741823,1073741823,1069416447,1073643519,1066795007,1073594367,1006338047,1073737727,1073741823,1073741823,1073741823,1073741823,1073741823,1073741823:j3
1073741823,1073741823,1073741823,1069416447,1073643519,1066795007,1056817151,1073446911,1073737727,1073741823,1073741823,1073741823,1073741823,1073741823,1073741823:j3
1073741823,1073741823,1073741823,1069412351,1073643519,1066795007,1073594367,1073446911,1073737727,1073741823,1073741823,1073741823,1073741823,1073741823,1073741823:j3
1073741823,1073479679,1073741823,1069416447,1073643519,1066795007,1073594367,1073446911,1073737727,1073741823,1073741823,1073741823,1073741823,1073741823,1073741823:g6
1073741823,1073741823,1072693247,1069416447,1073643519,1066795007,1073594367,1073446911,1073737727,1073741823,1073741823,1073741823,1073741823,1073741823,1073741823:j3
1073741823,1069547519,1073741823,1069416447,1073643519,1066795007,1073594367,1073446911,1073737727,1073741823,1073741823,1073741823,1073741823,1073741823,1073741823:g6
1073741823,1073741823,1069547519,1069416447,1073643519,1066795007,1073594367,1073446911,1073737727,1073741823,1073741823,1073741823,1073741823,1073741823,1073741823:g6
1073741823,1006632959,1073741823,1069416447,1073643519,1066795007,1073594367,1073446911,1073737727,1073741823,1073741823,1073741823,1073741823,1073741823,1073741823:j3
1073741823,1073741823,1056964607,1069416447,1073643519,1066795007,1073594367,1073446911,1073737727,1073741823,1073741823,1073741823,1073741823,1073741823,1073741823:j3
1073741823,1073741823,1073741823,1002307583,1073643519,1066795007,1073594367,1073446911,1073737727,1073741823,1073741823,1073741823,1073741823,1073741823,1073741823:g6
1073741823,1073741823,1073741823,1069416447,1073643519,999686143,1073594367,1073446911,1073737727,1073741823,1073741823,1073741823,1073741823,1073741823,1073741823:j3
1073741823,1073741823,1073741823,1069416447,1056866303,1066795007,1073594367,1073446911,1073737727,1073741823,1073741823,1073741823,1073741823,1073741823,1073741823:g6
1073741823,1073741823,1073741823,1068367871,1073643519,1066795007,1073594367,1073446911,1073737727,1073741823,1073741823,1073741823,1073741823,1073741823,1073741823:j3
1073741823,1073741823,1073741823,1052639231,1073643519,1066795007,1073594367,1073446911,1073737727,1073741823,1073741823,1073741823,1073741823,1073741823,1073741823:j3
1073741823,1073741823,1073741823,1069416447,1069449215,1066795007,1073594367,1073446911,1073737727,1073741823,1073741823,1073741823,1073741823,1073741823,1073741823:g6
1073741823,1073741823,1073741823,1069416447,1073643519,1050017791,1073594367,1073446911,1073737727,1073741823,1073741823,1073741823,1073741823,1073741823,1073741823:j3
1073741823,1073741823,1073741823,1069416447,1073643519,1066795007,1073594367,1056669695,1073737727,1073741823,1073741823,1073741823,1073741823,1073741823,1073741823:j3
1073741823,1073741823,1073741823,1069416447,1073643519,1066795007,1069400063,1073446911,1073737727,1073741823,1073741823,1073741823,1073741823,1073741823,1073741823:g6
1073741823,1073741823,1073741823,1069416447,1073643519,1066795007,1073594367,1073446911,1073737727,1073741823,1073741567,1073741823,1073741823,1073741823,1073741823:j3
1073741823,1073741823,1073741823,1069416447,1073643519,1066795007,1073594367,1073446911,1073737471,1073741823,1073741823,1073741823,1073741823,1073741823,1073741823:j3
1073741823,1073741823,1073741823,1069416447,1073643519,1066795007,1073594111,1073446911,1073737727,1073741823,1073741823,1073741823,1073741823,1073741823,1073741823:j3
1073741823,1073741823,1073741823,1069416447,1073643519,1066795007,1073594367,1073446911,1073737727,1073741823,1073676287,1073741823,1073741823,1073741823,1073741823:j3
1073741823,1073741823,1073741823,1069416447,1073643519,1066795007,1073594367,1073446911,1073737727,1073741823,1073737727,1073741823,1073741823,1073741823,1073741823:j3
1073741823,1073741823,1073741823,1069416447,1073643519,1066795007,1073594367,1073446911,1073737727,1073737727,1073741823,1073741823,1073741823,1073741823,1073741823:g6
1073741823,1073741823,1073741823,1069400063,1073643519,1066795007,1073594367,1073446911,1073737727,1073741823,1073741823,1073741823,1073741823,1073741823,1073741823:j3
1073741823,1073741823,1073741823,1069154303,1073643519,1066795007,1073594367,1073446911,1073737727,1073741823,1073741823,1073741823,1073741823,1073741823,1073741823:g6
1073741823,1073741823,1073741823,1069416447,1073643519,1066795007,1073594367,1069252607,1073737727,1073741823,1073741823,1073741823,1073741823,1073741823,1073741823:g6
1073741823,1073741823,1073741823,1069416447,1073643519,1066795007,1073594367,1072398335,1073737727,1073741823,1073741823,1073741823,1073741823,1073741823,1073741823:j3
1073741823,1073741823,1073741823,1069416447,1073643519,1066795007,1073594367,1073446911,1073737727,1069547519,1073741823,1073741823,1073741823,1073741823,1073741823:j3
1073741823,1073741823,1073741823,1069416447,1073639423,1066795007,1073594367,1073446911,1073737727,1073741823,1073741823,1073741823,1073741823,1073741823,1073741823:g6
1073741823,1073741823,1073741823,1069416447,1072594943,1066795007,1073594367,1073446911,1073737727,1073741823,1073741823,1073741823,1073741823,1073741823,1073741823:j3
1073741823,1073741823,1073741823,1069416447,1073643519,1066795007,1072545791,1073446911,1073737727,1073741823,1073741823,1073741823,1073741823,1073741823,1073741823:g6
1073741823,1073741823,1073741823,1069416447,1073643519,1066795007,1073594367,1073446911,1072689151,1073741823,1073741823,1073741823,1073741823,1073741823,1073741823:j3
1073741823,1073741823,1073741823,1069416447,1073643519,1066795007,1073594367,1073446911,1073736703,1073741823,1073741823,1073741823,1073741823,1073741823,1073741823:j3
1073741823,1073741823,1073741823,1069416447,1073643519,1066795007,1073593343,1073446911,1073737727,1073741823,1073741823,1073741823,1073741823,1073741823,1073741823:j3
1073741823,1073741823,1073741823,1069416447,1073642495,1066795007,1073594367,1073446911,1073737727,1073741823,1073741823,1073741823,1073741823,1073741823,1073741823:g6
1073741823,1073741823,1073741823,1069416447,1073643519,1066790911,1073594367,1073446911,1073737727,1073741823,1073741823,1073741823,1073741823,1073741823,1073741823:g4
1073741823,1073741823,1073741823,1069416447,1073381375,1066795007,1073594367,1073446911,1073737727,1073741823,1073741823,1073741823,1073741823,1073741823,1073741823:g6
1073741823,1073741823,1073741823,1069416447,1073643519,1066795007,1073332223,1073446911,1073737727,1073741823,1073741823,1073741823,1073741823,1073741823,1073741823:g6
1073741823,1073741823,1073741823,1069416447,1073643519,1066795007,1073594367,1073446911,1073475583,1073741823,1073741823,1073741823,1073741823,1073741823,1073741823:g6
1073741823,1073741823,1073741823,1069416447,1073643519,1066795007,1073594367,1073446911,1073737727,1073740799,1073741823,1073741823,1073741823,1073741823,1073741823:j3
1073741823,1073741823,1073741823,1069416447,1073643519,1066795007,1073594367,1073445887,1073737727,1073741823,1073741823,1073741823,1073741823,1073741823,1073741823:j3
1073741823,1073741823,1073741823,1069416447,1073643519,1066795007,1073594367,1073442815,1073737727,1073741823,1073741823,1073741823,1073741823,1073741823,1073741823:g6
1073741823,1073741823,1073741823,1069416447,1073643519,1066793983,1073594367,1073446911,1073737727,1073741823,1073741823,1073741823,1073741823,1073741823,1073741823:j3
1073741823,1073741823,1073741823,1069416447,1073643519,1066795007,1073590271,1073446911,1073737727,1073741823,1073741823,1073741823,1073741823,1073741823,1073741823:g6
1073741823,1073741823,1073741823,1069416447,1073643519,1066778623,1073594367,1073446911,1073737727,1073741823,1073741823,1073741823,1073741823,1073741823,1073741823:j3
1073741823,1073741823,1073741823,1069416447,1073643519,1066795007,1073594367,1073381375,1073737727,1073741823,1073741823,1073741823,1073741823,1073741823,1073741823:g6
1073741823,1073741823,1073741823,1069416447,1073643519,1066795007,1073594367,1073446911,1073737727,1073479679,1073741823,1073741823,1073741823,1073741823,1073741823:j3
1073741823,1073741823,1073741823,1069416447,1073643519,1066795007,1073594367,1073446911,1073672191,1073741823,1073741823,1073741823,1073741823,1073741823,1073741823:g6
1073741823,1073741823,1073741823,1069416447,1073643519,1066795007,1073594367,1073446911,1073737727,1073725439,1073741823,1073741823,1073741823,1073741823,1073741823:g6
1073741823,1073741823,1073741823,1069416447,1073643519,1066795007,1073594367,1073446911,1073721343,1073741823,1073741823,1073741823,1073741823,1073741823,1073741823:j3
1073741823,1073741823,1073741823,1069416447,1072693247,1066795007,1073594367,1073446911,1073737727,1073741823,1073741823,1073741823,1073741823,1073741823,1073741823:i5
1073741823,1073741823,1073741823,1069416447,1073741823,1066795007,1072545791,1073446911,1073737727,1073741823,1073741823,1073741823,1073741823,1073741823,1073741823:i5
1073741823,1073741823,1073741823,1069416447,1073741823,1066795007,1073594367,1073446911,1072689151,1073741823,1073741823,1073741823,1073741823,1073741823,1073741823:i5
1073741823,1073741823,1073741823,1069416447,1073741823,1066795007,1073594367,1073446911,1073736703,1073741823,1073741823,1073741823,1073741823,1073741823,1073741823:i5
1073741823,1073741823,1073741823,1069416447,1073741823,1066795007,1073593343,1073446911,1073737727,1073741823,1073741823,1073741823,1073741823,1073741823,1073741823:i5
1073741823,1073741823,1073741823,1069416447,1073740799,1066795007,1073594367,1073446911,1073737727,1073741823,1073741823,1073741823,1073741823,1073741823,1073741823:i5
1073741823,1073741823,1073741823,1069416447,1073741823,1066790911,1073594367,1073446911,1073737727,1073741823,1073741823,1073741823,1073741823,1073741823,1073741823:i5
1073741823,1073741823,1073741823,1069416447,1073725439,1066795007,1073594367,1073446911,1073737727,1073741823,1073741823,1073741823,1073741823,1073741823,1073741823:i5
1073741823,1073741823,1073741823,1069416447,1073479679,1066795007,1073594367,1073446911,1073737727,1073741823,1073741823,1073741823,1073741823,1073741823,1073741823:i5
1073741823,1073741823,1073741823,1069416447,1073741823,1066795007,1073332223,1073446911,1073737727,1073741823,1073741823,1073741823,1073741823,1073741823,1073741823:i5
1073741823,1073741823,1073741823,1069416447,1073741823,1066795007,1073594367,1073446911,1073475583,1073741823,1073741823,1073741823,1073741823,1073741823,1073741823:i5
1073741823,1073741823,1073741823,1069416447,1073741823,1066795007,1073594367,1073446911,1073737727,1073740799,1073741823,1073741823,1073741823,1073741823,1073741823:i5
1073741823,1073741823,1073741823,1069416447,1073741823,1066795007,1073594367,1073445887,1073737727,1073741823,1073741823,1073741823,1073741823,1073741823,1073741823:i5
1073741823,1073741823,1073741823,1069416447,1073741823,1066795007,1073594367,1073442815,1073737727,1073741823,1073741823,1073741823,1073741823,1073741823,1073741823:i5
1073741823,1073741823,1073741823,1069416447,1073741823,1066793983,1073594367,1073446911,1073737727,1073741823,1073741823,1073741823,1073741823,1073741823,1073741823:i5
1073741823,1073741823,1073741823,1069416447,1073741823,1066795007,1073590271,1073446911,1073737727,1073741823,1073741823,1073741823,1073741823,1073741823,1073741823:i5
1073741823,1073741823,1073741823,1069416447,1073741823,1066778623,1073594367,1073446911,1073737727,1073741823,1073741823,1073741823,1073741823,1073741823,1073741823:i5
1073741823,1073741823,1073741823,1069416447,1073741823,1066795007,1073594367,1073381375,1073737727,1073741823,1073741823,1073741823,1073741823,1073741823,1073741823:g6
1073741823,1073741823,1073741823,1069416447,1073741823,1066795007,1073594367,1073446911,1073737727,1073479679,1073741823,1073741823,1073741823,1073741823,1073741823:i5
1073741823,1073741823,1073741823,1069416447,1073741823,1066795007,1073594367,1073446911,1073672191,1073741823,1073741823,1073741823,1073741823,1073741823,1073741823:i5
1073741823,1073741823,1073741823,1069416447,1073741823,1066795007,1073594367,1073446911,1073737727,1073725439,1073741823,1073741823,1073741823,1073741823,1073741823:i5
1073741823,1073741823,1073741823,1069416447,1073741823,1066795007,1073594367,1073446911,1073721343,1073741823,1073741823,1073741823,1073741823,1073741823,1073741823:i5
1073741823,1073741823,1073741823,1069547519,1073741823,1070989311,1073594367,1069252607,1073737727,1073741823,1073741823,1073741823,1073741823,1073741823,1073741823:h6
1073741823,1073741823,1073741823,1069547519,1073741823,1070989311,1073594367,1072398335,1073737727,1073741823,1073741823,1073741823,1073741823,1073741823,1073741823:h6
1073741823,1073741823,1073741823,1069547519,1073741823,1070989311,1073594367,1073446911,1073737727,1069547519,1073741823,1073741823,1073741823,1073741823,1073741823:h6
1073741823,1073741823,1073741823,1069547519,1073737727,1070989311,1073594367,1073446911,1073737727,1073741823,1073741823,1073741823,1073741823,1073741823,1073741823:h6
1073741823,1073741823,1073741823,1069547519,1073676287,1070989311,1073594367,1073446911,1073737727,1073741823,1073741823,1073741823,1073741823,1073741823,1073741823:h6
1073741823,1073741823,1073741823,1069547519,1072693247,1070989311,1073594367,1073446911,1073737727,1073741823,1073741823,1073741823,1073741823,1073741823,1073741823:h6
1073741823,1073741823,1073741823,1069547519,1073741823,1070989311,1072545791,1073446911,1073737727,1073741823,1073741823,1073741823,1073741823,1073741823,1073741823:h6
1073741823,1073741823,1073741823,1069547519,1073741823,1070989311,1073594367,1073446911,1072689151,1073741823,1073741823,1073741823,1073741823,1073741823,1073741823:h6
1073741823,1073741823,1073741823,1069547519,1073741823,1070989311,1073594367,1073446911,1073736703,1073741823,1073741823,1073741823,1073741823,1073741823,1073741823:h6
1073741823,1073741823,1073741823,1069547519,1073741823,1070989311,1073593343,1073446911,1073737727,1073741823,1073741823,1073741823,1073741823,1073741823,1073741823:h6
1073741823,1073741823,1073741823,1069547519,1073740799,1070989311,1073594367,1073446911,1073737727,1073741823,1073741823,1073741823,1073741823,1073741823,1073741823:h6
1073741823,1073741823,1073741823,1069547519,1073741823,1070985215,1073594367,1073446911,1073737727,1073741823,1073741823,1073741823,1073741823,1073741823,1073741823:l6
1073741823,1073741823,1073741823,1069547519,1073725439,1070989311,1073594367,1073446911,1073737727,1073741823,1073741823,1073741823,1073741823,1073741823,1073741823:h6
1073741823,1073741823,1073741823,1069547519,1073479679,1070989311,1073594367,1073446911,1073737727,1073741823,1073741823,1073741823,1073741823,1073741823,1073741823:h6
1073741823,1073741823,1073741823,1069547519,1073741823,1070989311,1073332223,1073446911,1073737727,1073741823,1073741823,1073741823,1073741823,1073741823,1073741823:h6
1073741823,1073741823,1073741823,1069547519,1073741823,1070989311,1073594367,1073446911,1073475583,1073741823,1073741823,1073741823,1073741823,1073741823,1073741823:h6
1073741823,1073741823,1073741823,1069547519,1073741823,1070989311,1073594367,1073446911,1073737727,1073740799,1073741823,1073741823,1073741823,1073741823,1073741823:h6
1073741823,1073741823,1073741823,1069547519,1073741823,1070989311,1073594367,1073445887,1073737727,1073741823,1073741823,1073741823,1073741823,1073741823,1073741823:h6
1073741823,1073741823,1073741823,1069547519,1073741823,1070989311,1073594367,1073442815,1073737727,1073741823,1073741823,1073741823,1073741823,1073741823,1073741823:h6
1073741823,1073741823,1073741823,1069547519,1073741823,1070988287,1073594367,1073446911,1073737727,1073741823,1073741823,1073741823,1073741823,1073741823,1073741823:h6
1073741823,1073741823,1073741823,1069547519,1073741823,1070989311,1073590271,1073446911,1073737727,1073741823,1073741823,1073741823,1073741823,1073741823,1073741823:h6
1073741823,1073741823,1073741823,1069547519,1073741823,1070972927,1073594367,1073446911,1073737727,1073741823,1073741823,1073741823,1073741823,1073741823,1073741823:j7
1073741823,1073741823,1073741823,1069547519,1073741823,1070972927,1073070079,1073446911,1069543423,1073741823,1073741823,1073741823,1073741823,1073741823,1073741823:i8
1073741823,1073741823,1073741823,1069546495,1073741823,1070972927,1073070079,1073446911,1073737727,1073741823,1073741823,1073741823,1073741823,1073741823,1073741823:i8
1073741823,1073741823,1073741823,1069543423,1073741823,1070972927,1073070079,1073446911,1073737727,1073741823,1073741823,1073741823,1073741823,1073741823,1073741823:i8
1073741823,1073479679,1073741823,1069547519,1073741823,1070972927,1073070079,1073446911,1073737727,1073741823,1073741823,1073741823,1073741823,1073741823,1073741823:i8
1073741823,1073741823,1072693247,1069547519,1073741823,1070972927,1073070079,1073446911,1073737727,1073741823,1073741823,1073741823,1073741823,1073741823,1073741823:i8
1073741823,1069547519,1073741823,1069547519,1073741823,1070972927,1073070079,1073446911,1073737727,1073741823,1073741823,1073741823,1073741823,1073741823,1073741823:i8
1073741823,1073741823,1069547519,1069547519,1073741823,1070972927,1073070079,1073446911,1073737727,1073741823,1073741823,1073741823,1073741823,1073741823,1073741823:i8
1073741823,1006632959,1073741823,1069547519,1073741823,1070972927,1073070079,1073446911,1073737727,1073741823,1073741823,1073741823,1073741823,1073741823,1073741823:i8
1073741823,1073741823,1056964607,1069547519,1073741823,1070972927,1073070079,1073446911,1073737727,1073741823,1073741823,1073741823,1073741823,1073741823,1073741823:i8
1073741823,1073741823,1073741823,1002438655,1073741823,1070972927,1073070079,1073446911,1073737727,1073741823,1073741823,1073741823,1073741823,1073741823,1073741823:i8
1073741823,1073741823,1073741823,1069547519,1073741823,1003864063,1073070079,1073446911,1073737727,1073741823,1073741823,1073741823,1073741823,1073741823,1073741823:i8
1073741823,1073741823,1073741823,1069547519,1056964607,1070972927,1073070079,1073446911,1073737727,1073741823,1073741823,1073741823,1073741823,1073741823,1073741823:i8
1073741823,1073741823,1073741823,1069481983,1073741823,1070972927,1073070079,1073446911,1073737727,1073741823,1073741823,1073741823,1073741823,1073741823,1073741823:i8
1073741823,1073741823,1073741823,1068498943,1073741823,1070972927,1073070079,1073446911,1073737727,1073741823,1073741823,1073741823,1073741823,1073741823,1073741823:i8
1073741823,1073741823,1073741823,1052770303,1073741823,1070972927,1073070079,1073446911,1073737727,1073741823,1073741823,1073741823,1073741823,1073741823,1073741823:i8
1073741823,1073741823,1073741823,1069547519,1069547519,1070972927,1073070079,1073446911,1073737727,1073741823,1073741823,1073741823,1073741823,1073741823,1073741823:k8
1073741823,1073741823,1073741823,1069547519,1073741823,1054195711,1073070079,1073446911,1073737727,1073741823,1073741823,1073741823,1073741823,1073741823,1073741823:i8
1073741823,1073741823,1073741823,1069547519,1073741823,1070972927,1073070079,1056669695,1073737727,1073741823,1073741823,1073741823,1073741823,1073741823,1073741823:i8
1073741823,1073741823,1073741823,1069547519,1073741823,1070972927,1068875775,1073446911,1073737727,1073741823,1073741823,1073741823,1073741823,1073741823,1073741823:i8
1073741823,1073741823,1073741823,1069547519,1073741823,1070972927,1073070079,1073446911,1073737727,1073741823,1073741567,1073741823,1073741823,1073741823,1073741823:i8
1073741823,1073741823,1073741823,1069547519,1073741823,1070972927,1073070079,1073446911,1073737471,1073741823,1073741823,1073741823,1073741823,1073741823,1073741823:i8
1073741823,1073741823,1073741823,1069547519,1073741823,1070972927,1073069823,1073446911,1073737727,1073741823,1073741823,1073741823,1073741823,1073741823,1073741823:i8
1073741823,1073741823,1073741823,1069547519,1073741823,1070972927,1073070079,1073446911,1073737727,1073741823,1073676287,1073741823,1073741823,1073741823,1073741823:i8
1073741823,1073741823,1073741823,1069547519,1073741823,1070972927,1073070079,1073446911,1073737727,1073741823,1073737727,1073741823,1073741823,1073741823,1073741823:i8
1073741823,1073741823,1073741823,1069547519,1073741823,1070972927,1073070079,1073446911,1073737727,1073737727,1073741823,1073741823,1073741823,1073741823,1073741823:i8
1073741823,1073741823,1073741823,1069531135,1073741823,1070972927,1073070079,1073446911,1073737727,1073741823,1073741823,1073741823,1073741823,1073741823,1073741823:i8
1073741823,1073741823,1073741823,1069285375,1073741823,1070972927,1073070079,1073446911,1073737727,1073741823,1073741823,1073741823,1073741823,1073741823,1073741823:i8
1073741823,1073741823,1073741823,1069547519,1073741823,1066778623,1073070079,1073446911,1073737727,1073741823,1073741823,1073741823,1073741823,1073741823,1073741823:i8
1073741823,1073741823,1073741823,1069547519,1073741823,1070972927,1073070079,1069252607,1073737727,1073741823,1073741823,1073741823,1073741823,1073741823,1073741823:i8
1073741823,1073741823,1073741823,1069547519,1073741823,1070972927,1073070079,1072398335,1073737727,1073741823,1073741823,1073741823,1073741823,1073741823,1073741823:i8
1073741823,1073741823,1073741823,1069547519,1073741823,1070972927,1073070079,1073446911,1073737727,1069547519,1073741823,1073741823,1073741823,1073741823,1073741823:i8
1073741823,1073741823,1073741823,1069547519,1073737727,1070972927,1073070079,1073446911,1073737727,1073741823,1073741823,1073741823,1073741823,1073741823,1073741823:i8
1073741823,1073741823,1073741823,1069547519,1073676287,1070972927,1073070079,1073446911,1073737727,1073741823,1073741823,1073741823,1073741823,1073741823,1073741823:k8
1073741823,1073741823,1073741823,1069547519,1072693247,1070972927,1073070079,1073446911,1073737727,1073741823,1073741823,1073741823,1073741823,1073741823,1073741823:i8
1073741823,1073741823,1073741823,1069547519,1073741823,1070972927,1072021503,1073446911,1073737727,1073741823,1073741823,1073741823,1073741823,1073741823,1073741823:i8
1073741823,1073741823,1073741823,1069547519,1073741823,1070972927,1073070079,1073446911,1072689151,1073741823,1073741823,1073741823,1073741823,1073741823,1073741823:i8
1073741823,1073741823,1073741823,1069547519,1073741823,1070972927,1073070079,1073446911,1073736703,1073741823,1073741823,1073741823,1073741823,1073741823,1073741823:i8
1073741823,1073741823,1073741823,1069547519,1073741823,1070972927,1073069055,1073446911,1073737727,1073741823,1073741823,1073741823,1073741823,1073741823,1073741823:i8
1073741823,1073741823,1073741823,1069547519,1073740799,1070972927,1073070079,1073446911,1073737727,1073741823,1073741823,1073741823,1073741823,1073741823,1073741823:i8
1073741823,1073741823,1073741823,1069547519,1073741823,1070968831,1073070079,1073446911,1073737727,1073741823,1073741823,1073741823,1073741823,1073741823,1073741823:i8
1073741823,1073741823,1073741823,1069547519,1073725439,1070972927,1073070079,1073446911,1073737727,1073741823,1073741823,1073741823,1073741823,1073741823,1073741823:i8
1073741823,1073741823,1073741823,1069547519,1073479679,1070972927,1073070079,1073446911,1073737727,1073741823,1073741823,1073741823,1073741823,1073741823,1073741823:i8
1073741823,1073741823,1073741823,1069547519,1073741823,1070972927,1073070079,1073446911,1073475583,1073741823,1073741823,1073741823,1073741823,1073741823,1073741823:i8
1073741823,1073741823,1073741823,1069547519,1073741823,1070972927,1073070079,1073446911,1073737727,1073740799,1073741823,1073741823,1073741823,1073741823,1073741823:i8
1073741823,1073741823,1073741823,1069547519,1073741823,1070972927,1073070079,1073445887,1073737727,1073741823,1073741823,1073741823,1073741823,1073741823,1073741823:i8
1073741823,1073741823,1073741823,1069547519,1073741823,1070972927,1073070079,1073442815,1073737727,1073741823,1073741823,1073741823,1073741823,1073741823,1073741823:i8
1073741823,1073741823,1073741823,1069547519,1073741823,1070971903,1073070079,1073446911,1073737727,1073741823,1073741823,1073741823,1073741823,1073741823,1073741823:i8
1073741823,1073741823,1073741823,1069547519,1073741823,1070972927,1073065983,1073446911,1073737727,1073741823,1073741823,1073741823,1073741823,1073741823,1073741823:i8
1073741823,1073741823,1073741823,1069547519,1073741823,1070972927,1073070079,1073381375,1073737727,1073741823,1073741823,1073741823,1073741823,1073741823,1073741823:k8
1073741823,1073741823,1073741823,1069547519,1073741823,1070972927,1073070079,1073446911,1073737727,1073479679,1073741823,1073741823,1073741823,1073741823,1073741823:i8
1073741823,1073741823,1073741823,1069547519,1073741823,1070972927,1073070079,1073446911,1073672191,1073741823,1073741823,1073741823,1073741823,1073741823,1073741823:k8
1073741823,1073741823,1073741823,1069547519,1073741823,1070972927,1073070079,1073446911,1073737727,1073725439,1073741823,1073741823,1073741823,1073741823,1073741823:i8
1073741823,1073741823,1073741823,1069547519,1073741823,1070972927,1073070079,1073446911,1073721343,1073741823,1073741823,1073741823,1073741823,1073741823,1073741823:k8
1073741823,1073741823,1073741823,1069547519,1073741823,1070989311,1073594367,1073381375,1073737727,1073741823,1073741823,1073741823,1073741823,1073741823,1073741823:h6
1073741823,1073741823,1073741823,1069547519,1073741823,1070989311,1073594367,1073446911,1073737727,1073479679,1073741823,1073741823,1073741823,1073741823,1073741823:h6
1073741823,1073741823,1073741823,1069547519,1073741823,1070989311,1073594367,1073446911,1073672191,1073741823,1073741823,1073741823,1073741823,1073741823,1073741823:h6
1073741823,1073741823,1073741823,1069547519,1073741823,1070989311,1073594367,1073446911,1073737727,1073725439,1073741823,1073741823,1073741823,1073741823,1073741823:h6
1073741823,1073741823,1073741823,1069547519,1073741823,1070989311,1073594367,1073446911,1073721343,1073741823,1073741823,1073741823,1073741823,1073741823,1073741823:h6
