1073741823,1073741759,1073741823,1073741823,1073740799,1073741823,1073741823,1073709055,1073610751,1073741823,1073741823,1073741823,1073741823,1073741823,1073741823:j10
1073741823,1073741759,1073741823,1073741823,1073740799,1073741823,1073741823,1073709055,1073610751,1073217535,1073741823,1073725439,1073741823,1073741823,1073741823:g7
1073741823,1073741759,1073741823,1073741823,1073740799,1073741823,1073741823,1069514751,1073610751,1073217535,1073741823,1073741823,1073741823,1073741823,1073741823:g7
1073741823,1073741759,1073741823,1073741823,1073740799,1073741823,1073741823,1073709055,1073610751,1069023231,1073741823,1073741823,1073741823,1073741823,1073741823:g7
1073741823,1073741759,1073741823,1073741823,1073740799,1073741823,1073741823,1073709055,1073610751,1072168959,1073741823,1073741823,1073741823,1073741823,1073741823:g7
1073741823,1073741759,1073741823,1073741823,1073740799,1073741823,1073741823,1073709055,1073610751,1073217535,1073741823,1069547519,1073741823,1073741823,1073741823:g7
1073741823,1073741759,1073741823,1073741823,1073740799,1073741823,1073741823,1073709055,1073610751,1073217535,1073741823,1073479679,1073741823,1073741823,1073741823:g7
1073741823,1073741759,1073741823,1073741823,1073740799,1073741823,1073741823,1073709055,1073610751,1073217535,1073479679,1073741823,1073741823,1073741823,1073741823:g7
1073741823,1073741759,1073741823,1073741819,1073740799,1073741823,1073741823,1073709055,1073610751,1073217535,1073741823,1073741823,1073741823,1073741823,1073741823:g7
1073741823,1073741759,1073741807,1073741823,1073740799,1073741823,1073741823,1073709055,1073610751,1073217535,1073741823,1073741823,1073741823,1073741823,1073741823:g7
1073741823,1073741755,1073741823,1073741823,1073740799,1073741823,1073741823,1073709055,1073610751,1073217535,1073741823,1073741823,1073741823,1073741823,1073741823:g7
1073741823,1073741743,1073741823,1073741823,1073740799,1073741823,1073741823,1073709055,1073610751,1073217535,1073741823,1073741823,1073741823,1073741823,1073741823:g7
1073741807,1073741759,1073741823,1073741823,1073740799,1073741823,1073741823,1073709055,1073610751,1073217535,1073741823,1073741823,1073741823,1073741823,1073741823:g7
1073741759,1073741759,1073741823,1073741823,1073740799,1073741823,1073741823,1073709055,1073610751,1073217535,1073741823,1073741823,1073741823,1073741823,1073741823:g7
1073741567,1073741759,1073741823,1073741823,1073740799,1073741823,1073741823,1073709055,1073610751,1073217535,1073741823,1073741823,1073741823,1073741823,1073741823:g7
1073741823,1073740735,1073741823,1073741823,1073740799,1073741823,1073741823,1073709055,1073610751,1073217535,1073741823,1073741823,1073741823,1073741823,1073741823:g7
1073741823,1073741503,1073741823,1073741823,1073740799,1073741823,1073741823,1073709055,1073610751,1073217535,1073741823,1073741823,1073741823,1073741823,1073741823:g7
1073741823,1073741759,1073741567,1073741823,1073740799,1073741823,1073741823,1073709055,1073610751,1073217535,1073741823,1073741823,1073741823,1073741823,1073741823:g7
1073741823,1073741759,1073741823,1073741759,1073740799,1073741823,1073741823,1073709055,1073610751,1073217535,1073741823,1073741823,1073741823,1073741823,1073741823:g7
1073741823,1073741759,1073741823,1073741823,1073740799,1073741823,1073741823,1073709055,1073610751,1073217535,1073737727,1073741823,1073741823,1073741823,1073741823:g7
1073741823,1073741759,1073741823,1073741823,1073740799,1073741823,1072693247,1073709055,1073610751,1073217535,1073741823,1073741823,1073741823,1073741823,1073741823:g7
1073741823,1073741759,1073741823,1073741823,1073740799,1073741823,1073741823,1073709055,1072562175,1073217535,1073741823,1073741823,1073741823,1073741823,1073741823:g7
1073741823,1073741759,1073741823,1073741823,1073740799,1073741823,1073741823,1073709055,1073348607,1073217535,1073741823,1073741823,1073741823,1073741823,1073741823:g7
1073741823,1073741759,1073741823,1073741823,1073740799,1073741823,1073741823,1073709055,1073610751,1073217535,1072693247,1073741823,1073741823,1073741823,1073741823:j8
1073741823,1073741759,1073741823,1073741823,1073740799,1073741823,1073479679,1073184767,1073610751,1073217535,1072693247,1073741823,1073741823,1073741823,1073741823:i8
1073741823,1073741759,1073741823,1073741823,1073740799,1069547519,1073741823,1073184767,1073610751,1073217535,1072693247,1073741823,1073741823,1073741823,1073741823:i8
1073741823,1073741759,1073741823,1073741823,1073740799,1073741823,1073741823,1072136191,1073610751,1073217535,1072693247,1073741823,1073741823,1073741823,1073741823:j9
1073741823,1073741759,1073741823,1073741823,1073740799,1073741823,1073741823,1072136191,1073086463,1073217535,1072676863,1073741823,1073741823,1073741823,1073741823:j7
1073741823,1073741759,1073741823,1073741823,1073740799,1073676287,1073741823,1072136191,1073086463,1073217535,1072693247,1073741823,1073741823,1073741823,1073741823:j7
1073741823,1073741759,1073741823,1073741823,1073740799,1072693247,1073741823,1072136191,1073086463,1073217535,1072693247,1073741823,1073741823,1073741823,1073741823:j7
1073741823,1073741759,1073741823,1073741823,1073740799,1056964607,1073741823,1072136191,1073086463,1073217535,1072693247,1073741823,1073741823,1073741823,1073741823:j7
1073741823,1073741759,1073741823,1073741823,1073740799,1073741823,1069547519,1072136191,1073086463,1073217535,1072693247,1073741823,1073741823,1073741823,1073741823:j7
1073741823,1073741759,1073741823,1073741823,1073740799,1073741823,1073741823,1055358975,1073086463,1073217535,1072693247,1073741823,1073741823,1073741823,1073741823:j7
1073741823,1073741759,1073741823,1073741823,1073740799,1073741823,1073741823,1072136191,1073086463,1056440319,1072693247,1073741823,1073741823,1073741823,1073741823:j7
1073741823,1073741759,1073741823,1073741823,1073740799,1073741823,1073741823,1072136191,1068892159,1073217535,1072693247,1073741823,1073741823,1073741823,1073741823:j7
1073741823,1073741759,1073741823,1073741823,1073740799,1073741823,1073479679,1072136191,1073086463,1073217535,1072693247,1073741823,1073741823,1073741823,1073741823:h10
1073741823,1073741759,1073741823,1073741823,1073740799,1069547519,1073741823,1072136191,1073086463,1073217535,1072693247,1073741823,1073741823,1073741823,1073741823:j7
1073741823,1073741759,1073741823,1073741823,1073740799,1073741823,1073741823,1072136191,1073086463,1073217535,1072693247,1073741823,1073676287,1073741823,1073741823:j7
1073741823,1073741759,1073741823,1073741823,1073740799,1073741823,1073741823,1072136191,1056309247,1073217535,1072693247,1073741823,1073741823,1073741823,1073741823:j7
1073741823,1073741759,1073741823,1073741823,1073740799,1073741823,1073741823,1072136191,1073086463,1073217535,1055916031,1073741823,1073741823,1073741823,1073741823:j7
1073741823,1073741759,1073741823,1073741823,1073740799,1073741823,1073741823,1072136191,1073086463,1073217535,1068498943,1073741823,1073741823,1073741823,1073741823:j7
1073741823,1073741759,1073741823,1073741823,1073740799,1073741823,1073741823,1072136191,1073086463,1073217535,1072693247,1073741823,1056964607,1073741823,1073741823:j7
1073741823,1073741759,1073741823,1073741823,1073740799,1073741823,1073741823,1072136191,1073086463,1073217535,1072693247,1073741823,1072693247,1073741823,1073741823:j7
1073741823,1073741759,1073741823,1073741823,1073740799,1073741823,1073741823,1072136191,1073086463,1073217535,1072693247,1072693247,1073741823,1073741823,1073741823:j7
1073741823,1073741759,1073741823,1073741823,1073740799,1073741823,1073741823,1072136191,1073086463,1073217535,1072693247,1073725439,1073741823,1073741823,1073741823:j7
1073741823,1073741759,1073741823,1073741823,1073740799,1073741823,1073741823,1067941887,1073086463,1073217535,1072693247,1073741823,1073741823,1073741823,1073741823:j7
1073741823,1073741759,1073741823,1073741823,1073740799,1073741823,1073741823,1072136191,1073086463,1069023231,1072693247,1073741823,1073741823,1073741823,1073741823:j7
1073741823,1073741759,1073741823,1073741823,1073740799,1073741823,1073741823,1072136191,1073086463,1072168959,1072693247,1073741823,1073741823,1073741823,1073741823:j7
1073741823,1073741759,1073741823,1073741823,1073740799,1073741823,1073741823,1072136191,1073086463,1073217535,1072693247,1069547519,1073741823,1073741823,1073741823:j7
1073741823,1073741759,1073741823,1073741823,1073740799,1073741823,1073741823,1072136191,1073086463,1073217535,1072693247,1073479679,1073741823,1073741823,1073741823:j7
1073741823,1073741759,1073741823,1073741823,1073740799,1073741823,1073741823,1072136191,1073086463,1073217535,1072431103,1073741823,1073741823,1073741823,1073741823:j6
1073741823,1073741759,1073741823,1073741819,1073740799,1073741823,1073741823,1072136191,1073086463,1073217535,1072693247,1073741823,1073741823,1073741823,1073741823:j7
1073741823,1073741759,1073741807,1073741823,1073740799,1073741823,1073741823,1072136191,1073086463,1073217535,1072693247,1073741823,1073741823,1073741823,1073741823:j7
1073741823,1073741755,1073741823,1073741823,1073740799,1073741823,1073741823,1072136191,1073086463,1073217535,1072693247,1073741823,1073741823,1073741823,1073741823:j7
1073741823,1073741743,1073741823,1073741823,1073740799,1073741823,1073741823,1072136191,1073086463,1073217535,1072693247,1073741823,1073741823,1073741823,1073741823:j7
1073741807,1073741759,1073741823,1073741823,1073740799,1073741823,1073741823,1072136191,1073086463,1073217535,1072693247,1073741823,1073741823,1073741823,1073741823:j7
1073741759,1073741759,1073741823,1073741823,1073740799,1073741823,1073741823,1072136191,1073086463,1073217535,1072693247,1073741823,1073741823,1073741823,1073741823:j7
1073741567,1073741759,1073741823,1073741823,1073740799,1073741823,1073741823,1072136191,1073086463,1073217535,1072693247,1073741823,1073741823,1073741823,1073741823:j7
1073741823,1073740735,1073741823,1073741823,1073740799,1073741823,1073741823,1072136191,1073086463,1073217535,1072693247,1073741823,1073741823,1073741823,1073741823:j7
1073741823,1073741503,1073741823,1073741823,1073740799,1073741823,1073741823,1072136191,1073086463,1073217535,1072693247,1073741823,1073741823,1073741823,1073741823:j7
1073741823,1073741759,1073741567,1073741823,1073740799,1073741823,1073741823,1072136191,1073086463,1073217535,1072693247,1073741823,1073741823,1073741823,1073741823:j7
1073741823,1073741759,1073741823,1073741759,1073740799,1073741823,1073741823,1072136191,1073086463,1073217535,1072693247,1073741823,1073741823,1073741823,1073741823:j7
1073741823,1073741759,1073741823,1073741823,1073740799,1073741823,1073741823,1072136191,1073086463,1073217535,1072689151,1073741823,1073741823,1073741823,1073741823:j7
1073741823,1073741759,1073741823,1073741823,1073740799,1073741823,1072693247,1072136191,1073086463,1073217535,1072693247,1073741823,1073741823,1073741823,1073741823:j7
1073741823,1073741759,1073741823,1073741823,1073740799,1073741823,1073741823,1072136191,1072037887,1073217535,1072693247,1073741823,1073741823,1073741823,1073741823:j7
1073741823,1073741759,1073741823,1073741823,1073740799,1073741823,1073741823,1072136191,1073086463,1073217535,1072627711,1073741823,1073741823,1073741823,1073741823:j7
1073741823,1073741759,1073741823,1073741823,1073740799,1073741823,1073741823,1072136191,1073086463,1073151999,1072693247,1073741823,1073741823,1073741823,1073741823:j7
1073741823,1073741759,1073741823,1073741823,1073740799,1073741823,1073741759,1072136191,1073086463,1073217535,1072693247,1073741823,1073741823,1073741823,1073741823:j7
1073741823,1073741759,1073741823,1073741823,1073740799,1073741567,1073741823,1072136191,1073086463,1073217535,1072693247,1073741823,1073741823,1073741823,1073741823:j7
1073741823,1073741759,1073741823,1073741823,1073740735,1073741823,1073741823,1072136191,1073086463,1073217535,1072693247,1073741823,1073741823,1073741823,1073741823:j7
1073741823,1073741759,1073741823,1073741823,1073740543,1073741823,1073741823,1072136191,1073086463,1073217535,1072693247,1073741823,1073741823,1073741823,1073741823:j7
1073741823,1073741759,1073741759,1073741823,1073740799,1073741823,1073741823,1072136191,1073086463,1073217535,1072693247,1073741823,1073741823,1073741823,1073741823:j7
1073741823,1073741759,1073741823,1073741567,1073740799,1073741823,1073741823,1072136191,1073086463,1073217535,1072693247,1073741823,1073741823,1073741823,1073741823:j7
1073741823,1073741759,1073740799,1073741823,1073740799,1073741823,1073741823,1072136191,1073086463,1073217535,1072693247,1073741823,1073741823,1073741823,1073741823:j7
1073741823,1073741759,1073741823,1073740799,1073740799,1073741823,1073741823,1072136191,1073086463,1073217535,1072693247,1073741823,1073741823,1073741823,1073741823:j7
1073741823,1073741759,1073725439,1073741823,1073740799,1073741823,1073741823,1072136191,1073086463,1073217535,1072693247,1073741823,1073741823,1073741823,1073741823:j7
1073741823,1073741759,1073741823,1073737727,1073740799,1073741823,1073741823,1072136191,1073086463,1073217535,1072693247,1073741823,1073741823,1073741823,1073741823:j7
1073741823,1073741759,1073741823,1073741823,1073724415,1073741823,1073741823,1072136191,1073086463,1073217535,1072693247,1073741823,1073741823,1073741823,1073741823:j7
1073741823,1073741759,1073741823,1073741823,1073736703,1073741823,1073741823,1072136191,1073086463,1073217535,1072693247,1073741823,1073741823,1073741823,1073741823:j7
1073741823,1073741759,1073741823,1073741823,1073740799,1073737727,1073741823,1072136191,1073086463,1073217535,1072693247,1073741823,1073741823,1073741823,1073741823:j7
1073741823,1073741759,1073741823,1073741823,1073740799,1073741823,1073740799,1072136191,1073086463,1073217535,1072693247,1073741823,1073741823,1073741823,1073741823:j7
1073741823,1073741759,1073741823,1073741823,1073740799,1073741823,1073741823,1072136191,1073086463,1073216511,1072693247,1073741823,1073741823,1073741823,1073741823:j7
1073741823,1073741759,1073741823,1073741823,1073740799,1073741823,1073741823,1072136191,1073082367,1073217535,1072693247,1073741823,1073741823,1073741823,1073741823:j7
1073741823,1073741759,1073741823,1073741823,1073740799,1073741823,1073741823,1072135167,1073086463,1073217535,1072693247,1073741823,1073741823,1073741823,1073741823:j7
1073741823,1073741759,1073741823,1073741823,1073740799,1073741823,1073741823,1072132095,1073086463,1073217535,1072693247,1073741823,1073741823,1073741823,1073741823:j7
1073741823,1073741759,1073741823,1073741823,1073740799,1073740799,1073741823,1072136191,1073086463,1073217535,1072693247,1073741823,1073741823,1073741823,1073741823:j7
1073741823,1073741759,1073741823,1073741823,1073740799,1073741823,1073737727,1072136191,1073086463,1073217535,1072693247,1073741823,1073741823,1073741823,1073741823:j7
1073741823,1073741759,1073741823,1073741823,1073740799,1073725439,1073741823,1072136191,1073086463,1073217535,1072693247,1073741823,1073741823,1073741823,1073741823:j7
1073741823,1073741759,1073741823,1073741823,1073740799,1073741823,1073725439,1072136191,1073086463,1073217535,1072693247,1073741823,1073741823,1073741823,1073741823:j7
1073741823,1073741759,1073741823,1073741823,1073740799,1073479679,1073741823,1072136191,1073086463,1073217535,1072693247,1073741823,1073741823,1073741823,1073741823:j11
1073741823,1073741759,1073741823,1073741823,1073740799,1073741823,1073676287,1072136191,1073086463,1073217535,1072693247,1073741823,1073741823,1073741823,1073741823:j7
1073741823,1073741759,1073741823,1073741823,1073740799,1073741823,1073741823,1072070655,1073086463,1073217535,1072693247,1073741823,1073741823,1073741823,1073741823:j7
1073741823,1073741759,1073741823,1073741823,1073740799,1073741823,1073741823,1072136191,1073086463,1073201151,1072693247,1073741823,1073741823,1073741823,1073741823:j7
1073741823,1073741759,1073741823,1073741823,1073740799,1073741823,1073741823,1072136191,1073070079,1073217535,1072693247,1073741823,1073741823,1073741823,1073741823:j7
1073741823,1073741759,1073741823,1073741823,1073740799,1073741823,1073741823,1073184767,1073610751,1073217535,1072693247,1073741823,1073676287,1073741823,1073741823:i8
1073741823,1073741759,1073741823,1073741823,1073740799,1073741823,1073741823,1073184767,1056833535,1073217535,1072693247,1073741823,1073741823,1073741823,1073741823:i8
1073741823,1073741759,1073741823,1073741823,1073740799,1073741823,1073741823,1073184767,1073610751,1073217535,1055916031,1073741823,1073741823,1073741823,1073741823:i8
1073741823,1073741759,1073741823,1073741823,1073740799,1073741823,1073741823,1073184767,1073610751,1073217535,1068498943,1073741823,1073741823,1073741823,1073741823:i8
1073741823,1073741759,1073741823,1073741823,1073740799,1073741823,1073741823,1073184767,1073610751,1073217535,1072693247,1073741823,1056964607,1073741823,1073741823:i8
1073741823,1073741759,1073741823,1073741823,1073740799,1073741823,1073741823,1073184767,1073610751,1073217535,1072693247,1073741823,1072693247,1073741823,1073741823:i8
1073741823,1073741759,1073741823,1073741823,1073740799,1073741823,1073741823,1073184767,1073610751,1073217535,1072693247,1072693247,1073741823,1073741823,1073741823:k10
1073741823,1073741759,1073741823,1073741823,1073740799,1073741823,1073741823,1056407551,1073610751,1071120383,1072693247,1072693247,1073741823,1073741823,1073741823:i8
1073741823,1073741759,1073741823,1073741823,1073740799,1073741823,1073741823,1073184767,1069416447,1071120383,1072693247,1072693247,1073741823,1073741823,1073741823:i8
1073741823,1073741759,1073741823,1073741823,1073740799,1073741823,1073741823,1073184767,1073610751,1071120383,1072693247,1072693247,1073741823,1073676287,1073741823:i8
1073741823,1073741759,1073741823,1073741823,1073740799,1073741823,1073741823,1073184767,1073610751,1071120383,1072693247,1072693247,1073479679,1073741823,1073741823:i8
1073741823,1073741759,1073741823,1073741823,1073740799,1073741823,1073741823,1073184767,1073610751,1071120383,1072693247,1072627711,1073741823,1073741823,1073741823:i8
1073741823,1073741759,1073741823,1073741823,1073740799,1073741823,1073741823,1073184767,1073610751,1054343167,1072693247,1072693247,1073741823,1073741823,1073741823:i8
1073741823,1073741759,1073741823,1073741823,1073740799,1073741823,1073741823,1073184767,1073610751,1071120383,1072693247,1055916031,1073741823,1073741823,1073741823:i8
1073741823,1073741759,1073741823,1073741823,1073740799,1073741823,1073741823,1073184767,1073610751,1071120383,1072693247,1072693247,1073741823,1056964607,1073741823:i8
1073741823,1073741759,1073741823,1073741823,1073740799,1073741823,1073741823,1073184767,1073610751,1071120383,1072693247,1072693247,1069547519,1073741823,1073741823:i8
1073741823,1073741759,1073741823,1073741823,1073740799,1073741823,1073741823,1073184767,1073610751,1071120383,1072693247,1072693247,1073741823,1072693247,1073741823:i8
1073741823,1073741759,1073741823,1073741823,1073740799,1073741823,1073479679,1073184767,1073610751,1071120383,1072693247,1072693247,1073741823,1073741823,1073741823:i8
1073741823,1073741759,1073741823,1073741823,1073740799,1069547519,1073741823,1073184767,1073610751,1071120383,1072693247,1072693247,1073741823,1073741823,1073741823:i8
1073741823,1073741759,1073741823,1073741823,1073740799,1073741823,1073741823,1072136191,1073610751,1071120383,1072693247,1072693247,1073741823,1073741823,1073741823:j9
1073741823,1073741759,1073741823,1073741823,1073740799,1073741823,1073741823,1073184767,1073610751,1071120383,1072693247,1072693247,1073676287,1073741823,1073741823:i8
1073741823,1073741759,1073741823,1073741823,1073740799,1073741823,1073741823,1073184767,1056833535,1071120383,1072693247,1072693247,1073741823,1073741823,1073741823:i8
1073741823,1073741759,1073741823,1073741823,1073740799,1073741823,1073741823,1073184767,1073610751,1071120383,1055916031,1072693247,1073741823,1073741823,1073741823:i8
1073741823,1073741759,1073741823,1073741823,1073740799,1073741823,1073741823,1073184767,1073610751,1071120383,1068498943,1072693247,1073741823,1073741823,1073741823:i8
1073741823,1073741759,1073741823,1073741823,1073740799,1073741823,1073741823,1073184767,1073610751,1071120383,1072693247,1072693247,1056964607,1073741823,1073741823:i8
1073741823,1073741759,1073741823,1073741823,1073740799,1073741823,1073741823,1073184767,1073610751,1071120383,1072693247,1072693247,1072693247,1073741823,1073741823:i8
1073741823,1073741759,1073741823,1073741823,1073740799,1073741823,1073741823,1073184767,1073610751,1071120383,1072693247,1072676863,1073741823,1073741823,1073741823:i8
1073741823,1073741759,1073741823,1073741823,1073740799,1073741823,1073741823,1068990463,1073610751,1071120383,1072693247,1072693247,1073741823,1073741823,1073741823:i8
1073741823,1073741759,1073741823,1073741823,1073740799,1073741823,1073741823,1073184767,1073610751,1066926079,1072693247,1072693247,1073741823,1073741823,1073741823:i8
1073741823,1073741759,1073741823,1073741823,1073740799,1073741823,1073741823,1073184767,1073610751,1071120383,1072693247,1068498943,1073741823,1073741823,1073741823:i8
1073741823,1073741759,1073741823,1073741823,1073740799,1073741823,1073741823,1073184767,1073610751,1071120383,1072693247,1072431103,1073741823,1073741823,1073741823:i8
1073741823,1073741759,1073741823,1073741823,1073740799,1073741823,1073741823,1073184767,1073610751,1071120383,1072431103,1072693247,1073741823,1073741823,1073741823:i8
1073741823,1073741759,1073741823,1073741819,1073740799,1073741823,1073741823,1073184767,1073610751,1071120383,1072693247,1072693247,1073741823,1073741823,1073741823:i8
1073741823,1073741759,1073741807,1073741823,1073740799,1073741823,1073741823,1073184767,1073610751,1071120383,1072693247,1072693247,1073741823,1073741823,1073741823:i8
1073741823,1073741755,1073741823,1073741823,1073740799,1073741823,1073741823,1073184767,1073610751,1071120383,1072693247,1072693247,1073741823,1073741823,1073741823:i8
1073741823,1073741743,1073741823,1073741823,1073740799,1073741823,1073741823,1073184767,1073610751,1071120383,1072693247,1072693247,1073741823,1073741823,1073741823:i8
1073741807,1073741759,1073741823,1073741823,1073740799,1073741823,1073741823,1073184767,1073610751,1071120383,1072693247,1072693247,1073741823,1073741823,1073741823:i8
1073741759,1073741759,1073741823,1073741823,1073740799,1073741823,1073741823,1073184767,1073610751,1071120383,1072693247,1072693247,1073741823,1073741823,1073741823:i8
1073741567,1073741759,1073741823,1073741823,1073740799,1073741823,1073741823,1073184767,1073610751,1071120383,1072693247,1072693247,1073741823,1073741823,1073741823:i8
1073741823,1073740735,1073741823,1073741823,1073740799,1073741823,1073741823,1073184767,1073610751,1071120383,1072693247,1072693247,1073741823,1073741823,1073741823:i8
1073741823,1073741503,1073741823,1073741823,1073740799,1073741823,1073741823,1073184767,1073610751,1071120383,1072693247,1072693247,1073741823,1073741823,1073741823:i8
1073741823,1073741759,1073741567,1073741823,1073740799,1073741823,1073741823,1073184767,1073610751,1071120383,1072693247,1072693247,1073741823,1073741823,1073741823:i8
1073741823,1073741759,1073741823,1073741759,1073740799,1073741823,1073741823,1073184767,1073610751,1071120383,1072693247,1072693247,1073741823,1073741823,1073741823:i8
1073741823,1073741759,1073741823,1073741823,1073740799,1073741823,1073741823,1073184767,1073610751,1071120383,1072689151,1072693247,1073741823,1073741823,1073741823:i8
1073741823,1073741759,1073741823,1073741823,1073740799,1073741823,1072693247,1073184767,1073610751,1071120383,1072693247,1072693247,1073741823,1073741823,1073741823:i8
1073741823,1073741759,1073741823,1073741823,1073740799,1073741823,1073741823,1073184767,1072562175,1071120383,1072693247,1072693247,1073741823,1073741823,1073741823:i8
1073741823,1073741759,1073741823,1073741823,1073740799,1073741823,1073741823,1073184767,1073348607,1071120383,1072693247,1072693247,1073741823,1073741823,1073741823:i8
1073741823,1073741759,1073741823,1073741823,1073740799,1073741823,1073741823,1073184767,1073610751,1071120383,1072627711,1072693247,1073741823,1073741823,1073741823:i8
1073741823,1073741759,1073741823,1073741823,1073740799,1073741823,1073741823,1073184767,1073610751,1071054847,1072693247,1072693247,1073741823,1073741823,1073741823:j9
1073741823,1073741759,1073741823,1073741823,1073740799,1073741823,1073741759,1073184767,1073610751,1071120383,1072693247,1072693247,1073741823,1073741823,1073741823:i8
1073741823,1073741759,1073741823,1073741823,1073740799,1073741567,1073741823,1073184767,1073610751,1071120383,1072693247,1072693247,1073741823,1073741823,1073741823:i8
1073741823,1073741759,1073741823,1073741823,1073740735,1073741823,1073741823,1073184767,1073610751,1071120383,1072693247,1072693247,1073741823,1073741823,1073741823:i8
1073741823,1073741759,1073741823,1073741823,1073740543,1073741823,1073741823,1073184767,1073610751,1071120383,1072693247,1072693247,1073741823,1073741823,1073741823:i8
1073741823,1073741759,1073741759,1073741823,1073740799,1073741823,1073741823,1073184767,1073610751,1071120383,1072693247,1072693247,1073741823,1073741823,1073741823:i8
1073741823,1073741759,1073741823,1073741567,1073740799,1073741823,1073741823,1073184767,1073610751,1071120383,1072693247,1072693247,1073741823,1073741823,1073741823:i8
1073741823,1073741759,1073740799,1073741823,1073740799,1073741823,1073741823,1073184767,1073610751,1071120383,1072693247,1072693247,1073741823,1073741823,1073741823:i8
1073741823,1073741759,1073741823,1073740799,1073740799,1073741823,1073741823,1073184767,1073610751,1071120383,1072693247,1072693247,1073741823,1073741823,1073741823:i8
1073741823,1073741759,1073725439,1073741823,1073740799,1073741823,1073741823,1073184767,1073610751,1071120383,1072693247,1072693247,1073741823,1073741823,1073741823:i8
1073741823,1073741759,1073741823,1073737727,1073740799,1073741823,1073741823,1073184767,1073610751,1071120383,1072693247,1072693247,1073741823,1073741823,1073741823:i8
1073741823,1073741759,1073741823,1073741823,1073724415,1073741823,1073741823,1073184767,1073610751,1071120383,1072693247,1072693247,1073741823,1073741823,1073741823:i8
1073741823,1073741759,1073741823,1073741823,1073736703,1073741823,1073741823,1073184767,1073610751,1071120383,1072693247,1072693247,1073741823,1073741823,1073741823:i8
1073741823,1073741759,1073741823,1073741823,1073740799,1073737727,1073741823,1073184767,1073610751,1071120383,1072693247,1072693247,1073741823,1073741823,1073741823:i8
1073741823,1073741759,1073741823,1073741823,1073740799,1073741823,1073740799,1073184767,1073610751,1071120383,1072693247,1072693247,1073741823,1073741823,1073741823:i8
1073741823,1073741759,1073741823,1073741823,1073740799,1073741823,1073741823,1073184767,1073610751,1071119359,1072693247,1072693247,1073741823,1073741823,1073741823:i8
1073741823,1073741759,1073741823,1073741823,1073740799,1073741823,1073741823,1073184767,1073606655,1071120383,1072693247,1072693247,1073741823,1073741823,1073741823:i8
1073741823,1073741759,1073741823,1073741823,1073740799,1073741823,1073741823,1073183743,1073610751,1071120383,1072693247,1072693247,1073741823,1073741823,1073741823:i8
1073741823,1073741759,1073741823,1073741823,1073740799,1073741823,1073741823,1073180671,1073610751,1071120383,1072693247,1072693247,1073741823,1073741823,1073741823:j9
1073741823,1073741759,1073741823,1073741823,1073740799,1073740799,1073741823,1073184767,1073610751,1071120383,1072693247,1072693247,1073741823,1073741823,1073741823:i8
1073741823,1073741759,1073741823,1073741823,1073740799,1073741823,1073737727,1073184767,1073610751,1071120383,1072693247,1072693247,1073741823,1073741823,1073741823:i8
1073741823,1073741759,1073741823,1073741823,1073740799,1073725439,1073741823,1073184767,1073610751,1071120383,1072693247,1072693247,1073741823,1073741823,1073741823:i8
1073741823,1073741759,1073741823,1073741823,1073740799,1073741823,1073725439,1073184767,1073610751,1071120383,1072693247,1072693247,1073741823,1073741823,1073741823:i8
1073741823,1073741759,1073741823,1073741823,1073740799,1073479679,1073741823,1073184767,1073610751,1071120383,1072693247,1072693247,1073741823,1073741823,1073741823:i8
1073741823,1073741759,1073741823,1073741823,1073740799,1073741823,1073676287,1073184767,1073610751,1071120383,1072693247,1072693247,1073741823,1073741823,1073741823:i8
1073741823,1073741759,1073741823,1073741823,1073740799,1073741823,1073741823,1073119231,1073610751,1071120383,1072693247,1072693247,1073741823,1073741823,1073741823:j9
1073741823,1073741759,1073741823,1073741823,1073740799,1073741823,1073741823,1073184767,1073610751,1071103999,1072693247,1072693247,1073741823,1073741823,1073741823:i8
1073741823,1073741759,1073741823,1073741823,1073740799,1073741823,1073741823,1073184767,1073594367,1071120383,1072693247,1072693247,1073741823,1073741823,1073741823:i8
1073741823,1073741759,1073741823,1073741823,1073740799,1073741823,1073741823,1073184767,1073610751,1073217535,1072693247,1073725439,1073741823,1073741823,1073741823:i8
1073741823,1073741759,1073741823,1073741823,1073740799,1073741823,1073741823,1068990463,1073610751,1073217535,1072693247,1073741823,1073741823,1073741823,1073741823:i8
1073741823,1073741759,1073741823,1073741823,1073740799,1073741823,1073741823,1073184767,1073610751,1069023231,1072693247,1073741823,1073741823,1073741823,1073741823:i8
1073741823,1073741759,1073741823,1073741823,1073740799,1073741823,1073741823,1073184767,1073610751,1072168959,1072693247,1073741823,1073741823,1073741823,1073741823:k9
1073741823,1073741759,1073741823,1073741823,1073740799,1073741823,1056964607,1073184767,1071513599,1072168959,1072693247,1073741823,1073741823,1073741823,1073741823:i8
1073741823,1073741759,1073741823,1073741823,1073740799,1073741823,1073741823,1073184767,1071513599,1072168959,1072693247,1073676287,1073741823,1073741823,1073741823:i8
1073741823,1073741759,1073741823,1073741823,1073740799,1073741823,1073741823,1056407551,1071513599,1072168959,1072693247,1073741823,1073741823,1073741823,1073741823:i8
1073741823,1073741759,1073741823,1073741823,1073740799,1073741823,1073741823,1073184767,1067319295,1072168959,1072693247,1073741823,1073741823,1073741823,1073741823:i8
1073741823,1073741759,1073741823,1073741823,1073740799,1073741823,1073741823,1073184767,1071513599,1055391743,1072693247,1073741823,1073741823,1073741823,1073741823:i8
1073741823,1073741759,1073741823,1073741823,1073740799,1073741823,1073741823,1073184767,1071513599,1072168959,1072693247,1056964607,1073741823,1073741823,1073741823:i8
1073741823,1073741759,1073741823,1073741823,1073740799,1073741823,1073479679,1073184767,1071513599,1072168959,1072693247,1073741823,1073741823,1073741823,1073741823:i8
1073741823,1073741759,1073741823,1073741823,1073740799,1069547519,1073741823,1073184767,1071513599,1072168959,1072693247,1073741823,1073741823,1073741823,1073741823:i8
1073741823,1073741759,1073741823,1073741823,1073740799,1073741823,1073741823,1072136191,1071513599,1072168959,1072693247,1073741823,1073741823,1073741823,1073741823:j9
1073741823,1073741759,1073741823,1073741823,1073740799,1073741823,1073741823,1073184767,1071513599,1072168959,1072693247,1073741823,1073676287,1073741823,1073741823:i8
1073741823,1073741759,1073741823,1073741823,1073740799,1073741823,1073741823,1073184767,1054736383,1072168959,1072693247,1073741823,1073741823,1073741823,1073741823:i8
1073741823,1073741759,1073741823,1073741823,1073740799,1073741823,1073741823,1073184767,1071513599,1072168959,1055916031,1073741823,1073741823,1073741823,1073741823:i8
1073741823,1073741759,1073741823,1073741823,1073740799,1073741823,1073741823,1073184767,1071513599,1072168959,1068498943,1073741823,1073741823,1073741823,1073741823:i8
1073741823,1073741759,1073741823,1073741823,1073740799,1073741823,1073741823,1073184767,1071513599,1072168959,1072693247,1073741823,1056964607,1073741823,1073741823:i8
1073741823,1073741759,1073741823,1073741823,1073740799,1073741823,1073741823,1073184767,1071513599,1072168959,1072693247,1073741823,1072693247,1073741823,1073741823:i8
1073741823,1073741759,1073741823,1073741823,1073740799,1073741823,1073741823,1073184767,1071513599,1072168959,1072693247,1072693247,1073741823,1073741823,1073741823:i8
1073741823,1073741759,1073741823,1073741823,1073740799,1073741823,1073741823,1073184767,1071513599,1072168959,1072693247,1073725439,1073741823,1073741823,1073741823:i8
1073741823,1073741759,1073741823,1073741823,1073740799,1073741823,1073741823,1068990463,1071513599,1072168959,1072693247,1073741823,1073741823,1073741823,1073741823:i8
1073741823,1073741759,1073741823,1073741823,1073740799,1073741823,1073741823,1073184767,1071513599,1067974655,1072693247,1073741823,1073741823,1073741823,1073741823:i8
1073741823,1073741759,1073741823,1073741823,1073740799,1073741823,1073741823,1073184767,1071513599,1072168959,1072693247,1069547519,1073741823,1073741823,1073741823:i8
1073741823,1073741759,1073741823,1073741823,1073740799,1073741823,1073741823,1073184767,1071513599,1072168959,1072693247,1073479679,1073741823,1073741823,1073741823:i8
1073741823,1073741759,1073741823,1073741823,1073740799,1073741823,1073741823,1073184767,1071513599,1072168959,1072431103,1073741823,1073741823,1073741823,1073741823:i8
1073741823,1073741759,1073741823,1073741819,1073740799,1073741823,1073741823,1073184767,1071513599,1072168959,1072693247,1073741823,1073741823,1073741823,1073741823:i8
1073741823,1073741759,1073741807,1073741823,1073740799,1073741823,1073741823,1073184767,1071513599,1072168959,1072693247,1073741823,1073741823,1073741823,1073741823:i8
1073741823,1073741755,1073741823,1073741823,1073740799,1073741823,1073741823,1073184767,1071513599,1072168959,1072693247,1073741823,1073741823,1073741823,1073741823:i8
1073741823,1073741743,1073741823,1073741823,1073740799,1073741823,1073741823,1073184767,1071513599,1072168959,1072693247,1073741823,1073741823,1073741823,1073741823:i8
1073741807,1073741759,1073741823,1073741823,1073740799,1073741823,1073741823,1073184767,1071513599,1072168959,1072693247,1073741823,1073741823,1073741823,1073741823:i8
1073741759,1073741759,1073741823,1073741823,1073740799,1073741823,1073741823,1073184767,1071513599,1072168959,1072693247,1073741823,1073741823,1073741823,1073741823:i8
1073741567,1073741759,1073741823,1073741823,1073740799,1073741823,1073741823,1073184767,1071513599,1072168959,1072693247,1073741823,1073741823,1073741823,1073741823:i8
1073741823,1073740735,1073741823,1073741823,1073740799,1073741823,1073741823,1073184767,1071513599,1072168959,1072693247,1073741823,1073741823,1073741823,1073741823:i8
1073741823,1073741503,1073741823,1073741823,1073740799,1073741823,1073741823,1073184767,1071513599,1072168959,1072693247,1073741823,1073741823,1073741823,1073741823:i8
1073741823,1073741759,1073741567,1073741823,1073740799,1073741823,1073741823,1073184767,1071513599,1072168959,1072693247,1073741823,1073741823,1073741823,1073741823:i8
1073741823,1073741759,1073741823,1073741759,1073740799,1073741823,1073741823,1073184767,1071513599,1072168959,1072693247,1073741823,1073741823,1073741823,1073741823:i8
1073741823,1073741759,1073741823,1073741823,1073740799,1073741823,1073741823,1073184767,1071513599,1072168959,1072689151,1073741823,1073741823,1073741823,1073741823:i8
1073741823,1073741759,1073741823,1073741823,1073740799,1073741823,1072693247,1073184767,1071513599,1072168959,1072693247,1073741823,1073741823,1073741823,1073741823:i8
1073741823,1073741759,1073741823,1073741823,1073740799,1073741823,1073741823,1073184767,1071251455,1072168959,1072693247,1073741823,1073741823,1073741823,1073741823:i8
1073741823,1073741759,1073741823,1073741823,1073740799,1073741823,1073741823,1073184767,1071513599,1072168959,1072627711,1073741823,1073741823,1073741823,1073741823:i8
1073741823,1073741759,1073741823,1073741823,1073740799,1073741823,1073741823,1073184767,1071513599,1072103423,1072693247,1073741823,1073741823,1073741823,1073741823:j9
1073741823,1073741759,1073741823,1073741823,1073740799,1073741823,1073741759,1073184767,1071513599,1072168959,1072693247,1073741823,1073741823,1073741823,1073741823:i8
1073741823,1073741759,1073741823,1073741823,1073740799,1073741567,1073741823,1073184767,1071513599,1072168959,1072693247,1073741823,1073741823,1073741823,1073741823:i8
1073741823,1073741759,1073741823,1073741823,1073740735,1073741823,1073741823,1073184767,1071513599,1072168959,1072693247,1073741823,1073741823,1073741823,1073741823:i8
1073741823,1073741759,1073741823,1073741823,1073740543,1073741823,1073741823,1073184767,1071513599,1072168959,1072693247,1073741823,1073741823,1073741823,1073741823:i8
1073741823,1073741759,1073741759,1073741823,1073740799,1073741823,1073741823,1073184767,1071513599,1072168959,1072693247,1073741823,1073741823,1073741823,1073741823:i8
1073741823,1073741759,1073741823,1073741567,1073740799,1073741823,1073741823,1073184767,1071513599,1072168959,1072693247,1073741823,1073741823,1073741823,1073741823:i8
1073741823,1073741759,1073740799,1073741823,1073740799,1073741823,1073741823,1073184767,1071513599,1072168959,1072693247,1073741823,1073741823,1073741823,1073741823:i8
1073741823,1073741759,1073741823,1073740799,1073740799,1073741823,1073741823,1073184767,1071513599,1072168959,1072693247,1073741823,1073741823,1073741823,1073741823:i8
1073741823,1073741759,1073725439,1073741823,1073740799,1073741823,1073741823,1073184767,1071513599,1072168959,1072693247,1073741823,1073741823,1073741823,1073741823:i8
1073741823,1073741759,1073741823,1073737727,1073740799,1073741823,1073741823,1073184767,1071513599,1072168959,1072693247,1073741823,1073741823,1073741823,1073741823:i8
1073741823,1073741759,1073741823,1073741823,1073724415,1073741823,1073741823,1073184767,1071513599,1072168959,1072693247,1073741823,1073741823,1073741823,1073741823:i8
1073741823,1073741759,1073741823,1073741823,1073736703,1073741823,1073741823,1073184767,1071513599,1072168959,1072693247,1073741823,1073741823,1073741823,1073741823:i8
1073741823,1073741759,1073741823,1073741823,1073740799,1073737727,1073741823,1073184767,1071513599,1072168959,1072693247,1073741823,1073741823,1073741823,1073741823:i8
1073741823,1073741759,1073741823,1073741823,1073740799,1073741823,1073740799,1073184767,1071513599,1072168959,1072693247,1073741823,1073741823,1073741823,1073741823:i8
1073741823,1073741759,1073741823,1073741823,1073740799,1073741823,1073741823,1073184767,1071513599,1072167935,1072693247,1073741823,1073741823,1073741823,1073741823:i8
1073741823,1073741759,1073741823,1073741823,1073740799,1073741823,1073741823,1073184767,1071509503,1072168959,1072693247,1073741823,1073741823,1073741823,1073741823:i8
1073741823,1073741759,1073741823,1073741823,1073740799,1073741823,1073741823,1073183743,1071513599,1072168959,1072693247,1073741823,1073741823,1073741823,1073741823:i8
1073741823,1073741759,1073741823,1073741823,1073740799,1073741823,1073741823,1073180671,1071513599,1072168959,1072693247,1073741823,1073741823,1073741823,1073741823:j9
1073741823,1073741759,1073741823,1073741823,1073740799,1073740799,1073741823,1073184767,1071513599,1072168959,1072693247,1073741823,1073741823,1073741823,1073741823:i8
1073741823,1073741759,1073741823,1073741823,1073740799,1073741823,1073737727,1073184767,1071513599,1072168959,1072693247,1073741823,1073741823,1073741823,1073741823:i8
1073741823,1073741759,1073741823,1073741823,1073740799,1073725439,1073741823,1073184767,1071513599,1072168959,1072693247,1073741823,1073741823,1073741823,1073741823:i8
1073741823,1073741759,1073741823,1073741823,1073740799,1073741823,1073725439,1073184767,1071513599,1072168959,1072693247,1073741823,1073741823,1073741823,1073741823:i8
1073741823,1073741759,1073741823,1073741823,1073740799,1073479679,1073741823,1073184767,1071513599,1072168959,1072693247,1073741823,1073741823,1073741823,1073741823:i8
1073741823,1073741759,1073741823,1073741823,1073740799,1073741823,1073676287,1073184767,1071513599,1072168959,1072693247,1073741823,1073741823,1073741823,1073741823:j9
1073741823,1073741759,1073741823,1073741823,1073740799,1073741823,1073741823,1073119231,1071513599,1072168959,1072693247,1073741823,1073741823,1073741823,1073741823:j9
1073741823,1073741759,1073741823,1073741823,1073740799,1073741823,1073741823,1073184767,1071513599,1072152575,1072693247,1073741823,1073741823,1073741823,1073741823:i8
1073741823,1073741759,1073741823,1073741823,1073740799,1073741823,1073741823,1073184767,1071497215,1072168959,1072693247,1073741823,1073741823,1073741823,1073741823:i8
1073741823,1073741759,1073741823,1073741823,1073740799,1073741823,1073741823,1073184767,1073610751,1073217535,1072693247,1069547519,1073741823,1073741823,1073741823:i8
1073741823,1073741759,1073741823,1073741823,1073740799,1073741823,1073741823,1073184767,1073610751,1073217535,1072693247,1073479679,1073741823,1073741823,1073741823:i8
1073741823,1073741759,1073741823,1073741823,1073740799,1073741823,1073741823,1073184767,1073610751,1073217535,1072431103,1073741823,1073741823,1073741823,1073741823:i11
1073741823,1073741759,1073741823,1073741823,1073740799,1073741823,1073741823,1073184767,1073610751,1073217535,1072300031,1073741823,1073737727,1073741823,1073741823:i8
1073741823,1073741759,1073741823,1073741823,1073740799,1073741823,1073741823,1073184767,1073610751,1073217535,1072300031,1073741823,1073725439,1073741823,1073741823:i8
1073741823,1073741759,1073741823,1073741823,1073740799,1073741823,1073741823,1073184767,1073610751,1073217535,1072300031,1073676287,1073741823,1073741823,1073741823:i8
1073741823,1073741759,1073741823,1073741823,1073740799,1073741823,1073741823,1073184767,1073610751,1073217535,1072283647,1073741823,1073741823,1073741823,1073741823:i8
1073741823,1073741759,1073741823,1073741823,1073740799,1073741823,1073741823,1073184767,1069416447,1073217535,1072300031,1073741823,1073741823,1073741823,1073741823:i8
1073741823,1073741759,1073741823,1073741823,1073740799,1073741823,1073741823,1073184767,1073610751,1073217535,1072300031,1073741823,1069547519,1073741823,1073741823:i8
1073741823,1073741759,1073741823,1073741823,1073740799,1073741823,1073741823,1073184767,1073610751,1073217535,1072300031,1073741823,1073479679,1073741823,1073741823:i8
1073741823,1073741759,1073741823,1073741823,1073740799,1073741823,1073479679,1073184767,1073610751,1073217535,1072300031,1073741823,1073741823,1073741823,1073741823:i8
1073741823,1073741759,1073741823,1073741823,1073740799,1069547519,1073741823,1073184767,1073610751,1073217535,1072300031,1073741823,1073741823,1073741823,1073741823:i8
1073741823,1073741759,1073741823,1073741823,1073740799,1073741823,1073741823,1072136191,1073610751,1073217535,1072300031,1073741823,1073741823,1073741823,1073741823:i10
1073741823,1073741759,1073741823,1073741823,1073740799,1073741823,1073741823,1073184767,1073610751,1073217535,1072300031,1073741823,1073676287,1073741823,1073741823:i8
1073741823,1073741759,1073741823,1073741823,1073740799,1073741823,1073741823,1073184767,1056833535,1073217535,1072300031,1073741823,1073741823,1073741823,1073741823:i8
1073741823,1073741759,1073741823,1073741823,1073740799,1073741823,1073741823,1073184767,1073610751,1073217535,1055522815,1073741823,1073741823,1073741823,1073741823:i8
1073741823,1073741759,1073741823,1073741823,1073740799,1073741823,1073741823,1073184767,1073610751,1073217535,1068105727,1073741823,1073741823,1073741823,1073741823:i8
1073741823,1073741759,1073741823,1073741823,1073740799,1073741823,1073741823,1073184767,1073610751,1073217535,1072300031,1073741823,1056964607,1073741823,1073741823:i8
1073741823,1073741759,1073741823,1073741823,1073740799,1073741823,1073741823,1073184767,1073610751,1073217535,1072300031,1073741823,1072693247,1073741823,1073741823:i8
1073741823,1073741759,1073741823,1073741823,1073740799,1073741823,1073741823,1073184767,1073610751,1073217535,1072300031,1072693247,1073741823,1073741823,1073741823:i8
1073741823,1073741759,1073741823,1073741823,1073740799,1073741823,1073741823,1073184767,1073610751,1073217535,1072300031,1073725439,1073741823,1073741823,1073741823:i8
1073741823,1073741759,1073741823,1073741823,1073740799,1073741823,1073741823,1068990463,1073610751,1073217535,1072300031,1073741823,1073741823,1073741823,1073741823:i8
1073741823,1073741759,1073741823,1073741823,1073740799,1073741823,1073741823,1073184767,1073610751,1069023231,1072300031,1073741823,1073741823,1073741823,1073741823:i8
1073741823,1073741759,1073741823,1073741823,1073740799,1073741823,1073741823,1073184767,1073610751,1072168959,1072300031,1073741823,1073741823,1073741823,1073741823:i8
1073741823,1073741759,1073741823,1073741823,1073740799,1073741823,1073741823,1073184767,1073610751,1073217535,1072300031,1069547519,1073741823,1073741823,1073741823:i8
1073741823,1073741759,1073741823,1073741823,1073740799,1073741823,1073741823,1073184767,1073610751,1073217535,1072300031,1073479679,1073741823,1073741823,1073741823:i8
1073741823,1073741759,1073741823,1073741819,1073740799,1073741823,1073741823,1073184767,1073610751,1073217535,1072300031,1073741823,1073741823,1073741823,1073741823:i8
1073741823,1073741759,1073741807,1073741823,1073740799,1073741823,1073741823,1073184767,1073610751,1073217535,1072300031,1073741823,1073741823,1073741823,1073741823:i8
1073741823,1073741755,1073741823,1073741823,1073740799,1073741823,1073741823,1073184767,1073610751,1073217535,1072300031,1073741823,1073741823,1073741823,1073741823:i8
1073741823,1073741743,1073741823,1073741823,1073740799,1073741823,1073741823,1073184767,1073610751,1073217535,1072300031,1073741823,1073741823,1073741823,1073741823:i8
1073741807,1073741759,1073741823,1073741823,1073740799,1073741823,1073741823,1073184767,1073610751,1073217535,1072300031,1073741823,1073741823,1073741823,1073741823:i8
1073741759,1073741759,1073741823,1073741823,1073740799,1073741823,1073741823,1073184767,1073610751,1073217535,1072300031,1073741823,1073741823,1073741823,1073741823:i8
1073741567,1073741759,1073741823,1073741823,1073740799,1073741823,1073741823,1073184767,1073610751,1073217535,1072300031,1073741823,1073741823,1073741823,1073741823:i8
1073741823,1073740735,1073741823,1073741823,1073740799,1073741823,1073741823,1073184767,1073610751,1073217535,1072300031,1073741823,1073741823,1073741823,1073741823:i8
1073741823,1073741503,1073741823,1073741823,1073740799,1073741823,1073741823,1073184767,1073610751,1073217535,1072300031,1073741823,1073741823,1073741823,1073741823:i8
1073741823,1073741759,1073741567,1073741823,1073740799,1073741823,1073741823,1073184767,1073610751,1073217535,1072300031,1073741823,1073741823,1073741823,1073741823:i8
1073741823,1073741759,1073741823,1073741759,1073740799,1073741823,1073741823,1073184767,1073610751,1073217535,1072300031,1073741823,1073741823,1073741823,1073741823:i8
1073741823,1073741759,1073741823,1073741823,1073740799,1073741823,1073741823,1073184767,1073610751,1073217535,1072295935,1073741823,1073741823,1073741823,1073741823:i8
1073741823,1073741759,1073741823,1073741823,1073740799,1073741823,1072693247,1073184767,1073610751,1073217535,1072300031,1073741823,1073741823,1073741823,1073741823:i8
1073741823,1073741759,1073741823,1073741823,1073740799,1073741823,1073741823,1073184767,1072562175,1073217535,1072300031,1073741823,1073741823,1073741823,1073741823:i8
1073741823,1073741759,1073741823,1073741823,1073740799,1073741823,1073741823,1073184767,1073348607,1073217535,1072300031,1073741823,1073741823,1073741823,1073741823:i8
1073741823,1073741759,1073741823,1073741823,1073740799,1073741823,1073741823,1073184767,1073610751,1073151999,1072300031,1073741823,1073741823,1073741823,1073741823:h10
1073741823,1073741759,1073741823,1073741823,1073740799,1073741823,1073741759,1073184767,1073610751,1073217535,1072300031,1073741823,1073741823,1073741823,1073741823:i8
1073741823,1073741759,1073741823,1073741823,1073740799,1073741567,1073741823,1073184767,1073610751,1073217535,1072300031,1073741823,1073741823,1073741823,1073741823:i8
1073741823,1073741759,1073741823,1073741823,1073740735,1073741823,1073741823,1073184767,1073610751,1073217535,1072300031,1073741823,1073741823,1073741823,1073741823:i8
1073741823,1073741759,1073741823,1073741823,1073740543,1073741823,1073741823,1073184767,1073610751,1073217535,1072300031,1073741823,1073741823,1073741823,1073741823:i8
1073741823,1073741759,1073741759,1073741823,1073740799,1073741823,1073741823,1073184767,1073610751,1073217535,1072300031,1073741823,1073741823,1073741823,1073741823:i8
1073741823,1073741759,1073741823,1073741567,1073740799,1073741823,1073741823,1073184767,1073610751,1073217535,1072300031,1073741823,1073741823,1073741823,1073741823:i8
1073741823,1073741759,1073740799,1073741823,1073740799,1073741823,1073741823,1073184767,1073610751,1073217535,1072300031,1073741823,1073741823,1073741823,1073741823:i8
1073741823,1073741759,1073741823,1073740799,1073740799,1073741823,1073741823,1073184767,1073610751,1073217535,1072300031,1073741823,1073741823,1073741823,1073741823:i8
1073741823,1073741759,1073725439,1073741823,1073740799,1073741823,1073741823,1073184767,1073610751,1073217535,1072300031,1073741823,1073741823,1073741823,1073741823:i8
1073741823,1073741759,1073741823,1073737727,1073740799,1073741823,1073741823,1073184767,1073610751,1073217535,1072300031,1073741823,1073741823,1073741823,1073741823:i8
1073741823,1073741759,1073741823,1073741823,1073724415,1073741823,1073741823,1073184767,1073610751,1073217535,1072300031,1073741823,1073741823,1073741823,1073741823:i8
1073741823,1073741759,1073741823,1073741823,1073736703,1073741823,1073741823,1073184767,1073610751,1073217535,1072300031,1073741823,1073741823,1073741823,1073741823:i8
1073741823,1073741759,1073741823,1073741823,1073740799,1073737727,1073741823,1073184767,1073610751,1073217535,1072300031,1073741823,1073741823,1073741823,1073741823:i8
1073741823,1073741759,1073741823,1073741823,1073740799,1073741823,1073740799,1073184767,1073610751,1073217535,1072300031,1073741823,1073741823,1073741823,1073741823:i8
1073741823,1073741759,1073741823,1073741823,1073740799,1073741823,1073741823,1073184767,1073610751,1073216511,1072300031,1073741823,1073741823,1073741823,1073741823:i8
1073741823,1073741759,1073741823,1073741823,1073740799,1073741823,1073741823,1073184767,1073606655,1073217535,1072300031,1073741823,1073741823,1073741823,1073741823:i8
1073741823,1073741759,1073741823,1073741823,1073740799,1073741823,1073741823,1073183743,1073610751,1073217535,1072300031,1073741823,1073741823,1073741823,1073741823:i8
1073741823,1073741759,1073741823,1073741823,1073740799,1073741823,1073741823,1073180671,1073610751,1073217535,1072300031,1073741823,1073741823,1073741823,1073741823:h10
1073741823,1073741759,1073741823,1073741823,1073740799,1073740799,1073741823,1073184767,1073610751,1073217535,1072300031,1073741823,1073741823,1073741823,1073741823:i8
1073741823,1073741759,1073741823,1073741823,1073740799,1073741823,1073737727,1073184767,1073610751,1073217535,1072300031,1073741823,1073741823,1073741823,1073741823:i8
1073741823,1073741759,1073741823,1073741823,1073740799,1073725439,1073741823,1073184767,1073610751,1073217535,1072300031,1073741823,1073741823,1073741823,1073741823:i8
1073741823,1073741759,1073741823,1073741823,1073740799,1073741823,1073725439,1073184767,1073610751,1073217535,1072300031,1073741823,1073741823,1073741823,1073741823:i8
1073741823,1073741759,1073741823,1073741823,1073740799,1073479679,1073741823,1073184767,1073610751,1073217535,1072300031,1073741823,1073741823,1073741823,1073741823:i8
1073741823,1073741759,1073741823,1073741823,1073740799,1073741823,1073676287,1073184767,1073610751,1073217535,1072300031,1073741823,1073741823,1073741823,1073741823:i8
1073741823,1073741759,1073741823,1073741823,1073740799,1073741823,1073741823,1073119231,1073610751,1073217535,1072300031,1073741823,1073741823,1073741823,1073741823:h10
1073741823,1073741759,1073741823,1073741823,1073740799,1073741823,1073741823,1073184767,1073610751,1073201151,1072300031,1073741823,1073741823,1073741823,1073741823:i8
1073741823,1073741759,1073741823,1073741823,1073740799,1073741823,1073741823,1073184767,1073594367,1073217535,1072300031,1073741823,1073741823,1073741823,1073741823:i8
1073741823,1073741759,1073741823,1073741819,1073740799,1073741823,1073741823,1073184767,1073610751,1073217535,1072693247,1073741823,1073741823,1073741823,1073741823:i8
1073741823,1073741759,1073741807,1073741823,1073740799,1073741823,1073741823,1073184767,1073610751,1073217535,1072693247,1073741823,1073741823,1073741823,1073741823:i8
1073741823,1073741755,1073741823,1073741823,1073740799,1073741823,1073741823,1073184767,1073610751,1073217535,1072693247,1073741823,1073741823,1073741823,1073741823:i8
1073741823,1073741743,1073741823,1073741823,1073740799,1073741823,1073741823,1073184767,1073610751,1073217535,1072693247,1073741823,1073741823,1073741823,1073741823:i8
1073741807,1073741759,1073741823,1073741823,1073740799,1073741823,1073741823,1073184767,1073610751,1073217535,1072693247,1073741823,1073741823,1073741823,1073741823:i8
1073741759,1073741759,1073741823,1073741823,1073740799,1073741823,1073741823,1073184767,1073610751,1073217535,1072693247,1073741823,1073741823,1073741823,1073741823:i8
1073741567,1073741759,1073741823,1073741823,1073740799,1073741823,1073741823,1073184767,1073610751,1073217535,1072693247,1073741823,1073741823,1073741823,1073741823:i8
1073741823,1073740735,1073741823,1073741823,1073740799,1073741823,1073741823,1073184767,1073610751,1073217535,1072693247,1073741823,1073741823,1073741823,1073741823:i8
1073741823,1073741503,1073741823,1073741823,1073740799,1073741823,1073741823,1073184767,1073610751,1073217535,1072693247,1073741823,1073741823,1073741823,1073741823:i8
1073741823,1073741759,1073741567,1073741823,1073740799,1073741823,1073741823,1073184767,1073610751,1073217535,1072693247,1073741823,1073741823,1073741823,1073741823:i8
1073741823,1073741759,1073741823,1073741759,1073740799,1073741823,1073741823,1073184767,1073610751,1073217535,1072693247,1073741823,1073741823,1073741823,1073741823:i8
1073741823,1073741759,1073741823,1073741823,1073740799,1073741823,1073741823,1073184767,1073610751,1073217535,1072689151,1073741823,1073741823,1073741823,1073741823:i8
1073741823,1073741759,1073741823,1073741823,1073740799,1073741823,1072693247,1073184767,1073610751,1073217535,1072693247,1073741823,1073741823,1073741823,1073741823:j9
1073741823,1073741759,1073741823,1073741823,1073740799,1073741823,1073741823,1073184767,1072562175,1073217535,1072693247,1073741823,1073741823,1073741823,1073741823:j9
1073741823,1073741759,1073741823,1073741823,1073740799,1073741823,1073741823,1073184767,1072037887,1073217535,1072676863,1073741823,1073741823,1073741823,1073741823:j7
1073741823,1073741759,1073741823,1073741823,1073740799,1073741823,1069547519,1073184767,1072037887,1073217535,1072693247,1073741823,1073741823,1073741823,1073741823:i8
1073741823,1073741759,1073741823,1073741823,1073740799,1073741823,1056964607,1073184767,1072037887,1073217535,1072693247,1073741823,1073741823,1073741823,1073741823:i8
1073741823,1073741759,1073741823,1073741823,1073740799,1073741823,1073741823,1073184767,1067843583,1073217535,1072693247,1073741823,1073741823,1073741823,1073741823:i8
1073741823,1073741759,1073741823,1073741823,1073740799,1073741823,1073479679,1073184767,1072037887,1073217535,1072693247,1073741823,1073741823,1073741823,1073741823:i8
1073741823,1073741759,1073741823,1073741823,1073740799,1069547519,1073741823,1073184767,1072037887,1073217535,1072693247,1073741823,1073741823,1073741823,1073741823:i8
1073741823,1073741759,1073741823,1073741823,1073740799,1073741823,1073741823,1072136191,1072037887,1073217535,1072693247,1073741823,1073741823,1073741823,1073741823:j7
1073741823,1073741759,1073741823,1073741823,1073740799,1073741823,1073741823,1073184767,1072037887,1073217535,1072693247,1073741823,1073676287,1073741823,1073741823:i8
1073741823,1073741759,1073741823,1073741823,1073740799,1073741823,1073741823,1073184767,1055260671,1073217535,1072693247,1073741823,1073741823,1073741823,1073741823:i8
1073741823,1073741759,1073741823,1073741823,1073740799,1073741823,1073741823,1073184767,1072037887,1073217535,1055916031,1073741823,1073741823,1073741823,1073741823:k8
1073741823,1073741759,1073741823,1073741823,1073740799,1073741823,1073741823,1073184767,1072037887,1073217535,1068498943,1073741823,1073741823,1073741823,1073741823:j7
1073741823,1073741759,1073741823,1073741823,1073740799,1073741823,1073741823,1073184767,1072037887,1073217535,1072693247,1073741823,1056964607,1073741823,1073741823:i8
1073741823,1073741759,1073741823,1073741823,1073740799,1073741823,1073741823,1073184767,1072037887,1073217535,1072693247,1073741823,1072693247,1073741823,1073741823:k8
1073741823,1073741759,1073741823,1073741823,1073740799,1073741823,1073741823,1073184767,1072037887,1073217535,1072693247,1072693247,1073741823,1073741823,1073741823:j7
1073741823,1073741759,1073741823,1073741823,1073740799,1073741823,1073741823,1073184767,1072037887,1073217535,1072693247,1073725439,1073741823,1073741823,1073741823:i8
1073741823,1073741759,1073741823,1073741823,1073740799,1073741823,1073741823,1068990463,1072037887,1073217535,1072693247,1073741823,1073741823,1073741823,1073741823:i8
1073741823,1073741759,1073741823,1073741823,1073740799,1073741823,1073741823,1073184767,1072037887,1069023231,1072693247,1073741823,1073741823,1073741823,1073741823:j7
1073741823,1073741759,1073741823,1073741823,1073740799,1073741823,1073741823,1073184767,1072037887,1072168959,1072693247,1073741823,1073741823,1073741823,1073741823:j7
1073741823,1073741759,1073741823,1073741823,1073740799,1073741823,1073741823,1073184767,1072037887,1073217535,1072693247,1069547519,1073741823,1073741823,1073741823:i8
1073741823,1073741759,1073741823,1073741823,1073740799,1073741823,1073741823,1073184767,1072037887,1073217535,1072693247,1073479679,1073741823,1073741823,1073741823:i8
1073741823,1073741759,1073741823,1073741823,1073740799,1073741823,1073741823,1073184767,1072037887,1073217535,1072431103,1073741823,1073741823,1073741823,1073741823:k8
1073741823,1073741759,1073741823,1073741819,1073740799,1073741823,1073741823,1073184767,1072037887,1073217535,1072693247,1073741823,1073741823,1073741823,1073741823:i8
1073741823,1073741759,1073741807,1073741823,1073740799,1073741823,1073741823,1073184767,1072037887,1073217535,1072693247,1073741823,1073741823,1073741823,1073741823:i8
1073741823,1073741755,1073741823,1073741823,1073740799,1073741823,1073741823,1073184767,1072037887,1073217535,1072693247,1073741823,1073741823,1073741823,1073741823:i8
1073741823,1073741743,1073741823,1073741823,1073740799,1073741823,1073741823,1073184767,1072037887,1073217535,1072693247,1073741823,1073741823,1073741823,1073741823:i8
1073741807,1073741759,1073741823,1073741823,1073740799,1073741823,1073741823,1073184767,1072037887,1073217535,1072693247,1073741823,1073741823,1073741823,1073741823:i8
1073741759,1073741759,1073741823,1073741823,1073740799,1073741823,1073741823,1073184767,1072037887,1073217535,1072693247,1073741823,1073741823,1073741823,1073741823:i8
1073741567,1073741759,1073741823,1073741823,1073740799,1073741823,1073741823,1073184767,1072037887,1073217535,1072693247,1073741823,1073741823,1073741823,1073741823:i8
1073741823,1073740735,1073741823,1073741823,1073740799,1073741823,1073741823,1073184767,1072037887,1073217535,1072693247,1073741823,1073741823,1073741823,1073741823:i8
1073741823,1073741503,1073741823,1073741823,1073740799,1073741823,1073741823,1073184767,1072037887,1073217535,1072693247,1073741823,1073741823,1073741823,1073741823:i8
1073741823,1073741759,1073741567,1073741823,1073740799,1073741823,1073741823,1073184767,1072037887,1073217535,1072693247,1073741823,1073741823,1073741823,1073741823:i8
1073741823,1073741759,1073741823,1073741759,1073740799,1073741823,1073741823,1073184767,1072037887,1073217535,1072693247,1073741823,1073741823,1073741823,1073741823:i8
1073741823,1073741759,1073741823,1073741823,1073740799,1073741823,1073741823,1073184767,1072037887,1073217535,1072689151,1073741823,1073741823,1073741823,1073741823:i8
1073741823,1073741759,1073741823,1073741823,1073740799,1073741823,1072693247,1073184767,1072037887,1073217535,1072693247,1073741823,1073741823,1073741823,1073741823:k8
1073741823,1073741759,1073741823,1073741823,1073740799,1073741823,1073741823,1073184767,1072037887,1073217535,1072627711,1073741823,1073741823,1073741823,1073741823:k8
1073741823,1073741759,1073741823,1073741823,1073740799,1073741823,1073741823,1073184767,1072037887,1073151999,1072693247,1073741823,1073741823,1073741823,1073741823:j7
1073741823,1073741759,1073741823,1073741823,1073740799,1073741823,1073741759,1073184767,1072037887,1073217535,1072693247,1073741823,1073741823,1073741823,1073741823:i8
1073741823,1073741759,1073741823,1073741823,1073740799,1073741567,1073741823,1073184767,1072037887,1073217535,1072693247,1073741823,1073741823,1073741823,1073741823:i8
1073741823,1073741759,1073741823,1073741823,1073740735,1073741823,1073741823,1073184767,1072037887,1073217535,1072693247,1073741823,1073741823,1073741823,1073741823:i8
1073741823,1073741759,1073741823,1073741823,1073740543,1073741823,1073741823,1073184767,1072037887,1073217535,1072693247,1073741823,1073741823,1073741823,1073741823:i8
1073741823,1073741759,1073741759,1073741823,1073740799,1073741823,1073741823,1073184767,1072037887,1073217535,1072693247,1073741823,1073741823,1073741823,1073741823:k8
1073741823,1073741759,1073741823,1073741567,1073740799,1073741823,1073741823,1073184767,1072037887,1073217535,1072693247,1073741823,1073741823,1073741823,1073741823:j7
1073741823,1073741759,1073740799,1073741823,1073740799,1073741823,1073741823,1073184767,1072037887,1073217535,1072693247,1073741823,1073741823,1073741823,1073741823:i8
1073741823,1073741759,1073741823,1073740799,1073740799,1073741823,1073741823,1073184767,1072037887,1073217535,1072693247,1073741823,1073741823,1073741823,1073741823:i8
1073741823,1073741759,1073725439,1073741823,1073740799,1073741823,1073741823,1073184767,1072037887,1073217535,1072693247,1073741823,1073741823,1073741823,1073741823:i8
1073741823,1073741759,1073741823,1073737727,1073740799,1073741823,1073741823,1073184767,1072037887,1073217535,1072693247,1073741823,1073741823,1073741823,1073741823:i8
1073741823,1073741759,1073741823,1073741823,1073724415,1073741823,1073741823,1073184767,1072037887,1073217535,1072693247,1073741823,1073741823,1073741823,1073741823:i8
1073741823,1073741759,1073741823,1073741823,1073736703,1073741823,1073741823,1073184767,1072037887,1073217535,1072693247,1073741823,1073741823,1073741823,1073741823:i8
1073741823,1073741759,1073741823,1073741823,1073740799,1073737727,1073741823,1073184767,1072037887,1073217535,1072693247,1073741823,1073741823,1073741823,1073741823:j7
1073741823,1073741759,1073741823,1073741823,1073740799,1073741823,1073740799,1073184767,1072037887,1073217535,1072693247,1073741823,1073741823,1073741823,1073741823:i8
1073741823,1073741759,1073741823,1073741823,1073740799,1073741823,1073741823,1073184767,1072037887,1073216511,1072693247,1073741823,1073741823,1073741823,1073741823:i8
1073741823,1073741759,1073741823,1073741823,1073740799,1073741823,1073741823,1073184767,1072033791,1073217535,1072693247,1073741823,1073741823,1073741823,1073741823:i8
1073741823,1073741759,1073741823,1073741823,1073740799,1073741823,1073741823,1073183743,1072037887,1073217535,1072693247,1073741823,1073741823,1073741823,1073741823:i8
1073741823,1073741759,1073741823,1073741823,1073740799,1073741823,1073741823,1073180671,1072037887,1073217535,1072693247,1073741823,1073741823,1073741823,1073741823:j7
1073741823,1073741759,1073741823,1073741823,1073740799,1073740799,1073741823,1073184767,1072037887,1073217535,1072693247,1073741823,1073741823,1073741823,1073741823:i8
1073741823,1073741759,1073741823,1073741823,1073740799,1073741823,1073737727,1073184767,1072037887,1073217535,1072693247,1073741823,1073741823,1073741823,1073741823:i8
1073741823,1073741759,1073741823,1073741823,1073740799,1073725439,1073741823,1073184767,1072037887,1073217535,1072693247,1073741823,1073741823,1073741823,1073741823:i8
1073741823,1073741759,1073741823,1073741823,1073740799,1073741823,1073725439,1073184767,1072037887,1073217535,1072693247,1073741823,1073741823,1073741823,1073741823:j7
1073741823,1073741759,1073741823,1073741823,1073740799,1073479679,1073741823,1073184767,1072037887,1073217535,1072693247,1073741823,1073741823,1073741823,1073741823:i8
1073741823,1073741759,1073741823,1073741823,1073740799,1073741823,1073676287,1073184767,1072037887,1073217535,1072693247,1073741823,1073741823,1073741823,1073741823:i8
1073741823,1073741759,1073741823,1073741823,1073740799,1073741823,1073741823,1073119231,1072037887,1073217535,1072693247,1073741823,1073741823,1073741823,1073741823:j7
1073741823,1073741759,1073741823,1073741823,1073740799,1073741823,1073741823,1073184767,1072037887,1073201151,1072693247,1073741823,1073741823,1073741823,1073741823:j7
1073741823,1073741759,1073741823,1073741823,1073740799,1073741823,1073741823,1073184767,1072021503,1073217535,1072693247,1073741823,1073741823,1073741823,1073741823:i8
1073741823,1073741759,1073741823,1073741823,1073740799,1073741823,1073741823,1073184767,1073348607,1073217535,1072693247,1073741823,1073741823,1073741823,1073741823:i8
1073741823,1073741759,1073741823,1073741823,1073740799,1073741823,1073741823,1073184767,1073610751,1073217535,1072627711,1073741823,1073741823,1073741823,1073741823:i8
1073741823,1073741759,1073741823,1073741823,1073740799,1073741823,1073741823,1073184767,1073610751,1073151999,1072693247,1073741823,1073741823,1073741823,1073741823:j9
1073741823,1073741759,1073741823,1073741823,1073740799,1073741823,1073741759,1073184767,1073610751,1073217535,1072693247,1073741823,1073741823,1073741823,1073741823:i8
1073741823,1073741759,1073741823,1073741823,1073740799,1073741567,1073741823,1073184767,1073610751,1073217535,1072693247,1073741823,1073741823,1073741823,1073741823:i8
1073741823,1073741759,1073741823,1073741823,1073740735,1073741823,1073741823,1073184767,1073610751,1073217535,1072693247,1073741823,1073741823,1073741823,1073741823:i8
1073741823,1073741759,1073741823,1073741823,1073740543,1073741823,1073741823,1073184767,1073610751,1073217535,1072693247,1073741823,1073741823,1073741823,1073741823:i8
1073741823,1073741759,1073741759,1073741823,1073740799,1073741823,1073741823,1073184767,1073610751,1073217535,1072693247,1073741823,1073741823,1073741823,1073741823:i8
1073741823,1073741759,1073741823,1073741567,1073740799,1073741823,1073741823,1073184767,1073610751,1073217535,1072693247,1073741823,1073741823,1073741823,1073741823:i8
1073741823,1073741759,1073740799,1073741823,1073740799,1073741823,1073741823,1073184767,1073610751,1073217535,1072693247,1073741823,1073741823,1073741823,1073741823:i8
1073741823,1073741759,1073741823,1073740799,1073740799,1073741823,1073741823,1073184767,1073610751,1073217535,1072693247,1073741823,1073741823,1073741823,1073741823:i8
1073741823,1073741759,1073725439,1073741823,1073740799,1073741823,1073741823,1073184767,1073610751,1073217535,1072693247,1073741823,1073741823,1073741823,1073741823:i8
1073741823,1073741759,1073741823,1073737727,1073740799,1073741823,1073741823,1073184767,1073610751,1073217535,1072693247,1073741823,1073741823,1073741823,1073741823:i8
1073741823,1073741759,1073741823,1073741823,1073724415,1073741823,1073741823,1073184767,1073610751,1073217535,1072693247,1073741823,1073741823,1073741823,1073741823:i8
1073741823,1073741759,1073741823,1073741823,1073736703,1073741823,1073741823,1073184767,1073610751,1073217535,1072693247,1073741823,1073741823,1073741823,1073741823:i8
1073741823,1073741759,1073741823,1073741823,1073740799,1073737727,1073741823,1073184767,1073610751,1073217535,1072693247,1073741823,1073741823,1073741823,1073741823:i8
1073741823,1073741759,1073741823,1073741823,1073740799,1073741823,1073740799,1073184767,1073610751,1073217535,1072693247,1073741823,1073741823,1073741823,1073741823:i8
1073741823,1073741759,1073741823,1073741823,1073740799,1073741823,1073741823,1073184767,1073610751,1073216511,1072693247,1073741823,1073741823,1073741823,1073741823:i8
1073741823,1073741759,1073741823,1073741823,1073740799,1073741823,1073741823,1073184767,1073606655,1073217535,1072693247,1073741823,1073741823,1073741823,1073741823:i8
1073741823,1073741759,1073741823,1073741823,1073740799,1073741823,1073741823,1073183743,1073610751,1073217535,1072693247,1073741823,1073741823,1073741823,1073741823:i8
1073741823,1073741759,1073741823,1073741823,1073740799,1073741823,1073741823,1073180671,1073610751,1073217535,1072693247,1073741823,1073741823,1073741823,1073741823:j9
1073741823,1073741759,1073741823,1073741823,1073740799,1073740799,1073741823,1073184767,1073610751,1073217535,1072693247,1073741823,1073741823,1073741823,1073741823:i8
1073741823,1073741759,1073741823,1073741823,1073740799,1073741823,1073737727,1073184767,1073610751,1073217535,1072693247,1073741823,1073741823,1073741823,1073741823:i8
1073741823,1073741759,1073741823,1073741823,1073740799,1073725439,1073741823,1073184767,1073610751,1073217535,1072693247,1073741823,1073741823,1073741823,1073741823:i8
1073741823,1073741759,1073741823,1073741823,1073740799,1073741823,1073725439,1073184767,1073610751,1073217535,1072693247,1073741823,1073741823,1073741823,1073741823:i8
1073741823,1073741759,1073741823,1073741823,1073740799,1073479679,1073741823,1073184767,1073610751,1073217535,1072693247,1073741823,1073741823,1073741823,1073741823:i8
1073741823,1073741759,1073741823,1073741823,1073740799,1073741823,1073676287,1073184767,1073610751,1073217535,1072693247,1073741823,1073741823,1073741823,1073741823:j9
1073741823,1073741759,1073741823,1073741823,1073740799,1073741823,1073741823,1073119231,1073610751,1073217535,1072693247,1073741823,1073741823,1073741823,1073741823:j9
1073741823,1073741759,1073741823,1073741823,1073740799,1073741823,1073741823,1073184767,1073610751,1073201151,1072693247,1073741823,1073741823,1073741823,1073741823:i8
1073741823,1073741759,1073741823,1073741823,1073740799,1073741823,1073741823,1073184767,1073594367,1073217535,1072693247,1073741823,1073741823,1073741823,1073741823:i8
1073741823,1073741759,1073741823,1073741823,1073740799,1073741823,1073741823,1073709055,1073610751,1073217535,1073676287,1073741823,1073741823,1073741823,1073741823:g7
1073741823,1073741759,1073741823,1073741823,1073740799,1073741823,1073741823,1073709055,1073610751,1073151999,1073741823,1073741823,1073741823,1073741823,1073741823:g7
1073741823,1073741759,1073741823,1073741823,1073740799,1073741823,1073741759,1073709055,1073610751,1073217535,1073741823,1073741823,1073741823,1073741823,1073741823:g7
1073741823,1073741759,1073741823,1073741823,1073740799,1073741567,1073741823,1073709055,1073610751,1073217535,1073741823,1073741823,1073741823,1073741823,1073741823:g7
1073741823,1073741759,1073741823,1073741823,1073740735,1073741823,1073741823,1073709055,1073610751,1073217535,1073741823,1073741823,1073741823,1073741823,1073741823:g7
1073741823,1073741759,1073741823,1073741823,1073740543,1073741823,1073741823,1073709055,1073610751,1073217535,1073741823,1073741823,1073741823,1073741823,1073741823:g7
1073741823,1073741759,1073741759,1073741823,1073740799,1073741823,1073741823,1073709055,1073610751,1073217535,1073741823,1073741823,1073741823,1073741823,1073741823:g7
1073741823,1073741759,1073741823,1073741567,1073740799,1073741823,1073741823,1073709055,1073610751,1073217535,1073741823,1073741823,1073741823,1073741823,1073741823:g7
1073741823,1073741759,1073740799,1073741823,1073740799,1073741823,1073741823,1073709055,1073610751,1073217535,1073741823,1073741823,1073741823,1073741823,1073741823:g7
1073741823,1073741759,1073741823,1073740799,1073740799,1073741823,1073741823,1073709055,1073610751,1073217535,1073741823,1073741823,1073741823,1073741823,1073741823:g7
1073741823,1073741759,1073725439,1073741823,1073740799,1073741823,1073741823,1073709055,1073610751,1073217535,1073741823,1073741823,1073741823,1073741823,1073741823:g7
1073741823,1073741759,1073741823,1073737727,1073740799,1073741823,1073741823,1073709055,1073610751,1073217535,1073741823,1073741823,1073741823,1073741823,1073741823:g7
1073741823,1073741759,1073741823,1073741823,1073724415,1073741823,1073741823,1073709055,1073610751,1073217535,1073741823,1073741823,1073741823,1073741823,1073741823:g7
1073741823,1073741759,1073741823,1073741823,1073736703,1073741823,1073741823,1073709055,1073610751,1073217535,1073741823,1073741823,1073741823,1073741823,1073741823:g7
1073741823,1073741759,1073741823,1073741823,1073740799,1073737727,1073741823,1073709055,1073610751,1073217535,1073741823,1073741823,1073741823,1073741823,1073741823:g7
1073741823,1073741759,1073741823,1073741823,1073740799,1073741823,1073740799,1073709055,1073610751,1073217535,1073741823,1073741823,1073741823,1073741823,1073741823:g7
1073741823,1073741759,1073741823,1073741823,1073740799,1073741823,1073741823,1073709055,1073610751,1073216511,1073741823,1073741823,1073741823,1073741823,1073741823:g7
1073741823,1073741759,1073741823,1073741823,1073740799,1073741823,1073741823,1073709055,1073606655,1073217535,1073741823,1073741823,1073741823,1073741823,1073741823:g7
1073741823,1073741759,1073741823,1073741823,1073740799,1073741823,1073741823,1073708031,1073610751,1073217535,1073741823,1073741823,1073741823,1073741823,1073741823:g7
1073741823,1073741759,1073741823,1073741823,1073740799,1073741823,1073741823,1073704959,1073610751,1073217535,1073741823,1073741823,1073741823,1073741823,1073741823:g7
1073741823,1073741759,1073741823,1073741823,1073740799,1073740799,1073741823,1073709055,1073610751,1073217535,1073741823,1073741823,1073741823,1073741823,1073741823:k11
1073741823,1073741759,1073741823,1073741823,1073740799,1073741823,1073737727,1073709055,1073610751,1073217535,1073741823,1073741823,1073741823,1073741823,1073741823:k11
1073741823,1073741759,1073741823,1073741823,1073740799,1073741823,1073737727,1073709055,1073610751,1073217535,1071644671,1073741823,1073676287,1073741823,1073741823:l12
1073741823,1073741759,1073741823,1073741823,1073740799,1073741823,1073737727,1073709055,1056833535,1073217535,1071644671,1073741823,1073741823,1073741823,1073741823:l12
1073741823,1073741759,1073741823,1073741823,1073740799,1073741823,1073737727,1073709055,1073610751,1073217535,1054867455,1073741823,1073741823,1073741823,1073741823:l12
1073741823,1073741759,1073741823,1073741823,1073740799,1073741823,1073737727,1073709055,1073610751,1073217535,1067450367,1073741823,1073741823,1073741823,1073741823:l12
1073741823,1073741759,1073741823,1073741823,1073740799,1073741823,1073737727,1073709055,1073610751,1073217535,1071644671,1073741823,1056964607,1073741823,1073741823:l12
1073741823,1073741759,1073741823,1073741823,1073740799,1073741823,1073737727,1073709055,1073610751,1073217535,1071644671,1073741823,1072693247,1073741823,1073741823:l12
1073741823,1073741759,1073741823,1073741823,1073740799,1073741823,1073737727,1073709055,1073610751,1073217535,1071644671,1072693247,1073741823,1073741823,1073741823:l12
1073741823,1073741759,1073741823,1073741823,1073740799,1073741823,1073737727,1073709055,1073610495,1073217535,1071644671,1073741823,1073741823,1073741823,1073741823:l12
1073741823,1073741759,1073741823,1073741823,1073740799,1073741823,1073737471,1073709055,1073610751,1073217535,1071644671,1073741823,1073741823,1073741823,1073741823:l12
1073741823,1073741759,1073741823,1073741823,1073675263,1073741823,1073737727,1073709055,1073610751,1073217535,1071644671,1073741823,1073741823,1073741823,1073741823:l12
1073741823,1073741759,1073741823,1073741823,1073740799,1073741823,1073737727,1073709055,1073610751,1073217535,1071644671,1073725439,1073741823,1073741823,1073741823:l12
1073741823,1073741759,1073741823,1073741823,1073740799,1073741823,1073737727,1069514751,1073610751,1073217535,1071644671,1073741823,1073741823,1073741823,1073741823:l12
1073741823,1073741759,1073741823,1073741823,1073740799,1073741823,1073737727,1073709055,1073610751,1069023231,1071644671,1073741823,1073741823,1073741823,1073741823:l12
1073741823,1073741759,1073741823,1073741823,1073740799,1073741823,1073737727,1073709055,1073610751,1072168959,1071644671,1073741823,1073741823,1073741823,1073741823:l12
1073741823,1073741759,1073741823,1073741823,1073740799,1073741823,1073737727,1073709055,1073610751,1073217535,1071644671,1069547519,1073741823,1073741823,1073741823:j9
1073741823,1073741759,1073741823,1073741823,1073740799,1073741823,1073737727,1073709055,1073086463,1073217535,1071628287,1069547519,1073741823,1073741823,1073741823:g9
1073741823,1073741759,1073741823,1073741823,1073740799,1073741823,1073475583,1073709055,1073086463,1073217535,1071644671,1069547519,1073741823,1073741823,1073741823:k9
1073741823,1073741759,1073741823,1073741823,1073740799,1073741823,1069543423,1073709055,1073086463,1073217535,1071644671,1069547519,1073741823,1073741823,1073741823:g9
1073741823,1073741759,1073741823,1073741823,1073740799,1073741823,1073737727,1072660479,1073086463,1073217535,1071644671,1069547519,1073741823,1073741823,1073741823:h9
1073741823,1073741759,1073741823,1073741823,1073740799,1073741823,1073737727,1073709055,1068892159,1073217535,1071644671,1069547519,1073741823,1073741823,1073741823:g9
1073741823,1073741759,1073741823,1073741823,1073740799,1073741823,1073737727,1073709055,1073086463,1073217535,1071644671,1069547519,1073741823,1073479679,1073741823:g9
1073741823,1073741759,1073741823,1073741823,1073740799,1073741823,1073737727,1073709055,1073086463,1006108671,1071644671,1069547519,1073741823,1073741823,1073741823:g9
1073741823,1073741759,1073741823,1073741823,1073740799,1073741823,1073737727,1073709055,1073086463,1073217535,1071644671,1002438655,1073741823,1073741823,1073741823:g9
1073741823,1073741759,1073741823,1073741823,1073740799,1073741823,1073737727,1073709055,1073086463,1073217535,1071644671,1052770303,1073741823,1073741823,1073741823:g9
1073741823,1073741759,1073741823,1073741823,1073740799,1073741823,1073737727,1073709055,1073086463,1073217535,1071644671,1069547519,1073741823,1006632959,1073741823:g9
1073741823,1073741759,1073741823,1073741823,1073740799,1073741823,1073737727,1073709055,1073086463,1073217535,1071644671,1069547519,1073741823,1069547519,1073741823:g9
1073741823,1073741759,1073741823,1073741823,1073740799,1073741823,1073737727,1073709055,1073086463,1073217535,1071644671,1069547519,1069547519,1073741823,1073741823:g9
1073741823,1073741759,1073741823,1073741823,1073740799,1073741823,1073737727,1073709055,1073086463,1073217535,1071644671,1069547519,1073676287,1073741823,1073741823:g9
1073741823,1073741759,1073741823,1073741823,1073740799,1073741823,1073737727,1073709055,1056309247,1073217535,1071644671,1069547519,1073741823,1073741823,1073741823:g9
1073741823,1073741759,1073741823,1073741823,1073740799,1073741823,1073737727,1073709055,1073086463,1073217535,1054867455,1069547519,1073741823,1073741823,1073741823:g9
1073741823,1073741759,1073741823,1073741823,1073740799,1073741823,1073737727,1073709055,1073086463,1073217535,1067450367,1069547519,1073741823,1073741823,1073741823:g9
1073741823,1073741759,1073741823,1073741823,1073740799,1073741823,1073737727,1073709055,1073086463,1073217535,1071644671,1069547519,1056964607,1073741823,1073741823:g9
1073741823,1073741759,1073741823,1073741823,1073740799,1073741823,1073737727,1073709055,1073086463,1073217535,1071644671,1069547519,1072693247,1073741823,1073741823:g9
1073741823,1073741759,1073741823,1073741823,1073740799,1073741823,1073737727,1073709055,1073086463,1073217535,1071644671,1068498943,1073741823,1073741823,1073741823:g9
1073741823,1073741759,1073741823,1073741823,1073740799,1073741823,1073737727,1073709055,1073086207,1073217535,1071644671,1069547519,1073741823,1073741823,1073741823:g9
1073741823,1073741759,1073741823,1073741823,1073740799,1073741823,1073737471,1073709055,1073086463,1073217535,1071644671,1069547519,1073741823,1073741823,1073741823:g9
1073741823,1073741759,1073741823,1073741823,1073675263,1073741823,1073737727,1073709055,1073086463,1073217535,1071644671,1069547519,1073741823,1073741823,1073741823:g9
1073741823,1073741759,1073741823,1073741823,1073740799,1073741823,1073737727,1073709055,1073086463,1073217535,1071644671,1069531135,1073741823,1073741823,1073741823:g9
1073741823,1073741759,1073741823,1073741823,1073740799,1073741823,1073737727,1069514751,1073086463,1073217535,1071644671,1069547519,1073741823,1073741823,1073741823:g9
1073741823,1073741759,1073741823,1073741823,1073740799,1073741823,1073737727,1073709055,1073086463,1069023231,1071644671,1069547519,1073741823,1073741823,1073741823:g9
1073741823,1073741759,1073741823,1073741823,1073740799,1073741823,1073737727,1073709055,1073086463,1072168959,1071644671,1069547519,1073741823,1073741823,1073741823:g9
1073741823,1073741759,1073741823,1073741823,1073740799,1073741823,1073737727,1073709055,1073086463,1073217535,1071644671,1069285375,1073741823,1073741823,1073741823:h9
1073741823,1073741759,1073741823,1073741823,1073740799,1073741823,1073737727,1073709055,1073086463,1073217535,1071382527,1069547519,1073741823,1073741823,1073741823:h9
1073741823,1073741759,1073741823,1073741819,1073740799,1073741823,1073737727,1073709055,1073086463,1073217535,1071644671,1069547519,1073741823,1073741823,1073741823:g9
1073741823,1073741759,1073741807,1073741823,1073740799,1073741823,1073737727,1073709055,1073086463,1073217535,1071644671,1069547519,1073741823,1073741823,1073741823:g9
1073741823,1073741755,1073741823,1073741823,1073740799,1073741823,1073737727,1073709055,1073086463,1073217535,1071644671,1069547519,1073741823,1073741823,1073741823:g9
1073741823,1073741743,1073741823,1073741823,1073740799,1073741823,1073737727,1073709055,1073086463,1073217535,1071644671,1069547519,1073741823,1073741823,1073741823:g9
1073741807,1073741759,1073741823,1073741823,1073740799,1073741823,1073737727,1073709055,1073086463,1073217535,1071644671,1069547519,1073741823,1073741823,1073741823:g9
1073741759,1073741759,1073741823,1073741823,1073740799,1073741823,1073737727,1073709055,1073086463,1073217535,1071644671,1069547519,1073741823,1073741823,1073741823:g9
1073741567,1073741759,1073741823,1073741823,1073740799,1073741823,1073737727,1073709055,1073086463,1073217535,1071644671,1069547519,1073741823,1073741823,1073741823:g9
1073741823,1073740735,1073741823,1073741823,1073740799,1073741823,1073737727,1073709055,1073086463,1073217535,1071644671,1069547519,1073741823,1073741823,1073741823:g9
1073741823,1073741503,1073741823,1073741823,1073740799,1073741823,1073737727,1073709055,1073086463,1073217535,1071644671,1069547519,1073741823,1073741823,1073741823:g9
1073741823,1073741759,1073741567,1073741823,1073740799,1073741823,1073737727,1073709055,1073086463,1073217535,1071644671,1069547519,1073741823,1073741823,1073741823:g9
1073741823,1073741759,1073741823,1073741759,1073740799,1073741823,1073737727,1073709055,1073086463,1073217535,1071644671,1069547519,1073741823,1073741823,1073741823:g9
1073741823,1073741759,1073741823,1073741823,1073740799,1073741823,1073737727,1073709055,1073086463,1073217535,1071640575,1069547519,1073741823,1073741823,1073741823:g9
1073741823,1073741759,1073741823,1073741823,1073740799,1073741823,1072689151,1073709055,1073086463,1073217535,1071644671,1069547519,1073741823,1073741823,1073741823:g9
1073741823,1073741759,1073741823,1073741823,1073740799,1073741823,1073737727,1073709055,1072037887,1073217535,1071644671,1069547519,1073741823,1073741823,1073741823:j8
1073741823,1073741759,1073741823,1073741823,1073740799,1073741823,1073737727,1073709055,1073086463,1073217535,1071579135,1069547519,1073741823,1073741823,1073741823:g9
1073741823,1073741759,1073741823,1073741823,1073740799,1073741823,1073737727,1073709055,1073086463,1073151999,1071644671,1069547519,1073741823,1073741823,1073741823:h9
1073741823,1073741759,1073741823,1073741823,1073740799,1073741823,1073737663,1073709055,1073086463,1073217535,1071644671,1069547519,1073741823,1073741823,1073741823:g9
1073741823,1073741759,1073741823,1073741823,1073740799,1073741567,1073737727,1073709055,1073086463,1073217535,1071644671,1069547519,1073741823,1073741823,1073741823:g9
1073741823,1073741759,1073741823,1073741823,1073740735,1073741823,1073737727,1073709055,1073086463,1073217535,1071644671,1069547519,1073741823,1073741823,1073741823:g9
1073741823,1073741759,1073741823,1073741823,1073740543,1073741823,1073737727,1073709055,1073086463,1073217535,1071644671,1069547519,1073741823,1073741823,1073741823:g9
1073741823,1073741759,1073741759,1073741823,1073740799,1073741823,1073737727,1073709055,1073086463,1073217535,1071644671,1069547519,1073741823,1073741823,1073741823:g9
1073741823,1073741759,1073741823,1073741567,1073740799,1073741823,1073737727,1073709055,1073086463,1073217535,1071644671,1069547519,1073741823,1073741823,1073741823:g9
1073741823,1073741759,1073740799,1073741823,1073740799,1073741823,1073737727,1073709055,1073086463,1073217535,1071644671,1069547519,1073741823,1073741823,1073741823:g9
1073741823,1073741759,1073741823,1073740799,1073740799,1073741823,1073737727,1073709055,1073086463,1073217535,1071644671,1069547519,1073741823,1073741823,1073741823:g9
1073741823,1073741759,1073725439,1073741823,1073740799,1073741823,1073737727,1073709055,1073086463,1073217535,1071644671,1069547519,1073741823,1073741823,1073741823:g9
1073741823,1073741759,1073741823,1073737727,1073740799,1073741823,1073737727,1073709055,1073086463,1073217535,1071644671,1069547519,1073741823,1073741823,1073741823:g9
1073741823,1073741759,1073741823,1073741823,1073724415,1073741823,1073737727,1073709055,1073086463,1073217535,1071644671,1069547519,1073741823,1073741823,1073741823:g9
1073741823,1073741759,1073741823,1073741823,1073736703,1073741823,1073737727,1073709055,1073086463,1073217535,1071644671,1069547519,1073741823,1073741823,1073741823:g9
1073741823,1073741759,1073741823,1073741823,1073740799,1073737727,1073737727,1073709055,1073086463,1073217535,1071644671,1069547519,1073741823,1073741823,1073741823:k9
1073741823,1073741759,1073741823,1073741823,1073740799,1073741823,1073736703,1073709055,1073086463,1073217535,1071644671,1069547519,1073741823,1073741823,1073741823:k9
1073741823,1073741759,1073741823,1073741823,1073740799,1073741823,1073737727,1073709055,1073086463,1073216511,1071644671,1069547519,1073741823,1073741823,1073741823:h9
1073741823,1073741759,1073741823,1073741823,1073740799,1073741823,1073737727,1073709055,1073082367,1073217535,1071644671,1069547519,1073741823,1073741823,1073741823:k9
1073741823,1073741759,1073741823,1073741823,1073740799,1073741823,1073737727,1073708031,1073086463,1073217535,1071644671,1069547519,1073741823,1073741823,1073741823:h9
1073741823,1073741759,1073741823,1073741823,1073740799,1073741823,1073737727,1073704959,1073086463,1073217535,1071644671,1069547519,1073741823,1073741823,1073741823:k9
1073741823,1073741759,1073741823,1073741823,1073740799,1073740799,1073737727,1073709055,1073086463,1073217535,1071644671,1069547519,1073741823,1073741823,1073741823:h9
1073741823,1073741759,1073741823,1073741823,1073740799,1073725439,1073737727,1073709055,1073086463,1073217535,1071644671,1069547519,1073741823,1073741823,1073741823:h9
1073741823,1073741759,1073741823,1073741823,1073740799,1073741823,1073721343,1073709055,1073086463,1073217535,1071644671,1069547519,1073741823,1073741823,1073741823:k9
1073741823,1073741759,1073741823,1073741823,1073740799,1073479679,1073737727,1073709055,1073086463,1073217535,1071644671,1069547519,1073741823,1073741823,1073741823:h9
1073741823,1073741759,1073741823,1073741823,1073740799,1073741823,1073672191,1073709055,1073086463,1073217535,1071644671,1069547519,1073741823,1073741823,1073741823:k9
1073741823,1073741759,1073741823,1073741823,1073740799,1073741823,1073737727,1073446911,1073086463,1073217535,1071644671,1069547519,1073741823,1073741823,1073741823:h9
1073741823,1073741759,1073741823,1073741823,1073740799,1073741823,1073737727,1073643519,1073086463,1073217535,1071644671,1069547519,1073741823,1073741823,1073741823:k9
1073741823,1073741759,1073741823,1073741823,1073740799,1073741823,1073737727,1073709055,1073086463,1073201151,1071644671,1069547519,1073741823,1073741823,1073741823:k9
1073741823,1073741759,1073741823,1073741823,1073740799,1073741823,1073737727,1073709055,1073070079,1073217535,1071644671,1069547519,1073741823,1073741823,1073741823:j11
1073741823,1073741759,1073741823,1073741823,1073740799,1073741823,1073737727,1073709055,1073610751,1073217535,1071644671,1073479679,1073741823,1073741823,1073741823:l12
1073741823,1073741759,1073741823,1073741823,1073740799,1073741823,1073737727,1073709055,1073610751,1073217535,1071382527,1073741823,1073741823,1073741823,1073741823:l12
1073741823,1073741759,1073741823,1073741819,1073740799,1073741823,1073737727,1073709055,1073610751,1073217535,1071644671,1073741823,1073741823,1073741823,1073741823:l12
1073741823,1073741759,1073741807,1073741823,1073740799,1073741823,1073737727,1073709055,1073610751,1073217535,1071644671,1073741823,1073741823,1073741823,1073741823:l12
1073741823,1073741755,1073741823,1073741823,1073740799,1073741823,1073737727,1073709055,1073610751,1073217535,1071644671,1073741823,1073741823,1073741823,1073741823:l12
1073741823,1073741743,1073741823,1073741823,1073740799,1073741823,1073737727,1073709055,1073610751,1073217535,1071644671,1073741823,1073741823,1073741823,1073741823:l12
1073741807,1073741759,1073741823,1073741823,1073740799,1073741823,1073737727,1073709055,1073610751,1073217535,1071644671,1073741823,1073741823,1073741823,1073741823:l12
1073741759,1073741759,1073741823,1073741823,1073740799,1073741823,1073737727,1073709055,1073610751,1073217535,1071644671,1073741823,1073741823,1073741823,1073741823:l12
1073741567,1073741759,1073741823,1073741823,1073740799,1073741823,1073737727,1073709055,1073610751,1073217535,1071644671,1073741823,1073741823,1073741823,1073741823:l12
1073741823,1073740735,1073741823,1073741823,1073740799,1073741823,1073737727,1073709055,1073610751,1073217535,1071644671,1073741823,1073741823,1073741823,1073741823:l12
1073741823,1073741503,1073741823,1073741823,1073740799,1073741823,1073737727,1073709055,1073610751,1073217535,1071644671,1073741823,1073741823,1073741823,1073741823:l12
1073741823,1073741759,1073741567,1073741823,1073740799,1073741823,1073737727,1073709055,1073610751,1073217535,1071644671,1073741823,1073741823,1073741823,1073741823:l12
1073741823,1073741759,1073741823,1073741759,1073740799,1073741823,1073737727,1073709055,1073610751,1073217535,1071644671,1073741823,1073741823,1073741823,1073741823:l12
1073741823,1073741759,1073741823,1073741823,1073740799,1073741823,1073737727,1073709055,1073610751,1073217535,1071640575,1073741823,1073741823,1073741823,1073741823:l12
1073741823,1073741759,1073741823,1073741823,1073740799,1073741823,1072689151,1073709055,1073610751,1073217535,1071644671,1073741823,1073741823,1073741823,1073741823:l12
1073741823,1073741759,1073741823,1073741823,1073740799,1073741823,1073737727,1073709055,1072562175,1073217535,1071644671,1073741823,1073741823,1073741823,1073741823:l12
1073741823,1073741759,1073741823,1073741823,1073740799,1073741823,1073737727,1073709055,1073348607,1073217535,1071644671,1073741823,1073741823,1073741823,1073741823:l12
1073741823,1073741759,1073741823,1073741823,1073740799,1073741823,1073737727,1073709055,1073610751,1073217535,1071579135,1073741823,1073741823,1073741823,1073741823:l12
1073741823,1073741759,1073741823,1073741823,1073740799,1073741823,1073737727,1073709055,1073610751,1073151999,1071644671,1073741823,1073741823,1073741823,1073741823:l12
1073741823,1073741759,1073741823,1073741823,1073740799,1073741823,1073737663,1073709055,1073610751,1073217535,1071644671,1073741823,1073741823,1073741823,1073741823:l12
1073741823,1073741759,1073741823,1073741823,1073740799,1073741567,1073737727,1073709055,1073610751,1073217535,1071644671,1073741823,1073741823,1073741823,1073741823:l12
1073741823,1073741759,1073741823,1073741823,1073740735,1073741823,1073737727,1073709055,1073610751,1073217535,1071644671,1073741823,1073741823,1073741823,1073741823:l12
1073741823,1073741759,1073741823,1073741823,1073740543,1073741823,1073737727,1073709055,1073610751,1073217535,1071644671,1073741823,1073741823,1073741823,1073741823:l12
1073741823,1073741759,1073741759,1073741823,1073740799,1073741823,1073737727,1073709055,1073610751,1073217535,1071644671,1073741823,1073741823,1073741823,1073741823:l12
1073741823,1073741759,1073741823,1073741567,1073740799,1073741823,1073737727,1073709055,1073610751,1073217535,1071644671,1073741823,1073741823,1073741823,1073741823:l12
1073741823,1073741759,1073740799,1073741823,1073740799,1073741823,1073737727,1073709055,1073610751,1073217535,1071644671,1073741823,1073741823,1073741823,1073741823:l12
1073741823,1073741759,1073741823,1073740799,1073740799,1073741823,1073737727,1073709055,1073610751,1073217535,1071644671,1073741823,1073741823,1073741823,1073741823:l12
1073741823,1073741759,1073725439,1073741823,1073740799,1073741823,1073737727,1073709055,1073610751,1073217535,1071644671,1073741823,1073741823,1073741823,1073741823:l12
1073741823,1073741759,1073741823,1073737727,1073740799,1073741823,1073737727,1073709055,1073610751,1073217535,1071644671,1073741823,1073741823,1073741823,1073741823:l12
1073741823,1073741759,1073741823,1073741823,1073724415,1073741823,1073737727,1073709055,1073610751,1073217535,1071644671,1073741823,1073741823,1073741823,1073741823:l12
1073741823,1073741759,1073741823,1073741823,1073736703,1073741823,1073737727,1073709055,1073610751,1073217535,1071644671,1073741823,1073741823,1073741823,1073741823:l12
1073741823,1073741759,1073741823,1073741823,1073740799,1073737727,1073737727,1073709055,1073610751,1073217535,1071644671,1073741823,1073741823,1073741823,1073741823:l12
1073741823,1073741759,1073741823,1073741823,1073740799,1073741823,1073736703,1073709055,1073610751,1073217535,1071644671,1073741823,1073741823,1073741823,1073741823:l12
1073741823,1073741759,1073741823,1073741823,1073740799,1073741823,1073737727,1073709055,1073610751,1073216511,1071644671,1073741823,1073741823,1073741823,1073741823:l12
1073741823,1073741759,1073741823,1073741823,1073740799,1073741823,1073737727,1073709055,1073606655,1073217535,1071644671,1073741823,1073741823,1073741823,1073741823:l12
1073741823,1073741759,1073741823,1073741823,1073740799,1073741823,1073737727,1073708031,1073610751,1073217535,1071644671,1073741823,1073741823,1073741823,1073741823:l12
1073741823,1073741759,1073741823,1073741823,1073740799,1073741823,1073737727,1073704959,1073610751,1073217535,1071644671,1073741823,1073741823,1073741823,1073741823:l12
1073741823,1073741759,1073741823,1073741823,1073740799,1073740799,1073737727,1073709055,1073610751,1073217535,1071644671,1073741823,1073741823,1073741823,1073741823:l12
1073741823,1073741759,1073741823,1073741823,1073740799,1073725439,1073737727,1073709055,1073610751,1073217535,1071644671,1073741823,1073741823,1073741823,1073741823:l12
1073741823,1073741759,1073741823,1073741823,1073740799,1073741823,1073721343,1073709055,1073610751,1073217535,1071644671,1073741823,1073741823,1073741823,1073741823:l12
1073741823,1073741759,1073741823,1073741823,1073740799,1073479679,1073737727,1073709055,1073610751,1073217535,1071644671,1073741823,1073741823,1073741823,1073741823:l12
1073741823,1073741759,1073741823,1073741823,1073740799,1073741823,1073672191,1073709055,1073610751,1073217535,1071644671,1073741823,1073741823,1073741823,1073741823:l12
1073741823,1073741759,1073741823,1073741823,1073740799,1073741823,1073737727,1073446911,1073610751,1073217535,1071644671,1073741823,1073741823,1073741823,1073741823:l12
1073741823,1073741759,1073741823,1073741823,1073740799,1073741823,1073737727,1073643519,1073610751,1073217535,1071644671,1073741823,1073741823,1073741823,1073741823:l12
1073741823,1073741759,1073741823,1073741823,1073740799,1073741823,1073737727,1073709055,1073610751,1073201151,1071644671,1073741823,1073741823,1073741823,1073741823:l12
1073741823,1073741759,1073741823,1073741823,1073740799,1073741823,1073737727,1073709055,1073594367,1073217535,1071644671,1073741823,1073741823,1073741823,1073741823:l12
1073741823,1073741759,1073741823,1073741823,1073740799,1073725439,1073741823,1073709055,1073610751,1073217535,1073741823,1073741823,1073741823,1073741823,1073741823:g7
1073741823,1073741759,1073741823,1073741823,1073740799,1073741823,1073725439,1073709055,1073610751,1073217535,1073741823,1073741823,1073741823,1073741823,1073741823:g7
1073741823,1073741759,1073741823,1073741823,1073740799,1073479679,1073741823,1073709055,1073610751,1073217535,1073741823,1073741823,1073741823,1073741823,1073741823:g7
1073741823,1073741759,1073741823,1073741823,1073740799,1073741823,1073676287,1073709055,1073610751,1073217535,1073741823,1073741823,1073741823,1073741823,1073741823:g7
1073741823,1073741759,1073741823,1073741823,1073740799,1073741823,1073741823,1073446911,1073610751,1073217535,1073741823,1073741823,1073741823,1073741823,1073741823:g7
1073741823,1073741759,1073741823,1073741823,1073740799,1073741823,1073741823,1073643519,1073610751,1073217535,1073741823,1073741823,1073741823,1073741823,1073741823:g7
1073741823,1073741759,1073741823,1073741823,1073740799,1073741823,1073741823,1073709055,1073610751,1073201151,1073741823,1073741823,1073741823,1073741823,1073741823:g7
1073741823,1073741759,1073741823,1073741823,1073740799,1073741823,1073741823,1073709055,1073594367,1073217535,1073741823,1073741823,1073741823,1073741823,1073741823:g7
