1073741823,1073741823,1073741823,1073741823,1073741823,1073741823,1073672191,1073184767,1073082367,1073741823,1073737727,1073741823,1073741823,1073741823,1073741823:g8
1073741823,1073741823,1073741823,1073741823,1073741823,1073741823,1073672191,1073176575,1073082367,1073741567,1073737727,1073741823,1073741823,1073741823,1073741823:i8
1073741823,1073741823,1073741823,1073741823,1073741823,1073741823,1073672191,1073176319,1073082367,1073741823,1073737727,1073741823,1073741823,1073741823,1073741823:i8
1073741823,1073741823,1073741823,1073741823,1073741823,1073741567,1073672191,1073176575,1073082367,1073741823,1073737727,1073741823,1073741823,1073741823,1073741823:i8
1073741823,1073741823,1073741823,1073741823,1073741823,1073741823,1073672191,1073176575,1073082367,1073741823,1073737727,1073741823,1073741567,1073741823,1073741823:i8
1073741823,1073741823,1073741823,1073741823,1073741823,1073741823,1073672191,1073176575,1073082367,1073741823,1073737727,1073740799,1073741823,1073741823,1073741823:i8
1073741823,1073741823,1073741823,1073741823,1073741823,1073741823,1073672191,1073176575,1073082367,1073741823,1073736703,1073741823,1073741823,1073741823,1073741823:i8
1073741823,1073741823,1073741823,1073741823,1073741823,1073741823,1073672191,1073176575,1073082367,1073741823,1073737727,1073741823,1073676287,1073741823,1073741823:i8
1073741823,1073741823,1073741823,1073741823,1073741823,1073741823,1073672191,1073176575,1073082367,1073741823,1073737727,1073725439,1073741823,1073741823,1073741823:i8
1073741823,1073741823,1073741823,1073741823,1073741823,1073741823,1073672191,1073176575,1073082367,1073741823,1073737727,1073741823,1073737727,1073741823,1073741823:i8
1073741823,1073741823,1073741823,1073741823,1073741823,1073741823,1073672191,1073176575,1073082367,1073741823,1073737727,1073737727,1073741823,1073741823,1073741823:i8
1073741823,1073741823,1073741823,1073741823,1073741823,1069547519,1073672191,1073176575,1073082367,1073741823,1073737727,1073741823,1073741823,1073741823,1073741823:i8
1073741823,1073741823,1073741823,1073741823,1073741823,1073741823,1073672191,1068982271,1073082367,1073741823,1073737727,1073741823,1073741823,1073741823,1073741823:i8
1073741823,1073741823,1073741823,1073741823,1073741823,1073741823,1073672191,1073176575,1073082367,1069547519,1073737727,1073741823,1073741823,1073741823,1073741823:i8
1073741823,1073741823,1073741823,1073741823,1073741823,1073741823,1073672191,1073176575,1073082367,1073741823,1073737471,1073741823,1073741823,1073741823,1073741823:i8
1073741823,1073741823,1073741823,1073741823,1073741823,1073741823,1073672191,1073176575,1073081343,1073741823,1073737727,1073741823,1073741823,1073741823,1073741823:i8
1073741823,1073741823,1073741823,1073741823,1073741823,1073741823,1073672191,1073176575,1073082367,1073737727,1073737727,1073741823,1073741823,1073741823,1073741823:i8
1073741823,1073741823,1073741823,1073741823,1073741823,1073741823,1073672191,1073176575,1073082367,1073741823,1073721343,1073741823,1073741823,1073741823,1073741823:i8
1073741823,1073741823,1073741823,1073741823,1073741823,1073741823,1069477887,1073176575,1073082367,1073741823,1073737727,1073741823,1073741823,1073741823,1073741823:i8
1073741823,1073741823,1073741823,1073741823,1073741823,1073741823,1073672191,1072127999,1073082367,1073741823,1073737727,1073741823,1073741823,1073741823,1073741823:j7
1073741823,1073741823,1073741823,1073741823,1073725439,1073741823,1073147903,1072127999,1073082367,1073741823,1073737727,1073741823,1073741823,1073741823,1073741823:j6
1073741823,1073741823,1073741823,1073741823,1073479679,1073741823,1073147903,1072127999,1073082367,1073741823,1073737727,1073741823,1073741823,1073741823,1073741823:j10
1073741823,1073741823,1073741823,1073741823,1069547519,1073741823,1073147903,1072127999,1073082367,1073741823,1073737727,1073741823,1073741823,1073741823,1073741823:j6
1073741823,1073741823,1073741823,1073741823,1073741823,1072693247,1073147903,1072127999,1073082367,1073741823,1073737727,1073741823,1073741823,1073741823,1073741823:j6
1073741823,1073741823,1073741823,1073741823,1073741823,1056964607,1073147903,1072127999,1073082367,1073741823,1073737727,1073741823,1073741823,1073741823,1073741823:j6
1073741823,1073741823,1073741823,1073741823,1073741823,1073741823,1073147903,1055350783,1073082367,1073741823,1073737727,1073741823,1073741823,1073741823,1073741823:j6
1073741823,1073741823,1073741823,1073741823,1073741823,1073741823,1073147903,1072127999,1073082367,1056964607,1073737727,1073741823,1073741823,1073741823,1073741823:j6
1073741823,1073741823,1073741823,1073741823,1073741823,1073741823,1073147903,1072127999,1073082367,1073741567,1073737727,1073741823,1073741823,1073741823,1073741823:j6
1073741823,1073741823,1073741823,1073741823,1073741823,1073741823,1073147903,1072127743,1073082367,1073741823,1073737727,1073741823,1073741823,1073741823,1073741823:j6
1073741823,1073741823,1073741823,1073741823,1073741823,1073741567,1073147903,1072127999,1073082367,1073741823,1073737727,1073741823,1073741823,1073741823,1073741823:j6
1073741823,1073741823,1073741823,1073741823,1073741823,1073741823,1073147903,1072127999,1073082367,1073741823,1073737727,1073741823,1073741567,1073741823,1073741823:j6
1073741823,1073741823,1073741823,1073741823,1073741823,1073741823,1073147903,1072127999,1073082367,1073741823,1073737727,1073740799,1073741823,1073741823,1073741823:j6
1073741823,1073741823,1073741823,1073741823,1073741823,1073741823,1073147903,1072127999,1073082367,1073741823,1073736703,1073741823,1073741823,1073741823,1073741823:j6
1073741823,1073741823,1073741823,1073741823,1073741823,1073741823,1073147903,1072127999,1073082367,1073741823,1073737727,1073741823,1073676287,1073741823,1073741823:j6
1073741823,1073741823,1073741823,1073741823,1073741823,1073741823,1073147903,1072127999,1073082367,1073741823,1073737727,1073725439,1073741823,1073741823,1073741823:j6
1073741823,1073741823,1073741823,1073741823,1073741823,1073741823,1073147903,1072127999,1073082367,1073741823,1073737727,1073741823,1073737727,1073741823,1073741823:j6
1073741823,1073741823,1073741823,1073741823,1073741823,1073741823,1073147903,1072127999,1073082367,1073741823,1073737727,1073737727,1073741823,1073741823,1073741823:j6
1073741823,1073741823,1073741823,1073741823,1073741823,1069547519,1073147903,1072127999,1073082367,1073741823,1073737727,1073741823,1073741823,1073741823,1073741823:j6
1073741823,1073741823,1073741823,1073741823,1073741823,1073741823,1073147903,1067933695,1073082367,1073741823,1073737727,1073741823,1073741823,1073741823,1073741823:j6
1073741823,1073741823,1073741823,1073741823,1073741823,1073741823,1073147903,1072127999,1073082367,1069547519,1073737727,1073741823,1073741823,1073741823,1073741823:j6
1073741823,1073741823,1073741823,1073741823,1073741823,1073741823,1073147903,1072127999,1073082367,1073741823,1073737471,1073741823,1073741823,1073741823,1073741823:j6
1073741823,1073741823,1073741823,1073741823,1073741823,1073741823,1073147903,1072127999,1073081343,1073741823,1073737727,1073741823,1073741823,1073741823,1073741823:j6
1073741823,1073741823,1073741823,1073741823,1073741823,1073741823,1073147903,1072127999,1073082367,1073737727,1073737727,1073741823,1073741823,1073741823,1073741823:j6
1073741823,1073741823,1073741823,1073741823,1073741823,1073741823,1073147903,1072127999,1073082367,1073741823,1073721343,1073741823,1073741823,1073741823,1073741823:j6
1073741823,1073741823,1073741823,1073741823,1073741823,1073741823,1068953599,1072127999,1073082367,1073741823,1073737727,1073741823,1073741823,1073741823,1073741823:j6
1073741823,1073741823,1073741823,1073741823,1073741823,1073741823,1073147903,1072127999,1068888063,1073741823,1073737727,1073741823,1073741823,1073741823,1073741823:j6
1073741823,1073741823,1073741823,1073741823,1073741823,1073741823,1073147903,1072127999,1073082367,1073741823,1069543423,1073741823,1073741823,1073741823,1073741823:j6
1073741823,1073741823,1073741823,1073741823,1073741823,1073741823,1073147903,1072127999,1073082367,1072693247,1073737727,1073741823,1073741823,1073741823,1073741823:j6
1073741823,1073741823,1073741823,1073741823,1073741823,1073741823,1073147903,1072127999,1073082367,1073741823,1073475583,1073741823,1073741823,1073741823,1073741823:j6
1073741823,1073741823,1073741823,1073741823,1073741823,1073741823,1073147903,1072127999,1073082111,1073741823,1073737727,1073741823,1073741823,1073741823,1073741823:j6
1073741823,1073741823,1073741823,1073741823,1073741823,1073741823,1073147647,1072127999,1073082367,1073741823,1073737727,1073741823,1073741823,1073741823,1073741823:j6
1073741823,1073741823,1073741823,1073741823,1073741823,1073741823,1073146879,1072127999,1073082367,1073741823,1073737727,1073741823,1073741823,1073741823,1073741823:j6
1073741823,1073741823,1073741823,1073741823,1073741567,1073741823,1073147903,1072127999,1073082367,1073741823,1073737727,1073741823,1073741823,1073741823,1073741823:j6
1073741823,1073741823,1073741823,1073741823,1073741823,1073737727,1073147903,1072127999,1073082367,1073741823,1073737727,1073741823,1073741823,1073741823,1073741823:j6
1073741823,1073741823,1073741823,1073741823,1073741823,1073741823,1073147903,1072127999,1073082367,1073741823,1072689151,1073741823,1073741823,1073741823,1073741823:j6
1073741823,1073741823,1073741823,1073741823,1073741823,1073741823,1073147903,1072127999,1073082367,1073741823,1073672191,1073741823,1073741823,1073741823,1073741823:j6
1073741823,1073741823,1073741823,1073741823,1073741823,1073741823,1073147903,1072127999,1073082367,1073676287,1073737727,1073741823,1073741823,1073741823,1073741823:j6
1073741823,1073741823,1073741823,1073741823,1073737727,1073741823,1073147903,1072127999,1073082367,1073741823,1073737727,1073741823,1073741823,1073741823,1073741823:j6
1073741823,1073741823,1073741823,1073741823,1073676287,1073741823,1073147903,1072127999,1073082367,1073741823,1073737727,1073741823,1073741823,1073741823,1073741823:j6
1073741823,1073741823,1073741823,1073741823,1073741823,1073676287,1073147903,1072127999,1073082367,1073741823,1073737727,1073741823,1073741823,1073741823,1073741823:j6
1073741823,1073741823,1073741823,1073741823,1072693247,1073741823,1073147903,1072127999,1073082367,1073741823,1073737727,1073741823,1073741823,1073741823,1073741823:j6
1073741823,1073741823,1073741823,1073741823,1073741823,1073741823,1072099327,1072127999,1073082367,1073741823,1073737727,1073741823,1073741823,1073741823,1073741823:j6
1073741823,1073741823,1073741823,1073741823,1073741823,1073741823,1073147903,1072127999,1072033791,1073741823,1073737727,1073741823,1073741823,1073741823,1073741823:j6
1073741823,1073741823,1073741823,1073741823,1073741823,1073741823,1073147903,1072127999,1073082367,1073740799,1073737727,1073741823,1073741823,1073741823,1073741823:j6
1073741823,1073741823,1073741823,1073741823,1073741823,1073741823,1073147903,1072126975,1073082367,1073741823,1073737727,1073741823,1073741823,1073741823,1073741823:j6
1073741823,1073741823,1073741823,1073741823,1073741823,1073740799,1073147903,1072127999,1073082367,1073741823,1073737727,1073741823,1073741823,1073741823,1073741823:j6
1073741823,1073741823,1073741823,1073741823,1073741823,1073725439,1073147903,1072127999,1073082367,1073741823,1073737727,1073741823,1073741823,1073741823,1073741823:j6
1073741823,1073741823,1073741823,1073741823,1073741823,1073741823,1073131519,1072127999,1073082367,1073741823,1073737727,1073741823,1073741823,1073741823,1073741823:j6
1073741823,1073741823,1073741823,1073741823,1073741823,1073479679,1073147903,1072127999,1073082367,1073741823,1073737727,1073741823,1073741823,1073741823,1073741823:j11
1073741823,1073741823,1073741823,1073741823,1073741823,1073741823,1073147903,1072062463,1073082367,1073741823,1073737727,1073741823,1073741823,1073741823,1073741823:j6
1073741823,1073741823,1073741823,1073741823,1073741823,1073741823,1073147903,1072127999,1073082367,1073479679,1073737727,1073741823,1073741823,1073741823,1073741823:j5
1073741823,1073741823,1073741823,1073741823,1073741823,1073741823,1073147903,1072127999,1073082367,1073725439,1073737727,1073741823,1073741823,1073741823,1073741823:j6
1073741823,1073741823,1073741823,1073741823,1073741823,1073741823,1073147903,1072127999,1073065983,1073741823,1073737727,1073741823,1073741823,1073741823,1073741823:j6
1073741823,1073741823,1073741823,1073741823,1073741823,1073741823,1073672191,1073176575,1068888063,1073741823,1073737727,1073741823,1073741823,1073741823,1073741823:i8
1073741823,1073741823,1073741823,1073741823,1073741823,1073741823,1073672191,1073176575,1073082367,1073741823,1069543423,1073741823,1073741823,1073741823,1073741823:i8
1073741823,1073741823,1073741823,1073741823,1073741823,1073741823,1073672191,1073176575,1073082367,1072693247,1073737727,1073741823,1073741823,1073741823,1073741823:i8
1073741823,1073741823,1073741823,1073741823,1073741823,1073741823,1073672191,1073176575,1073082367,1073741823,1073475583,1073741823,1073741823,1073741823,1073741823:i8
1073741823,1073741823,1073741823,1073741823,1073741823,1073741823,1073672191,1073176575,1073082111,1073741823,1073737727,1073741823,1073741823,1073741823,1073741823:i8
1073741823,1073741823,1073741823,1073741823,1073741823,1073741823,1073671935,1073176575,1073082367,1073741823,1073737727,1073741823,1073741823,1073741823,1073741823:i8
1073741823,1073741823,1073741823,1073741823,1073741823,1073741823,1073671167,1073176575,1073082367,1073741823,1073737727,1073741823,1073741823,1073741823,1073741823:i8
1073741823,1073741823,1073741823,1073741823,1073741567,1073741823,1073672191,1073176575,1073082367,1073741823,1073737727,1073741823,1073741823,1073741823,1073741823:i8
1073741823,1073741823,1073741823,1073741823,1073741823,1073737727,1073672191,1073176575,1073082367,1073741823,1073737727,1073741823,1073741823,1073741823,1073741823:i8
1073741823,1073741823,1073741823,1073741823,1073741823,1073741823,1073672191,1073176575,1073082367,1073741823,1072689151,1073741823,1073741823,1073741823,1073741823:i8
1073741823,1073741823,1073741823,1073741823,1073741823,1073741823,1073672191,1073176575,1073082367,1073741823,1073672191,1073741823,1073741823,1073741823,1073741823:i8
1073741823,1073741823,1073741823,1073741823,1073741823,1073741823,1073672191,1073176575,1073082367,1073676287,1073737727,1073741823,1073741823,1073741823,1073741823:i8
1073741823,1073741823,1073741823,1073741823,1073737727,1073741823,1073672191,1073176575,1073082367,1073741823,1073737727,1073741823,1073741823,1073741823,1073741823:i8
1073741823,1073741823,1073741823,1073741823,1073676287,1073741823,1073672191,1073176575,1073082367,1073741823,1073737727,1073741823,1073741823,1073741823,1073741823:i8
1073741823,1073741823,1073741823,1073741823,1073741823,1073676287,1073672191,1073176575,1073082367,1073741823,1073737727,1073741823,1073741823,1073741823,1073741823:i8
1073741823,1073741823,1073741823,1073741823,1072693247,1073741823,1073672191,1073176575,1073082367,1073741823,1073737727,1073741823,1073741823,1073741823,1073741823:i8
1073741823,1073741823,1073741823,1073741823,1073741823,1073741823,1072623615,1073176575,1073082367,1073741823,1073737727,1073741823,1073741823,1073741823,1073741823:i8
1073741823,1073741823,1073741823,1073741823,1073741823,1073741823,1073410047,1073176575,1073082367,1073741823,1073737727,1073741823,1073741823,1073741823,1073741823:i8
1073741823,1073741823,1073741823,1073741823,1073741823,1073741823,1073672191,1073176575,1072033791,1073741823,1073737727,1073741823,1073741823,1073741823,1073741823:i8
1073741823,1073741823,1073741823,1073741823,1073741823,1073741823,1073672191,1073176575,1073082367,1073740799,1073737727,1073741823,1073741823,1073741823,1073741823:i8
1073741823,1073741823,1073741823,1073741823,1073741823,1073741823,1073672191,1073175551,1073082367,1073741823,1073737727,1073741823,1073741823,1073741823,1073741823:k8
1073741823,1073741823,1073741823,1073741823,1073741823,1073740799,1073672191,1073176575,1073082367,1073741823,1073737727,1073741823,1073741823,1073741823,1073741823:i8
1073741823,1073741823,1073741823,1073741823,1073741823,1073725439,1073672191,1073176575,1073082367,1073741823,1073737727,1073741823,1073741823,1073741823,1073741823:i8
1073741823,1073741823,1073741823,1073741823,1073741823,1073741823,1073655807,1073176575,1073082367,1073741823,1073737727,1073741823,1073741823,1073741823,1073741823:i8
1073741823,1073741823,1073741823,1073741823,1073741823,1073479679,1073672191,1073176575,1073082367,1073741823,1073737727,1073741823,1073741823,1073741823,1073741823:i8
1073741823,1073741823,1073741823,1073741823,1073741823,1073741823,1073672191,1073111039,1073082367,1073741823,1073737727,1073741823,1073741823,1073741823,1073741823:j7
1073741823,1073741823,1073741823,1073741823,1073725439,1073741823,1073147903,1073111039,1073082367,1073741823,1073737727,1073741823,1073741823,1073741823,1073741823:j6
1073741823,1073741823,1073741823,1073741823,1073479679,1073741823,1073147903,1073111039,1073082367,1073741823,1073737727,1073741823,1073741823,1073741823,1073741823:j10
1073741823,1073741823,1073741823,1073741823,1069547519,1073741823,1073147903,1073111039,1073082367,1073741823,1073737727,1073741823,1073741823,1073741823,1073741823:j6
1073741823,1073741823,1073741823,1073741823,1073741823,1072693247,1073147903,1073111039,1073082367,1073741823,1073737727,1073741823,1073741823,1073741823,1073741823:j6
1073741823,1073741823,1073741823,1073741823,1073741823,1073741823,1073147903,1073111039,1073082367,1073741567,1073737727,1073741823,1073741823,1073741823,1073741823:j6
1073741823,1073741823,1073741823,1073741823,1073741823,1073741823,1073147903,1073110783,1073082367,1073741823,1073737727,1073741823,1073741823,1073741823,1073741823:j6
1073741823,1073741823,1073741823,1073741823,1073741823,1073741567,1073147903,1073111039,1073082367,1073741823,1073737727,1073741823,1073741823,1073741823,1073741823:j6
1073741823,1073741823,1073741823,1073741823,1073741823,1073741823,1073147903,1073111039,1073082367,1073741823,1073737727,1073741823,1073741567,1073741823,1073741823:j6
1073741823,1073741823,1073741823,1073741823,1073741823,1073741823,1073147903,1073111039,1073082367,1073741823,1073737727,1073740799,1073741823,1073741823,1073741823:j6
1073741823,1073741823,1073741823,1073741823,1073741823,1073741823,1073147903,1073111039,1073082367,1073741823,1073736703,1073741823,1073741823,1073741823,1073741823:j6
1073741823,1073741823,1073741823,1073741823,1073741823,1073741823,1073147903,1073111039,1073082367,1073741823,1073737727,1073741823,1073676287,1073741823,1073741823:j6
1073741823,1073741823,1073741823,1073741823,1073741823,1073741823,1073147903,1073111039,1073082367,1073741823,1073737727,1073725439,1073741823,1073741823,1073741823:j6
1073741823,1073741823,1073741823,1073741823,1073741823,1073741823,1073147903,1073111039,1073082367,1073741823,1073737727,1073741823,1073737727,1073741823,1073741823:j6
1073741823,1073741823,1073741823,1073741823,1073741823,1073741823,1073147903,1073111039,1073082367,1073741823,1073737727,1073737727,1073741823,1073741823,1073741823:j6
1073741823,1073741823,1073741823,1073741823,1073741823,1069547519,1073147903,1073111039,1073082367,1073741823,1073737727,1073741823,1073741823,1073741823,1073741823:j6
1073741823,1073741823,1073741823,1073741823,1073741823,1073741823,1073147903,1068916735,1073082367,1073741823,1073737727,1073741823,1073741823,1073741823,1073741823:j6
1073741823,1073741823,1073741823,1073741823,1073741823,1073741823,1073147903,1073111039,1073082367,1069547519,1073737727,1073741823,1073741823,1073741823,1073741823:j6
1073741823,1073741823,1073741823,1073741823,1073741823,1073741823,1073147903,1073111039,1073082367,1073741823,1073737471,1073741823,1073741823,1073741823,1073741823:j6
1073741823,1073741823,1073741823,1073741823,1073741823,1073741823,1073147903,1073111039,1073081343,1073741823,1073737727,1073741823,1073741823,1073741823,1073741823:j6
1073741823,1073741823,1073741823,1073741823,1073741823,1073741823,1073147903,1073111039,1073082367,1073737727,1073737727,1073741823,1073741823,1073741823,1073741823:j6
1073741823,1073741823,1073741823,1073741823,1073741823,1073741823,1073147903,1073111039,1073082367,1073741823,1073721343,1073741823,1073741823,1073741823,1073741823:j6
1073741823,1073741823,1073741823,1073741823,1073741823,1073741823,1068953599,1073111039,1073082367,1073741823,1073737727,1073741823,1073741823,1073741823,1073741823:j6
1073741823,1073741823,1073741823,1073741823,1073741823,1073741823,1073147903,1072062463,1073082367,1073741823,1073737727,1073741823,1073741823,1073741823,1073741823:j6
1073741823,1073741823,1073741823,1073741823,1073741823,1073741823,1073147903,1073111039,1068888063,1073741823,1073737727,1073741823,1073741823,1073741823,1073741823:j6
1073741823,1073741823,1073741823,1073741823,1073741823,1073741823,1073147903,1073111039,1073082367,1073741823,1069543423,1073741823,1073741823,1073741823,1073741823:j6
1073741823,1073741823,1073741823,1073741823,1073741823,1073741823,1073147903,1073111039,1073082367,1072693247,1073737727,1073741823,1073741823,1073741823,1073741823:j6
1073741823,1073741823,1073741823,1073741823,1073741823,1073741823,1073147903,1073111039,1073082367,1073741823,1073475583,1073741823,1073741823,1073741823,1073741823:j6
1073741823,1073741823,1073741823,1073741823,1073741823,1073741823,1073147903,1073111039,1073082111,1073741823,1073737727,1073741823,1073741823,1073741823,1073741823:j6
1073741823,1073741823,1073741823,1073741823,1073741823,1073741823,1073147647,1073111039,1073082367,1073741823,1073737727,1073741823,1073741823,1073741823,1073741823:j6
1073741823,1073741823,1073741823,1073741823,1073741823,1073741823,1073146879,1073111039,1073082367,1073741823,1073737727,1073741823,1073741823,1073741823,1073741823:j6
1073741823,1073741823,1073741823,1073741823,1073741567,1073741823,1073147903,1073111039,1073082367,1073741823,1073737727,1073741823,1073741823,1073741823,1073741823:j6
1073741823,1073741823,1073741823,1073741823,1073741823,1073737727,1073147903,1073111039,1073082367,1073741823,1073737727,1073741823,1073741823,1073741823,1073741823:j6
1073741823,1073741823,1073741823,1073741823,1073741823,1073741823,1073147903,1073111039,1073082367,1073741823,1072689151,1073741823,1073741823,1073741823,1073741823:j6
1073741823,1073741823,1073741823,1073741823,1073741823,1073741823,1073147903,1073111039,1073082367,1073741823,1073672191,1073741823,1073741823,1073741823,1073741823:j6
1073741823,1073741823,1073741823,1073741823,1073741823,1073741823,1073147903,1073111039,1073082367,1073676287,1073737727,1073741823,1073741823,1073741823,1073741823:j6
1073741823,1073741823,1073741823,1073741823,1073737727,1073741823,1073147903,1073111039,1073082367,1073741823,1073737727,1073741823,1073741823,1073741823,1073741823:j6
1073741823,1073741823,1073741823,1073741823,1073676287,1073741823,1073147903,1073111039,1073082367,1073741823,1073737727,1073741823,1073741823,1073741823,1073741823:j6
1073741823,1073741823,1073741823,1073741823,1073741823,1073676287,1073147903,1073111039,1073082367,1073741823,1073737727,1073741823,1073741823,1073741823,1073741823:j6
1073741823,1073741823,1073741823,1073741823,1072693247,1073741823,1073147903,1073111039,1073082367,1073741823,1073737727,1073741823,1073741823,1073741823,1073741823:j6
1073741823,1073741823,1073741823,1073741823,1073741823,1073741823,1072099327,1073111039,1073082367,1073741823,1073737727,1073741823,1073741823,1073741823,1073741823:j6
1073741823,1073741823,1073741823,1073741823,1073741823,1073741823,1073147903,1073111039,1072033791,1073741823,1073737727,1073741823,1073741823,1073741823,1073741823:j6
1073741823,1073741823,1073741823,1073741823,1073741823,1073741823,1073147903,1073111039,1073082367,1073740799,1073737727,1073741823,1073741823,1073741823,1073741823:j6
1073741823,1073741823,1073741823,1073741823,1073741823,1073741823,1073147903,1073110015,1073082367,1073741823,1073737727,1073741823,1073741823,1073741823,1073741823:j6
1073741823,1073741823,1073741823,1073741823,1073741823,1073740799,1073147903,1073111039,1073082367,1073741823,1073737727,1073741823,1073741823,1073741823,1073741823:j6
1073741823,1073741823,1073741823,1073741823,1073741823,1073725439,1073147903,1073111039,1073082367,1073741823,1073737727,1073741823,1073741823,1073741823,1073741823:j6
1073741823,1073741823,1073741823,1073741823,1073741823,1073741823,1073131519,1073111039,1073082367,1073741823,1073737727,1073741823,1073741823,1073741823,1073741823:j6
1073741823,1073741823,1073741823,1073741823,1073741823,1073479679,1073147903,1073111039,1073082367,1073741823,1073737727,1073741823,1073741823,1073741823,1073741823:h9
1073741823,1073741823,1073741823,1073725439,1073741823,1073479679,1073147903,1073111039,1073049599,1073741823,1073737727,1073741823,1073741823,1073741823,1073741823:j11
1073741823,1073741823,1073741823,1073479679,1073741823,1073479679,1073147903,1073111039,1073049599,1073741823,1073737727,1073741823,1073741823,1073741823,1073741823:j11
1073741823,1073741823,1073741823,1069547519,1073741823,1073479679,1073147903,1073111039,1073049599,1073741823,1073737727,1073741823,1073741823,1073741823,1073741823:j11
1073741823,1073741823,1073741823,1073741823,1073725439,1073479679,1073147903,1073111039,1073049599,1073741823,1073737727,1073741823,1073741823,1073741823,1073741823:j11
1073741823,1073741823,1073741823,1073741823,1073479679,1073479679,1073147903,1073111039,1073049599,1073741823,1073737727,1073741823,1073741823,1073741823,1073741823:j11
1073741823,1073741823,1073741823,1073741823,1069547519,1073479679,1073147903,1073111039,1073049599,1073741823,1073737727,1073741823,1073741823,1073741823,1073741823:j11
1073741823,1073741823,1073741823,1073741823,1073741823,1072431103,1073147903,1073111039,1073049599,1073741823,1073737727,1073741823,1073741823,1073741823,1073741823:j11
1073741823,1073741823,1073741823,1073741823,1073741823,1073479679,1073147903,1073111039,1073049599,1073741567,1073737727,1073741823,1073741823,1073741823,1073741823:j11
1073741823,1073741823,1073741823,1073741823,1073741823,1073479679,1073147903,1073110783,1073049599,1073741823,1073737727,1073741823,1073741823,1073741823,1073741823:j11
1073741823,1073741823,1073741823,1073741823,1073741823,1073479423,1073147903,1073111039,1073049599,1073741823,1073737727,1073741823,1073741823,1073741823,1073741823:j11
1073741823,1073741823,1073741823,1073741823,1073741823,1073479679,1073147903,1073111039,1073049599,1073741823,1073737727,1073741823,1073741567,1073741823,1073741823:j11
1073741823,1073741823,1073741823,1073741823,1073741823,1073479679,1073147903,1073111039,1073049599,1073741823,1073737727,1073740799,1073741823,1073741823,1073741823:j11
1073741823,1073741823,1073741823,1073741823,1073741823,1073479679,1073147903,1073111039,1073049599,1073741823,1073736703,1073741823,1073741823,1073741823,1073741823:j11
1073741823,1073741823,1073741823,1073741823,1073741823,1073479679,1073147903,1073111039,1073049599,1073741823,1073737727,1073741823,1073676287,1073741823,1073741823:j11
1073741823,1073741823,1073741823,1073741823,1073741823,1073479679,1073147903,1073111039,1073049599,1073741823,1073737727,1073725439,1073741823,1073741823,1073741823:j11
1073741823,1073741823,1073741823,1073741823,1073741823,1073479679,1073147903,1073111039,1073049599,1073741823,1073737727,1073741823,1073737727,1073741823,1073741823:j11
1073741823,1073741823,1073741823,1073741823,1073741823,1073479679,1073147903,1073111039,1073049599,1073741823,1073737727,1073737727,1073741823,1073741823,1073741823:j11
1073741823,1073741823,1073741823,1073741823,1073741823,1069285375,1073147903,1073111039,1073049599,1073741823,1073737727,1073741823,1073741823,1073741823,1073741823:j11
1073741823,1073741823,1073741823,1073741823,1073741823,1073479679,1073147903,1068916735,1073049599,1073741823,1073737727,1073741823,1073741823,1073741823,1073741823:j11
1073741823,1073741823,1073741823,1073741823,1073741823,1073479679,1073147903,1073111039,1073049599,1069547519,1073737727,1073741823,1073741823,1073741823,1073741823:j11
1073741823,1073741823,1073741823,1073741823,1073741823,1073479679,1073147903,1073111039,1073049599,1073741823,1073737471,1073741823,1073741823,1073741823,1073741823:j11
1073741823,1073741823,1073741823,1073741823,1073741823,1073479679,1073147903,1073111039,1073048575,1073741823,1073737727,1073741823,1073741823,1073741823,1073741823:j11
1073741823,1073741823,1073741823,1073741823,1073741823,1073479679,1073147903,1073111039,1073049599,1073737727,1073737727,1073741823,1073741823,1073741823,1073741823:j11
1073741823,1073741823,1073741823,1073741823,1073741823,1073479679,1073147903,1073111039,1073049599,1073741823,1073721343,1073741823,1073741823,1073741823,1073741823:j11
1073741823,1073741823,1073741823,1073741823,1073741823,1073479679,1068953599,1073111039,1073049599,1073741823,1073737727,1073741823,1073741823,1073741823,1073741823:j11
1073741823,1073741823,1073741823,1073741823,1073741823,1073479679,1073147903,1072062463,1073049599,1073741823,1073737727,1073741823,1073741823,1073741823,1073741823:j11
1073741823,1073741823,1073741823,1073741823,1073741823,1073479679,1073147903,1073111039,1068855295,1073741823,1073737727,1073741823,1073741823,1073741823,1073741823:j11
1073741823,1073741823,1073741823,1073741823,1073741823,1073479679,1073147903,1073111039,1073049599,1073741823,1069543423,1073741823,1073741823,1073741823,1073741823:j11
1073741823,1073741823,1073741823,1073741823,1073741823,1073479679,1073147903,1073111039,1073049599,1072693247,1073737727,1073741823,1073741823,1073741823,1073741823:j11
1073741823,1073741823,1073741823,1073741823,1073741823,1073479679,1073147903,1073111039,1073049599,1073741823,1073475583,1073741823,1073741823,1073741823,1073741823:h7
1073741823,1073741823,1073741823,1073741823,1073741823,1073479679,1073147903,1073111039,1073049343,1073741823,1073737727,1073741823,1073741823,1073741823,1073741823:j11
1073741823,1073741823,1073741823,1073741823,1073741823,1073479679,1073147647,1073111039,1073049599,1073741823,1073737727,1073741823,1073741823,1073741823,1073741823:j11
1073741823,1073741823,1073741823,1073741823,1073741823,1073479679,1073146879,1073111039,1073049599,1073741823,1073737727,1073741823,1073741823,1073741823,1073741823:h7
1073741823,1073741823,1073741823,1073741823,1073741567,1073479679,1073147903,1073111039,1073049599,1073741823,1073737727,1073741823,1073741823,1073741823,1073741823:j11
1073741823,1073741823,1073741823,1073741823,1073741823,1073475583,1073147903,1073111039,1073049599,1073741823,1073737727,1073741823,1073741823,1073741823,1073741823:j11
1073741823,1073741823,1073741823,1073741823,1073741823,1073479679,1073147903,1073111039,1073049599,1073741823,1072689151,1073741823,1073741823,1073741823,1073741823:j11
1073741823,1073741823,1073741823,1073741823,1073741823,1073479679,1073147903,1073111039,1073049599,1073741823,1073672191,1073741823,1073741823,1073741823,1073741823:j11
1073741823,1073741823,1073741823,1073741823,1073741823,1073479679,1073147903,1073111039,1073049599,1073676287,1073737727,1073741823,1073741823,1073741823,1073741823:h7
1073741823,1073741823,1073741823,1073741823,1073737727,1073479679,1073147903,1073111039,1073049599,1073741823,1073737727,1073741823,1073741823,1073741823,1073741823:j11
1073741823,1073741823,1073741823,1073741823,1073676287,1073479679,1073147903,1073111039,1073049599,1073741823,1073737727,1073741823,1073741823,1073741823,1073741823:j11
1073741823,1073741823,1073741823,1073741823,1073741823,1073414143,1073147903,1073111039,1073049599,1073741823,1073737727,1073741823,1073741823,1073741823,1073741823:j11
1073741823,1073741823,1073741823,1073741823,1072693247,1073479679,1073147903,1073111039,1073049599,1073741823,1073737727,1073741823,1073741823,1073741823,1073741823:j11
1073741823,1073741823,1073741823,1073741823,1073741823,1073479679,1072099327,1073111039,1073049599,1073741823,1073737727,1073741823,1073741823,1073741823,1073741823:j11
1073741823,1073741823,1073741823,1073741823,1073741823,1073479679,1073147903,1073111039,1072001023,1073741823,1073737727,1073741823,1073741823,1073741823,1073741823:j11
1073741823,1073741823,1073741823,1073741823,1073741823,1073479679,1073147903,1073111039,1073049599,1073740799,1073737727,1073741823,1073741823,1073741823,1073741823:j11
1073741823,1073741823,1073741823,1073741823,1073741823,1073479679,1073147903,1073110015,1073049599,1073741823,1073737727,1073741823,1073741823,1073741823,1073741823:j11
1073741823,1073741823,1073741823,1073741823,1073741823,1073478655,1073147903,1073111039,1073049599,1073741823,1073737727,1073741823,1073741823,1073741823,1073741823:j11
1073741823,1073741823,1073741823,1073741823,1073741823,1073463295,1073147903,1073111039,1073049599,1073741823,1073737727,1073741823,1073741823,1073741823,1073741823:j11
1073741823,1073741823,1073741823,1073741823,1073741823,1073479679,1073131519,1073111039,1073049599,1073741823,1073737727,1073741823,1073741823,1073741823,1073741823:j11
1073741823,1073741823,1073741823,1073741823,1073741823,1073479679,1073147903,1073111039,1073049599,1073479679,1073737727,1073741823,1073741823,1073741823,1073741823:h7
1073741823,1073741823,1073741823,1073741823,1073741823,1073479679,1073147903,1073111039,1073049599,1073725439,1073737727,1073741823,1073741823,1073741823,1073741823:j11
1073741823,1073741823,1073741823,1073741823,1073741823,1073741823,1073147903,1073111039,1073082367,1073479679,1073737727,1073741823,1073741823,1073741823,1073741823:l9
1073741823,1073741823,1073741823,1073741823,1073741823,1073741823,1073147903,1073111039,1073082367,1073725439,1073737727,1073741823,1073741823,1073741823,1073741823:j6
1073741823,1073741823,1073741823,1073741823,1073741823,1073741823,1073147903,1073111039,1073065983,1073741823,1073737727,1073741823,1073741823,1073741823,1073741823:j6
1073741823,1073741823,1073741823,1073741823,1073741823,1073741823,1073672191,1073176575,1073082367,1073479679,1073737727,1073741823,1073741823,1073741823,1073741823:i8
1073741823,1073741823,1073741823,1073741823,1073741823,1073741823,1073672191,1073176575,1073082367,1073725439,1073737727,1073741823,1073741823,1073741823,1073741823:i8
1073741823,1073741823,1073741823,1073741823,1073741823,1073741823,1073672191,1073176575,1073065983,1073741823,1073737727,1073741823,1073741823,1073741823,1073741823:i8
