1073741823,1073741823,1073741823,1073741823,1073741823,1073414143,1073594367,1073635327,1073733631,1073741823,1073741823,1073741823,1073741823,1073741823,1073741823:g10
1073741823,1073741823,1073741823,1073741823,1073741823,1073414143,1073594367,1073635327,1073733631,1073733631,1073741823,1073741567,1073741823,1073741823,1073741823:g7
1073741823,1073741823,1073741823,1073741823,1073741823,1073414143,1073594367,1073635327,1073733631,1073733631,1073740799,1073741823,1073741823,1073741823,1073741823:f10
1073741823,1073741823,1073741823,1073741823,1073741823,1073414143,1073594367,1073635327,1073733631,1073733631,1073741823,1073676287,1073741823,1073741823,1073741823:f10
1073741823,1073741823,1073741823,1073741823,1073741823,1073414143,1073594367,1073635327,1073733631,1073733631,1073725439,1073741823,1073741823,1073741823,1073741823:f10
1073741823,1073741823,1073741823,1073741823,1073741823,1073414143,1073594367,1073635327,1073733631,1073733631,1073741823,1073737727,1073741823,1073741823,1073741823:f10
1073741823,1073741823,1073741823,1073737727,1073741823,1073414143,1073594367,1073635327,1073733631,1073733631,1073741823,1073741823,1073741823,1073741823,1073741823:f10
1073741823,1073741823,1073741823,1073676287,1073741823,1073414143,1073594367,1073635327,1073733631,1073733631,1073741823,1073741823,1073741823,1073741823,1073741823:f10
1073741823,1073741823,1073741823,1072693247,1073741823,1073414143,1073594367,1073635327,1073733631,1073733631,1073741823,1073741823,1073741823,1073741823,1073741823:g7
1073741823,1073741823,1073741823,1073741823,1073741823,1073414143,1073594367,1073635327,1073733631,1073733375,1073741823,1073741823,1073741823,1073741823,1073741823:g7
1073741823,1073741823,1073741823,1073741823,1073741823,1073414143,1073594367,1073635071,1073733631,1073733631,1073741823,1073741823,1073741823,1073741823,1073741823:g7
1073741823,1073741823,1073741823,1073741823,1073741823,1073413887,1073594367,1073635327,1073733631,1073733631,1073741823,1073741823,1073741823,1073741823,1073741823:f10
1073741823,1073741823,1073741823,1073741823,1073741823,1073414143,1073594367,1072586751,1073733631,1073733631,1073741823,1073741823,1073741823,1073741823,1073741823:f10
1073741823,1073741823,1073741823,1073741823,1073741823,1073414143,1073594367,1073635327,1073733631,1072685055,1073741823,1073741823,1073741823,1073741823,1073741823:g7
1073741823,1073741823,1073741823,1073741823,1073741823,1073414143,1073594367,1073635327,1073733631,1073668095,1073741823,1073741823,1073741823,1073741823,1073741823:g7
1073741823,1073741823,1073741823,1073741823,1073741823,1073414143,1073594367,1073635327,1073733631,1073733631,1073741567,1073741823,1073741823,1073741823,1073741823:g7
1073741823,1073741823,1073741823,1073741823,1073741823,1073414143,1073594367,1073635327,1073733375,1073733631,1073741823,1073741823,1073741823,1073741823,1073741823:g7
1073741823,1073741823,1073741823,1073741823,1073741823,1073414143,1073594111,1073635327,1073733631,1073733631,1073741823,1073741823,1073741823,1073741823,1073741823:g7
1073741823,1073741823,1073741823,1073741823,1073741823,1073414143,1073594367,1073635327,1073733631,1073733631,1073676287,1073741823,1073741823,1073741823,1073741823:f10
1073741823,1073741823,1073741823,1073741823,1073741823,1073414143,1073594367,1073635327,1073733631,1073733631,1073737727,1073741823,1073741823,1073741823,1073741823:f10
1073741823,1073741823,1073741823,1073725439,1073741823,1073414143,1073594367,1073635327,1073733631,1073733631,1073741823,1073741823,1073741823,1073741823,1073741823:f10
1073741823,1073741823,1073741823,1073479679,1073741823,1073414143,1073594367,1073635327,1073733631,1073733631,1073741823,1073741823,1073741823,1073741823,1073741823:f10
1073741823,1073741823,1073741823,1069547519,1073741823,1073414143,1073594367,1073635327,1073733631,1073733631,1073741823,1073741823,1073741823,1073741823,1073741823:f10
1073741823,1073741823,1073741823,1073741823,1073741823,1069219839,1073594367,1073635327,1073733631,1073733631,1073741823,1073741823,1073741823,1073741823,1073741823:g7
1073741823,1073741823,1073741823,1073741823,1073741823,1072365567,1073594367,1073635327,1073733631,1073733631,1073741823,1073741823,1073741823,1073741823,1073741823:g7
1073741823,1073741823,1073741823,1073741823,1073741823,1073414143,1073594367,1069441023,1073733631,1073733631,1073741823,1073741823,1073741823,1073741823,1073741823:f10
1073741823,1073741823,1073741823,1073741823,1073737727,1073414143,1073594367,1073635327,1073733631,1073733631,1073741823,1073741823,1073741823,1073741823,1073741823:f10
1073741823,1073741823,1073741823,1073741823,1073676287,1073414143,1073594367,1073635327,1073733631,1073733631,1073741823,1073741823,1073741823,1073741823,1073741823:f10
1073741823,1073741823,1073741823,1073741823,1072693247,1073414143,1073594367,1073635327,1073733631,1073733631,1073741823,1073741823,1073741823,1073741823,1073741823:f10
1073741823,1073741823,1073741823,1073741823,1073741823,1073414143,1072545791,1073635327,1073733631,1073733631,1073741823,1073741823,1073741823,1073741823,1073741823:f10
1073741823,1073741823,1073741823,1073741823,1073741823,1073414143,1073594367,1073635327,1072685055,1073733631,1073741823,1073741823,1073741823,1073741823,1073741823:f10
1073741823,1073741823,1073741823,1073741823,1073741823,1073414143,1073594367,1073635327,1073732607,1073733631,1073741823,1073741823,1073741823,1073741823,1073741823:f10
1073741823,1073741823,1073741823,1073741823,1073741823,1073414143,1073593343,1073635327,1073733631,1073733631,1073741823,1073741823,1073741823,1073741823,1073741823:g7
1073741823,1073741823,1073741823,1073741823,1073740799,1073414143,1073594367,1073635327,1073733631,1073733631,1073741823,1073741823,1073741823,1073741823,1073741823:g7
1073741823,1073741823,1073741823,1073741823,1073741823,1073410047,1073594367,1073635327,1073733631,1073733631,1073741823,1073741823,1073741823,1073741823,1073741823:g11
1073741823,1073741823,1073741823,1073741823,1073725439,1073414143,1073594367,1073635327,1073733631,1073733631,1073741823,1073741823,1073741823,1073741823,1073741823:f10
1073741823,1073741823,1073741823,1073741823,1073479679,1073414143,1073594367,1073635327,1073733631,1073733631,1073741823,1073741823,1073741823,1073741823,1073741823:f10
1073741823,1073741823,1073741823,1073741823,1073741823,1073414143,1073332223,1073635327,1073733631,1073733631,1073741823,1073741823,1073741823,1073741823,1073741823:f10
1073741823,1073741823,1073741823,1073741823,1073741823,1073414143,1073594367,1073635327,1073471487,1073733631,1073741823,1073741823,1073741823,1073741823,1073741823:g7
1073741823,1073741823,1073741823,1073741823,1073741823,1073414143,1073594367,1073635327,1073733631,1073732607,1073741823,1073741823,1073741823,1073741823,1073741823:g7
1073741823,1073741823,1073741823,1073741823,1073741823,1073414143,1073594367,1073634303,1073733631,1073733631,1073741823,1073741823,1073741823,1073741823,1073741823:f10
1073741823,1073741823,1073741823,1073741823,1073741823,1073413119,1073594367,1073635327,1073733631,1073733631,1073741823,1073741823,1073741823,1073741823,1073741823:g7
1073741823,1073741823,1073741823,1073741823,1073741823,1073414143,1073590271,1073635327,1073733631,1073733631,1073741823,1073741823,1073741823,1073741823,1073741823:f10
1073741823,1073741823,1073741823,1073741823,1073741823,1073397759,1073594367,1073635327,1073733631,1073733631,1073741823,1073741823,1073741823,1073741823,1073741823:g7
1073741823,1073741823,1073741823,1073741823,1073741823,1073414143,1073594367,1073373183,1073733631,1073733631,1073741823,1073741823,1073741823,1073741823,1073741823:f10
1073741823,1073741823,1073741823,1073741823,1073741823,1073414143,1073594367,1073635327,1073733631,1073471487,1073741823,1073741823,1073741823,1073741823,1073741823:f10
1073741823,1073741823,1073741823,1073741823,1073741823,1073414143,1073594367,1073635327,1073668095,1073733631,1073741823,1073741823,1073741823,1073741823,1073741823:f10
1073741823,1073741823,1073741823,1073741823,1073741823,1073414143,1073594367,1073635327,1073733631,1073717247,1073741823,1073741823,1073741823,1073741823,1073741823:g7
1073741823,1073741823,1073741823,1073741823,1073741823,1073414143,1073594367,1073635327,1073717247,1073733631,1073741823,1073741823,1073741823,1073741823,1073741823:f10
