1073741823,1073741823,1073741823,1073736703,1073741823,1073741823,1073676287,1073184767,1073610751,1073741823,1073741823,1073741823,1073741823,1073741823,1073741823:h10
1073741823,1073741823,1073741823,1073736703,1073741823,1073741823,1073676287,1073184767,1073610751,1073709055,1073741823,1073740799,1073741823,1073741823,1073741823:h9
1073741823,1073741823,1073741823,1073736703,1073741823,1073741823,1073676287,1073184767,1073610751,1073704959,1073741823,1073741823,1073741823,1073741823,1073741823:h9
1073741823,1073741823,1073741823,1073736703,1073741823,1073741823,1073676287,1073184767,1073610751,1073709055,1073741823,1073479679,1073741823,1073741823,1073741823:h9
1073741823,1073741823,1073741823,1073736703,1073741823,1073741823,1073676287,1073184767,1073610751,1073709055,1073741823,1073725439,1073741823,1073741823,1073741823:k7
1073741823,1073741823,1073741823,1073736703,1073741823,1073741823,1073676287,1073184767,1073610751,1073709055,1073725439,1073741823,1073741823,1073741823,1073741823:k7
1073741823,1073741823,1073741823,1073736703,1073676287,1073741823,1073676287,1073184767,1073610751,1073709055,1073741823,1073741823,1073741823,1073741823,1073741823:h9
1073741823,1073741823,1073741823,1073736703,1072693247,1073741823,1073676287,1073184767,1073610751,1073709055,1073741823,1073741823,1073741823,1073741823,1073741823:h9
1073741823,1073741823,1073741823,1073736703,1073741823,1073741823,1073414143,1073184767,1073610751,1073709055,1073741823,1073741823,1073741823,1073741823,1073741823:k7
1073741823,1073741823,1073741823,1073736703,1073741823,1069547519,1073676287,1073184767,1073610751,1073709055,1073741823,1073741823,1073741823,1073741823,1073741823:h9
1073741823,1073741823,1073741823,1073736703,1073741823,1073741823,1073676287,1068990463,1073610751,1073709055,1073741823,1073741823,1073741823,1073741823,1073741823:h9
1073741823,1073741823,1073741823,1073736703,1073741823,1073741823,1073676287,1072136191,1073610751,1073709055,1073741823,1073741823,1073741823,1073741823,1073741823:h9
1073741823,1073741823,1073741823,1073736703,1073741823,1073741823,1073676287,1073184767,1073610751,1069514751,1073741823,1073741823,1073741823,1073741823,1073741823:h9
1073741823,1073741823,1073741823,1073736703,1073741823,1073741567,1073676287,1073184767,1073610751,1073709055,1073741823,1073741823,1073741823,1073741823,1073741823:h9
1073741823,1073741567,1073741823,1073736703,1073741823,1073741823,1073676287,1073184767,1073610751,1073709055,1073741823,1073741823,1073741823,1073741823,1073741823:h9
1073741823,1073737727,1073741823,1073736703,1073741823,1073741823,1073676287,1073184767,1073610751,1073709055,1073741823,1073741823,1073741823,1073741823,1073741823:h9
1073741823,1073676287,1073741823,1073736703,1073741823,1073741823,1073676287,1073184767,1073610751,1073709055,1073741823,1073741823,1073741823,1073741823,1073741823:h9
1073741823,1073741823,1073725439,1073736703,1073741823,1073741823,1073676287,1073184767,1073610751,1073709055,1073741823,1073741823,1073741823,1073741823,1073741823:h9
1073741823,1073741823,1073741823,1073671167,1073741823,1073741823,1073676287,1073184767,1073610751,1073709055,1073741823,1073741823,1073741823,1073741823,1073741823:k7
1073741823,1073741823,1073741823,1073736703,1073741823,1073676287,1073676287,1073184767,1073610751,1073709055,1073741823,1073741823,1073741823,1073741823,1073741823:h9
1073741823,1073741823,1073741823,1073736703,1073725439,1073741823,1073676287,1073184767,1073610751,1073709055,1073741823,1073741823,1073741823,1073741823,1073741823:h9
1073741823,1073741823,1073741823,1073736703,1073741823,1073737727,1073676287,1073184767,1073610751,1073709055,1073741823,1073741823,1073741823,1073741823,1073741823:h9
1073741823,1073741823,1073741823,1073736703,1073741823,1073741823,1073676287,1073184767,1073610751,1073709055,1073737727,1073741823,1073741823,1073741823,1073741823:h9
1073741823,1073741823,1073741823,1073736703,1073741823,1073741823,1072627711,1073184767,1073610751,1073709055,1073741823,1073741823,1073741823,1073741823,1073741823:i8
1073741823,1073741823,1073741823,1073736703,1073741823,1073741823,1072627711,1073053695,1073610751,1072660479,1073741823,1073741823,1073741823,1073741823,1073741823:g8
1073741823,1073741823,1073741823,1073736703,1073741823,1072693247,1072627711,1073053695,1073610751,1073709055,1073741823,1073741823,1073741823,1073741823,1073741823:g8
1073741823,1073741823,1073741823,1073736703,1056964607,1073741823,1072627711,1073053695,1073610751,1073709055,1073741823,1073741823,1073741823,1073741823,1073741823:g8
1073741823,1073741823,1073741823,1073736703,1073741823,1073741823,1055850495,1073053695,1073610751,1073709055,1073741823,1073741823,1073741823,1073741823,1073741823:g8
1073741823,1073741823,1073741823,1073736703,1073741823,1073741823,1068433407,1073053695,1073610751,1073709055,1073741823,1073741823,1073741823,1073741823,1073741823:g8
1073741823,1073741823,1073741823,1073736703,1073741823,1073741823,1072627711,1073053695,1056833535,1073709055,1073741823,1073741823,1073741823,1073741823,1073741823:g8
1073741823,1073741823,1073741823,1073736703,1073741823,1073741823,1072627711,1073053695,1073610751,1073709055,1073741823,1073740799,1073741823,1073741823,1073741823:g8
1073741823,1073741823,1073741823,1073736703,1073741823,1073741823,1072627711,1073053695,1073610751,1073704959,1073741823,1073741823,1073741823,1073741823,1073741823:g8
1073741823,1073741823,1073741823,1073736703,1073741823,1073741823,1072627711,1073053695,1073610751,1073709055,1073741823,1073479679,1073741823,1073741823,1073741823:g8
1073741823,1073741823,1073741823,1073736703,1073741823,1073741823,1072627711,1073053695,1073610751,1073709055,1073741823,1073725439,1073741823,1073741823,1073741823:g8
1073741823,1073741823,1073741823,1073736703,1073741823,1073741823,1072627711,1073053695,1073610751,1073709055,1073725439,1073741823,1073741823,1073741823,1073741823:g8
1073741823,1073741823,1073741823,1073736703,1073676287,1073741823,1072627711,1073053695,1073610751,1073709055,1073741823,1073741823,1073741823,1073741823,1073741823:g8
1073741823,1073741823,1073741823,1073736703,1072693247,1073741823,1072627711,1073053695,1073610751,1073709055,1073741823,1073741823,1073741823,1073741823,1073741823:g8
1073741823,1073741823,1073741823,1073736703,1073741823,1073741823,1072365567,1073053695,1073610751,1073709055,1073741823,1073741823,1073741823,1073741823,1073741823:g8
1073741823,1073741823,1073741823,1073736703,1073741823,1069547519,1072627711,1073053695,1073610751,1073709055,1073741823,1073741823,1073741823,1073741823,1073741823:g8
1073741823,1073741823,1073741823,1073736703,1073741823,1073741823,1072627711,1068859391,1073610751,1073709055,1073741823,1073741823,1073741823,1073741823,1073741823:g8
1073741823,1073741823,1073741823,1073736703,1073741823,1073741823,1072627711,1072005119,1073610751,1073709055,1073741823,1073741823,1073741823,1073741823,1073741823:f8
1073741823,1073741823,1073741823,1073736703,1073741823,1073741823,1072627711,1073053695,1073610751,1069514751,1073741823,1073741823,1073741823,1073741823,1073741823:g8
1073741823,1073741823,1073741823,1073736703,1073741823,1073741567,1072627711,1073053695,1073610751,1073709055,1073741823,1073741823,1073741823,1073741823,1073741823:g8
1073741823,1073741567,1073741823,1073736703,1073741823,1073741823,1072627711,1073053695,1073610751,1073709055,1073741823,1073741823,1073741823,1073741823,1073741823:g8
1073741823,1073737727,1073741823,1073736703,1073741823,1073741823,1072627711,1073053695,1073610751,1073709055,1073741823,1073741823,1073741823,1073741823,1073741823:g8
1073741823,1073676287,1073741823,1073736703,1073741823,1073741823,1072627711,1073053695,1073610751,1073709055,1073741823,1073741823,1073741823,1073741823,1073741823:g8
1073741823,1073741823,1073725439,1073736703,1073741823,1073741823,1072627711,1073053695,1073610751,1073709055,1073741823,1073741823,1073741823,1073741823,1073741823:g8
1073741823,1073741823,1073741823,1073671167,1073741823,1073741823,1072627711,1073053695,1073610751,1073709055,1073741823,1073741823,1073741823,1073741823,1073741823:g8
1073741823,1073741823,1073741823,1073736703,1073741823,1073676287,1072627711,1073053695,1073610751,1073709055,1073741823,1073741823,1073741823,1073741823,1073741823:g8
1073741823,1073741823,1073741823,1073736703,1073725439,1073741823,1072627711,1073053695,1073610751,1073709055,1073741823,1073741823,1073741823,1073741823,1073741823:g8
1073741823,1073741823,1073741823,1073736703,1073741823,1073737727,1072627711,1073053695,1073610751,1073709055,1073741823,1073741823,1073741823,1073741823,1073741823:g8
1073741823,1073741823,1073741823,1073736703,1073741823,1073741823,1072627711,1073053695,1073610751,1073709055,1073737727,1073741823,1073741823,1073741823,1073741823:g8
1073741823,1073741823,1073741823,1073736703,1073741823,1073741823,1072627711,1073053695,1072562175,1073709055,1073741823,1073741823,1073741823,1073741823,1073741823:g8
1073741823,1073741823,1073741823,1073736703,1073741823,1073741823,1072627711,1073053695,1073348607,1073709055,1073741823,1073741823,1073741823,1073741823,1073741823:g8
1073741823,1073741823,1073741823,1073736703,1073741823,1073741823,1072627711,1073053695,1073610751,1073709055,1072693247,1073741823,1073741823,1073741823,1073741823:g8
1073741823,1073741823,1073741823,1073736703,1073741823,1073741823,1072627711,1073053695,1073610751,1073709055,1073676287,1073741823,1073741823,1073741823,1073741823:g8
1073741823,1073741823,1073741823,1073736703,1073741823,1073741823,1072627711,1073053695,1073610751,1073643519,1073741823,1073741823,1073741823,1073741823,1073741823:g8
1073741823,1073741823,1073741823,1073736703,1073741823,1073741759,1072627711,1073053695,1073610751,1073709055,1073741823,1073741823,1073741823,1073741823,1073741823:g8
1073741823,1073741823,1073741823,1073736703,1073741567,1073741823,1072627711,1073053695,1073610751,1073709055,1073741823,1073741823,1073741823,1073741823,1073741823:g8
1073741823,1073741823,1073741823,1073736639,1073741823,1073741823,1072627711,1073053695,1073610751,1073709055,1073741823,1073741823,1073741823,1073741823,1073741823:g8
1073741823,1073741823,1073741823,1073736447,1073741823,1073741823,1072627711,1073053695,1073610751,1073709055,1073741823,1073741823,1073741823,1073741823,1073741823:g8
1073741823,1073741759,1073741823,1073736703,1073741823,1073741823,1072627711,1073053695,1073610751,1073709055,1073741823,1073741823,1073741823,1073741823,1073741823:g8
1073741823,1073741823,1073741567,1073736703,1073741823,1073741823,1072627711,1073053695,1073610751,1073709055,1073741823,1073741823,1073741823,1073741823,1073741823:g8
1073741823,1073740799,1073741823,1073736703,1073741823,1073741823,1072627711,1073053695,1073610751,1073709055,1073741823,1073741823,1073741823,1073741823,1073741823:g8
1073741823,1073741823,1073740799,1073736703,1073741823,1073741823,1072627711,1073053695,1073610751,1073709055,1073741823,1073741823,1073741823,1073741823,1073741823:g8
1073741823,1073725439,1073741823,1073736703,1073741823,1073741823,1072627711,1073053695,1073610751,1073709055,1073741823,1073741823,1073741823,1073741823,1073741823:g8
1073741823,1073741823,1073737727,1073736703,1073741823,1073741823,1072627711,1073053695,1073610751,1073709055,1073741823,1073741823,1073741823,1073741823,1073741823:g8
1073741823,1073741823,1073741823,1073720319,1073741823,1073741823,1072627711,1073053695,1073610751,1073709055,1073741823,1073741823,1073741823,1073741823,1073741823:g8
1073741823,1073741823,1073741823,1073736703,1073737727,1073741823,1072627711,1073053695,1073610751,1073709055,1073741823,1073741823,1073741823,1073741823,1073741823:g8
1073741823,1073741823,1073741823,1073736703,1073740799,1073741823,1072627711,1073053695,1073610751,1073709055,1073741823,1073741823,1073741823,1073741823,1073741823:g8
1073741823,1073741823,1073741823,1073736703,1073741823,1073741823,1072627711,1073053695,1073610751,1073708031,1073741823,1073741823,1073741823,1073741823,1073741823:g8
1073741823,1073741823,1073741823,1073736703,1073741823,1073741823,1072627711,1073053695,1073606655,1073709055,1073741823,1073741823,1073741823,1073741823,1073741823:g8
1073741823,1073741823,1073741823,1073736703,1073741823,1073741823,1072627711,1073052671,1073610751,1073709055,1073741823,1073741823,1073741823,1073741823,1073741823:k8
1073741823,1073741823,1073741823,1073736703,1073741823,1073741823,1072627711,1073049599,1073610751,1073709055,1073741823,1073741823,1073741823,1073741823,1073741823:h9
1073741823,1073741823,1073741823,1073736703,1073741823,1073740799,1072627711,1073053695,1073610751,1073709055,1073741823,1073741823,1073741823,1073741823,1073741823:g8
1073741823,1073741823,1073741823,1073736703,1073741823,1073741823,1072623615,1073053695,1073610751,1073709055,1073741823,1073741823,1073741823,1073741823,1073741823:g8
1073741823,1073741823,1073741823,1073736703,1073741823,1073725439,1072627711,1073053695,1073610751,1073709055,1073741823,1073741823,1073741823,1073741823,1073741823:g8
1073741823,1073741823,1073741823,1073736703,1073741823,1073741823,1072611327,1073053695,1073610751,1073709055,1073741823,1073741823,1073741823,1073741823,1073741823:g8
1073741823,1073741823,1073741823,1073736703,1073741823,1073479679,1072627711,1073053695,1073610751,1073709055,1073741823,1073741823,1073741823,1073741823,1073741823:g8
1073741823,1073741823,1073741823,1073736703,1073741823,1073741823,1072627711,1073053695,1073610751,1073446911,1073741823,1073741823,1073741823,1073741823,1073741823:g8
1073741823,1073741823,1073741823,1073736703,1073741823,1073741823,1072627711,1073053695,1073594367,1073709055,1073741823,1073741823,1073741823,1073741823,1073741823:g8
1073741823,1073741823,1073741823,1073736703,1073741823,1073741823,1073676287,1073184767,1072562175,1073709055,1073741823,1073741823,1073741823,1073741823,1073741823:h9
1073741823,1073741823,1073741823,1073736703,1073741823,1073741823,1073676287,1073184767,1073348607,1073709055,1073741823,1073741823,1073741823,1073741823,1073741823:k7
1073741823,1073741823,1073741823,1073736703,1073741823,1073741823,1073676287,1073184767,1073610751,1073709055,1072693247,1073741823,1073741823,1073741823,1073741823:h9
1073741823,1073741823,1073741823,1073736703,1073741823,1073741823,1073676287,1073184767,1073610751,1073709055,1073676287,1073741823,1073741823,1073741823,1073741823:h9
1073741823,1073741823,1073741823,1073736703,1073741823,1073741823,1073676287,1073184767,1073610751,1073643519,1073741823,1073741823,1073741823,1073741823,1073741823:h9
1073741823,1073741823,1073741823,1073736703,1073741823,1073741759,1073676287,1073184767,1073610751,1073709055,1073741823,1073741823,1073741823,1073741823,1073741823:h9
1073741823,1073741823,1073741823,1073736703,1073741567,1073741823,1073676287,1073184767,1073610751,1073709055,1073741823,1073741823,1073741823,1073741823,1073741823:h9
1073741823,1073741823,1073741823,1073736639,1073741823,1073741823,1073676287,1073184767,1073610751,1073709055,1073741823,1073741823,1073741823,1073741823,1073741823:k7
1073741823,1073741823,1073741823,1073736447,1073741823,1073741823,1073676287,1073184767,1073610751,1073709055,1073741823,1073741823,1073741823,1073741823,1073741823:k7
1073741823,1073741759,1073741823,1073736703,1073741823,1073741823,1073676287,1073184767,1073610751,1073709055,1073741823,1073741823,1073741823,1073741823,1073741823:h9
1073741823,1073741823,1073741567,1073736703,1073741823,1073741823,1073676287,1073184767,1073610751,1073709055,1073741823,1073741823,1073741823,1073741823,1073741823:k7
1073741823,1073740799,1073741823,1073736703,1073741823,1073741823,1073676287,1073184767,1073610751,1073709055,1073741823,1073741823,1073741823,1073741823,1073741823:h9
1073741823,1073741823,1073740799,1073736703,1073741823,1073741823,1073676287,1073184767,1073610751,1073709055,1073741823,1073741823,1073741823,1073741823,1073741823:h9
1073741823,1073725439,1073741823,1073736703,1073741823,1073741823,1073676287,1073184767,1073610751,1073709055,1073741823,1073741823,1073741823,1073741823,1073741823:h9
1073741823,1073741823,1073737727,1073736703,1073741823,1073741823,1073676287,1073184767,1073610751,1073709055,1073741823,1073741823,1073741823,1073741823,1073741823:h9
1073741823,1073741823,1073741823,1073720319,1073741823,1073741823,1073676287,1073184767,1073610751,1073709055,1073741823,1073741823,1073741823,1073741823,1073741823:k7
1073741823,1073741823,1073741823,1073736703,1073737727,1073741823,1073676287,1073184767,1073610751,1073709055,1073741823,1073741823,1073741823,1073741823,1073741823:h9
1073741823,1073741823,1073741823,1073736703,1073740799,1073741823,1073676287,1073184767,1073610751,1073709055,1073741823,1073741823,1073741823,1073741823,1073741823:h9
1073741823,1073741823,1073741823,1073736703,1073741823,1073741823,1073676287,1073184767,1073610751,1073708031,1073741823,1073741823,1073741823,1073741823,1073741823:h9
1073741823,1073741823,1073741823,1073736703,1073741823,1073741823,1073676287,1073184767,1073606655,1073709055,1073741823,1073741823,1073741823,1073741823,1073741823:k7
1073741823,1073741823,1073741823,1073736703,1073741823,1073741823,1073676287,1073183743,1073610751,1073709055,1073741823,1073741823,1073741823,1073741823,1073741823:h9
1073741823,1073741823,1073741823,1073736703,1073741823,1073741823,1073676287,1073180671,1073610751,1073709055,1073741823,1073741823,1073741823,1073741823,1073741823:h9
1073741823,1073741823,1073741823,1073736703,1073741823,1073740799,1073676287,1073184767,1073610751,1073709055,1073741823,1073741823,1073741823,1073741823,1073741823:h9
1073741823,1073741823,1073741823,1073736703,1073741823,1073741823,1073672191,1073184767,1073610751,1073709055,1073741823,1073741823,1073741823,1073741823,1073741823:k7
1073741823,1073741823,1073741823,1073736703,1073741823,1073725439,1073676287,1073184767,1073610751,1073709055,1073741823,1073741823,1073741823,1073741823,1073741823:k7
1073741823,1073741823,1073741823,1073736703,1073741823,1073741823,1073659903,1073184767,1073610751,1073709055,1073741823,1073741823,1073741823,1073741823,1073741823:k7
1073741823,1073741823,1073741823,1073736703,1073741823,1073479679,1073676287,1073184767,1073610751,1073709055,1073741823,1073741823,1073741823,1073741823,1073741823:h9
1073741823,1073741823,1073741823,1073736703,1073741823,1073741823,1073676287,1073119231,1073610751,1073709055,1073741823,1073741823,1073741823,1073741823,1073741823:h9
1073741823,1073741823,1073741823,1073736703,1073741823,1073741823,1073676287,1073184767,1073610751,1073446911,1073741823,1073741823,1073741823,1073741823,1073741823:h9
1073741823,1073741823,1073741823,1073736703,1073741823,1073741823,1073676287,1073184767,1073594367,1073709055,1073741823,1073741823,1073741823,1073741823,1073741823:k7
