1073741823,1073741823,1073741823,1073736703,1073741823,1073741823,1073479679,1073184767,1073610751,1073741823,1073741823,1073741823,1073741823,1073741823,1073741823:g8
1073741823,1073741823,1073741823,1073736703,1073741823,1073741823,1073479679,1073176575,1073610751,1073741567,1073741823,1073741823,1073741823,1073741823,1073741823:i8
1073741823,1073741823,1073741823,1073736703,1073741823,1073741823,1073479679,1073176575,1073609727,1073741823,1073741823,1073741823,1073741823,1073741823,1073741823:i8
1073741823,1073741823,1073741823,1073736703,1073741823,1073741823,1073479679,1073176319,1073610751,1073741823,1073741823,1073741823,1073741823,1073741823,1073741823:i8
1073741823,1073741823,1073741823,1073736703,1073741823,1073741823,1073478655,1073176575,1073610751,1073741823,1073741823,1073741823,1073741823,1073741823,1073741823:i8
1073741823,1073741823,1073741823,1073736703,1073741823,1073741823,1073479679,1073176575,1073610751,1073737727,1073741823,1073741823,1073741823,1073741823,1073741823:i8
1073741823,1073741823,1073741823,1073736703,1073479679,1073741823,1073479679,1073176575,1073610751,1073741823,1073741823,1073741823,1073741823,1073741823,1073741823:i8
1073741823,1073741823,1073741823,1073736703,1069547519,1073741823,1073479679,1073176575,1073610751,1073741823,1073741823,1073741823,1073741823,1073741823,1073741823:i8
1073741823,1073741823,1073741823,1073736703,1073741823,1072693247,1073479679,1073176575,1073610751,1073741823,1073741823,1073741823,1073741823,1073741823,1073741823:i8
1073741823,1073741823,1073741823,1073736703,1073741823,1073741823,1069285375,1073176575,1073610751,1073741823,1073741823,1073741823,1073741823,1073741823,1073741823:i8
1073741823,1073741823,1073741823,1073736703,1073741823,1073741823,1073479679,1073176575,1069416447,1073741823,1073741823,1073741823,1073741823,1073741823,1073741823:i8
1073741823,1073741823,1073741823,1073736703,1073741823,1069547519,1073479679,1073176575,1073610751,1073741823,1073741823,1073741823,1073741823,1073741823,1073741823:i8
1073741823,1073741823,1073741823,1073736703,1073741823,1073741823,1073479679,1068982271,1073610751,1073741823,1073741823,1073741823,1073741823,1073741823,1073741823:i8
1073741823,1073741823,1073741823,1073736703,1073741823,1073741823,1073479679,1072127999,1073610751,1073741823,1073741823,1073741823,1073741823,1073741823,1073741823:i8
1073741823,1073741823,1073741823,1073736703,1073741823,1073741823,1073479679,1073176575,1073610751,1069547519,1073741823,1073741823,1073741823,1073741823,1073741823:i8
1073741823,1073741823,1073741823,1073736703,1073741823,1073741567,1073479679,1073176575,1073610751,1073741823,1073741823,1073741823,1073741823,1073741823,1073741823:i8
1073741823,1073741567,1073741823,1073736703,1073741823,1073741823,1073479679,1073176575,1073610751,1073741823,1073741823,1073741823,1073741823,1073741823,1073741823:i8
1073741823,1073737727,1073741823,1073736703,1073741823,1073741823,1073479679,1073176575,1073610751,1073741823,1073741823,1073741823,1073741823,1073741823,1073741823:i8
1073741823,1073676287,1073741823,1073736703,1073741823,1073741823,1073479679,1073176575,1073610751,1073741823,1073741823,1073741823,1073741823,1073741823,1073741823:i8
1073741823,1073741823,1073725439,1073736703,1073741823,1073741823,1073479679,1073176575,1073610751,1073741823,1073741823,1073741823,1073741823,1073741823,1073741823:i8
1073741823,1073741823,1073741823,1073671167,1073741823,1073741823,1073479679,1073176575,1073610751,1073741823,1073741823,1073741823,1073741823,1073741823,1073741823:i8
1073741823,1073741823,1073741823,1073736703,1073741823,1073676287,1073479679,1073176575,1073610751,1073741823,1073741823,1073741823,1073741823,1073741823,1073741823:i8
1073741823,1073741823,1073741823,1073736703,1073725439,1073741823,1073479679,1073176575,1073610751,1073741823,1073741823,1073741823,1073741823,1073741823,1073741823:i8
1073741823,1073741823,1073741823,1073736703,1073741823,1073737727,1073479679,1073176575,1073610751,1073741823,1073741823,1073741823,1073741823,1073741823,1073741823:i8
1073741823,1073741823,1073741823,1073736703,1073741823,1073741823,1073479679,1073176575,1073610751,1073741823,1073737727,1073741823,1073741823,1073741823,1073741823:i8
1073741823,1073741823,1073741823,1073736703,1073741823,1073741823,1072431103,1073176575,1073610751,1073741823,1073741823,1073741823,1073741823,1073741823,1073741823:i8
1073741823,1073741823,1073741823,1073736703,1073741823,1073741823,1073479679,1073176575,1072562175,1073741823,1073741823,1073741823,1073741823,1073741823,1073741823:i8
1073741823,1073741823,1073741823,1073736703,1073741823,1073741823,1073479679,1073176575,1073348607,1073741823,1073741823,1073741823,1073741823,1073741823,1073741823:i8
1073741823,1073741823,1073741823,1073736703,1073741823,1073741823,1073479679,1073176575,1073610751,1073741823,1072693247,1073741823,1073741823,1073741823,1073741823:i8
1073741823,1073741823,1073741823,1073736703,1073741823,1073741823,1073479679,1073176575,1073610751,1073741823,1073676287,1073741823,1073741823,1073741823,1073741823:i8
1073741823,1073741823,1073741823,1073736703,1073741823,1073741823,1073479679,1073176575,1073610751,1073676287,1073741823,1073741823,1073741823,1073741823,1073741823:i8
1073741823,1073741823,1073741823,1073736703,1073741823,1073741759,1073479679,1073176575,1073610751,1073741823,1073741823,1073741823,1073741823,1073741823,1073741823:i8
1073741823,1073741823,1073741823,1073736703,1073741567,1073741823,1073479679,1073176575,1073610751,1073741823,1073741823,1073741823,1073741823,1073741823,1073741823:i8
1073741823,1073741823,1073741823,1073736639,1073741823,1073741823,1073479679,1073176575,1073610751,1073741823,1073741823,1073741823,1073741823,1073741823,1073741823:i8
1073741823,1073741823,1073741823,1073736447,1073741823,1073741823,1073479679,1073176575,1073610751,1073741823,1073741823,1073741823,1073741823,1073741823,1073741823:i8
1073741823,1073741759,1073741823,1073736703,1073741823,1073741823,1073479679,1073176575,1073610751,1073741823,1073741823,1073741823,1073741823,1073741823,1073741823:i8
1073741823,1073741823,1073741567,1073736703,1073741823,1073741823,1073479679,1073176575,1073610751,1073741823,1073741823,1073741823,1073741823,1073741823,1073741823:i8
1073741823,1073740799,1073741823,1073736703,1073741823,1073741823,1073479679,1073176575,1073610751,1073741823,1073741823,1073741823,1073741823,1073741823,1073741823:i8
1073741823,1073741823,1073740799,1073736703,1073741823,1073741823,1073479679,1073176575,1073610751,1073741823,1073741823,1073741823,1073741823,1073741823,1073741823:i8
1073741823,1073725439,1073741823,1073736703,1073741823,1073741823,1073479679,1073176575,1073610751,1073741823,1073741823,1073741823,1073741823,1073741823,1073741823:i8
1073741823,1073741823,1073737727,1073736703,1073741823,1073741823,1073479679,1073176575,1073610751,1073741823,1073741823,1073741823,1073741823,1073741823,1073741823:i8
1073741823,1073741823,1073741823,1073720319,1073741823,1073741823,1073479679,1073176575,1073610751,1073741823,1073741823,1073741823,1073741823,1073741823,1073741823:i8
1073741823,1073741823,1073741823,1073736703,1073737727,1073741823,1073479679,1073176575,1073610751,1073741823,1073741823,1073741823,1073741823,1073741823,1073741823:i8
1073741823,1073741823,1073741823,1073736703,1073740799,1073741823,1073479679,1073176575,1073610751,1073741823,1073741823,1073741823,1073741823,1073741823,1073741823:i8
1073741823,1073741823,1073741823,1073736703,1073741823,1073741823,1073479679,1073176575,1073610751,1073740799,1073741823,1073741823,1073741823,1073741823,1073741823:i8
1073741823,1073741823,1073741823,1073736703,1073741823,1073741823,1073479679,1073176575,1073606655,1073741823,1073741823,1073741823,1073741823,1073741823,1073741823:i8
1073741823,1073741823,1073741823,1073736703,1073741823,1073741823,1073479679,1073175551,1073610751,1073741823,1073741823,1073741823,1073741823,1073741823,1073741823:i8
1073741823,1073741823,1073741823,1073736703,1073741823,1073740799,1073479679,1073176575,1073610751,1073741823,1073741823,1073741823,1073741823,1073741823,1073741823:i8
1073741823,1073741823,1073741823,1073736703,1073741823,1073741823,1073475583,1073176575,1073610751,1073741823,1073741823,1073741823,1073741823,1073741823,1073741823:i8
1073741823,1073741823,1073741823,1073736703,1073741823,1073725439,1073479679,1073176575,1073610751,1073741823,1073741823,1073741823,1073741823,1073741823,1073741823:i8
1073741823,1073741823,1073741823,1073736703,1073741823,1073741823,1073463295,1073176575,1073610751,1073741823,1073741823,1073741823,1073741823,1073741823,1073741823:i8
1073741823,1073741823,1073741823,1073736703,1073741823,1073479679,1073479679,1073176575,1073610751,1073741823,1073741823,1073741823,1073741823,1073741823,1073741823:i8
1073741823,1073741823,1073741823,1073736703,1073741823,1073741823,1073414143,1073176575,1073610751,1073741823,1073741823,1073741823,1073741823,1073741823,1073741823:i8
1073741823,1073741823,1073741823,1073736703,1073741823,1073741823,1073479679,1073111039,1073610751,1073741823,1073741823,1073741823,1073741823,1073741823,1073741823:h10
1073741823,1073741823,1073741823,1073736703,1073741823,1073741823,1073479679,1073111039,1073610751,1073709055,1073741823,1073740799,1073741823,1073741823,1073741823:h9
1073741823,1073741823,1073741823,1073736703,1073741823,1073741823,1073479679,1073111039,1073610751,1073709055,1073741823,1073479679,1073741823,1073741823,1073741823:h9
1073741823,1073741823,1073741823,1073736703,1073741823,1073741823,1073479679,1073111039,1073610751,1073709055,1073741823,1073725439,1073741823,1073741823,1073741823:h9
1073741823,1073741823,1073741823,1073736703,1073741823,1073741823,1073479679,1073111039,1073610751,1073709055,1073725439,1073741823,1073741823,1073741823,1073741823:k7
1073741823,1073741823,1073741823,1073736703,1073741823,1073741823,1073479679,1073111039,1073610751,1072660479,1073741823,1073741823,1073741823,1073741823,1073741823:k7
1073741823,1073741823,1073741823,1073736703,1073741823,1073741823,1073479679,1073111039,1073610751,1073708799,1073741823,1073741823,1073741823,1073741823,1073741823:h9
1073741823,1073741823,1073741823,1073736703,1073741823,1073741823,1073479679,1073111039,1073609727,1073709055,1073741823,1073741823,1073741823,1073741823,1073741823:j10
1073741823,1073741823,1073741823,1073736703,1073741823,1073741823,1073479679,1073110783,1073610751,1073709055,1073741823,1073741823,1073741823,1073741823,1073741823:h9
1073741823,1073741823,1073741823,1073736703,1073741823,1073741823,1073478655,1073111039,1073610751,1073709055,1073741823,1073741823,1073741823,1073741823,1073741823:k7
1073741823,1073741823,1073741823,1073736703,1073741823,1073741823,1073479679,1073111039,1073610751,1073704959,1073741823,1073741823,1073741823,1073741823,1073741823:k7
1073741823,1073741823,1073741823,1073736703,1073479679,1073741823,1073479679,1073111039,1073610751,1073709055,1073741823,1073741823,1073741823,1073741823,1073741823:h9
1073741823,1073741823,1073741823,1073736703,1069547519,1073741823,1073479679,1073111039,1073610751,1073709055,1073741823,1073741823,1073741823,1073741823,1073741823:k7
1073741823,1073741823,1073741823,1073736703,1073741823,1072693247,1073479679,1073111039,1073610751,1073709055,1073741823,1073741823,1073741823,1073741823,1073741823:k7
1073741823,1073741823,1073741823,1073736703,1073741823,1073741823,1069285375,1073111039,1073610751,1073709055,1073741823,1073741823,1073741823,1073741823,1073741823:g7
1073741823,1073741823,1073741823,1073736703,1073741823,1073741823,1073479679,1073111039,1069416447,1073709055,1073741823,1073741823,1073741823,1073741823,1073741823:h9
1073741823,1073741823,1073741823,1073736703,1073741823,1069547519,1073479679,1073111039,1073610751,1073709055,1073741823,1073741823,1073741823,1073741823,1073741823:h9
1073741823,1073741823,1073741823,1073736703,1073741823,1073741823,1073479679,1068916735,1073610751,1073709055,1073741823,1073741823,1073741823,1073741823,1073741823:h9
1073741823,1073741823,1073741823,1073736703,1073741823,1073741823,1073479679,1072062463,1073610751,1073709055,1073741823,1073741823,1073741823,1073741823,1073741823:h9
1073741823,1073741823,1073741823,1073736703,1073741823,1073741823,1073479679,1073111039,1073610751,1069514751,1073741823,1073741823,1073741823,1073741823,1073741823:h9
1073741823,1073741823,1073741823,1073736703,1073741823,1073741567,1073479679,1073111039,1073610751,1073709055,1073741823,1073741823,1073741823,1073741823,1073741823:h9
1073741823,1073741567,1073741823,1073736703,1073741823,1073741823,1073479679,1073111039,1073610751,1073709055,1073741823,1073741823,1073741823,1073741823,1073741823:h9
1073741823,1073737727,1073741823,1073736703,1073741823,1073741823,1073479679,1073111039,1073610751,1073709055,1073741823,1073741823,1073741823,1073741823,1073741823:h9
1073741823,1073676287,1073741823,1073736703,1073741823,1073741823,1073479679,1073111039,1073610751,1073709055,1073741823,1073741823,1073741823,1073741823,1073741823:h9
1073741823,1073741823,1073725439,1073736703,1073741823,1073741823,1073479679,1073111039,1073610751,1073709055,1073741823,1073741823,1073741823,1073741823,1073741823:h9
1073741823,1073741823,1073741823,1073671167,1073741823,1073741823,1073479679,1073111039,1073610751,1073709055,1073741823,1073741823,1073741823,1073741823,1073741823:k7
1073741823,1073741823,1073741823,1073736703,1073741823,1073676287,1073479679,1073111039,1073610751,1073709055,1073741823,1073741823,1073741823,1073741823,1073741823:k7
1073741823,1073741823,1073741823,1073736703,1073725439,1073741823,1073479679,1073111039,1073610751,1073709055,1073741823,1073741823,1073741823,1073741823,1073741823:k7
1073741823,1073741823,1073741823,1073736703,1073741823,1073737727,1073479679,1073111039,1073610751,1073709055,1073741823,1073741823,1073741823,1073741823,1073741823:k7
1073741823,1073741823,1073741823,1073736703,1073741823,1073741823,1073479679,1073111039,1073610751,1073709055,1073737727,1073741823,1073741823,1073741823,1073741823:j10
1073741823,1073741823,1073741823,1073736703,1073741823,1073741823,1072431103,1073111039,1073610751,1073709055,1073741823,1073741823,1073741823,1073741823,1073741823:g7
1073741823,1073741823,1073741823,1073736703,1073741823,1073741823,1073479679,1073111039,1072562175,1073709055,1073741823,1073741823,1073741823,1073741823,1073741823:h9
1073741823,1073741823,1073741823,1073736703,1073741823,1073741823,1073479679,1073111039,1073348607,1073709055,1073741823,1073741823,1073741823,1073741823,1073741823:k7
1073741823,1073741823,1073741823,1073736703,1073741823,1073741823,1073479679,1073111039,1073610751,1073709055,1072693247,1073741823,1073741823,1073741823,1073741823:h9
1073741823,1073741823,1073741823,1073736703,1073741823,1073741823,1073479679,1073111039,1073610751,1073709055,1073676287,1073741823,1073741823,1073741823,1073741823:h9
1073741823,1073741823,1073741823,1073736703,1073741823,1073741823,1073479679,1073111039,1073610751,1073643519,1073741823,1073741823,1073741823,1073741823,1073741823:h9
1073741823,1073741823,1073741823,1073736703,1073741823,1073741759,1073479679,1073111039,1073610751,1073709055,1073741823,1073741823,1073741823,1073741823,1073741823:h9
1073741823,1073741823,1073741823,1073736703,1073741567,1073741823,1073479679,1073111039,1073610751,1073709055,1073741823,1073741823,1073741823,1073741823,1073741823:h9
1073741823,1073741823,1073741823,1073736639,1073741823,1073741823,1073479679,1073111039,1073610751,1073709055,1073741823,1073741823,1073741823,1073741823,1073741823:k7
1073741823,1073741823,1073741823,1073736447,1073741823,1073741823,1073479679,1073111039,1073610751,1073709055,1073741823,1073741823,1073741823,1073741823,1073741823:k7
1073741823,1073741759,1073741823,1073736703,1073741823,1073741823,1073479679,1073111039,1073610751,1073709055,1073741823,1073741823,1073741823,1073741823,1073741823:h9
1073741823,1073741823,1073741567,1073736703,1073741823,1073741823,1073479679,1073111039,1073610751,1073709055,1073741823,1073741823,1073741823,1073741823,1073741823:h9
1073741823,1073740799,1073741823,1073736703,1073741823,1073741823,1073479679,1073111039,1073610751,1073709055,1073741823,1073741823,1073741823,1073741823,1073741823:h9
1073741823,1073741823,1073740799,1073736703,1073741823,1073741823,1073479679,1073111039,1073610751,1073709055,1073741823,1073741823,1073741823,1073741823,1073741823:h9
1073741823,1073725439,1073741823,1073736703,1073741823,1073741823,1073479679,1073111039,1073610751,1073709055,1073741823,1073741823,1073741823,1073741823,1073741823:h9
1073741823,1073741823,1073737727,1073736703,1073741823,1073741823,1073479679,1073111039,1073610751,1073709055,1073741823,1073741823,1073741823,1073741823,1073741823:h9
1073741823,1073741823,1073741823,1073720319,1073741823,1073741823,1073479679,1073111039,1073610751,1073709055,1073741823,1073741823,1073741823,1073741823,1073741823:k7
1073741823,1073741823,1073741823,1073736703,1073737727,1073741823,1073479679,1073111039,1073610751,1073709055,1073741823,1073741823,1073741823,1073741823,1073741823:h9
1073741823,1073741823,1073741823,1073736703,1073740799,1073741823,1073479679,1073111039,1073610751,1073709055,1073741823,1073741823,1073741823,1073741823,1073741823:j10
1073741823,1073741823,1073741823,1073736703,1073741823,1073741823,1073479679,1073111039,1073610751,1073708031,1073741823,1073741823,1073741823,1073741823,1073741823:h9
1073741823,1073741823,1073741823,1073736703,1073741823,1073741823,1073479679,1073111039,1073606655,1073709055,1073741823,1073741823,1073741823,1073741823,1073741823:j10
1073741823,1073741823,1073741823,1073736703,1073741823,1073741823,1073479679,1073110015,1073610751,1073709055,1073741823,1073741823,1073741823,1073741823,1073741823:h9
1073741823,1073741823,1073741823,1073736703,1073741823,1073740799,1073479679,1073111039,1073610751,1073709055,1073741823,1073741823,1073741823,1073741823,1073741823:h9
1073741823,1073741823,1073741823,1073736703,1073741823,1073741823,1073475583,1073111039,1073610751,1073709055,1073741823,1073741823,1073741823,1073741823,1073741823:k7
1073741823,1073741823,1073741823,1073736703,1073741823,1073725439,1073479679,1073111039,1073610751,1073709055,1073741823,1073741823,1073741823,1073741823,1073741823:h9
1073741823,1073741823,1073741823,1073736703,1073741823,1073741823,1073463295,1073111039,1073610751,1073709055,1073741823,1073741823,1073741823,1073741823,1073741823:k7
1073741823,1073741823,1073741823,1073736703,1073741823,1073479679,1073479679,1073111039,1073610751,1073709055,1073741823,1073741823,1073741823,1073741823,1073741823:h9
1073741823,1073741823,1073741823,1073736703,1073741823,1073741823,1073414143,1073111039,1073610751,1073709055,1073741823,1073741823,1073741823,1073741823,1073741823:g7
1073741823,1073741823,1073741823,1073736703,1073741823,1073741823,1073479679,1073111039,1073610751,1073446911,1073741823,1073741823,1073741823,1073741823,1073741823:h9
1073741823,1073741823,1073741823,1073736703,1073741823,1073741823,1073479679,1073111039,1073594367,1073709055,1073741823,1073741823,1073741823,1073741823,1073741823:k7
1073741823,1073741823,1073741823,1073736703,1073741823,1073741823,1073479679,1073176575,1073610751,1073479679,1073741823,1073741823,1073741823,1073741823,1073741823:i8
1073741823,1073741823,1073741823,1073736703,1073741823,1073741823,1073479679,1073176575,1073610751,1073725439,1073741823,1073741823,1073741823,1073741823,1073741823:i8
1073741823,1073741823,1073741823,1073736703,1073741823,1073741823,1073479679,1073176575,1073594367,1073741823,1073741823,1073741823,1073741823,1073741823,1073741823:i8
