1073741823,1073741823,1073741823,1073741823,1073741823,1072693247,1073594367,1073643519,1071120383,1073479679,1073741823,1073741823,1073741823,1073741823,1073741823:l10
1073741823,1073741823,1073741823,1073741823,1073741823,1072693247,1073594367,1006534655,1071120383,1065091071,1073741823,1073741823,1073741823,1073741823,1073741823:j8
1073741823,1073741823,1073741823,1073741823,1073741823,1072693247,1073594367,1073643519,1071120383,997982207,1073741823,1073741823,1073741823,1073741823,1073741823:j8
1073741823,1073741823,1073741823,1073741823,1073741823,1072693247,1073594367,1073643519,1071120383,1048313855,1073741823,1073741823,1073741823,1073741823,1073741823:j8
1073741823,1073741823,1073741823,1073741823,1073741823,1072693247,1073594367,1073643519,1071120383,1065091071,1073741823,1006632959,1073741823,1073741823,1073741823:j8
1073741823,1073741823,1073741823,1073676287,1073741823,1072693247,1073594367,1073643519,1071120383,1065091071,1073741823,1073741823,1073741823,1073741823,1073741823:j8
1073741823,1073741823,1073741823,1072693247,1073741823,1072693247,1073594367,1073643519,1071120383,1065091071,1073741823,1073741823,1073741823,1073741823,1073741823:j8
1073741823,1073741823,1073741823,1056964607,1073741823,1072693247,1073594367,1073643519,1071120383,1065091071,1073741823,1073741823,1073741823,1073741823,1073741823:j8
1073741823,1073741823,1073741823,1073741823,1069547519,1072693247,1073594367,1073643519,1071120383,1065091071,1073741823,1073741823,1073741823,1073741823,1073741823:j8
1073741823,1073741823,1073741823,1073741823,1073741823,1055916031,1073594367,1073643519,1071120383,1065091071,1073741823,1073741823,1073741823,1073741823,1073741823:j8
1073741823,1073741823,1073741823,1073741823,1073741823,1068498943,1073594367,1073643519,1071120383,1065091071,1073741823,1073741823,1073741823,1073741823,1073741823:j8
1073741823,1073741823,1073741823,1073741823,1073741823,1072693247,1073594367,1056866303,1071120383,1065091071,1073741823,1073741823,1073741823,1073741823,1073741823:j8
1073741823,1073741823,1073741823,1073741823,1073741823,1072693247,1056817151,1073643519,1071120383,1065091071,1073741823,1073741823,1073741823,1073741823,1073741823:j8
1073741823,1073741823,1073741823,1073741823,1073741823,1072693247,1073594367,1073643519,1054343167,1065091071,1073741823,1073741823,1073741823,1073741823,1073741823:j8
1073741823,1073741823,1073741823,1073741823,1073741823,1072693247,1073594367,1073643519,1071120383,1065091071,1056964607,1073741823,1073741823,1073741823,1073741823:l9
1073741823,1073741823,1073741823,1073741823,1073741823,1072693247,1006485503,1073643519,1062731775,1065091071,1056964607,1073741823,1073741823,1073741823,1073741823:g9
1073741823,1073741823,1073741823,1073741823,1073741823,1072693247,1073594367,1073643519,995622911,1065091071,1056964607,1073741823,1073741823,1073741823,1073741823:g9
1073741823,1073741823,1073741823,1073741823,1073741823,1072693247,1073594367,1073643519,1062731775,1065091071,1056964607,1073741823,1072693247,1073741823,1073741823:g9
1073741823,1073741823,1073741823,1073741823,1073741823,1072693247,1073594367,1073643519,794296319,1065091071,1056964607,1073741823,1073741823,1073741823,1073741823:g9
1073741823,1073741823,1073741823,1073741823,1073741823,1072693247,1073594367,1073643519,1062731775,1065091071,788529151,1073741823,1073741823,1073741823,1073741823:g9
1073741823,1073741823,1073741823,1073741823,1073741823,1072693247,1073594367,1073643519,1062731775,1065091071,989855743,1073741823,1073741823,1073741823,1073741823:g9
1073741823,1073741823,1073741823,1073741823,1073741823,1072693247,1073594367,1073643519,1062731775,1065091071,1056964607,1073741823,805306367,1073741823,1073741823:g9
1073741823,1073741823,1073741823,1073741823,1073741823,1072693247,1073594367,1073643519,1062731775,1065091071,1056964607,1073741823,1056964607,1073741823,1073741823:g9
1073741823,1073741823,1073741823,1073741823,1073741823,1072693247,1073594367,1073643519,1062731775,1065091071,1056964607,1056964607,1073741823,1073741823,1073741823:g9
1073741823,1073741823,1073741823,1073741823,1073741823,1072693247,1073594367,1006534655,1062731775,1065091071,1056964607,1073741823,1073741823,1073741823,1073741823:g9
1073741823,1073741823,1073741823,1073741823,1073741823,1072693247,1073594367,1073643519,1062731775,997982207,1056964607,1073741823,1073741823,1073741823,1073741823:g9
1073741823,1073741823,1073741823,1073741823,1073741823,1072693247,1073594367,1073643519,1062731775,1048313855,1056964607,1073741823,1073741823,1073741823,1073741823:g9
1073741823,1073741823,1073741823,1073741823,1073741823,1072693247,1073594367,1073643519,1062731775,1065091071,1056964607,1006632959,1073741823,1073741823,1073741823:g9
1073741823,1073741823,1073741823,1073676287,1073741823,1072693247,1073594367,1073643519,1062731775,1065091071,1056964607,1073741823,1073741823,1073741823,1073741823:g9
1073741823,1073741823,1073741823,1072693247,1073741823,1072693247,1073594367,1073643519,1062731775,1065091071,1056964607,1073741823,1073741823,1073741823,1073741823:g9
1073741823,1073741823,1073741823,1056964607,1073741823,1072693247,1073594367,1073643519,1062731775,1065091071,1056964607,1073741823,1073741823,1073741823,1073741823:i9
1073741823,1073741823,1073741823,1073741823,1069547519,1072693247,1073594367,1073643519,1062731775,1065091071,1056964607,1073741823,1073741823,1073741823,1073741823:i9
1073741823,1073741823,1073741823,1073741823,1073741823,1055916031,1073594367,1073643519,1062731775,1065091071,1056964607,1073741823,1073741823,1073741823,1073741823:g9
1073741823,1073741823,1073741823,1073741823,1073741823,1068498943,1073594367,1073643519,1062731775,1065091071,1056964607,1073741823,1073741823,1073741823,1073741823:g9
1073741823,1073741823,1073741823,1073741823,1073741823,1072693247,1073594367,1056866303,1062731775,1065091071,1056964607,1073741823,1073741823,1073741823,1073741823:g9
1073741823,1073741823,1073741823,1073741823,1073741823,1072693247,1056817151,1073643519,1062731775,1065091071,1056964607,1073741823,1073741823,1073741823,1073741823:g9
1073741823,1073741823,1073741823,1073741823,1073741823,1072693247,1073594367,1073643519,1045954559,1065091071,1056964607,1073741823,1073741823,1073741823,1073741823:l7
1073741823,1073741823,1073741823,1073741823,1006632959,1072693247,1065205759,1073643519,1045954559,1065091071,1056964607,1073741823,1073741823,1073741823,1073741823:l8
1073741823,1073741823,1073741823,1073741823,1073741823,1072693247,1065205759,1073643519,1045954559,1065091071,1056964607,1073741823,1072693247,1073741823,1073741823:l8
1073741823,1073741823,1073741823,1073741823,1073741823,1072693247,1065205759,1073643519,1045954559,1065091071,1056964607,1073741823,805306367,1073741823,1073741823:l8
1073741823,1073741823,1073741823,1073741823,1073741823,1072693247,1065205759,1073643519,1045954559,1065091071,1056964607,1073741823,1056964607,1073741823,1073741823:l8
1073741823,1073741823,1073741823,1073741823,1073741823,1072693247,1065205759,1073643519,1045954559,1065091071,1056964607,1056964607,1073741823,1073741823,1073741823:l8
1073741823,1073741823,1073741823,1073741823,1073741823,1072693247,1065205759,1073643519,1045954559,1065091071,1056964607,1006632959,1073741823,1073741823,1073741823:l8
1073741823,1073741823,1073741823,1073741823,1073741823,1072693247,796770303,1073643519,1045954559,1065091071,1056964607,1073741823,1073741823,1073741823,1073741823:l8
1073741823,1073741823,1073741823,1073741823,1073741823,1072693247,1065205759,1006534655,1045954559,1065091071,1056964607,1073741823,1073741823,1073741823,1073741823:l8
1073741823,1073741823,1073741823,1073741823,1073741823,1072693247,1065205759,1073643519,777519103,1065091071,1056964607,1073741823,1073741823,1073741823,1073741823:l8
1073741823,1073741823,1073741823,1073741823,1073741823,1072693247,1065205759,1073643519,1045954559,1065091071,788529151,1073741823,1073741823,1073741823,1073741823:l8
1073741823,1073741823,1073741823,1073741823,1073741823,1072693247,1065205759,1073643519,1045954559,997982207,1056964607,1073741823,1073741823,1073741823,1073741823:l8
1073741823,1073741823,1073741823,1073741823,1073741823,1072693247,998096895,1073643519,1045954559,1065091071,1056964607,1073741823,1073741823,1073741823,1073741823:l8
1073741823,1073741823,1073741823,1073741823,1073741823,1072693247,1065205759,1073643519,978845695,1065091071,1056964607,1073741823,1073741823,1073741823,1073741823:l8
1073741823,1073741823,1073741823,1073741823,1073741823,1072693247,1065205759,1073643519,1045954559,1065091071,989855743,1073741823,1073741823,1073741823,1073741823:l8
1073741823,1073741823,1073741823,1073741823,1073741823,1072693247,1065205759,1073643519,1045954559,1048313855,1056964607,1073741823,1073741823,1073741823,1073741823:l8
1073741823,1073741823,1073741823,1073676287,1073741823,1072693247,1065205759,1073643519,1045954559,1065091071,1056964607,1073741823,1073741823,1073741823,1073741823:l8
1073741823,1073741823,1073741823,1072693247,1073741823,1072693247,1065205759,1073643519,1045954559,1065091071,1056964607,1073741823,1073741823,1073741823,1073741823:l8
1073741823,1073741823,1073741823,1056964607,1073741823,1072693247,1065205759,1073643519,1045954559,1065091071,1056964607,1073741823,1073741823,1073741823,1073741823:l8
1073741823,1073741823,1073741823,1073741823,1069547519,1072693247,1065205759,1073643519,1045954559,1065091071,1056964607,1073741823,1073741823,1073741823,1073741823:l8
1073741823,1073741823,1073741823,1073741823,1073741823,1055916031,1065205759,1073643519,1045954559,1065091071,1056964607,1073741823,1073741823,1073741823,1073741823:l8
1073741823,1073741823,1073741823,1073741823,1073741823,1068498943,1065205759,1073643519,1045954559,1065091071,1056964607,1073741823,1073741823,1073741823,1073741823:j8
1073741823,1073741823,1073741823,1073741823,1073741823,1072693247,1065205759,1056866303,1045954559,1065091071,1056964607,1073741823,1073741823,1073741823,1073741823:l8
1073741823,1073741823,1073741823,1073741823,1073741823,1072693247,1048428543,1073643519,1045954559,1065091071,1056964607,1073741823,1073741823,1073741823,1073741823:l8
1073741823,1073741823,1073741823,1073741823,1073741823,1072693247,1065205759,1073643519,1045954559,1065091071,1056964607,1073725439,1073741823,1073741823,1073741823:l8
1073741823,1073741823,1073741823,1073741823,1073741823,1072693247,1065205759,1073643519,1045954559,1065091071,1056899071,1073741823,1073741823,1073741823,1073741823:l8
1073741823,1073741823,1073741823,1073741823,1073741823,1072693247,1065205759,1069449215,1045954559,1065091071,1056964607,1073741823,1073741823,1073741823,1073741823:j8
1073741823,1073741823,1073741823,1073741823,1073741823,1072693247,1065205759,1073643519,1045954559,1065091071,1056964607,1069547519,1073741823,1073741823,1073741823:l8
1073741823,1073741823,1073741823,1073741823,1073741823,1072693247,1065205759,1073643519,1045954559,1065091071,1055916031,1073741823,1073741823,1073741823,1073741823:l8
1073741823,1073741823,1073741823,1073741823,1073741823,1072693247,1065205759,1073643519,1045954559,1065091071,1056964607,1073479679,1073741823,1073741823,1073741823:l8
1073741823,1073741823,1073741823,1073741823,1073741823,1072693247,1065205759,1073643519,1045954559,1065091071,1056948223,1073741823,1073741823,1073741823,1073741823:l8
1073741823,1073741823,1073741823,1073741823,1073741823,1072693247,1065205759,1073643519,1045954559,1065091071,1052770303,1073741823,1073741823,1073741823,1073741823:j8
1073741823,1073741823,1073741823,1073741823,1073741823,1072693247,1065205759,1073643519,1045954559,1065091071,1056702463,1073741823,1073741823,1073741823,1073741823:l8
1073741823,1073741823,1073741823,1073741823,1073741823,1072693247,1065205759,1073643519,1045954559,1065086975,1056964607,1073741823,1073741823,1073741823,1073741823:l8
1073741823,1073741823,1073741823,1073741823,1073741823,1072693247,1065205759,1072594943,1045954559,1065091071,1056964607,1073741823,1073741823,1073741823,1073741823:l8
1073741823,1073741823,1073741823,1073741823,1073741823,1072693247,1065205759,1073643519,1045954559,1064042495,1056964607,1073741823,1073741823,1073741823,1073741823:l8
1073741823,1073741823,1073741823,1073741823,1073741823,1072693247,1065205759,1073643519,1045954559,1065025535,1056964607,1073741823,1073741823,1073741823,1073741823:l8
1073741823,1073741823,1073741823,1073741823,1073737727,1072693247,1065205759,1073643519,1045954559,1065091071,1056964607,1073741823,1073741823,1073741823,1073741823:l8
1073741823,1073741823,1073741823,1073741823,1073676287,1072693247,1065205759,1073643519,1045954559,1065091071,1056964607,1073741823,1073741823,1073741823,1073741823:l8
1073741823,1073741823,1073741823,1073741823,1072693247,1072693247,1065205759,1073643519,1045954559,1065091071,1056964607,1073741823,1073741823,1073741823,1073741823:l8
1073741823,1073741823,1073741823,1073741823,1073741823,1072693247,1064157183,1073643519,1045954559,1065091071,1056964607,1073741823,1073741823,1073741823,1073741823:l8
1073741823,1073741823,1073741823,1073741823,1073741823,1072693247,1065205759,1073643519,1045953535,1065091071,1056964607,1073741823,1073741823,1073741823,1073741823:l8
1073741823,1073741823,1073741823,1073741823,1073741823,1072693247,1065204735,1073643519,1045954559,1065091071,1056964607,1073741823,1073741823,1073741823,1073741823:l8
1073741823,1073741823,1073741823,1073741823,1073740799,1072693247,1065205759,1073643519,1045954559,1065091071,1056964607,1073741823,1073741823,1073741823,1073741823:l8
1073741823,1073741823,1073741823,1073741823,1073741823,1072689151,1065205759,1073643519,1045954559,1065091071,1056964607,1073741823,1073741823,1073741823,1073741823:l8
1073741823,1073741823,1073741823,1073741823,1073725439,1072693247,1065205759,1073643519,1045954559,1065091071,1056964607,1073741823,1073741823,1073741823,1073741823:l8
1073741823,1073741823,1073741823,1073741823,1073479679,1072693247,1065205759,1073643519,1045954559,1065091071,1056964607,1073741823,1073741823,1073741823,1073741823:l8
1073741823,1073741823,1073741823,1073741823,1073741823,1072627711,1065205759,1073643519,1045954559,1065091071,1056964607,1073741823,1073741823,1073741823,1073741823:l8
1073741823,1073741823,1073741823,1073741823,1073741823,1072693247,1064943615,1073643519,1045954559,1065091071,1056964607,1073741823,1073741823,1073741823,1073741823:l8
1073741823,1073741823,1073741823,1073741823,1073741823,1072693247,1065205759,1073643519,1045954559,1065090047,1056964607,1073741823,1073741823,1073741823,1073741823:l8
1073741823,1073741823,1073741823,1073741823,1073741823,1072693247,1065205759,1073643519,1045950463,1065091071,1056964607,1073741823,1073741823,1073741823,1073741823:l8
1073741823,1073741823,1073741823,1073741823,1073741823,1072693247,1065205759,1073642495,1045954559,1065091071,1056964607,1073741823,1073741823,1073741823,1073741823:l8
1073741823,1073741823,1073741823,1073741823,1073741823,1072693247,1065205759,1073639423,1045954559,1065091071,1056964607,1073741823,1073741823,1073741823,1073741823:l8
1073741823,1073741823,1073741823,1073741823,1073741823,1072692223,1065205759,1073643519,1045954559,1065091071,1056964607,1073741823,1073741823,1073741823,1073741823:l8
1073741823,1073741823,1073741823,1073741823,1073741823,1072693247,1065201663,1073643519,1045954559,1065091071,1056964607,1073741823,1073741823,1073741823,1073741823:l8
1073741823,1073741823,1073741823,1073741823,1073741823,1072676863,1065205759,1073643519,1045954559,1065091071,1056964607,1073741823,1073741823,1073741823,1073741823:l8
1073741823,1073741823,1073741823,1073741823,1073741823,1072431103,1065205759,1073643519,1045954559,1065091071,1056964607,1073741823,1073741823,1073741823,1073741823:l8
1073741823,1073741823,1073741823,1073741823,1073741823,1072693247,1065205759,1073381375,1045954559,1065091071,1056964607,1073741823,1073741823,1073741823,1073741823:l8
1073741823,1073741823,1073741823,1073741823,1073741823,1072693247,1065205759,1073643519,1045889023,1065091071,1056964607,1073741823,1073741823,1073741823,1073741823:l8
1073741823,1073741823,1073741823,1073741823,1073741823,1072693247,1065205759,1073643519,1045954559,1065074687,1056964607,1073741823,1073741823,1073741823,1073741823:l8
1073741823,1073741823,1073741823,1073741823,1073741823,1072693247,1065205759,1073643519,1045938175,1065091071,1056964607,1073741823,1073741823,1073741823,1073741823:l8
1073741823,1073741823,1073741823,1073741823,1073741823,1072693247,1073594367,1073643519,1062731775,1065091071,1056964607,1073725439,1073741823,1073741823,1073741823:g9
1073741823,1073741823,1073741823,1073741823,1073741823,1072693247,1073594367,1073643519,1062731775,1065091071,1056899071,1073741823,1073741823,1073741823,1073741823:g9
1073741823,1073741823,1073741823,1073741823,1073741823,1072693247,1073594367,1069449215,1062731775,1065091071,1056964607,1073741823,1073741823,1073741823,1073741823:g9
1073741823,1073741823,1073741823,1073741823,1073741823,1072693247,1073594367,1073643519,1062731775,1065091071,1056964607,1069547519,1073741823,1073741823,1073741823:g9
1073741823,1073741823,1073741823,1073741823,1073741823,1072693247,1073594367,1073643519,1062731775,1065091071,1055916031,1073741823,1073741823,1073741823,1073741823:g9
1073741823,1073741823,1073741823,1073741823,1073741823,1072693247,1073594367,1073643519,1062731775,1065091071,1056964607,1073479679,1073741823,1073741823,1073741823:g9
1073741823,1073741823,1073741823,1073741823,1073741823,1072693247,1073594367,1073643519,1062731775,1065091071,1056948223,1073741823,1073741823,1073741823,1073741823:g9
1073741823,1073741823,1073741823,1073741823,1073741823,1072693247,1069400063,1073643519,1062731775,1065091071,1056964607,1073741823,1073741823,1073741823,1073741823:g9
1073741823,1073741823,1073741823,1073741823,1073741823,1072693247,1073594367,1073643519,1062731775,1065091071,1052770303,1073741823,1073741823,1073741823,1073741823:g9
1073741823,1073741823,1073741823,1073741823,1073741823,1072693247,1073594367,1073643519,1062731775,1065091071,1056702463,1073741823,1073741823,1073741823,1073741823:g9
1073741823,1073741823,1073741823,1073741823,1073741823,1072693247,1073594367,1073643519,1062731775,1065086975,1056964607,1073741823,1073741823,1073741823,1073741823:i9
1073741823,1073741823,1073741823,1073741823,1073741823,1072693247,1073594367,1072594943,1062731775,1065091071,1056964607,1073741823,1073741823,1073741823,1073741823:g9
1073741823,1073741823,1073741823,1073741823,1073741823,1072693247,1073594367,1073643519,1062731775,1064042495,1056964607,1073741823,1073741823,1073741823,1073741823:g9
1073741823,1073741823,1073741823,1073741823,1073741823,1072693247,1073594367,1073643519,1062731775,1065025535,1056964607,1073741823,1073741823,1073741823,1073741823:g9
1073741823,1073741823,1073741823,1073741823,1073737727,1072693247,1073594367,1073643519,1062731775,1065091071,1056964607,1073741823,1073741823,1073741823,1073741823:g9
1073741823,1073741823,1073741823,1073741823,1073676287,1072693247,1073594367,1073643519,1062731775,1065091071,1056964607,1073741823,1073741823,1073741823,1073741823:g9
1073741823,1073741823,1073741823,1073741823,1072693247,1072693247,1073594367,1073643519,1062731775,1065091071,1056964607,1073741823,1073741823,1073741823,1073741823:g9
1073741823,1073741823,1073741823,1073741823,1073741823,1072693247,1072545791,1073643519,1062731775,1065091071,1056964607,1073741823,1073741823,1073741823,1073741823:g9
1073741823,1073741823,1073741823,1073741823,1073741823,1072693247,1073594367,1073643519,1062730751,1065091071,1056964607,1073741823,1073741823,1073741823,1073741823:g9
1073741823,1073741823,1073741823,1073741823,1073741823,1072693247,1073593343,1073643519,1062731775,1065091071,1056964607,1073741823,1073741823,1073741823,1073741823:g9
1073741823,1073741823,1073741823,1073741823,1073740799,1072693247,1073594367,1073643519,1062731775,1065091071,1056964607,1073741823,1073741823,1073741823,1073741823:g9
1073741823,1073741823,1073741823,1073741823,1073741823,1072689151,1073594367,1073643519,1062731775,1065091071,1056964607,1073741823,1073741823,1073741823,1073741823:g9
1073741823,1073741823,1073741823,1073741823,1073725439,1072693247,1073594367,1073643519,1062731775,1065091071,1056964607,1073741823,1073741823,1073741823,1073741823:g9
1073741823,1073741823,1073741823,1073741823,1073479679,1072693247,1073594367,1073643519,1062731775,1065091071,1056964607,1073741823,1073741823,1073741823,1073741823:g9
1073741823,1073741823,1073741823,1073741823,1073741823,1072627711,1073594367,1073643519,1062731775,1065091071,1056964607,1073741823,1073741823,1073741823,1073741823:g9
1073741823,1073741823,1073741823,1073741823,1073741823,1072693247,1073332223,1073643519,1062731775,1065091071,1056964607,1073741823,1073741823,1073741823,1073741823:i9
1073741823,1073741823,1073741823,1073741823,1073741823,1072693247,1073594367,1073643519,1062731775,1065090047,1056964607,1073741823,1073741823,1073741823,1073741823:i9
1073741823,1073741823,1073741823,1073741823,1073741823,1072693247,1073594367,1073643519,1062727679,1065091071,1056964607,1073741823,1073741823,1073741823,1073741823:i9
1073741823,1073741823,1073741823,1073741823,1073741823,1072693247,1073594367,1073642495,1062731775,1065091071,1056964607,1073741823,1073741823,1073741823,1073741823:g9
1073741823,1073741823,1073741823,1073741823,1073741823,1072693247,1073594367,1073639423,1062731775,1065091071,1056964607,1073741823,1073741823,1073741823,1073741823:g9
1073741823,1073741823,1073741823,1073741823,1073741823,1072692223,1073594367,1073643519,1062731775,1065091071,1056964607,1073741823,1073741823,1073741823,1073741823:g9
1073741823,1073741823,1073741823,1073741823,1073741823,1072693247,1073590271,1073643519,1062731775,1065091071,1056964607,1073741823,1073741823,1073741823,1073741823:g9
1073741823,1073741823,1073741823,1073741823,1073741823,1072676863,1073594367,1073643519,1062731775,1065091071,1056964607,1073741823,1073741823,1073741823,1073741823:g9
1073741823,1073741823,1073741823,1073741823,1073741823,1072431103,1073594367,1073643519,1062731775,1065091071,1056964607,1073741823,1073741823,1073741823,1073741823:i9
1073741823,1073741823,1073741823,1073741823,1073741823,1072693247,1073594367,1073381375,1062731775,1065091071,1056964607,1073741823,1073741823,1073741823,1073741823:g9
1073741823,1073741823,1073741823,1073741823,1073741823,1072693247,1073594367,1073643519,1062666239,1065091071,1056964607,1073741823,1073741823,1073741823,1073741823:m9
1073741823,1073741823,1073741823,1073741823,1073741823,1072693247,1073594367,1073643519,1062731775,1065074687,1056964607,1073741823,1073741823,1073741823,1073741823:g9
1073741823,1073741823,1073741823,1073741823,1073741823,1072693247,1073594367,1073643519,1062715391,1065091071,1056964607,1073741823,1073741823,1073741823,1073741823:m9
1073741823,1073741823,1073741823,1073741823,1073741823,1072693247,1073594367,1073643519,1071120383,1065091071,1073741823,1073725439,1073741823,1073741823,1073741823:j8
1073741823,1073741823,1073741823,1073741823,1073741823,1072693247,1073594367,1073643519,1071120383,1065091071,1073676287,1073741823,1073741823,1073741823,1073741823:j8
1073741823,1073741823,1073741823,1073741823,1073741823,1072693247,1073594367,1069449215,1071120383,1065091071,1073741823,1073741823,1073741823,1073741823,1073741823:j8
1073741823,1073741823,1073741823,1073741823,1073741823,1072693247,1073594367,1073643519,1071120383,1065091071,1073741823,1069547519,1073741823,1073741823,1073741823:j8
1073741823,1073741823,1073741823,1073741823,1073741823,1072693247,1073594367,1073643519,1071120383,1065091071,1072693247,1073741823,1073741823,1073741823,1073741823:j8
1073741823,1073741823,1073741823,1073741823,1073741823,1072693247,1073594367,1073643519,1071120383,1065091071,1073741823,1073479679,1073741823,1073741823,1073741823:j8
1073741823,1073741823,1073741823,1073741823,1073741823,1072693247,1073594367,1073643519,1071120383,1065091071,1073725439,1073741823,1073741823,1073741823,1073741823:j8
1073741823,1073741823,1073741823,1073741823,1073741823,1072693247,1069400063,1073643519,1071120383,1065091071,1073741823,1073741823,1073741823,1073741823,1073741823:j8
1073741823,1073741823,1073741823,1073741823,1073741823,1072693247,1073594367,1073643519,1066926079,1065091071,1073741823,1073741823,1073741823,1073741823,1073741823:j8
1073741823,1073741823,1073741823,1073741823,1073741823,1072693247,1073594367,1073643519,1071120383,1065091071,1069547519,1073741823,1073741823,1073741823,1073741823:j8
1073741823,1073741823,1073741823,1073741823,1073741823,1072693247,1073594367,1073643519,1071120383,1065091071,1073479679,1073741823,1073741823,1073741823,1073741823:j8
1073741823,1073741823,1073741823,1073741823,1073741823,1072693247,1073594367,1073643519,1071120383,1065086975,1073741823,1073741823,1073741823,1073741823,1073741823:j8
1073741823,1073741823,1073741823,1073741823,1073741823,1072693247,1073594367,1072594943,1071120383,1065091071,1073741823,1073741823,1073741823,1073741823,1073741823:j8
1073741823,1073741823,1073741823,1073741823,1073741823,1072693247,1073594367,1073643519,1071120383,1064042495,1073741823,1073741823,1073741823,1073741823,1073741823:j8
1073741823,1073741823,1073741823,1073741823,1073741823,1072693247,1073594367,1073643519,1071120383,1065025535,1073741823,1073741823,1073741823,1073741823,1073741823:j8
1073741823,1073741823,1073741823,1073741823,1073737727,1072693247,1073594367,1073643519,1071120383,1065091071,1073741823,1073741823,1073741823,1073741823,1073741823:j8
1073741823,1073741823,1073741823,1073741823,1073676287,1072693247,1073594367,1073643519,1071120383,1065091071,1073741823,1073741823,1073741823,1073741823,1073741823:j8
1073741823,1073741823,1073741823,1073741823,1072693247,1072693247,1073594367,1073643519,1071120383,1065091071,1073741823,1073741823,1073741823,1073741823,1073741823:j8
1073741823,1073741823,1073741823,1073741823,1073741823,1072693247,1072545791,1073643519,1071120383,1065091071,1073741823,1073741823,1073741823,1073741823,1073741823:j8
1073741823,1073741823,1073741823,1073741823,1073741823,1072693247,1073594367,1073643519,1071119359,1065091071,1073741823,1073741823,1073741823,1073741823,1073741823:j8
1073741823,1073741823,1073741823,1073741823,1073741823,1072693247,1073593343,1073643519,1071120383,1065091071,1073741823,1073741823,1073741823,1073741823,1073741823:j8
1073741823,1073741823,1073741823,1073741823,1073740799,1072693247,1073594367,1073643519,1071120383,1065091071,1073741823,1073741823,1073741823,1073741823,1073741823:j8
1073741823,1073741823,1073741823,1073741823,1073741823,1072689151,1073594367,1073643519,1071120383,1065091071,1073741823,1073741823,1073741823,1073741823,1073741823:j8
1073741823,1073741823,1073741823,1073741823,1073725439,1072693247,1073594367,1073643519,1071120383,1065091071,1073741823,1073741823,1073741823,1073741823,1073741823:j8
1073741823,1073741823,1073741823,1073741823,1073479679,1072693247,1073594367,1073643519,1071120383,1065091071,1073741823,1073741823,1073741823,1073741823,1073741823:j8
1073741823,1073741823,1073741823,1073741823,1073741823,1072627711,1073594367,1073643519,1071120383,1065091071,1073741823,1073741823,1073741823,1073741823,1073741823:j8
1073741823,1073741823,1073741823,1073741823,1073741823,1072693247,1073332223,1073643519,1071120383,1065091071,1073741823,1073741823,1073741823,1073741823,1073741823:j8
1073741823,1073741823,1073741823,1073741823,1073741823,1072693247,1073594367,1073643519,1071120383,1065090047,1073741823,1073741823,1073741823,1073741823,1073741823:j8
1073741823,1073741823,1073741823,1073741823,1073741823,1072693247,1073594367,1073643519,1071116287,1065091071,1073741823,1073741823,1073741823,1073741823,1073741823:j8
1073741823,1073741823,1073741823,1073741823,1073741823,1072693247,1073594367,1073642495,1071120383,1065091071,1073741823,1073741823,1073741823,1073741823,1073741823:j8
1073741823,1073741823,1073741823,1073741823,1073741823,1072693247,1073594367,1073639423,1071120383,1065091071,1073741823,1073741823,1073741823,1073741823,1073741823:j8
1073741823,1073741823,1073741823,1073741823,1073741823,1072692223,1073594367,1073643519,1071120383,1065091071,1073741823,1073741823,1073741823,1073741823,1073741823:j8
1073741823,1073741823,1073741823,1073741823,1073741823,1072693247,1073590271,1073643519,1071120383,1065091071,1073741823,1073741823,1073741823,1073741823,1073741823:j8
1073741823,1073741823,1073741823,1073741823,1073741823,1072676863,1073594367,1073643519,1071120383,1065091071,1073741823,1073741823,1073741823,1073741823,1073741823:l9
1073741823,1073741823,1073741823,1073741823,1073741823,1072676863,1006485503,1073643519,1062731775,1065091071,1073741823,1073741823,1073741823,1073741823,1073741823:g9
1073741823,1073741823,1073741823,1073741823,1073741823,1072676863,1073594367,1073643519,995622911,1065091071,1073741823,1073741823,1073741823,1073741823,1073741823:g9
1073741823,1073741823,1073741823,1073741823,1073741823,1072676863,1073594367,1073643519,1062731775,1065091071,1006632959,1073741823,1073741823,1073741823,1073741823:g9
1073741823,1073741823,1073741823,1073740799,1073741823,1072676863,1073594367,1073643519,1062731775,1065091071,1073741823,1073741823,1073741823,1073741823,1073741823:g9
1073741823,1073741823,1073741823,1073725439,1073741823,1072676863,1073594367,1073643519,1062731775,1065091071,1073741823,1073741823,1073741823,1073741823,1073741823:i9
1073741823,1073741823,1073741823,1073479679,1073741823,1072676863,1073594367,1073643519,1062731775,1065091071,1073741823,1073741823,1073741823,1073741823,1073741823:g9
1073741823,1073741823,1073741823,1073741823,1073741823,1072676863,1073594367,1006534655,1062731775,1065091071,1073741823,1073741823,1073741823,1073741823,1073741823:g9
1073741823,1073741823,1073741823,1073741823,1073741823,1072676863,1073594367,1073643519,1062731775,997982207,1073741823,1073741823,1073741823,1073741823,1073741823:g9
1073741823,1073741823,1073741823,1073741823,1073741823,1072676863,1073594367,1073643519,1062731775,1048313855,1073741823,1073741823,1073741823,1073741823,1073741823:g9
1073741823,1073741823,1073741823,1073741823,1073741823,1072676863,1073594367,1073643519,1062731775,1065091071,1073741823,1006632959,1073741823,1073741823,1073741823:g9
1073741823,1073741823,1073741823,1073676287,1073741823,1072676863,1073594367,1073643519,1062731775,1065091071,1073741823,1073741823,1073741823,1073741823,1073741823:g9
1073741823,1073741823,1073741823,1072693247,1073741823,1072676863,1073594367,1073643519,1062731775,1065091071,1073741823,1073741823,1073741823,1073741823,1073741823:g9
1073741823,1073741823,1073741823,1056964607,1073741823,1072676863,1073594367,1073643519,1062731775,1065091071,1073741823,1073741823,1073741823,1073741823,1073741823:i9
1073741823,1073741823,1073741823,1073741823,1069547519,1072676863,1073594367,1073643519,1062731775,1065091071,1073741823,1073741823,1073741823,1073741823,1073741823:i9
1073741823,1073741823,1073741823,1073741823,1073741823,1055899647,1073594367,1073643519,1062731775,1065091071,1073741823,1073741823,1073741823,1073741823,1073741823:g9
1073741823,1073741823,1073741823,1073741823,1073741823,1068482559,1073594367,1073643519,1062731775,1065091071,1073741823,1073741823,1073741823,1073741823,1073741823:i9
1073741823,1073741823,1073741823,1073741823,1073741823,1072676863,1073594367,1056866303,1062731775,1065091071,1073741823,1073741823,1073741823,1073741823,1073741823:g9
1073741823,1073741823,1073741823,1073741823,1073741823,1072676863,1056817151,1073643519,1062731775,1065091071,1073741823,1073741823,1073741823,1073741823,1073741823:g9
1073741823,1073741823,1073741823,1073741823,1073741823,1072676863,1073594367,1073643519,1045954559,1065091071,1073741823,1073741823,1073741823,1073741823,1073741823:j6
1073741823,1073741823,1073741823,1069547519,1073741823,1072152575,1073594367,1073643519,1045954559,1065091071,1073741823,1073741823,1073741823,1073741823,1073741823:g9
1073741823,1073741823,1073741823,1073740799,1073741823,1072152575,1073594367,1073643519,1045954559,1065091071,1073741823,1073741823,1073741823,1073741823,1073741823:k5
1073741823,1073741823,1073741823,1073725439,1073741823,1072152575,1073594367,1073643519,1045954559,1065091071,1073741823,1073741823,1073741823,1073741823,1073741823:k5
1073741823,1073741823,1073741823,1073479679,1073741823,1072152575,1073594367,1073643519,1045954559,1065091071,1073741823,1073741823,1073741823,1073741823,1073741823:k5
1073741823,1073741823,1073741823,1073741823,1073741823,1072152575,1073594367,1073643519,1045954559,1065091071,1073741823,1006632959,1073741823,1073741823,1073741823:k5
1073741823,1073741823,1073741823,1073741823,1073741823,1072152575,805158911,1073643519,1045954559,1065091071,1073741823,1073741823,1073741823,1073741823,1073741823:k5
1073741823,1073741823,1073741823,1073741823,1073741823,1072152575,1073594367,1006534655,1045954559,1065091071,1073741823,1073741823,1073741823,1073741823,1073741823:k5
1073741823,1073741823,1073741823,1073741823,1073741823,1072152575,1073594367,1073643519,777519103,1065091071,1073741823,1073741823,1073741823,1073741823,1073741823:k5
1073741823,1073741823,1073741823,1073741823,1073741823,1072152575,1073594367,1073643519,1045954559,1065091071,805306367,1073741823,1073741823,1073741823,1073741823:k5
1073741823,1073741823,1073741823,1073741823,1073741823,1072152575,1073594367,1073643519,1045954559,997982207,1073741823,1073741823,1073741823,1073741823,1073741823:k5
1073741823,1073741823,1073741823,1073741823,1073741823,1072152575,1006485503,1073643519,1045954559,1065091071,1073741823,1073741823,1073741823,1073741823,1073741823:k5
1073741823,1073741823,1073741823,1073741823,1073741823,1072152575,1073594367,1073643519,978845695,1065091071,1073741823,1073741823,1073741823,1073741823,1073741823:k5
1073741823,1073741823,1073741823,1073741823,1073741823,1072152575,1073594367,1073643519,1045954559,1065091071,1006632959,1073741823,1073741823,1073741823,1073741823:k5
1073741823,1073741823,1073741823,1073741823,1073741823,1072152575,1073594367,1073643519,1045954559,1048313855,1073741823,1073741823,1073741823,1073741823,1073741823:k5
1073741823,1073741823,1073741823,1073676287,1073741823,1072152575,1073594367,1073643519,1045954559,1065091071,1073741823,1073741823,1073741823,1073741823,1073741823:k5
1073741823,1073741823,1073741823,1072693247,1073741823,1072152575,1073594367,1073643519,1045954559,1065091071,1073741823,1073741823,1073741823,1073741823,1073741823:k5
1073741823,1073741823,1073741823,1056964607,1073741823,1072152575,1073594367,1073643519,1045954559,1065091071,1073741823,1073741823,1073741823,1073741823,1073741823:k5
1073741823,1073741823,1073741823,1073741823,1069547519,1072152575,1073594367,1073643519,1045954559,1065091071,1073741823,1073741823,1073741823,1073741823,1073741823:k5
1073741823,1073741823,1073741823,1073741823,1073741823,1055375359,1073594367,1073643519,1045954559,1065091071,1073741823,1073741823,1073741823,1073741823,1073741823:k5
1073741823,1073741823,1073741823,1073741823,1073741823,1067958271,1073594367,1073643519,1045954559,1065091071,1073741823,1073741823,1073741823,1073741823,1073741823:k5
1073741823,1073741823,1073741823,1073741823,1073741823,1072152575,1073594367,1056866303,1045954559,1065091071,1073741823,1073741823,1073741823,1073741823,1073741823:k5
1073741823,1073741823,1073741823,1073741823,1073741823,1072152575,1056817151,1073643519,1045954559,1065091071,1073741823,1073741823,1073741823,1073741823,1073741823:k5
1073741823,1073741823,1073741823,1073741823,1073741823,1072152575,1073594367,1073643519,1045954559,1065091071,1056964607,1073741823,1073741823,1073741823,1073741823:k5
1073741823,1073741823,1073741823,1073741823,1073741823,1072152575,1073594367,1073643519,1045954559,1065091071,1073741823,1073725439,1073741823,1073741823,1073741823:k5
1073741823,1073741823,1073741823,1073741823,1073741823,1072152575,1073594367,1073643519,1045954559,1065091071,1073676287,1073741823,1073741823,1073741823,1073741823:k5
1073741823,1073741823,1073741823,1073741823,1073741823,1072152575,1073594367,1069449215,1045954559,1065091071,1073741823,1073741823,1073741823,1073741823,1073741823:k5
1073741823,1073741823,1073741823,1073741823,1073741823,1072152575,1073594367,1073643519,1045954559,1065091071,1073741823,1069547519,1073741823,1073741823,1073741823:k5
1073741823,1073741823,1073741823,1073741823,1073741823,1072152575,1073594367,1073643519,1045954559,1065091071,1072693247,1073741823,1073741823,1073741823,1073741823:k5
1073741823,1073741823,1073741823,1073741823,1073741823,1072152575,1073594367,1073643519,1045954559,1065091071,1073741823,1073479679,1073741823,1073741823,1073741823:k5
1073741823,1073741823,1073741823,1073741823,1073741823,1072152575,1073594367,1073643519,1045954559,1065091071,1073725439,1073741823,1073741823,1073741823,1073741823:k5
1073741823,1073741823,1073741823,1073741823,1073741823,1072152575,1069400063,1073643519,1045954559,1065091071,1073741823,1073741823,1073741823,1073741823,1073741823:k5
1073741823,1073741823,1073741823,1073741823,1073741823,1072152575,1073594367,1073643519,1045954559,1065091071,1069547519,1073741823,1073741823,1073741823,1073741823:k5
1073741823,1073741823,1073741823,1073741823,1073741823,1072152575,1073594367,1073643519,1045954559,1065091071,1073479679,1073741823,1073741823,1073741823,1073741823:k5
1073741823,1073741823,1073741823,1073741823,1073741823,1072152575,1073594367,1073643519,1045954559,1065086975,1073741823,1073741823,1073741823,1073741823,1073741823:k5
1073741823,1073741823,1073741823,1073741823,1073741823,1072152575,1073594367,1072594943,1045954559,1065091071,1073741823,1073741823,1073741823,1073741823,1073741823:k5
1073741823,1073741823,1073741823,1073741823,1073741823,1072152575,1073594367,1073643519,1045954559,1064042495,1073741823,1073741823,1073741823,1073741823,1073741823:k5
1073741823,1073741823,1073741823,1073741823,1073741823,1072152575,1073594367,1073643519,1045954559,1065025535,1073741823,1073741823,1073741823,1073741823,1073741823:k5
1073741823,1073741823,1073741823,1073741823,1073737727,1072152575,1073594367,1073643519,1045954559,1065091071,1073741823,1073741823,1073741823,1073741823,1073741823:k5
1073741823,1073741823,1073741823,1073741823,1073676287,1072152575,1073594367,1073643519,1045954559,1065091071,1073741823,1073741823,1073741823,1073741823,1073741823:k5
1073741823,1073741823,1073741823,1073741823,1072693247,1072152575,1073594367,1073643519,1045954559,1065091071,1073741823,1073741823,1073741823,1073741823,1073741823:l7
1073741823,1073741823,1073741823,1073741823,1073741823,1072152575,1072545791,1073643519,1045954559,1065091071,1073741823,1073741823,1073741823,1073741823,1073741823:k5
1073741823,1073741823,1073741823,1073741823,1073741823,1072152575,1073594367,1073643519,1045953535,1065091071,1073741823,1073741823,1073741823,1073741823,1073741823:k5
1073741823,1073741823,1073741823,1073741823,1073741823,1072152575,1073593343,1073643519,1045954559,1065091071,1073741823,1073741823,1073741823,1073741823,1073741823:k5
1073741823,1073741823,1073741823,1073741823,1073740799,1072152575,1073594367,1073643519,1045954559,1065091071,1073741823,1073741823,1073741823,1073741823,1073741823:k5
1073741823,1073741823,1073741823,1073741823,1073741823,1072148479,1073594367,1073643519,1045954559,1065091071,1073741823,1073741823,1073741823,1073741823,1073741823:k5
1073741823,1073741823,1073741823,1073741823,1073725439,1072152575,1073594367,1073643519,1045954559,1065091071,1073741823,1073741823,1073741823,1073741823,1073741823:k5
1073741823,1073741823,1073741823,1073741823,1073479679,1072152575,1073594367,1073643519,1045954559,1065091071,1073741823,1073741823,1073741823,1073741823,1073741823:k5
1073741823,1073741823,1073741823,1073741823,1073741823,1072087039,1073594367,1073643519,1045954559,1065091071,1073741823,1073741823,1073741823,1073741823,1073741823:k5
1073741823,1073741823,1073741823,1073741823,1073741823,1072152575,1073332223,1073643519,1045954559,1065091071,1073741823,1073741823,1073741823,1073741823,1073741823:k5
1073741823,1073741823,1073741823,1073741823,1073741823,1072152575,1073594367,1073643519,1045954559,1065090047,1073741823,1073741823,1073741823,1073741823,1073741823:k5
1073741823,1073741823,1073741823,1073741823,1073741823,1072152575,1073594367,1073643519,1045950463,1065091071,1073741823,1073741823,1073741823,1073741823,1073741823:l7
1073741823,1073741823,1073741823,1073741823,1073741823,1072152575,1073594367,1073642495,1045954559,1065091071,1073741823,1073741823,1073741823,1073741823,1073741823:k5
1073741823,1073741823,1073741823,1073741823,1073741823,1072152575,1073594367,1073639423,1045954559,1065091071,1073741823,1073741823,1073741823,1073741823,1073741823:k5
1073741823,1073741823,1073741823,1073741823,1073741823,1072151551,1073594367,1073643519,1045954559,1065091071,1073741823,1073741823,1073741823,1073741823,1073741823:k5
1073741823,1073741823,1073741823,1073741823,1073741823,1072152575,1073590271,1073643519,1045954559,1065091071,1073741823,1073741823,1073741823,1073741823,1073741823:k5
1073741823,1073741823,1073741823,1073741823,1073741823,1072152575,1073594367,1073381375,1045954559,1065091071,1073741823,1073741823,1073741823,1073741823,1073741823:k5
1073741823,1073741823,1073741823,1073741823,1073741823,1072152575,1073594367,1073643519,1045889023,1065091071,1073741823,1073741823,1073741823,1073741823,1073741823:k5
1073741823,1073741823,1073741823,1073741823,1073741823,1072152575,1073594367,1073643519,1045954559,1065074687,1073741823,1073741823,1073741823,1073741823,1073741823:k5
1073741823,1073741823,1073741823,1073741823,1073741823,1072152575,1073594367,1073643519,1045938175,1065091071,1073741823,1073741823,1073741823,1073741823,1073741823:k5
1073741823,1073741823,1073741823,1073741823,1073741823,1072676863,1073594367,1073643519,1062731775,1065091071,1056964607,1073741823,1073741823,1073741823,1073741823:g9
1073741823,1073741823,1073741823,1073741823,1073741823,1072676863,1073594367,1073643519,1062731775,1065091071,1073741823,1073725439,1073741823,1073741823,1073741823:g9
1073741823,1073741823,1073741823,1073741823,1073741823,1072676863,1073594367,1073643519,1062731775,1065091071,1073676287,1073741823,1073741823,1073741823,1073741823:g9
1073741823,1073741823,1073741823,1073741823,1073741823,1072676863,1073594367,1069449215,1062731775,1065091071,1073741823,1073741823,1073741823,1073741823,1073741823:g9
1073741823,1073741823,1073741823,1073741823,1073741823,1072676863,1073594367,1073643519,1062731775,1065091071,1073741823,1069547519,1073741823,1073741823,1073741823:g9
1073741823,1073741823,1073741823,1073741823,1073741823,1072676863,1073594367,1073643519,1062731775,1065091071,1072693247,1073741823,1073741823,1073741823,1073741823:g9
1073741823,1073741823,1073741823,1073741823,1073741823,1072676863,1073594367,1073643519,1062731775,1065091071,1073741823,1073479679,1073741823,1073741823,1073741823:g9
1073741823,1073741823,1073741823,1073741823,1073741823,1072676863,1073594367,1073643519,1062731775,1065091071,1073725439,1073741823,1073741823,1073741823,1073741823:g9
1073741823,1073741823,1073741823,1073741823,1073741823,1072676863,1069400063,1073643519,1062731775,1065091071,1073741823,1073741823,1073741823,1073741823,1073741823:g9
1073741823,1073741823,1073741823,1073741823,1073741823,1072676863,1073594367,1073643519,1062731775,1065091071,1069547519,1073741823,1073741823,1073741823,1073741823:g9
1073741823,1073741823,1073741823,1073741823,1073741823,1072676863,1073594367,1073643519,1062731775,1065091071,1073479679,1073741823,1073741823,1073741823,1073741823:g9
1073741823,1073741823,1073741823,1073741823,1073741823,1072676863,1073594367,1073643519,1062731775,1065086975,1073741823,1073741823,1073741823,1073741823,1073741823:i9
1073741823,1073741823,1073741823,1073741823,1073741823,1072676863,1073594367,1072594943,1062731775,1065091071,1073741823,1073741823,1073741823,1073741823,1073741823:g9
1073741823,1073741823,1073741823,1073741823,1073741823,1072676863,1073594367,1073643519,1062731775,1064042495,1073741823,1073741823,1073741823,1073741823,1073741823:g9
1073741823,1073741823,1073741823,1073741823,1073741823,1072676863,1073594367,1073643519,1062731775,1065025535,1073741823,1073741823,1073741823,1073741823,1073741823:g9
1073741823,1073741823,1073741823,1073741823,1073737727,1072676863,1073594367,1073643519,1062731775,1065091071,1073741823,1073741823,1073741823,1073741823,1073741823:g9
1073741823,1073741823,1073741823,1073741823,1073676287,1072676863,1073594367,1073643519,1062731775,1065091071,1073741823,1073741823,1073741823,1073741823,1073741823:g9
1073741823,1073741823,1073741823,1073741823,1072693247,1072676863,1073594367,1073643519,1062731775,1065091071,1073741823,1073741823,1073741823,1073741823,1073741823:g9
1073741823,1073741823,1073741823,1073741823,1073741823,1072676863,1072545791,1073643519,1062731775,1065091071,1073741823,1073741823,1073741823,1073741823,1073741823:g9
1073741823,1073741823,1073741823,1073741823,1073741823,1072676863,1073594367,1073643519,1062730751,1065091071,1073741823,1073741823,1073741823,1073741823,1073741823:g9
1073741823,1073741823,1073741823,1073741823,1073741823,1072676863,1073593343,1073643519,1062731775,1065091071,1073741823,1073741823,1073741823,1073741823,1073741823:g9
1073741823,1073741823,1073741823,1073741823,1073740799,1072676863,1073594367,1073643519,1062731775,1065091071,1073741823,1073741823,1073741823,1073741823,1073741823:i9
1073741823,1073741823,1073741823,1073741823,1073741823,1072672767,1073594367,1073643519,1062731775,1065091071,1073741823,1073741823,1073741823,1073741823,1073741823:i9
1073741823,1073741823,1073741823,1073741823,1073725439,1072676863,1073594367,1073643519,1062731775,1065091071,1073741823,1073741823,1073741823,1073741823,1073741823:i9
1073741823,1073741823,1073741823,1073741823,1073479679,1072676863,1073594367,1073643519,1062731775,1065091071,1073741823,1073741823,1073741823,1073741823,1073741823:g9
1073741823,1073741823,1073741823,1073741823,1073741823,1072611327,1073594367,1073643519,1062731775,1065091071,1073741823,1073741823,1073741823,1073741823,1073741823:i9
1073741823,1073741823,1073741823,1073741823,1073741823,1072676863,1073332223,1073643519,1062731775,1065091071,1073741823,1073741823,1073741823,1073741823,1073741823:i9
1073741823,1073741823,1073741823,1073741823,1073741823,1072676863,1073594367,1073643519,1062731775,1065090047,1073741823,1073741823,1073741823,1073741823,1073741823:i9
1073741823,1073741823,1073741823,1073741823,1073741823,1072676863,1073594367,1073643519,1062727679,1065091071,1073741823,1073741823,1073741823,1073741823,1073741823:i9
1073741823,1073741823,1073741823,1073741823,1073741823,1072676863,1073594367,1073642495,1062731775,1065091071,1073741823,1073741823,1073741823,1073741823,1073741823:g9
1073741823,1073741823,1073741823,1073741823,1073741823,1072676863,1073594367,1073639423,1062731775,1065091071,1073741823,1073741823,1073741823,1073741823,1073741823:g9
1073741823,1073741823,1073741823,1073741823,1073741823,1072675839,1073594367,1073643519,1062731775,1065091071,1073741823,1073741823,1073741823,1073741823,1073741823:g9
1073741823,1073741823,1073741823,1073741823,1073741823,1072676863,1073590271,1073643519,1062731775,1065091071,1073741823,1073741823,1073741823,1073741823,1073741823:g9
1073741823,1073741823,1073741823,1073741823,1073741823,1072414719,1073594367,1073643519,1062731775,1065091071,1073741823,1073741823,1073741823,1073741823,1073741823:i9
1073741823,1073741823,1073741823,1073741823,1073741823,1072676863,1073594367,1073381375,1062731775,1065091071,1073741823,1073741823,1073741823,1073741823,1073741823:g9
1073741823,1073741823,1073741823,1073741823,1073741823,1072676863,1073594367,1073643519,1062666239,1065091071,1073741823,1073741823,1073741823,1073741823,1073741823:m9
1073741823,1073741823,1073741823,1073741823,1073741823,1072676863,1073594367,1073643519,1062731775,1065074687,1073741823,1073741823,1073741823,1073741823,1073741823:g9
1073741823,1073741823,1073741823,1073741823,1073741823,1072676863,1073594367,1073643519,1062715391,1065091071,1073741823,1073741823,1073741823,1073741823,1073741823:m9
1073741823,1073741823,1073741823,1073741823,1073741823,1072431103,1073594367,1073643519,1071120383,1065091071,1073741823,1073741823,1073741823,1073741823,1073741823:j8
1073741823,1073741823,1073741823,1073741823,1073741823,1072693247,1073594367,1073381375,1071120383,1065091071,1073741823,1073741823,1073741823,1073741823,1073741823:m9
1073741823,1073741823,1073741823,1073741823,1073741823,1072693247,805158911,1073381375,1037565951,1065091071,1073741823,1073741823,1073741823,1073741823,1073741823:j6
1073741823,1073741823,1073741823,1073741823,1073741823,1072693247,1073594367,1073381375,769130495,1065091071,1073741823,1073741823,1073741823,1073741823,1073741823:j6
1073741823,1073741823,1073741823,1073741823,1073741823,1072693247,1073594367,1073381375,970457087,1065091071,1073741823,1073741823,1073741823,1073741823,1073741823:j6
1073741823,1073741823,1073741823,1073741823,1073741823,1072693247,1073594367,1073381375,1037565951,1065091071,805306367,1073741823,1073741823,1073741823,1073741823:j6
1073741823,1073741823,1073741823,1073741823,1073741823,1072693247,1073594367,1006272511,1037565951,1065091071,1073741823,1073741823,1073741823,1073741823,1073741823:j6
1073741823,1073741823,1073741823,1073741823,1073741823,1072693247,1073594367,1073381375,1037565951,997982207,1073741823,1073741823,1073741823,1073741823,1073741823:g9
1073741823,1073741823,1073741823,1073741823,1073741823,1072693247,1073594367,1073381375,1037565951,1048313855,1073741823,1073741823,1073741823,1073741823,1073741823:j6
1073741823,1073741823,1073741823,1073741823,1073741823,1072693247,1073594367,1073381375,1037565951,1065091071,1073741823,1006632959,1073741823,1073741823,1073741823:j6
1073741823,1073741823,1073741823,1073676287,1073741823,1072693247,1073594367,1073381375,1037565951,1065091071,1073741823,1073741823,1073741823,1073741823,1073741823:j6
1073741823,1073741823,1073741823,1072693247,1073741823,1072693247,1073594367,1073381375,1037565951,1065091071,1073741823,1073741823,1073741823,1073741823,1073741823:g9
1073741823,1073741823,1073741823,1056964607,1073741823,1072693247,1073594367,1073381375,1037565951,1065091071,1073741823,1073741823,1073741823,1073741823,1073741823:l9
1073741823,1073741823,1073741823,1073741823,1069547519,1072693247,1073594367,1073381375,1037565951,1065091071,1073741823,1073741823,1073741823,1073741823,1073741823:l9
1073741823,1073741823,1073741823,1073741823,1073741823,1055916031,1073594367,1073381375,1037565951,1065091071,1073741823,1073741823,1073741823,1073741823,1073741823:j6
1073741823,1073741823,1073741823,1073741823,1073741823,1068498943,1073594367,1073381375,1037565951,1065091071,1073741823,1073741823,1073741823,1073741823,1073741823:j6
1073741823,1073741823,1073741823,1073741823,1073741823,1072693247,1073594367,1056604159,1037565951,1065091071,1073741823,1073741823,1073741823,1073741823,1073741823:g9
1073741823,1073741823,1073741823,1073741823,1073741823,1072693247,1056817151,1073381375,1037565951,1065091071,1073741823,1073741823,1073741823,1073741823,1073741823:j6
1073741823,1073741823,1073741823,1073741823,1073741823,1072693247,1073594367,1073381375,1037565951,1065091071,1056964607,1073741823,1073741823,1073741823,1073741823:j6
1073741823,1073741823,1073741823,1073741823,1073741823,1072693247,1073594367,1073381375,1037565951,1065091071,1073741823,1073725439,1073741823,1073741823,1073741823:j6
1073741823,1073741823,1073741823,1073741823,1073741823,1072693247,1073594367,1073381375,1037565951,1065091071,1073676287,1073741823,1073741823,1073741823,1073741823:j6
1073741823,1073741823,1073741823,1073741823,1073741823,1072693247,1073594367,1069187071,1037565951,1065091071,1073741823,1073741823,1073741823,1073741823,1073741823:l9
1073741823,1073741823,1073741823,1073741823,1073741823,1072693247,1073594367,1073381375,1037565951,1065091071,1073741823,1069547519,1073741823,1073741823,1073741823:j6
1073741823,1073741823,1073741823,1073741823,1073741823,1072693247,1073594367,1073381375,1037565951,1065091071,1072693247,1073741823,1073741823,1073741823,1073741823:j6
1073741823,1073741823,1073741823,1073741823,1073741823,1072693247,1073594367,1073381375,1037565951,1065091071,1073741823,1073479679,1073741823,1073741823,1073741823:j6
1073741823,1073741823,1073741823,1073741823,1073741823,1072693247,1073594367,1073381375,1037565951,1065091071,1073725439,1073741823,1073741823,1073741823,1073741823:j6
1073741823,1073741823,1073741823,1073741823,1073741823,1072693247,1069400063,1073381375,1037565951,1065091071,1073741823,1073741823,1073741823,1073741823,1073741823:g9
1073741823,1073741823,1073741823,1073741823,1073741823,1072693247,1073594367,1073381375,1033371647,1065091071,1073741823,1073741823,1073741823,1073741823,1073741823:k11
1073741823,1073741823,1073741823,1073741823,1073741823,1072693247,1073594367,1073381375,1033371647,1065091071,1071644671,1073741823,1073676287,1073741823,1073741823:j6
1073741823,1073741823,1073741823,1073741823,1073741823,1072693247,1073594367,1073381375,1033371647,1065091071,1071644671,1073741823,1056964607,1073741823,1073741823:j6
1073741823,1073741823,1073741823,1073741823,1073741823,1072693247,1073594367,1073381375,1033371647,1065091071,1071644671,1073741823,1072693247,1073741823,1073741823:j6
1073741823,1073741823,1073741823,1073741823,1073741823,1072693247,1073594367,1073381375,1033371647,1065091071,1071644671,1072693247,1073741823,1073741823,1073741823:j6
1073741823,1073741823,1073741823,1073741823,1073741823,1072693247,1073594367,1073381375,1033371647,1065091071,1071644671,1006632959,1073741823,1073741823,1073741823:j6
1073741823,1073741823,1073741823,1073741823,1073741823,1072693247,1006485503,1073381375,1033371647,1065091071,1071644671,1073741823,1073741823,1073741823,1073741823:n8
1073741823,1073741823,1073741823,1073741823,1073741823,1072693247,1073594367,1073381375,1033371647,1065091071,1004535807,1073741823,1073741823,1073741823,1073741823:j6
1073741823,1073741823,1073741823,1073741823,1073741823,1072693247,805158911,1073381375,1033371647,1065091071,1071644671,1073741823,1073741823,1073741823,1073741823:j12
1073741823,1073741823,1073741823,1073741823,1073741823,1072693247,1073594367,1006272511,1033371647,1065091071,1071644671,1073741823,1073741823,1073741823,1073741823:k8
1073741823,1073741823,1073741823,1073741823,1073741823,1072693247,1073594367,1004175359,1033371647,1065091071,1071644671,1073741823,1073676287,1073741823,1073741823:j6
1073741823,1073741823,1073741823,1073741823,1073741823,1072693247,1073594367,1004175359,1033371647,1065091071,1071644671,1073741823,1056964607,1073741823,1073741823:j6
1073741823,1073741823,1073741823,1073741823,1073741823,1072693247,1073594367,1004175359,1033371647,1065091071,1071644671,1073741823,1072693247,1073741823,1073741823:j6
1073741823,1073741823,1073741823,1073741823,1073741823,1072693247,1073594367,1004175359,1033371647,1065091071,1071644671,1072693247,1073741823,1073741823,1073741823:j6
1073741823,1073741823,1073741823,1073741823,1073741823,1005584383,1073594367,1004175359,1033371647,1065091071,1071644671,1073741823,1073741823,1073741823,1073741823:j6
1073741823,1073741823,1073741823,1073741823,1073741823,1072693247,1073594367,735739903,1033371647,1065091071,1071644671,1073741823,1073741823,1073741823,1073741823:j6
1073741823,1073741823,1073741823,1073741823,1073741823,1072693247,1073594367,1004175359,1033371647,1065091071,1071644671,1006632959,1073741823,1073741823,1073741823:j6
1073741823,1073741823,1073741823,1073741823,1073741823,1072693247,1006485503,1004175359,1033371647,1065091071,1071644671,1073741823,1073741823,1073741823,1073741823:j6
1073741823,1073741823,1073741823,1073741823,1073741823,1072693247,1073594367,1004175359,1033371647,1065091071,1004535807,1073741823,1073741823,1073741823,1073741823:j6
1073741823,1073741823,1073741823,1073741823,1073741823,1072693247,805158911,1004175359,1033371647,1065091071,1071644671,1073741823,1073741823,1073741823,1073741823:j6
1073741823,1073741823,1073741823,1073741823,1073741823,1072693247,1073594367,1004175359,764936191,1065091071,1071644671,1073741823,1073741823,1073741823,1073741823:j6
1073741823,1073741823,1073741823,1073741823,1073741823,1072693247,1073594367,1004175359,966262783,1065091071,1071644671,1073741823,1073741823,1073741823,1073741823:j6
1073741823,1073741823,1073741823,1073741823,1073741823,1072693247,1073594367,1004175359,1033371647,1065091071,803209215,1073741823,1073741823,1073741823,1073741823:j6
1073741823,1073741823,1073741823,1073741823,1073741823,1072693247,1073594367,1004175359,1033371647,997982207,1071644671,1073741823,1073741823,1073741823,1073741823:k10
1073741823,1073741823,1073741823,1073741823,1073741823,1072693247,1073594367,1004175359,1033371647,1048313855,1071644671,1073741823,1073741823,1073741823,1073741823:j6
1073741823,1073741823,1073741823,1073676287,1073741823,1072693247,1073594367,1004175359,1033371647,1065091071,1071644671,1073741823,1073741823,1073741823,1073741823:j6
1073741823,1073741823,1073741823,1072693247,1073741823,1072693247,1073594367,1004175359,1033371647,1065091071,1071644671,1073741823,1073741823,1073741823,1073741823:j6
1073741823,1073741823,1073741823,1056964607,1073741823,1072693247,1073594367,1004175359,1033371647,1065091071,1071644671,1073741823,1073741823,1073741823,1073741823:k10
1073741823,1073741823,1073741823,1073741823,1069547519,1072693247,1073594367,1004175359,1033371647,1065091071,1071644671,1073741823,1073741823,1073741823,1073741823:k10
1073741823,1073741823,1073741823,1073741823,1073741823,1055916031,1073594367,1004175359,1033371647,1065091071,1071644671,1073741823,1073741823,1073741823,1073741823:j6
1073741823,1073741823,1073741823,1073741823,1073741823,1068498943,1073594367,1004175359,1033371647,1065091071,1071644671,1073741823,1073741823,1073741823,1073741823:j6
1073741823,1073741823,1073741823,1073741823,1073741823,1072693247,1073594367,987398143,1033371647,1065091071,1071644671,1073741823,1073741823,1073741823,1073741823:j6
1073741823,1073741823,1073741823,1073741823,1073741823,1072693247,1056817151,1004175359,1033371647,1065091071,1071644671,1073741823,1073741823,1073741823,1073741823:j6
1073741823,1073741823,1073741823,1073741823,1073741823,1072693247,1073594367,1004175359,1033371647,1065091071,1054867455,1073741823,1073741823,1073741823,1073741823:j6
1073741823,1073741823,1073741823,1073741823,1073741823,1072693247,1073594367,1004175359,1033371647,1065091071,1071644671,1073725439,1073741823,1073741823,1073741823:j6
1073741823,1073741823,1073741823,1073741823,1073741823,1072693247,1073594367,1004175359,1033371647,1065091071,1071579135,1073741823,1073741823,1073741823,1073741823:j6
1073741823,1073741823,1073741823,1073741823,1073741823,1072693247,1073594367,999981055,1033371647,1065091071,1071644671,1073741823,1073741823,1073741823,1073741823:k10
1073741823,1073741823,1073741823,1073741823,1073741823,1072693247,1073594367,1004175359,1033371647,1065091071,1071644671,1069547519,1073741823,1073741823,1073741823:j6
1073741823,1073741823,1073741823,1073741823,1073741823,1072693247,1073594367,1004175359,1033371647,1065091071,1071644671,1073479679,1073741823,1073741823,1073741823:j6
1073741823,1073741823,1073741823,1073741823,1073741823,1072693247,1073594367,1004175359,1033371647,1065091071,1071628287,1073741823,1073741823,1073741823,1073741823:j6
1073741823,1073741823,1073741823,1073741823,1073741823,1072693247,1069400063,1004175359,1033371647,1065091071,1071644671,1073741823,1073741823,1073741823,1073741823:j6
1073741823,1073741823,1073741823,1073741823,1073741823,1072693247,1073594367,1004175359,1033371647,1065091071,1067450367,1073741823,1073741823,1073741823,1073741823:j6
1073741823,1073741823,1073741823,1073741823,1073741823,1072693247,1073594367,1004175359,1033371647,1065091071,1071382527,1073741823,1073741823,1073741823,1073741823:j6
1073741823,1073741823,1073741823,1073741823,1073741823,1072693247,1073594367,1004175359,1033371647,1065086975,1071644671,1073741823,1073741823,1073741823,1073741823:j6
1073741823,1073741823,1073741823,1073741823,1073741823,1072693247,1073594367,1004175359,1033371647,1064042495,1071644671,1073741823,1073741823,1073741823,1073741823:g9
1073741823,1073741823,1073741823,1073741823,1073741823,1072693247,1073594367,1004175359,1033371647,1065025535,1071644671,1073741823,1073741823,1073741823,1073741823:j6
1073741823,1073741823,1073741823,1073741823,1073737727,1072693247,1073594367,1004175359,1033371647,1065091071,1071644671,1073741823,1073741823,1073741823,1073741823:j6
1073741823,1073741823,1073741823,1073741823,1073676287,1072693247,1073594367,1004175359,1033371647,1065091071,1071644671,1073741823,1073741823,1073741823,1073741823:k10
1073741823,1073741823,1073741823,1073741823,1072693247,1072693247,1073594367,1004175359,1033371647,1065091071,1071644671,1073741823,1073741823,1073741823,1073741823:k10
1073741823,1073741823,1073741823,1073741823,1073741823,1072693247,1072545791,1004175359,1033371647,1065091071,1071644671,1073741823,1073741823,1073741823,1073741823:k12
1073741823,1073741823,1073741823,1073741823,1073741823,1072693247,1073594367,1004175359,1033370623,1065091071,1071644671,1073741823,1073741823,1073741823,1073741823:j6
1073741823,1073741823,1073741823,1073741823,1073741823,1072693247,1073593343,1004175359,1033371647,1065091071,1071644671,1073741823,1073741823,1073741823,1073741823:j6
1073741823,1073741823,1073741823,1073741823,1073740799,1072693247,1073594367,1004175359,1033371647,1065091071,1071644671,1073741823,1073741823,1073741823,1073741823:j6
1073741823,1073741823,1073741823,1073741823,1073741823,1072689151,1073594367,1004175359,1033371647,1065091071,1071644671,1073741823,1073741823,1073741823,1073741823:j6
1073741823,1073741823,1073741823,1073741823,1073725439,1072693247,1073594367,1004175359,1033371647,1065091071,1071644671,1073741823,1073741823,1073741823,1073741823:j6
1073741823,1073741823,1073741823,1073741823,1073479679,1072693247,1073594367,1004175359,1033371647,1065091071,1071644671,1073741823,1073741823,1073741823,1073741823:j6
1073741823,1073741823,1073741823,1073741823,1073741823,1072627711,1073594367,1004175359,1033371647,1065091071,1071644671,1073741823,1073741823,1073741823,1073741823:j6
1073741823,1073741823,1073741823,1073741823,1073741823,1072693247,1073332223,1004175359,1033371647,1065091071,1071644671,1073741823,1073741823,1073741823,1073741823:k10
1073741823,1073741823,1073741823,1073741823,1073741823,1072693247,1073594367,1004175359,1033371647,1065090047,1071644671,1073741823,1073741823,1073741823,1073741823:j6
1073741823,1073741823,1073741823,1073741823,1073741823,1072693247,1073594367,1004175359,1033367551,1065091071,1071644671,1073741823,1073741823,1073741823,1073741823:k10
1073741823,1073741823,1073741823,1073741823,1073741823,1072693247,1073594367,1004174335,1033371647,1065091071,1071644671,1073741823,1073741823,1073741823,1073741823:j6
1073741823,1073741823,1073741823,1073741823,1073741823,1072693247,1073594367,1004171263,1033371647,1065091071,1071644671,1073741823,1073741823,1073741823,1073741823:j6
1073741823,1073741823,1073741823,1073741823,1073741823,1072692223,1073594367,1004175359,1033371647,1065091071,1071644671,1073741823,1073741823,1073741823,1073741823:j6
1073741823,1073741823,1073741823,1073741823,1073741823,1072693247,1073590271,1004175359,1033371647,1065091071,1071644671,1073741823,1073741823,1073741823,1073741823:j6
1073741823,1073741823,1073741823,1073741823,1073741823,1072676863,1073594367,1004175359,1033371647,1065091071,1071644671,1073741823,1073741823,1073741823,1073741823:j6
1073741823,1073741823,1073741823,1073741823,1073741823,1072431103,1073594367,1004175359,1033371647,1065091071,1071644671,1073741823,1073741823,1073741823,1073741823:k10
1073741823,1073741823,1073741823,1073741823,1073741823,1072693247,1073594367,1004175359,1033306111,1065091071,1071644671,1073741823,1073741823,1073741823,1073741823:j6
1073741823,1073741823,1073741823,1073741823,1073741823,1072693247,1073594367,1004175359,1033371647,1065074687,1071644671,1073741823,1073741823,1073741823,1073741823:j6
1073741823,1073741823,1073741823,1073741823,1073741823,1072693247,1073594367,1004175359,1033355263,1065091071,1071644671,1073741823,1073741823,1073741823,1073741823:k10
1073741823,1073741823,1073741823,1073741823,1073741823,1072693247,1073594367,1073381375,764936191,1065091071,1071644671,1073741823,1073741823,1073741823,1073741823:j6
1073741823,1073741823,1073741823,1073741823,1073741823,1072693247,1073594367,1073381375,966262783,1065091071,1071644671,1073741823,1073741823,1073741823,1073741823:j6
1073741823,1073741823,1073741823,1073741823,1073741823,1072693247,1073594367,1073381375,1033371647,1065091071,803209215,1073741823,1073741823,1073741823,1073741823:j6
1073741823,1073741823,1073741823,1073741823,1073741823,1072693247,1073594367,1073381375,1033371647,997982207,1071644671,1073741823,1073741823,1073741823,1073741823:n8
1073741823,1073741823,1073741823,1073741823,1073741823,1072693247,1073594367,1073381375,1033371647,1048313855,1071644671,1073741823,1073741823,1073741823,1073741823:j6
1073741823,1073741823,1073741823,1073676287,1073741823,1072693247,1073594367,1073381375,1033371647,1065091071,1071644671,1073741823,1073741823,1073741823,1073741823:j6
1073741823,1073741823,1073741823,1072693247,1073741823,1072693247,1073594367,1073381375,1033371647,1065091071,1071644671,1073741823,1073741823,1073741823,1073741823:n8
1073741823,1073741823,1073741823,1056964607,1073741823,1072693247,1073594367,1073381375,1033371647,1065091071,1071644671,1073741823,1073741823,1073741823,1073741823:n8
1073741823,1073741823,1073741823,1073741823,1069547519,1072693247,1073594367,1073381375,1033371647,1065091071,1071644671,1073741823,1073741823,1073741823,1073741823:n8
1073741823,1073741823,1073741823,1073741823,1073741823,1055916031,1073594367,1073381375,1033371647,1065091071,1071644671,1073741823,1073741823,1073741823,1073741823:n8
1073741823,1073741823,1073741823,1073741823,1073741823,1068498943,1073594367,1073381375,1033371647,1065091071,1071644671,1073741823,1073741823,1073741823,1073741823:j6
1073741823,1073741823,1073741823,1073741823,1073741823,1072693247,1073594367,1056604159,1033371647,1065091071,1071644671,1073741823,1073741823,1073741823,1073741823:n8
1073741823,1073741823,1073741823,1073741823,1073741823,1072693247,1056817151,1073381375,1033371647,1065091071,1071644671,1073741823,1073741823,1073741823,1073741823:n8
1073741823,1073741823,1073741823,1073741823,1073741823,1072693247,1073594367,1073381375,1033371647,1065091071,1054867455,1073741823,1073741823,1073741823,1073741823:j6
1073741823,1073741823,1073741823,1073741823,1073741823,1072693247,1073594367,1073381375,1033371647,1065091071,1071644671,1073725439,1073741823,1073741823,1073741823:j6
1073741823,1073741823,1073741823,1073741823,1073741823,1072693247,1073594367,1073381375,1033371647,1065091071,1071579135,1073741823,1073741823,1073741823,1073741823:j6
1073741823,1073741823,1073741823,1073741823,1073741823,1072693247,1073594367,1069187071,1033371647,1065091071,1071644671,1073741823,1073741823,1073741823,1073741823:n8
1073741823,1073741823,1073741823,1073741823,1073741823,1072693247,1073594367,1073381375,1033371647,1065091071,1071644671,1069547519,1073741823,1073741823,1073741823:j6
1073741823,1073741823,1073741823,1073741823,1073741823,1072693247,1073594367,1073381375,1033371647,1065091071,1071644671,1073479679,1073741823,1073741823,1073741823:j6
1073741823,1073741823,1073741823,1073741823,1073741823,1072693247,1073594367,1073381375,1033371647,1065091071,1071628287,1073741823,1073741823,1073741823,1073741823:j6
1073741823,1073741823,1073741823,1073741823,1073741823,1072693247,1069400063,1073381375,1033371647,1065091071,1071644671,1073741823,1073741823,1073741823,1073741823:n8
1073741823,1073741823,1073741823,1073741823,1073741823,1072693247,1073594367,1073381375,1033371647,1065091071,1067450367,1073741823,1073741823,1073741823,1073741823:j6
1073741823,1073741823,1073741823,1073741823,1073741823,1072693247,1073594367,1073381375,1033371647,1065091071,1071382527,1073741823,1073741823,1073741823,1073741823:n8
1073741823,1073741823,1073741823,1073741823,1073741823,1072693247,1073594367,1073381375,1033371647,1065086975,1071644671,1073741823,1073741823,1073741823,1073741823:n8
1073741823,1073741823,1073741823,1073741823,1073741823,1072693247,1073594367,1072332799,1033371647,1065091071,1071644671,1073741823,1073741823,1073741823,1073741823:n8
1073741823,1073741823,1073741823,1073741823,1073741823,1072693247,1073594367,1073381375,1033371647,1064042495,1071644671,1073741823,1073741823,1073741823,1073741823:n8
1073741823,1073741823,1073741823,1073741823,1073741823,1072693247,1073594367,1073381375,1033371647,1065025535,1071644671,1073741823,1073741823,1073741823,1073741823:n8
1073741823,1073741823,1073741823,1073741823,1073737727,1072693247,1073594367,1073381375,1033371647,1065091071,1071644671,1073741823,1073741823,1073741823,1073741823:n8
1073741823,1073741823,1073741823,1073741823,1073676287,1072693247,1073594367,1073381375,1033371647,1065091071,1071644671,1073741823,1073741823,1073741823,1073741823:n8
1073741823,1073741823,1073741823,1073741823,1072693247,1072693247,1073594367,1073381375,1033371647,1065091071,1071644671,1073741823,1073741823,1073741823,1073741823:n8
1073741823,1073741823,1073741823,1073741823,1073741823,1072693247,1072545791,1073381375,1033371647,1065091071,1071644671,1073741823,1073741823,1073741823,1073741823:n8
1073741823,1073741823,1073741823,1073741823,1073741823,1072693247,1073594367,1073381375,1033370623,1065091071,1071644671,1073741823,1073741823,1073741823,1073741823:j6
1073741823,1073741823,1073741823,1073741823,1073741823,1072693247,1073593343,1073381375,1033371647,1065091071,1071644671,1073741823,1073741823,1073741823,1073741823:j6
1073741823,1073741823,1073741823,1073741823,1073740799,1072693247,1073594367,1073381375,1033371647,1065091071,1071644671,1073741823,1073741823,1073741823,1073741823:n8
1073741823,1073741823,1073741823,1073741823,1073741823,1072689151,1073594367,1073381375,1033371647,1065091071,1071644671,1073741823,1073741823,1073741823,1073741823:n8
1073741823,1073741823,1073741823,1073741823,1073725439,1072693247,1073594367,1073381375,1033371647,1065091071,1071644671,1073741823,1073741823,1073741823,1073741823:n8
1073741823,1073741823,1073741823,1073741823,1073479679,1072693247,1073594367,1073381375,1033371647,1065091071,1071644671,1073741823,1073741823,1073741823,1073741823:n8
1073741823,1073741823,1073741823,1073741823,1073741823,1072627711,1073594367,1073381375,1033371647,1065091071,1071644671,1073741823,1073741823,1073741823,1073741823:j6
1073741823,1073741823,1073741823,1073741823,1073741823,1072693247,1073332223,1073381375,1033371647,1065091071,1071644671,1073741823,1073741823,1073741823,1073741823:n8
1073741823,1073741823,1073741823,1073741823,1073741823,1072693247,1073594367,1073381375,1033371647,1065090047,1071644671,1073741823,1073741823,1073741823,1073741823:j6
1073741823,1073741823,1073741823,1073741823,1073741823,1072693247,1073594367,1073381375,1033367551,1065091071,1071644671,1073741823,1073741823,1073741823,1073741823:n8
1073741823,1073741823,1073741823,1073741823,1073741823,1072693247,1073594367,1073380351,1033371647,1065091071,1071644671,1073741823,1073741823,1073741823,1073741823:j6
1073741823,1073741823,1073741823,1073741823,1073741823,1072693247,1073594367,1073377279,1033371647,1065091071,1071644671,1073741823,1073741823,1073741823,1073741823:j6
1073741823,1073741823,1073741823,1073741823,1073741823,1072692223,1073594367,1073381375,1033371647,1065091071,1071644671,1073741823,1073741823,1073741823,1073741823:j6
1073741823,1073741823,1073741823,1073741823,1073741823,1072693247,1073590271,1073381375,1033371647,1065091071,1071644671,1073741823,1073741823,1073741823,1073741823:j6
1073741823,1073741823,1073741823,1073741823,1073741823,1072676863,1073594367,1073381375,1033371647,1065091071,1071644671,1073741823,1073741823,1073741823,1073741823:j6
1073741823,1073741823,1073741823,1073741823,1073741823,1072431103,1073594367,1073381375,1033371647,1065091071,1071644671,1073741823,1073741823,1073741823,1073741823:n8
1073741823,1073741823,1073741823,1073741823,1073741823,1072693247,1073594367,1073381375,1033306111,1065091071,1071644671,1073741823,1073741823,1073741823,1073741823:j6
1073741823,1073741823,1073741823,1073741823,1073741823,1072693247,1073594367,1073381375,1033371647,1065074687,1071644671,1073741823,1073741823,1073741823,1073741823:n8
1073741823,1073741823,1073741823,1073741823,1073741823,1072693247,1073594367,1073381375,1033355263,1065091071,1071644671,1073741823,1073741823,1073741823,1073741823:n8
1073741823,1073741823,1073741823,1073741823,1073741823,1072693247,1073594367,1073381375,1037565951,1065091071,1069547519,1073741823,1073741823,1073741823,1073741823:g9
1073741823,1073741823,1073741823,1073741823,1073741823,1072693247,1073594367,1073381375,1037565951,1065091071,1073479679,1073741823,1073741823,1073741823,1073741823:j6
1073741823,1073741823,1073741823,1073741823,1073741823,1072693247,1073594367,1073381375,1037565951,1065086975,1073741823,1073741823,1073741823,1073741823,1073741823:l9
1073741823,1073741823,1073741823,1073741823,1073741823,1072693247,1073594367,1072332799,1037565951,1065091071,1073741823,1073741823,1073741823,1073741823,1073741823:l9
1073741823,1073741823,1073741823,1073741823,1073741823,1072693247,1073594367,1073381375,1037565951,1064042495,1073741823,1073741823,1073741823,1073741823,1073741823:j6
1073741823,1073741823,1073741823,1073741823,1073741823,1072693247,1073594367,1073381375,1037565951,1065025535,1073741823,1073741823,1073741823,1073741823,1073741823:j6
1073741823,1073741823,1073741823,1073741823,1073737727,1072693247,1073594367,1073381375,1037565951,1065091071,1073741823,1073741823,1073741823,1073741823,1073741823:j6
1073741823,1073741823,1073741823,1073741823,1073676287,1072693247,1073594367,1073381375,1037565951,1065091071,1073741823,1073741823,1073741823,1073741823,1073741823:g9
1073741823,1073741823,1073741823,1073741823,1072693247,1072693247,1073594367,1073381375,1037565951,1065091071,1073741823,1073741823,1073741823,1073741823,1073741823:g9
1073741823,1073741823,1073741823,1073741823,1073741823,1072693247,1072545791,1073381375,1037565951,1065091071,1073741823,1073741823,1073741823,1073741823,1073741823:g9
1073741823,1073741823,1073741823,1073741823,1073741823,1072693247,1073594367,1073381375,1037564927,1065091071,1073741823,1073741823,1073741823,1073741823,1073741823:j6
1073741823,1073741823,1073741823,1073741823,1073741823,1072693247,1073593343,1073381375,1037565951,1065091071,1073741823,1073741823,1073741823,1073741823,1073741823:j6
1073741823,1073741823,1073741823,1073741823,1073740799,1072693247,1073594367,1073381375,1037565951,1065091071,1073741823,1073741823,1073741823,1073741823,1073741823:g9
1073741823,1073741823,1073741823,1073741823,1073741823,1072689151,1073594367,1073381375,1037565951,1065091071,1073741823,1073741823,1073741823,1073741823,1073741823:j6
1073741823,1073741823,1073741823,1073741823,1073725439,1072693247,1073594367,1073381375,1037565951,1065091071,1073741823,1073741823,1073741823,1073741823,1073741823:j6
1073741823,1073741823,1073741823,1073741823,1073479679,1072693247,1073594367,1073381375,1037565951,1065091071,1073741823,1073741823,1073741823,1073741823,1073741823:j6
1073741823,1073741823,1073741823,1073741823,1073741823,1072627711,1073594367,1073381375,1037565951,1065091071,1073741823,1073741823,1073741823,1073741823,1073741823:j6
1073741823,1073741823,1073741823,1073741823,1073741823,1072693247,1073332223,1073381375,1037565951,1065091071,1073741823,1073741823,1073741823,1073741823,1073741823:l9
1073741823,1073741823,1073741823,1073741823,1073741823,1072693247,1073594367,1073381375,1037565951,1065090047,1073741823,1073741823,1073741823,1073741823,1073741823:j6
1073741823,1073741823,1073741823,1073741823,1073741823,1072693247,1073594367,1073381375,1037561855,1065091071,1073741823,1073741823,1073741823,1073741823,1073741823:l9
1073741823,1073741823,1073741823,1073741823,1073741823,1072693247,1073594367,1073380351,1037565951,1065091071,1073741823,1073741823,1073741823,1073741823,1073741823:j6
1073741823,1073741823,1073741823,1073741823,1073741823,1072693247,1073594367,1073377279,1037565951,1065091071,1073741823,1073741823,1073741823,1073741823,1073741823:j6
1073741823,1073741823,1073741823,1073741823,1073741823,1072692223,1073594367,1073381375,1037565951,1065091071,1073741823,1073741823,1073741823,1073741823,1073741823:j6
1073741823,1073741823,1073741823,1073741823,1073741823,1072693247,1073590271,1073381375,1037565951,1065091071,1073741823,1073741823,1073741823,1073741823,1073741823:j6
1073741823,1073741823,1073741823,1073741823,1073741823,1072676863,1073594367,1073381375,1037565951,1065091071,1073741823,1073741823,1073741823,1073741823,1073741823:j6
1073741823,1073741823,1073741823,1073741823,1073741823,1072431103,1073594367,1073381375,1037565951,1065091071,1073741823,1073741823,1073741823,1073741823,1073741823:l9
1073741823,1073741823,1073741823,1073741823,1073741823,1072693247,1073594367,1073381375,1037500415,1065091071,1073741823,1073741823,1073741823,1073741823,1073741823:j6
1073741823,1073741823,1073741823,1073741823,1073741823,1072693247,1073594367,1073381375,1037565951,1065074687,1073741823,1073741823,1073741823,1073741823,1073741823:j6
1073741823,1073741823,1073741823,1073741823,1073741823,1072693247,1073594367,1073381375,1037549567,1065091071,1073741823,1073741823,1073741823,1073741823,1073741823:l9
1073741823,1073741823,1073741823,1073741823,1073741823,1072693247,1073594367,1073643519,1071054847,1065091071,1073741823,1073741823,1073741823,1073741823,1073741823:j8
1073741823,1073741823,1073741823,1073741823,1073741823,1072693247,1073594367,1073643519,1071120383,1065074687,1073741823,1073741823,1073741823,1073741823,1073741823:j8
1073741823,1073741823,1073741823,1073741823,1073741823,1072693247,1073594367,1073643519,1071103999,1065091071,1073741823,1073741823,1073741823,1073741823,1073741823:j8
