1073741823,1073741823,1073741823,1072693247,1073741567,1073670143,1073717247,1073573887,1073571839,1073471487,1073741823,1073741823,1073741823,1073741823,1073741823:j5
1073741823,1073741823,1073725439,1072693247,1073217279,1073670143,1073717247,1073573887,1073571839,1073471487,1073741823,1073741823,1073741823,1073741823,1073741823:j7
1073741823,1073741823,1073741823,1072693247,1073217279,1073670143,1069522943,1073573887,1073571839,1073471487,1073741823,1073741823,1073741823,1073741823,1073741823:j7
1073741823,1073741823,1073741823,1072431103,1073217279,1073670143,1073717247,1073573887,1073571839,1073471487,1073741823,1073741823,1073741823,1073741823,1073741823:j7
1073741823,1073676287,1073741823,1072693247,1073217279,1073670143,1073717247,1073573887,1073571839,1073471487,1073741823,1073741823,1073741823,1073741823,1073741823:j7
1073741823,1073741823,1073479679,1072693247,1073217279,1073670143,1073717247,1073573887,1073571839,1073471487,1073741823,1073741823,1073741823,1073741823,1073741823:j7
1073741823,1072693247,1073741823,1072693247,1073217279,1073670143,1073717247,1073573887,1073571839,1073471487,1073741823,1073741823,1073741823,1073741823,1073741823:j7
1073741823,1073741823,1072693247,1072693247,1073217279,1073670143,1073717247,1073573887,1073571839,1073471487,1073741823,1073741823,1073741823,1073741823,1073741823:j7
1073741823,1056964607,1073741823,1072693247,1073217279,1073670143,1073717247,1073573887,1073571839,1073471487,1073741823,1073741823,1073741823,1073741823,1073741823:j7
1073741823,1073741823,1069547519,1072693247,1073217279,1073670143,1073717247,1073573887,1073571839,1073471487,1073741823,1073741823,1073741823,1073741823,1073741823:j7
1073741823,1073741823,1073741823,1055916031,1073217279,1073670143,1073717247,1073573887,1073571839,1073471487,1073741823,1073741823,1073741823,1073741823,1073741823:j7
1073741823,1073741823,1073741823,1068498943,1073217279,1073670143,1073717247,1073573887,1073571839,1073471487,1073741823,1073741823,1073741823,1073741823,1073741823:j7
1073741823,1073741823,1073741823,1072693247,1073217279,1056892927,1073717247,1073573887,1073571839,1073471487,1073741823,1073741823,1073741823,1073741823,1073741823:j7
1073741823,1073741823,1073741823,1072693247,1069022975,1073670143,1073717247,1073573887,1073571839,1073471487,1073741823,1073741823,1073741823,1073741823,1073741823:j7
1073741823,1073741823,1073741823,1072693247,1072168703,1073670143,1073717247,1073573887,1073571839,1073471487,1073741823,1073741823,1073741823,1073741823,1073741823:j7
1073741823,1073741823,1073741823,1072693247,1073217279,1073670143,1073717247,1073573887,1073571839,1073471487,1073741823,1073741567,1073741823,1073741823,1073741823:j7
1073741823,1073741823,1073741823,1072693247,1073217279,1073670143,1073717247,1073573887,1073571839,1073471487,1073741823,1073676287,1073741823,1073741823,1073741823:j7
1073741823,1073741823,1073741823,1072693247,1073217279,1073670143,1073717247,1073573887,1073571839,1073471487,1073741823,1073737727,1073741823,1073741823,1073741823:j7
1073741823,1073741823,1073741823,1072693247,1073217279,1073670143,1073717247,1073573887,1073571839,1073471487,1073741567,1073741823,1073741823,1073741823,1073741823:j7
1073741823,1073741823,1073741823,1072693247,1073217279,1073670143,1073717247,1073573887,1073571839,1073471487,1073741759,1073741823,1073741823,1073741823,1073741823:j7
1073741823,1073741823,1073741823,1072693247,1073217279,1073670143,1073717247,1073573887,1073571775,1073471487,1073741823,1073741823,1073741823,1073741823,1073741823:j7
1073741823,1073741823,1073741823,1072693247,1073217279,1073670143,1073717183,1073573887,1073571839,1073471487,1073741823,1073741823,1073741823,1073741823,1073741823:j7
1073741823,1073741823,1073741823,1072693247,1073217279,1073670143,1073717247,1073573887,1073571839,1073471487,1073740799,1073741823,1073741823,1073741823,1073741823:h11
1073741823,1073741823,1073741823,1072693247,1073217279,1073670143,1073717247,1073573887,1073571839,1073471487,1073725439,1073741823,1073741823,1073741823,1073741823:j7
1073741823,1073741823,1073741823,1072693247,1073217279,1073670143,1073717247,1073573887,1073571839,1073471487,1073741823,1073725439,1073741823,1073741823,1073741823:j7
1073741823,1073741823,1073741823,1072693247,1073217279,1073670143,1073717247,1069379583,1073571839,1073471487,1073741823,1073741823,1073741823,1073741823,1073741823:j7
1073741823,1073741823,1073741823,1072693247,1073217279,1073670143,1073717247,1073573887,1073571839,1069277183,1073741823,1073741823,1073741823,1073741823,1073741823:j7
1073741823,1073741823,1073741823,1072693247,1073217279,1073670143,1073717247,1073573887,1073571839,1073471487,1073741823,1069547519,1073741823,1073741823,1073741823:j7
1073741823,1073741823,1073741823,1072693247,1073217279,1073670143,1073717247,1073573887,1073571839,1073471487,1073741823,1073479679,1073741823,1073741823,1073741823:j7
1073741823,1073741823,1073741823,1072693247,1073217279,1073670143,1073717247,1073573887,1073571839,1073471487,1073479679,1073741823,1073741823,1073741823,1073741823:j7
1073741823,1073741823,1073741823,1072693247,1073217279,1073670143,1073717247,1073573887,1073571839,1073471487,1073737727,1073741823,1073741823,1073741823,1073741823:j7
1073741823,1073741823,1073741823,1072693247,1073217279,1073670143,1072668671,1073573887,1073571839,1073471487,1073741823,1073741823,1073741823,1073741823,1073741823:j7
1073741823,1073741823,1073741823,1072693247,1073217279,1073670143,1073717247,1073573887,1072523263,1073471487,1073741823,1073741823,1073741823,1073741823,1073741823:j7
1073741823,1073741823,1073741823,1072693247,1073217279,1073670143,1073717247,1073573887,1073571839,1073471487,1072693247,1073741823,1073741823,1073741823,1073741823:j7
1073741823,1073741823,1073741823,1072693247,1073217279,1073670143,1073717247,1073573887,1073571839,1073471487,1073676287,1073741823,1073741823,1073741823,1073741823:j7
1073741823,1073741823,1073741823,1072693247,1073217279,1073670143,1073717247,1073573887,1073571839,1073471231,1073741823,1073741823,1073741823,1073741823,1073741823:j7
1073741823,1073741823,1073741823,1072693247,1073217279,1072621567,1073717247,1073573887,1073571839,1073471487,1073741823,1073741823,1073741823,1073741823,1073741823:f11
1073741823,1073741823,1073741823,1072693247,1073217279,1073670143,1073717247,1072525311,1073571839,1073471487,1073741823,1073741823,1073741823,1073741823,1073741823:j7
1073741823,1073741823,1073741823,1072693247,1073217279,1073670143,1073717247,1073573887,1073571839,1072422911,1073741823,1073741823,1073741823,1073741823,1073741823:j7
1073741823,1073741823,1073741823,1072693247,1073217279,1073670143,1073717247,1073573887,1073571839,1073405951,1073741823,1073741823,1073741823,1073741823,1073741823:j7
1073741823,1073741823,1073741823,1072693247,1073217279,1073670143,1073717231,1073573887,1073571839,1073471487,1073741823,1073741823,1073741823,1073741823,1073741823:j7
1073741823,1073741823,1073741823,1072693247,1073217263,1073670143,1073717247,1073573887,1073571839,1073471487,1073741823,1073741823,1073741823,1073741823,1073741823:j7
1073741823,1073741823,1073741823,1072693247,1073217215,1073670143,1073717247,1073573887,1073571839,1073471487,1073741823,1073741823,1073741823,1073741823,1073741823:j7
1073741823,1073741823,1073741807,1072693247,1073217279,1073670143,1073717247,1073573887,1073571839,1073471487,1073741823,1073741823,1073741823,1073741823,1073741823:j7
1073741823,1073741823,1073741567,1072693247,1073217279,1073670143,1073717247,1073573887,1073571839,1073471487,1073741823,1073741823,1073741823,1073741823,1073741823:j7
1073741823,1073741823,1073737727,1072693247,1073217279,1073670143,1073717247,1073573887,1073571839,1073471487,1073741823,1073741823,1073741823,1073741823,1073741823:j7
1073741823,1073741823,1073741823,1072693247,1073217279,1073670143,1073717247,1073573823,1073571839,1073471487,1073741823,1073741823,1073741823,1073741823,1073741823:j7
1073741823,1073741823,1073741823,1072693247,1073217279,1073670079,1073717247,1073573887,1073571839,1073471487,1073741823,1073741823,1073741823,1073741823,1073741823:j7
1073741823,1073741823,1073741823,1072693183,1073217279,1073670143,1073717247,1073573887,1073571839,1073471487,1073741823,1073741823,1073741823,1073741823,1073741823:j7
1073741823,1073741823,1073741823,1072692223,1073217279,1073670143,1073717247,1073573887,1073571839,1073471487,1073741823,1073741823,1073741823,1073741823,1073741823:j7
1073741823,1073741823,1073741823,1072676863,1073217279,1073670143,1073717247,1073573887,1073571839,1073471487,1073741823,1073741823,1073741823,1073741823,1073741823:j7
1073741823,1073741823,1073741823,1072693247,1073217279,1073670143,1073717247,1073573631,1073571839,1073471487,1073741823,1073741823,1073741823,1073741823,1073741823:j7
1073741823,1073741823,1073741823,1072693247,1073217279,1073669887,1073717247,1073573887,1073571839,1073471487,1073741823,1073741823,1073741823,1073741823,1073741823:j7
1073741823,1073741823,1073741823,1072692991,1073217279,1073670143,1073717247,1073573887,1073571839,1073471487,1073741823,1073741823,1073741823,1073741823,1073741823:j7
1073741823,1073741823,1073741823,1072689151,1073217279,1073670143,1073717247,1073573887,1073571839,1073471487,1073741823,1073741823,1073741823,1073741823,1073741823:j7
1073741823,1073741823,1073741823,1072627711,1073217279,1073670143,1073717247,1073573887,1073571839,1073471487,1073741823,1073741823,1073741823,1073741823,1073741823:j7
1073741823,1073741823,1073741823,1072693247,1073217279,1073670143,1073717247,1073573887,1073571583,1073471487,1073741823,1073741823,1073741823,1073741823,1073741823:j7
1073741823,1073741823,1073741823,1072693247,1073217279,1073670143,1073716991,1073573887,1073571839,1073471487,1073741823,1073741823,1073741823,1073741823,1073741823:j7
1073741823,1073741823,1073741823,1072693247,1073213183,1073670143,1073717247,1073573887,1073571839,1073471487,1073741823,1073741823,1073741823,1073741823,1073741823:j7
1073741823,1073741823,1073741823,1072693247,1073151743,1073670143,1073717247,1073573887,1073571839,1073471487,1073741823,1073741823,1073741823,1073741823,1073741823:j7
1073741823,1073741823,1073741823,1072693247,1073217279,1073670143,1073716223,1073573887,1073571839,1073471487,1073741823,1073741823,1073741823,1073741823,1073741823:j7
1073741823,1073741823,1073741823,1072693247,1073216255,1073670143,1073717247,1073573887,1073571839,1073471487,1073741823,1073741823,1073741823,1073741823,1073741823:j7
1073741823,1073741823,1073741823,1072693247,1073200895,1073670143,1073717247,1073573887,1073571839,1073471487,1073741823,1073741823,1073741823,1073741823,1073741823:j7
1073741823,1073741823,1073741823,1072693247,1073217279,1073670143,1073455103,1073573887,1073571839,1073471487,1073741823,1073741823,1073741823,1073741823,1073741823:f11
1073741823,1073741823,1073741823,1072693247,1073217279,1073670143,1073717247,1073573887,1073309695,1073471487,1073741823,1073741823,1073741823,1073741823,1073741823:j7
1073741823,1073741823,1073741823,1072693247,1073217279,1073670143,1073717247,1073573887,1073571839,1073470463,1073741823,1073741823,1073741823,1073741823,1073741823:j7
1073741823,1073741823,1073741823,1072693247,1073217279,1073670143,1073717247,1073572863,1073571839,1073471487,1073741823,1073741823,1073741823,1073741823,1073741823:j7
1073741823,1073741823,1073741823,1072693247,1073217279,1073653759,1073717247,1073573887,1073571839,1073471487,1073741823,1073741823,1073741823,1073741823,1073741823:j7
1073741823,1073741823,1073741823,1072693247,1073217279,1073407999,1073717247,1073573887,1073571839,1073471487,1073741823,1073741823,1073741823,1073741823,1073741823:j7
1073741823,1073741823,1073741823,1072693247,1073217279,1073670143,1073651711,1073573887,1073571839,1073471487,1073741823,1073741823,1073741823,1073741823,1073741823:j7
1073741823,1073741823,1073741823,1072693247,1073217279,1073670143,1073717247,1073311743,1073571839,1073471487,1073741823,1073741823,1073741823,1073741823,1073741823:j7
1073741823,1073741823,1073741823,1072693247,1073217279,1073670143,1073717247,1073573887,1073571839,1073455103,1073741823,1073741823,1073741823,1073741823,1073741823:j7
