1073741823,1073741823,1073741823,1073741823,1073676287,1073610751,1073594367,1072136191,1073672191,1073217535,1073741823,1073741823,1073741823,1073741823,1073741823:k9
1073741823,1073741823,1073741823,1073741823,1073676287,1073610751,1056817151,1072136191,1071575039,1073217535,1073741823,1073741823,1073741823,1073741823,1073741823:h6
1073741823,1073741823,1073741823,1073741823,1073676287,1073610751,1073594367,1072136191,1054797823,1073217535,1073741823,1073741823,1073741823,1073741823,1073741823:h6
1073741823,1073741823,1073741823,1073741823,1073676287,1073610751,1073594367,1072136191,1071575039,1073217535,1056964607,1073741823,1073741823,1073741823,1073741823:h6
1073741823,1073741823,1073741823,1073741823,1073676287,1073610751,1073594367,1072136191,1071575039,1073217535,1073741823,1073725439,1073741823,1073741823,1073741823:h6
1073741823,1073741823,1073741823,1073741823,1073676287,1073610751,1073594367,1072136191,1071575039,1073217535,1073741823,1069547519,1073741823,1073741823,1073741823:h6
1073741823,1073741823,1073741823,1073741823,1073676287,1073610751,1073594367,1072136191,1071575039,1073217535,1072693247,1073741823,1073741823,1073741823,1073741823:h6
1073741823,1073741823,1073741823,1073741823,1073676287,1073610751,1073594367,1072136191,1071575039,1073217535,1073741823,1073479679,1073741823,1073741823,1073741823:h6
1073741823,1073741823,1073741823,1073741823,1073676287,1073610751,1073594367,1072136191,1071575039,1073217535,1073479679,1073741823,1073741823,1073741823,1073741823:h6
1073741823,1073741823,1073741823,1073741823,1073676287,1073610751,1073594367,1072136191,1071575039,1073151999,1073741823,1073741823,1073741823,1073741823,1073741823:h6
1073741823,1073741823,1073741823,1073741823,1073676287,1056833535,1073594367,1072136191,1071575039,1073217535,1073741823,1073741823,1073741823,1073741823,1073741823:h6
1073741823,1073741823,1073741823,1073741823,1073676287,1073610751,1069400063,1072136191,1071575039,1073217535,1073741823,1073741823,1073741823,1073741823,1073741823:h6
1073741823,1073741823,1073741823,1073741823,1073676287,1073610751,1073594367,1055358975,1071575039,1073217535,1073741823,1073741823,1073741823,1073741823,1073741823:h6
1073741823,1073741823,1073741823,1073741823,1073676287,1073610751,1073594367,1072136191,1071575039,1056440319,1073741823,1073741823,1073741823,1073741823,1073741823:h6
1073741823,1073741823,1073741823,1073741823,1073676287,1073610751,1073594367,1072136191,1067380735,1073217535,1073741823,1073741823,1073741823,1073741823,1073741823:h6
1073741823,1073741823,1073741823,1073741823,1073676287,1073610751,1073594367,1072136191,1071575039,1072168959,1073741823,1073741823,1073741823,1073741823,1073741823:h6
1073741823,1073741823,1073741823,1073741823,1073676287,1069416447,1073594367,1072136191,1071575039,1073217535,1073741823,1073741823,1073741823,1073741823,1073741823:h6
1073741823,1073741823,1073741823,1073741823,1073676287,1073610751,1073594367,1067941887,1071575039,1073217535,1073741823,1073741823,1073741823,1073741823,1073741823:h6
1073741823,1073741823,1073741823,1073741823,1073676287,1073610751,1073594367,1072136191,1071575039,1069023231,1073741823,1073741823,1073741823,1073741823,1073741823:h6
1073741823,1073741823,1073737727,1073741823,1073676287,1073610751,1073594367,1072136191,1071575039,1073217535,1073741823,1073741823,1073741823,1073741823,1073741823:h6
1073741823,1073741823,1073741823,1073725439,1073676287,1073610751,1073594367,1072136191,1071575039,1073217535,1073741823,1073741823,1073741823,1073741823,1073741823:h6
1073741823,1073741823,1073676287,1073741823,1073676287,1073610751,1073594367,1072136191,1071575039,1073217535,1073741823,1073741823,1073741823,1073741823,1073741823:h6
1073741823,1073741823,1072693247,1073741823,1073676287,1073610751,1073594367,1072136191,1071575039,1073217535,1073741823,1073741823,1073741823,1073741823,1073741823:h6
1073741823,1073741823,1073741823,1073479679,1073676287,1073610751,1073594367,1072136191,1071575039,1073217535,1073741823,1073741823,1073741823,1073741823,1073741823:h6
1073741823,1073741823,1073741823,1073737727,1073676287,1073610751,1073594367,1072136191,1071575039,1073217535,1073741823,1073741823,1073741823,1073741823,1073741823:h6
1073741823,1073741823,1073741823,1073676287,1073676287,1073610751,1073594367,1072136191,1071575039,1073217535,1073741823,1073741823,1073741823,1073741823,1073741823:h6
1073741823,1073741823,1073741823,1072693247,1073676287,1073610751,1073594367,1072136191,1071575039,1073217535,1073741823,1073741823,1073741823,1073741823,1073741823:h6
1073741823,1073741823,1073741823,1073741823,1073676287,1072562175,1073594367,1072136191,1071575039,1073217535,1073741823,1073741823,1073741823,1073741823,1073741823:h6
1073741823,1073741823,1073741823,1073741823,1073676287,1073610751,1073594367,1072136191,1071575039,1073217535,1073741567,1073741823,1073741823,1073741823,1073741823:h6
1073741823,1073741823,1073741823,1073741823,1073676287,1073610751,1073594367,1072136191,1071574783,1073217535,1073741823,1073741823,1073741823,1073741823,1073741823:h6
1073741823,1073741823,1073741823,1073741823,1073676287,1073610751,1073594111,1072136191,1071575039,1073217535,1073741823,1073741823,1073741823,1073741823,1073741823:h6
1073741823,1073741823,1073741823,1073741823,1073676287,1073610751,1073594367,1072136191,1071575039,1073217535,1073676287,1073741823,1073741823,1073741823,1073741823:h6
1073741823,1073741823,1073741823,1073741823,1073676287,1073610751,1073594367,1072136191,1071575039,1073217535,1073737727,1073741823,1073741823,1073741823,1073741823:h6
1073741823,1073741823,1073741823,1073741823,1073676287,1073610751,1073594367,1072136191,1071575039,1073213439,1073741823,1073741823,1073741823,1073741823,1073741823:h6
1073741823,1073741823,1073741823,1073741823,1073672191,1073610751,1073594367,1072136191,1071575039,1073217535,1073741823,1073741823,1073741823,1073741823,1073741823:l10
1073741823,1073741823,1073741823,1073741823,1072627711,1073610751,1073594367,1072136191,1071575039,1073217535,1073741823,1073741823,1073741823,1073741823,1073741823:h6
1073741823,1073741823,1073741823,1073741823,1073676287,1073610751,1072545791,1072136191,1071575039,1073217535,1073741823,1073741823,1073741823,1073741823,1073741823:h6
1073741823,1073741823,1073741823,1073741823,1073676287,1073610751,1073594367,1072136191,1071574015,1073217535,1073741823,1073741823,1073741823,1073741823,1073741823:h6
1073741823,1073741823,1073741823,1073741823,1073676287,1073610751,1073593343,1072136191,1071575039,1073217535,1073741823,1073741823,1073741823,1073741823,1073741823:h6
1073741823,1073741823,1073741823,1073741823,1073675263,1073610751,1073594367,1072136191,1071575039,1073217535,1073741823,1073741823,1073741823,1073741823,1073741823:h6
1073741823,1073741823,1073741823,1073741823,1073676287,1073606655,1073594367,1072136191,1071575039,1073217535,1073741823,1073741823,1073741823,1073741823,1073741823:h6
1073741823,1073741823,1073741823,1073741823,1073659903,1073610751,1073594367,1072136191,1071575039,1073217535,1073741823,1073741823,1073741823,1073741823,1073741823:h6
1073741823,1073741823,1073741823,1073741823,1073414143,1073610751,1073594367,1072136191,1071575039,1073217535,1073741823,1073741823,1073741823,1073741823,1073741823:h6
1073741823,1073741823,1073741823,1073741823,1073676287,1073610751,1073332223,1072136191,1071575039,1073217535,1073741823,1073741823,1073741823,1073741823,1073741823:h6
1073741823,1073741823,1073741823,1073741823,1073676287,1073610751,1073594367,1072136191,1071312895,1073217535,1073741823,1073741823,1073741823,1073741823,1073741823:h6
1073741823,1073741823,1073741823,1073741823,1073676287,1073610751,1073594367,1072136191,1071575039,1073216511,1073741823,1073741823,1073741823,1073741823,1073741823:h6
1073741823,1073741823,1073741823,1073741823,1073676287,1073610751,1073594367,1072135167,1071575039,1073217535,1073741823,1073741823,1073741823,1073741823,1073741823:h6
1073741823,1073741823,1073741823,1073741823,1073676287,1073610751,1073594367,1072132095,1071575039,1073217535,1073741823,1073741823,1073741823,1073741823,1073741823:h6
1073741823,1073741823,1073741823,1073741823,1073676287,1073609727,1073594367,1072136191,1071575039,1073217535,1073741823,1073741823,1073741823,1073741823,1073741823:h6
1073741823,1073741823,1073741823,1073741823,1073676287,1073610751,1073590271,1072136191,1071575039,1073217535,1073741823,1073741823,1073741823,1073741823,1073741823:h6
1073741823,1073741823,1073741823,1073741823,1073676287,1073594367,1073594367,1072136191,1071575039,1073217535,1073741823,1073741823,1073741823,1073741823,1073741823:j9
1073741823,1073741823,1073741823,1073741823,1073676287,1073594367,1073594367,1072136191,1071050751,1073217535,1073725439,1073741823,1073741823,1073741823,1073741823:j7
1073741823,1073741823,1073741823,1073741823,1073676287,1073594367,1073594367,1072136191,1071050751,1073217535,1069547519,1073741823,1073741823,1073741823,1073741823:j7
1073741823,1073741823,1073741823,1073740799,1073676287,1073594367,1073594367,1072136191,1071050751,1073217535,1073741823,1073741823,1073741823,1073741823,1073741823:j7
1073741823,1073741823,1073741823,1073741823,1073676287,1073594367,1056817151,1072136191,1071050751,1073217535,1073741823,1073741823,1073741823,1073741823,1073741823:j7
1073741823,1073741823,1073741823,1073741823,1073676287,1073594367,1073594367,1072136191,1054273535,1073217535,1073741823,1073741823,1073741823,1073741823,1073741823:j7
1073741823,1073741823,1073741823,1073741823,1073676287,1073594367,1073594367,1072136191,1071050751,1073217535,1056964607,1073741823,1073741823,1073741823,1073741823:j7
1073741823,1073741823,1073741823,1073741823,1073676287,1073594367,1073594367,1072136191,1071050751,1073217535,1073741823,1073725439,1073741823,1073741823,1073741823:j7
1073741823,1073741823,1073741823,1073741823,1073676287,1073594367,1073594367,1072136191,1071050751,1073217535,1073741823,1069547519,1073741823,1073741823,1073741823:j7
1073741823,1073741823,1073741823,1073741823,1073676287,1073594367,1073594367,1072136191,1071050751,1073217535,1072693247,1073741823,1073741823,1073741823,1073741823:j7
1073741823,1073741823,1073741823,1073741823,1073676287,1073594367,1073594367,1072136191,1071050751,1073217535,1073741823,1073479679,1073741823,1073741823,1073741823:j7
1073741823,1073741823,1073741823,1073741823,1073676287,1073594367,1073594367,1072136191,1071050751,1073217535,1073479679,1073741823,1073741823,1073741823,1073741823:l10
1073741823,1073741823,1073741823,1073741823,1073676287,1073594367,1073594367,1072136191,1071050751,1073151999,1073741823,1073741823,1073741823,1073741823,1073741823:j7
1073741823,1073741823,1073741823,1073741823,1073676287,1056817151,1073594367,1072136191,1071050751,1073217535,1073741823,1073741823,1073741823,1073741823,1073741823:j7
1073741823,1073741823,1073741823,1073741823,1073676287,1073594367,1069400063,1072136191,1071050751,1073217535,1073741823,1073741823,1073741823,1073741823,1073741823:j7
1073741823,1073741823,1073741823,1073741823,1073676287,1073594367,1073594367,1055358975,1071050751,1073217535,1073741823,1073741823,1073741823,1073741823,1073741823:j7
1073741823,1073741823,1073741823,1073741823,1073676287,1073594367,1073594367,1072136191,1071050751,1056440319,1073741823,1073741823,1073741823,1073741823,1073741823:j7
1073741823,1073741823,1073741823,1073741823,1073676287,1073594367,1073594367,1072136191,1066856447,1073217535,1073741823,1073741823,1073741823,1073741823,1073741823:j7
1073741823,1073741823,1073741823,1073741823,1073676287,1073594367,1073594367,1072136191,1071050751,1072168959,1073741823,1073741823,1073741823,1073741823,1073741823:j7
1073741823,1073741823,1073741823,1073741823,1073676287,1069400063,1073594367,1072136191,1071050751,1073217535,1073741823,1073741823,1073741823,1073741823,1073741823:j7
1073741823,1073741823,1073741823,1073741823,1073676287,1073594367,1073594367,1067941887,1071050751,1073217535,1073741823,1073741823,1073741823,1073741823,1073741823:j7
1073741823,1073741823,1073741823,1073741823,1073676287,1073594367,1073594367,1072136191,1071050751,1069023231,1073741823,1073741823,1073741823,1073741823,1073741823:j7
1073741823,1073741823,1073737727,1073741823,1073676287,1073594367,1073594367,1072136191,1071050751,1073217535,1073741823,1073741823,1073741823,1073741823,1073741823:j7
1073741823,1073741823,1073741823,1073725439,1073676287,1073594367,1073594367,1072136191,1071050751,1073217535,1073741823,1073741823,1073741823,1073741823,1073741823:j7
1073741823,1073741823,1073676287,1073741823,1073676287,1073594367,1073594367,1072136191,1071050751,1073217535,1073741823,1073741823,1073741823,1073741823,1073741823:j7
1073741823,1073741823,1072693247,1073741823,1073676287,1073594367,1073594367,1072136191,1071050751,1073217535,1073741823,1073741823,1073741823,1073741823,1073741823:j7
1073741823,1073741823,1073741823,1073479679,1073676287,1073594367,1073594367,1072136191,1071050751,1073217535,1073741823,1073741823,1073741823,1073741823,1073741823:j7
1073741823,1073741823,1073741823,1073737727,1073676287,1073594367,1073594367,1072136191,1071050751,1073217535,1073741823,1073741823,1073741823,1073741823,1073741823:j7
1073741823,1073741823,1073741823,1073676287,1073676287,1073594367,1073594367,1072136191,1071050751,1073217535,1073741823,1073741823,1073741823,1073741823,1073741823:j7
1073741823,1073741823,1073741823,1072693247,1073676287,1073594367,1073594367,1072136191,1071050751,1073217535,1073741823,1073741823,1073741823,1073741823,1073741823:j7
1073741823,1073741823,1073741823,1073741823,1073676287,1072545791,1073594367,1072136191,1071050751,1073217535,1073741823,1073741823,1073741823,1073741823,1073741823:j7
1073741823,1073741823,1073741823,1073741823,1073676287,1073594367,1073594367,1072136191,1071050751,1073217535,1073741567,1073741823,1073741823,1073741823,1073741823:j7
1073741823,1073741823,1073741823,1073741823,1073676287,1073594367,1073594367,1072136191,1071050495,1073217535,1073741823,1073741823,1073741823,1073741823,1073741823:j7
1073741823,1073741823,1073741823,1073741823,1073676287,1073594367,1073594111,1072136191,1071050751,1073217535,1073741823,1073741823,1073741823,1073741823,1073741823:j7
1073741823,1073741823,1073741823,1073741823,1073676287,1073594367,1073594367,1072136191,1071050751,1073217535,1073676287,1073741823,1073741823,1073741823,1073741823:j7
1073741823,1073741823,1073741823,1073741823,1073676287,1073594367,1073594367,1072136191,1071050751,1073217535,1073737727,1073741823,1073741823,1073741823,1073741823:j7
1073741823,1073741823,1073741823,1073741823,1073676287,1073594367,1073594367,1072136191,1071050751,1073213439,1073741823,1073741823,1073741823,1073741823,1073741823:j7
1073741823,1073741823,1073741823,1073741823,1073672191,1073594367,1073594367,1072136191,1071050751,1073217535,1073741823,1073741823,1073741823,1073741823,1073741823:j7
1073741823,1073741823,1073741823,1073741823,1072627711,1073594367,1073594367,1072136191,1071050751,1073217535,1073741823,1073741823,1073741823,1073741823,1073741823:j7
1073741823,1073741823,1073741823,1073741823,1073676287,1073594367,1072545791,1072136191,1071050751,1073217535,1073741823,1073741823,1073741823,1073741823,1073741823:j7
1073741823,1073741823,1073741823,1073741823,1073676287,1073594367,1073594367,1072136191,1071049727,1073217535,1073741823,1073741823,1073741823,1073741823,1073741823:j7
1073741823,1073741823,1073741823,1073741823,1073676287,1073594367,1073593343,1072136191,1071050751,1073217535,1073741823,1073741823,1073741823,1073741823,1073741823:j7
1073741823,1073741823,1073741823,1073741823,1073675263,1073594367,1073594367,1072136191,1071050751,1073217535,1073741823,1073741823,1073741823,1073741823,1073741823:j7
1073741823,1073741823,1073741823,1073741823,1073676287,1073590271,1073594367,1072136191,1071050751,1073217535,1073741823,1073741823,1073741823,1073741823,1073741823:j7
1073741823,1073741823,1073741823,1073741823,1073659903,1073594367,1073594367,1072136191,1071050751,1073217535,1073741823,1073741823,1073741823,1073741823,1073741823:j7
1073741823,1073741823,1073741823,1073741823,1073414143,1073594367,1073594367,1072136191,1071050751,1073217535,1073741823,1073741823,1073741823,1073741823,1073741823:j7
1073741823,1073741823,1073741823,1073741823,1073676287,1073594367,1073332223,1072136191,1071050751,1073217535,1073741823,1073741823,1073741823,1073741823,1073741823:l10
1073741823,1073741823,1073741823,1073741823,1073676287,1073594367,1073594367,1072136191,1071050751,1073216511,1073741823,1073741823,1073741823,1073741823,1073741823:j7
1073741823,1073741823,1073741823,1073741823,1073676287,1073594367,1073594367,1072135167,1071050751,1073217535,1073741823,1073741823,1073741823,1073741823,1073741823:j7
1073741823,1073741823,1073741823,1073741823,1073676287,1073594367,1073594367,1072132095,1071050751,1073217535,1073741823,1073741823,1073741823,1073741823,1073741823:j7
1073741823,1073741823,1073741823,1073741823,1073676287,1073593343,1073594367,1072136191,1071050751,1073217535,1073741823,1073741823,1073741823,1073741823,1073741823:j7
1073741823,1073741823,1073741823,1073741823,1073676287,1073594367,1073590271,1072136191,1071050751,1073217535,1073741823,1073741823,1073741823,1073741823,1073741823:j7
1073741823,1073741823,1073741823,1073741823,1073676287,1073332223,1073594367,1072136191,1071050751,1073217535,1073741823,1073741823,1073741823,1073741823,1073741823:j11
1073741823,1073741823,1073741823,1073741823,1073676287,1073594367,1073594367,1072070655,1071050751,1073217535,1073741823,1073741823,1073741823,1073741823,1073741823:j7
1073741823,1073741823,1073741823,1073741823,1073676287,1073594367,1073594367,1072136191,1071050751,1073201151,1073741823,1073741823,1073741823,1073741823,1073741823:j7
1073741823,1073741823,1073741823,1073741823,1073676287,1073594367,1073594367,1072136191,1071034367,1073217535,1073741823,1073741823,1073741823,1073741823,1073741823:j7
1073741823,1073741823,1073741823,1073741823,1073676287,1073348607,1073594367,1072136191,1071575039,1073217535,1073741823,1073741823,1073741823,1073741823,1073741823:h6
1073741823,1073741823,1073741823,1073741823,1073676287,1073610751,1073594367,1072070655,1071575039,1073217535,1073741823,1073741823,1073741823,1073741823,1073741823:h6
1073741823,1073741823,1073741823,1073741823,1073676287,1073610751,1073594367,1072136191,1071575039,1073201151,1073741823,1073741823,1073741823,1073741823,1073741823:h6
1073741823,1073741823,1073741823,1073741823,1073676287,1073610751,1073594367,1072136191,1071558655,1073217535,1073741823,1073741823,1073741823,1073741823,1073741823:h6
