1073741823,1073741823,1073741823,1073741823,1073741823,1073479679,1073594367,1073704959,1073733631,1073741823,1073741823,1073741823,1073741823,1073741823,1073741823:f9
1073741823,1073741823,1073741823,1073741823,1073741823,1073479679,1073594367,1073704959,1073731583,1073741823,1073741759,1073741823,1073741823,1073741823,1073741823:h9
1073741823,1073741823,1073741823,1073741823,1073741823,1073479679,1073594367,1073704959,1073731519,1073741823,1073741823,1073741823,1073741823,1073741823,1073741823:h9
1073741823,1073741823,1073741823,1073741823,1073741823,1073479679,1073594303,1073704959,1073731583,1073741823,1073741823,1073741823,1073741823,1073741823,1073741823:h9
1073741823,1073741823,1073741823,1073741823,1073741823,1073479679,1073594367,1073704959,1073731583,1073741823,1073725439,1073741823,1073741823,1073741823,1073741823:h9
1073741823,1073741823,1073741823,1073741823,1073741823,1073479679,1073594367,1073704959,1073731583,1073741823,1073740799,1073741823,1073741823,1073741823,1073741823:e9
1073741823,1073741823,1073741823,1073725439,1073741823,1073479679,1073594367,1073704959,1073731583,1073741823,1073741823,1073741823,1073741823,1073741823,1073741823:h9
1073741823,1073741823,1073741823,1073479679,1073741823,1073479679,1073594367,1073704959,1073731583,1073741823,1073741823,1073741823,1073741823,1073741823,1073741823:h9
1073741823,1073741823,1073741823,1069547519,1073741823,1073479679,1073594367,1073704959,1073731583,1073741823,1073741823,1073741823,1073741823,1073741823,1073741823:h9
1073741823,1073741823,1073741823,1073741823,1073741823,1069285375,1073594367,1073704959,1073731583,1073741823,1073741823,1073741823,1073741823,1073741823,1073741823:h9
1073741823,1073741823,1073741823,1073741823,1073741823,1072431103,1073594367,1073704959,1073731583,1073741823,1073741823,1073741823,1073741823,1073741823,1073741823:h9
1073741823,1073741823,1073741823,1073741823,1073741823,1073479679,1073594367,1069510655,1073731583,1073741823,1073741823,1073741823,1073741823,1073741823,1073741823:h9
1073741823,1073741823,1073741823,1073741823,1073741823,1073479679,1073594367,1073704959,1073731583,1073741823,1073741567,1073741823,1073741823,1073741823,1073741823:i9
1073741823,1073741823,1073741823,1073741823,1073741823,1073479679,1073594367,1073704959,1073731327,1073741823,1073741823,1073741823,1073741823,1073741823,1073741823:f10
1073741823,1073741823,1073741823,1073741823,1073741823,1073479679,1073594111,1073704959,1073731583,1073741823,1073741823,1073741823,1073741823,1073741823,1073741823:h9
1073741823,1073741823,1073741823,1073741823,1073741823,1073479679,1073594367,1073704959,1073731583,1073741823,1073676287,1073741823,1073741823,1073741823,1073741823:h9
1073741823,1073741823,1073741823,1073741823,1073741823,1073479679,1073594367,1073704959,1073731583,1073741823,1073737727,1073741823,1073741823,1073741823,1073741823:h9
1073741823,1073741823,1073741823,1073741823,1073741823,1073479679,1073594367,1073704959,1073731583,1073741567,1073741823,1073741823,1073741823,1073741823,1073741823:e9
1073741823,1073741823,1073741823,1073741823,1073741823,1073479679,1073594367,1073704703,1073731583,1073741823,1073741823,1073741823,1073741823,1073741823,1073741823:e9
1073741823,1073741823,1073741823,1073741823,1073741823,1073479423,1073594367,1073704959,1073731583,1073741823,1073741823,1073741823,1073741823,1073741823,1073741823:h9
1073741823,1073741823,1073741823,1073741823,1073741823,1073479679,1073594367,1073704959,1073731583,1073676287,1073741823,1073741823,1073741823,1073741823,1073741823:f10
1073741823,1073741823,1073741823,1073741823,1073741823,1073479679,1073594367,1073704959,1073731583,1073737727,1073741823,1073741823,1073741823,1073741823,1073741823:e9
1073741823,1073741823,1073741823,1073741823,1073737727,1073479679,1073594367,1073704959,1073731583,1073741823,1073741823,1073741823,1073741823,1073741823,1073741823:h9
1073741823,1073741823,1073741823,1073741823,1073676287,1073479679,1073594367,1073704959,1073731583,1073741823,1073741823,1073741823,1073741823,1073741823,1073741823:e9
1073741823,1073741823,1073741823,1073741823,1072693247,1073479679,1073594367,1073704959,1073731583,1073741823,1073741823,1073741823,1073741823,1073741823,1073741823:h9
1073741823,1073741823,1073741823,1073741823,1073741823,1073479679,1072545791,1073704959,1073731583,1073741823,1073741823,1073741823,1073741823,1073741823,1073741823:h9
1073741823,1073741823,1073741823,1073741823,1073741823,1073479679,1073594367,1073704959,1072683007,1073741823,1073741823,1073741823,1073741823,1073741823,1073741823:h9
1073741823,1073741823,1073741823,1073741823,1073741823,1073479679,1073593343,1073704959,1073731583,1073741823,1073741823,1073741823,1073741823,1073741823,1073741823:h9
1073741823,1073741823,1073741823,1073741823,1073740799,1073479679,1073594367,1073704959,1073731583,1073741823,1073741823,1073741823,1073741823,1073741823,1073741823:h9
1073741823,1073741823,1073741823,1073741823,1073741823,1073475583,1073594367,1073704959,1073731583,1073741823,1073741823,1073741823,1073741823,1073741823,1073741823:h9
1073741823,1073741823,1073741823,1073741823,1073725439,1073479679,1073594367,1073704959,1073731583,1073741823,1073741823,1073741823,1073741823,1073741823,1073741823:h9
1073741823,1073741823,1073741823,1073741823,1073479679,1073479679,1073594367,1073704959,1073731583,1073741823,1073741823,1073741823,1073741823,1073741823,1073741823:f10
1073741823,1073741823,1073741823,1073741823,1073741823,1073414143,1073594367,1073704959,1073731583,1073741823,1073741823,1073741823,1073741823,1073741823,1073741823:f10
1073741823,1073741823,1073741823,1073741823,1073741823,1073479679,1073332223,1073704959,1073731583,1073741823,1073741823,1073741823,1073741823,1073741823,1073741823:e9
1073741823,1073741823,1073741823,1073741823,1073741823,1073479679,1073594367,1073704959,1073469439,1073741823,1073741823,1073741823,1073741823,1073741823,1073741823:e9
1073741823,1073741823,1073741823,1073741823,1073741823,1073479679,1073594367,1073704959,1073731583,1073740799,1073741823,1073741823,1073741823,1073741823,1073741823:i9
1073741823,1073741823,1073741823,1073741823,1073741823,1073479679,1073594367,1073703935,1073731583,1073741823,1073741823,1073741823,1073741823,1073741823,1073741823:e9
1073741823,1073741823,1073741823,1073741823,1073741823,1073478655,1073594367,1073704959,1073731583,1073741823,1073741823,1073741823,1073741823,1073741823,1073741823:h9
1073741823,1073741823,1073741823,1073741823,1073741823,1073479679,1073590271,1073704959,1073731583,1073741823,1073741823,1073741823,1073741823,1073741823,1073741823:e9
1073741823,1073741823,1073741823,1073741823,1073741823,1073463295,1073594367,1073704959,1073731583,1073741823,1073741823,1073741823,1073741823,1073741823,1073741823:h9
1073741823,1073741823,1073741823,1073741823,1073741823,1073479679,1073594367,1073442815,1073731583,1073741823,1073741823,1073741823,1073741823,1073741823,1073741823:e9
1073741823,1073741823,1073741823,1073741823,1073741823,1073479679,1073594367,1073639423,1073731583,1073741823,1073741823,1073741823,1073741823,1073741823,1073741823:e9
1073741823,1073741823,1073741823,1073741823,1073741823,1073479679,1073594367,1073704959,1073731583,1073479679,1073741823,1073741823,1073741823,1073741823,1073741823:f8
1073741823,1073741823,1073741823,1073741823,1073741823,1073479679,1073594367,1073704959,1073666047,1073741823,1073741823,1073741823,1073741823,1073741823,1073741823:f10
1073741823,1073741823,1073741823,1073741823,1073741823,1073479679,1073594367,1073704959,1073731583,1073725439,1073741823,1073741823,1073741823,1073741823,1073741823:e9
1073741823,1073741823,1073741823,1073741823,1073741823,1073479679,1073594367,1073704959,1073715199,1073741823,1073741823,1073741823,1073741823,1073741823,1073741823:f10
1073741823,1073741823,1073741823,1073741823,1073741823,1073479679,1073594367,1073704959,1073715199,1073739775,1073741823,1073741759,1073741823,1073741823,1073741823:e11
1073741823,1073741823,1073741823,1073741823,1073741823,1073479679,1073594367,1073704959,1073715199,1073739711,1073741823,1073741823,1073741823,1073741823,1073741823:e11
1073741823,1073741823,1073741823,1073741823,1073741823,1073479679,1073594367,1073704895,1073715199,1073739775,1073741823,1073741823,1073741823,1073741823,1073741823:e11
1073741823,1073741823,1073741823,1073741823,1073741823,1073479679,1073594367,1073704959,1073715199,1073739775,1073741823,1073725439,1073741823,1073741823,1073741823:e11
1073741823,1073741823,1073741823,1073741823,1073741823,1073479679,1073594367,1073704959,1073715199,1073739775,1073741823,1073740799,1073741823,1073741823,1073741823:e11
1073741823,1073741823,1073741823,1073741823,1073741823,1073479679,1073594367,1073704959,1073715199,1073739775,1073479679,1073741823,1073741823,1073741823,1073741823:e11
1073741823,1073741823,1073741823,1073741823,1073741823,1073479679,1073594367,1073704959,1073715199,1073739775,1073741759,1073741823,1073741823,1073741823,1073741823:e11
1073741823,1073741823,1073741823,1073741823,1073741823,1073479679,1073594367,1073704959,1073715135,1073739775,1073741823,1073741823,1073741823,1073741823,1073741823:e11
1073741823,1073741823,1073741823,1073741823,1073741823,1073479679,1073594303,1073704959,1073715199,1073739775,1073741823,1073741823,1073741823,1073741823,1073741823:e11
1073741823,1073741823,1073741823,1073741823,1073741823,1073479679,1073594367,1073704959,1073715199,1073739775,1073725439,1073741823,1073741823,1073741823,1073741823:e11
1073741823,1073741823,1073741823,1073741823,1073741823,1073479679,1073594367,1073704959,1073715199,1073739775,1073740799,1073741823,1073741823,1073741823,1073741823:e11
1073741823,1073741823,1073741823,1073725439,1073741823,1073479679,1073594367,1073704959,1073715199,1073739775,1073741823,1073741823,1073741823,1073741823,1073741823:e11
1073741823,1073741823,1073741823,1073479679,1073741823,1073479679,1073594367,1073704959,1073715199,1073739775,1073741823,1073741823,1073741823,1073741823,1073741823:e11
1073741823,1073741823,1073741823,1069547519,1073741823,1073479679,1073594367,1073704959,1073715199,1073739775,1073741823,1073741823,1073741823,1073741823,1073741823:e11
1073741823,1073741823,1073741823,1073741823,1073741823,1069285375,1073594367,1073704959,1073715199,1073739775,1073741823,1073741823,1073741823,1073741823,1073741823:e11
1073741823,1073741823,1073741823,1073741823,1073741823,1072431103,1073594367,1073704959,1073715199,1073739775,1073741823,1073741823,1073741823,1073741823,1073741823:e11
1073741823,1073741823,1073741823,1073741823,1073741823,1073479679,1073594367,1069510655,1073715199,1073739775,1073741823,1073741823,1073741823,1073741823,1073741823:e11
1073741823,1073741823,1073741823,1073741823,1073741823,1073479679,1073594367,1073704959,1073715199,1073739775,1073741567,1073741823,1073741823,1073741823,1073741823:g10
1073741823,1073741823,1073741823,1073741823,1073741823,1073479679,1073594367,1073704959,1073715199,1073731583,1073741567,1073676287,1073741823,1073741823,1073741823:f11
1073741823,1073741823,1073741823,1073741823,1073741823,1073479679,1073594367,1073704959,1073715199,1073731583,1073741567,1073737727,1073741823,1073741823,1073741823:f7
1073741823,1073741823,1073741823,1073741823,1073741823,1073479679,1073594367,1073704959,1073715199,1073731583,1073741567,1073741823,1073741807,1073741823,1073741823:e10
1073741823,1073741823,1073741823,1073741823,1073741823,1073479679,1073594367,1073704959,1073715199,1073731583,1073741551,1073741823,1073741823,1073741823,1073741823:e10
1073741823,1073741823,1073741823,1073741823,1073741823,1073479679,1073594367,1073704959,1073715183,1073731583,1073741567,1073741823,1073741823,1073741823,1073741823:f12
1073741823,1073741823,1073741823,1073741823,1073741823,1073479679,1073594367,1073704959,1073715199,1073731583,1073741567,1073741823,1073737727,1073741823,1073741823:d10
1073741823,1073741823,1073741823,1073741823,1073741823,1073479679,1073594367,1073704959,1073715199,1073731583,1073741567,1073741823,1073741567,1073741823,1073741823:f11
1073741823,1073741823,1073741823,1073741823,1073741823,1073479679,1073594367,1073704959,1073715199,1073731583,1073741567,1073741567,1073741823,1073741823,1073741823:f7
1073741823,1073741823,1073741823,1073741823,1073741823,1073479679,1073594367,1073704959,1073715199,1073731583,1073741567,1073741759,1073741823,1073741823,1073741823:f7
1073741823,1073741823,1073741823,1073741823,1073741823,1073479679,1073594367,1073704959,1073715199,1073731519,1073741567,1073741823,1073741823,1073741823,1073741823:f12
1073741823,1073741823,1073741823,1073741823,1073741823,1073479679,1073594367,1073704895,1073715199,1073731583,1073741567,1073741823,1073741823,1073741823,1073741823:f11
1073741823,1073741823,1073741823,1073741823,1073741823,1073479679,1073594367,1073704959,1073715199,1073731583,1073741567,1073725439,1073741823,1073741823,1073741823:e10
1073741823,1073741823,1073741823,1073741823,1073741823,1073479679,1073594367,1073704959,1073715199,1073731583,1073741567,1073740799,1073741823,1073741823,1073741823:d10
1073741823,1073741823,1073741823,1073741823,1073741823,1073479679,1073594367,1073704959,1073715199,1073731583,1073479423,1073741823,1073741823,1073741823,1073741823:i10
1073741823,1073741823,1073741823,1073741823,1073741823,1073479679,1073594367,1073704959,1073715199,1073731583,1073741503,1073741823,1073741823,1073741823,1073741823:e10
1073741823,1073741823,1073741823,1073741823,1073741823,1073479679,1073594367,1073704959,1073715135,1073731583,1073741567,1073741823,1073741823,1073741823,1073741823:i10
1073741823,1073741823,1073741823,1073741823,1073741823,1073479679,1073594303,1073704959,1073715199,1073731583,1073741567,1073741823,1073741823,1073741823,1073741823:f12
1073741823,1073741823,1073741823,1073741823,1073741823,1073479679,1073594367,1073704959,1073715199,1073731583,1073725183,1073741823,1073741823,1073741823,1073741823:g11
1073741823,1073741823,1073741823,1073741823,1073741823,1073479679,1073594367,1073704959,1073715199,1073731583,1073740543,1073741823,1073741823,1073741823,1073741823:i10
1073741823,1073741823,1073741823,1073725439,1073741823,1073479679,1073594367,1073704959,1073715199,1073731583,1073741567,1073741823,1073741823,1073741823,1073741823:f7
1073741823,1073741823,1073741823,1073479679,1073741823,1073479679,1073594367,1073704959,1073715199,1073731583,1073741567,1073741823,1073741823,1073741823,1073741823:f7
1073741823,1073741823,1073741823,1069547519,1073741823,1073479679,1073594367,1073704959,1073715199,1073731583,1073741567,1073741823,1073741823,1073741823,1073741823:f7
1073741823,1073741823,1073741823,1073741823,1073741823,1069285375,1073594367,1073704959,1073715199,1073731583,1073741567,1073741823,1073741823,1073741823,1073741823:f7
1073741823,1073741823,1073741823,1073741823,1073741823,1072431103,1073594367,1073704959,1073715199,1073731583,1073741567,1073741823,1073741823,1073741823,1073741823:i10
1073741823,1073741823,1073741823,1073741823,1073741823,1073479679,1073594367,1069510655,1073715199,1073731583,1073741567,1073741823,1073741823,1073741823,1073741823:f7
1073741823,1073741823,1073741823,1073741823,1073741823,1073479679,1073594367,1073704959,1073714943,1073731583,1073741567,1073741823,1073741823,1073741823,1073741823:e10
1073741823,1073741823,1073741823,1073741823,1073741823,1073479679,1073594111,1073704959,1073715199,1073731583,1073741567,1073741823,1073741823,1073741823,1073741823:f11
1073741823,1073741823,1073741823,1073741823,1073741823,1073479679,1073594367,1073704959,1073715199,1073731583,1073676031,1073741823,1073741823,1073741823,1073741823:f11
1073741823,1073741823,1073741823,1073741823,1073741823,1073479679,1073594367,1073704959,1073715199,1073731583,1073737471,1073741823,1073741823,1073741823,1073741823:f11
1073741823,1073741823,1073741823,1073741823,1073741823,1073479679,1073594367,1073704959,1073715199,1073731327,1073741567,1073741823,1073741823,1073741823,1073741823:e8
1073741823,1073741823,1073741823,1073741823,1073741823,1073479679,1073594367,1073704703,1073715199,1073731583,1073741567,1073741823,1073741823,1073741823,1073741823:f11
1073741823,1073741823,1073741823,1073741823,1073741823,1073479423,1073594367,1073704959,1073715199,1073731583,1073741567,1073741823,1073741823,1073741823,1073741823:f7
1073741823,1073741823,1073741823,1073741823,1073741823,1073479679,1073594367,1073704959,1073715199,1073666047,1073741567,1073741823,1073741823,1073741823,1073741823:f7
1073741823,1073741823,1073741823,1073741823,1073737727,1073479679,1073594367,1073704959,1073715199,1073731583,1073741567,1073741823,1073741823,1073741823,1073741823:e10
1073741823,1073741823,1073741823,1073741823,1073676287,1073479679,1073594367,1073704959,1073715199,1073731583,1073741567,1073741823,1073741823,1073741823,1073741823:f7
1073741823,1073741823,1073741823,1073741823,1072693247,1073479679,1073594367,1073704959,1073715199,1073731583,1073741567,1073741823,1073741823,1073741823,1073741823:f7
1073741823,1073741823,1073741823,1073741823,1073741823,1073479679,1072545791,1073704959,1073715199,1073731583,1073741567,1073741823,1073741823,1073741823,1073741823:f7
1073741823,1073741823,1073741823,1073741823,1073741823,1073479679,1073594367,1073704959,1072666623,1073731583,1073741567,1073741823,1073741823,1073741823,1073741823:f11
1073741823,1073741823,1073741823,1073741823,1073741823,1073479679,1073593343,1073704959,1073715199,1073731583,1073741567,1073741823,1073741823,1073741823,1073741823:i10
1073741823,1073741823,1073741823,1073741823,1073740799,1073479679,1073594367,1073704959,1073715199,1073731583,1073741567,1073741823,1073741823,1073741823,1073741823:d10
1073741823,1073741823,1073741823,1073741823,1073741823,1073475583,1073594367,1073704959,1073715199,1073731583,1073741567,1073741823,1073741823,1073741823,1073741823:f12
1073741823,1073741823,1073741823,1073741823,1073725439,1073479679,1073594367,1073704959,1073715199,1073731583,1073741567,1073741823,1073741823,1073741823,1073741823:i10
1073741823,1073741823,1073741823,1073741823,1073479679,1073479679,1073594367,1073704959,1073715199,1073731583,1073741567,1073741823,1073741823,1073741823,1073741823:f11
1073741823,1073741823,1073741823,1073741823,1073741823,1073414143,1073594367,1073704959,1073715199,1073731583,1073741567,1073741823,1073741823,1073741823,1073741823:f11
1073741823,1073741823,1073741823,1073741823,1073741823,1073479679,1073332223,1073704959,1073715199,1073731583,1073741567,1073741823,1073741823,1073741823,1073741823:f7
1073741823,1073741823,1073741823,1073741823,1073741823,1073479679,1073594367,1073704959,1073453055,1073731583,1073741567,1073741823,1073741823,1073741823,1073741823:f11
1073741823,1073741823,1073741823,1073741823,1073741823,1073479679,1073594367,1073703935,1073715199,1073731583,1073741567,1073741823,1073741823,1073741823,1073741823:i10
1073741823,1073741823,1073741823,1073741823,1073741823,1073478655,1073594367,1073704959,1073715199,1073731583,1073741567,1073741823,1073741823,1073741823,1073741823:e10
1073741823,1073741823,1073741823,1073741823,1073741823,1073479679,1073590271,1073704959,1073715199,1073731583,1073741567,1073741823,1073741823,1073741823,1073741823:i10
1073741823,1073741823,1073741823,1073741823,1073741823,1073463295,1073594367,1073704959,1073715199,1073731583,1073741567,1073741823,1073741823,1073741823,1073741823:i10
1073741823,1073741823,1073741823,1073741823,1073741823,1073479679,1073594367,1073442815,1073715199,1073731583,1073741567,1073741823,1073741823,1073741823,1073741823:f7
1073741823,1073741823,1073741823,1073741823,1073741823,1073479679,1073594367,1073639423,1073715199,1073731583,1073741567,1073741823,1073741823,1073741823,1073741823:f12
1073741823,1073741823,1073741823,1073741823,1073741823,1073479679,1073594367,1073704959,1073715199,1073469439,1073741567,1073741823,1073741823,1073741823,1073741823:d10
1073741823,1073741823,1073741823,1073741823,1073741823,1073479679,1073594367,1073704959,1073649663,1073731583,1073741567,1073741823,1073741823,1073741823,1073741823:f7
1073741823,1073741823,1073741823,1073741823,1073741823,1073479679,1073594367,1073704959,1073715199,1073715199,1073741567,1073741823,1073741823,1073741823,1073741823:f7
1073741823,1073741823,1073741823,1073741823,1073741823,1073479679,1073594367,1073704959,1073714943,1073739775,1073741823,1073741823,1073741823,1073741823,1073741823:e11
1073741823,1073741823,1073741823,1073741823,1073741823,1073479679,1073594111,1073704959,1073715199,1073739775,1073741823,1073741823,1073741823,1073741823,1073741823:e11
1073741823,1073741823,1073741823,1073741823,1073741823,1073479679,1073594367,1073704959,1073715199,1073739775,1073676287,1073741823,1073741823,1073741823,1073741823:e11
1073741823,1073741823,1073741823,1073741823,1073741823,1073479679,1073594367,1073704959,1073715199,1073739775,1073737727,1073741823,1073741823,1073741823,1073741823:e11
1073741823,1073741823,1073741823,1073741823,1073741823,1073479679,1073594367,1073704959,1073715199,1073739519,1073741823,1073741823,1073741823,1073741823,1073741823:e11
1073741823,1073741823,1073741823,1073741823,1073741823,1073479679,1073594367,1073704703,1073715199,1073739775,1073741823,1073741823,1073741823,1073741823,1073741823:e11
1073741823,1073741823,1073741823,1073741823,1073741823,1073479423,1073594367,1073704959,1073715199,1073739775,1073741823,1073741823,1073741823,1073741823,1073741823:e11
1073741823,1073741823,1073741823,1073741823,1073741823,1073479679,1073594367,1073704959,1073715199,1073674239,1073741823,1073741823,1073741823,1073741823,1073741823:e11
1073741823,1073741823,1073741823,1073741823,1073741823,1073479679,1073594367,1073704959,1073715199,1073735679,1073741823,1073741823,1073741823,1073741823,1073741823:e11
1073741823,1073741823,1073741823,1073741823,1073737727,1073479679,1073594367,1073704959,1073715199,1073739775,1073741823,1073741823,1073741823,1073741823,1073741823:e11
1073741823,1073741823,1073741823,1073741823,1073676287,1073479679,1073594367,1073704959,1073715199,1073739775,1073741823,1073741823,1073741823,1073741823,1073741823:e11
1073741823,1073741823,1073741823,1073741823,1072693247,1073479679,1073594367,1073704959,1073715199,1073739775,1073741823,1073741823,1073741823,1073741823,1073741823:e11
1073741823,1073741823,1073741823,1073741823,1073741823,1073479679,1072545791,1073704959,1073715199,1073739775,1073741823,1073741823,1073741823,1073741823,1073741823:e11
1073741823,1073741823,1073741823,1073741823,1073741823,1073479679,1073594367,1073704959,1072666623,1073739775,1073741823,1073741823,1073741823,1073741823,1073741823:e11
1073741823,1073741823,1073741823,1073741823,1073741823,1073479679,1073593343,1073704959,1073715199,1073739775,1073741823,1073741823,1073741823,1073741823,1073741823:e11
1073741823,1073741823,1073741823,1073741823,1073740799,1073479679,1073594367,1073704959,1073715199,1073739775,1073741823,1073741823,1073741823,1073741823,1073741823:e11
1073741823,1073741823,1073741823,1073741823,1073741823,1073475583,1073594367,1073704959,1073715199,1073739775,1073741823,1073741823,1073741823,1073741823,1073741823:e11
1073741823,1073741823,1073741823,1073741823,1073725439,1073479679,1073594367,1073704959,1073715199,1073739775,1073741823,1073741823,1073741823,1073741823,1073741823:e11
1073741823,1073741823,1073741823,1073741823,1073479679,1073479679,1073594367,1073704959,1073715199,1073739775,1073741823,1073741823,1073741823,1073741823,1073741823:e11
1073741823,1073741823,1073741823,1073741823,1073741823,1073414143,1073594367,1073704959,1073715199,1073739775,1073741823,1073741823,1073741823,1073741823,1073741823:e11
1073741823,1073741823,1073741823,1073741823,1073741823,1073479679,1073332223,1073704959,1073715199,1073739775,1073741823,1073741823,1073741823,1073741823,1073741823:e11
1073741823,1073741823,1073741823,1073741823,1073741823,1073479679,1073594367,1073704959,1073453055,1073739775,1073741823,1073741823,1073741823,1073741823,1073741823:e11
1073741823,1073741823,1073741823,1073741823,1073741823,1073479679,1073594367,1073703935,1073715199,1073739775,1073741823,1073741823,1073741823,1073741823,1073741823:e11
1073741823,1073741823,1073741823,1073741823,1073741823,1073478655,1073594367,1073704959,1073715199,1073739775,1073741823,1073741823,1073741823,1073741823,1073741823:e11
1073741823,1073741823,1073741823,1073741823,1073741823,1073479679,1073590271,1073704959,1073715199,1073739775,1073741823,1073741823,1073741823,1073741823,1073741823:e11
1073741823,1073741823,1073741823,1073741823,1073741823,1073463295,1073594367,1073704959,1073715199,1073739775,1073741823,1073741823,1073741823,1073741823,1073741823:e11
1073741823,1073741823,1073741823,1073741823,1073741823,1073479679,1073594367,1073442815,1073715199,1073739775,1073741823,1073741823,1073741823,1073741823,1073741823:e11
1073741823,1073741823,1073741823,1073741823,1073741823,1073479679,1073594367,1073639423,1073715199,1073739775,1073741823,1073741823,1073741823,1073741823,1073741823:e11
1073741823,1073741823,1073741823,1073741823,1073741823,1073479679,1073594367,1073704959,1073715199,1073477631,1073741823,1073741823,1073741823,1073741823,1073741823:e11
1073741823,1073741823,1073741823,1073741823,1073741823,1073479679,1073594367,1073704959,1073649663,1073739775,1073741823,1073741823,1073741823,1073741823,1073741823:e11
1073741823,1073741823,1073741823,1073741823,1073741823,1073479679,1073594367,1073704959,1073715199,1073723391,1073741823,1073741823,1073741823,1073741823,1073741823:e11
