1073741823,1073741823,1073741823,1073741823,1073741823,1073741823,1073675263,1073709055,1073709055,1073741823,1073741823,1073741823,1073741823,1073741823,1073741823:g7
1073741823,1073741823,1073741823,1073741823,1073741823,1073741823,1073667071,1073709055,1073708799,1073741823,1073741823,1073741823,1073741823,1073741823,1073741823:i8
1073741823,1073741823,1073741823,1073741823,1073741567,1073741823,1073667071,1073709055,1073709055,1073741823,1073741823,1073741823,1073741823,1073741823,1073741823:i8
1073741823,1073741823,1073741823,1073741823,1073741823,1073741823,1073667071,1073709055,1073708991,1073741823,1073741823,1073741823,1073741823,1073741823,1073741823:g6
1073741823,1073741823,1073741823,1073741823,1073741823,1073741823,1073667071,1073708799,1073709055,1073741823,1073741823,1073741823,1073741823,1073741823,1073741823:g6
1073741823,1073741823,1073741823,1073741823,1073741823,1073741823,1073667007,1073709055,1073709055,1073741823,1073741823,1073741823,1073741823,1073741823,1073741823:g8
1073741823,1073741823,1073741823,1073741823,1073741823,1073741823,1073666815,1073709055,1073709055,1073741823,1073741823,1073741823,1073741823,1073741823,1073741823:g8
1073741823,1073741823,1073741823,1073741823,1073741759,1073741823,1073667071,1073709055,1073709055,1073741823,1073741823,1073741823,1073741823,1073741823,1073741823:g8
1073741823,1073741823,1073741823,1073741823,1073741823,1073741567,1073667071,1073709055,1073709055,1073741823,1073741823,1073741823,1073741823,1073741823,1073741823:h10
1073741823,1073741823,1073741823,1073741823,1073740799,1073741823,1073667071,1073709055,1073709055,1073741823,1073741823,1073741823,1073741823,1073741823,1073741823:f8
1073741823,1073741823,1073741823,1073741823,1073725439,1073741823,1073667071,1073709055,1073709055,1073741823,1073741823,1073741823,1073741823,1073741823,1073741823:h10
1073741823,1073741823,1073741823,1073741823,1073741823,1073737727,1073667071,1073709055,1073709055,1073741823,1073741823,1073741823,1073741823,1073741823,1073741823:h11
1073741823,1073741823,1073741823,1073741823,1073741823,1073741823,1073667071,1073709055,1073709055,1073741823,1073740799,1073741823,1073741823,1073741823,1073741823:h10
1073741823,1073741823,1073741823,1073741823,1073741823,1073741823,1073667071,1073709055,1073709055,1073737727,1073741823,1073741823,1073741823,1073741823,1073741823:h10
1073741823,1073741823,1073741823,1073741823,1073741823,1073741823,1073667071,1073709055,1073708031,1073741823,1073741823,1073741823,1073741823,1073741823,1073741823:f8
1073741823,1073741823,1073741823,1073741823,1073741823,1073741823,1073667071,1073709055,1073446911,1073741823,1073741823,1073741823,1073741823,1073741823,1073741823:i9
1073741823,1073741823,1073741823,1073741823,1073741823,1073741823,1073667071,1073709055,1073709055,1073741823,1073479679,1073741823,1073741823,1073741823,1073741823:g6
1073741823,1073741823,1073741823,1073741823,1073741823,1073741823,1073667071,1073709055,1073709055,1073676287,1073741823,1073741823,1073741823,1073741823,1073741823:h10
1073741823,1073741823,1073741823,1073741823,1073741823,1073741823,1073667071,1073709055,1073709055,1073741823,1073725439,1073741823,1073741823,1073741823,1073741823:g8
1073741823,1073741823,1073741823,1073741823,1073737727,1073741823,1073667071,1073709055,1073709055,1073741823,1073741823,1073741823,1073741823,1073741823,1073741823:h10
1073741823,1073741823,1073741823,1073741823,1073676287,1073741823,1073667071,1073709055,1073709055,1073741823,1073741823,1073741823,1073741823,1073741823,1073741823:h10
1073741823,1073741823,1073741823,1073741823,1073741823,1073676287,1073667071,1073709055,1073709055,1073741823,1073741823,1073741823,1073741823,1073741823,1073741823:i9
1073741823,1073741823,1073741823,1073741823,1072693247,1073741823,1073667071,1073709055,1073709055,1073741823,1073741823,1073741823,1073741823,1073741823,1073741823:i8
1073741823,1073741823,1073741823,1073741823,1073741823,1073741823,1072618495,1073709055,1073709055,1073741823,1073741823,1073741823,1073741823,1073741823,1073741823:f8
1073741823,1073741823,1073741823,1073741823,1073741823,1073741823,1073404927,1073709055,1073709055,1073741823,1073741823,1073741823,1073741823,1073741823,1073741823:i9
1073741823,1073741823,1073741823,1073741823,1073741823,1073741823,1073667071,1073709055,1072660479,1073741823,1073741823,1073741823,1073741823,1073741823,1073741823:h10
1073741823,1073741823,1073741823,1073741823,1073741823,1073741823,1073667071,1073709055,1073709055,1073740799,1073741823,1073741823,1073741823,1073741823,1073741823:f8
1073741823,1073741823,1073741823,1073741823,1073741823,1073741823,1073667071,1073709055,1073704959,1073741823,1073741823,1073741823,1073741823,1073741823,1073741823:i8
1073741823,1073741823,1073741823,1073741823,1073741823,1073741823,1073667071,1073708031,1073709055,1073741823,1073741823,1073741823,1073741823,1073741823,1073741823:i9
1073741823,1073741823,1073741823,1073741823,1073741823,1073741823,1073667071,1073704959,1073709055,1073741823,1073741823,1073741823,1073741823,1073741823,1073741823:h10
1073741823,1073741823,1073741823,1073741823,1073741823,1073740799,1073667071,1073709055,1073709055,1073741823,1073741823,1073741823,1073741823,1073741823,1073741823:f8
1073741823,1073741823,1073741823,1073741823,1073741823,1073725439,1073667071,1073709055,1073709055,1073741823,1073741823,1073741823,1073741823,1073741823,1073741823:i9
1073741823,1073741823,1073741823,1073741823,1073741823,1073741823,1073650687,1073709055,1073709055,1073741823,1073741823,1073741823,1073741823,1073741823,1073741823:i9
1073741823,1073741823,1073741823,1073741823,1073741823,1073479679,1073667071,1073709055,1073709055,1073741823,1073741823,1073741823,1073741823,1073741823,1073741823:f8
1073741823,1073741823,1073741823,1073741823,1073741823,1073741823,1073667071,1073446911,1073709055,1073741823,1073741823,1073741823,1073741823,1073741823,1073741823:h10
1073741823,1073741823,1073741823,1073741823,1073741823,1073741823,1073667071,1073643519,1073709055,1073741823,1073741823,1073741823,1073741823,1073741823,1073741823:i9
1073741823,1073741823,1073741823,1073741823,1073741823,1073741823,1073667071,1073709055,1073709055,1073479679,1073741823,1073741823,1073741823,1073741823,1073741823:g9
1073741823,1073741823,1073741823,1073741823,1073741823,1073741823,1073667071,1073709055,1073643519,1073741823,1073741823,1073741823,1073741823,1073741823,1073741823:i8
1073741823,1073741823,1073741823,1073741823,1073741823,1073741823,1073667071,1073709055,1073709055,1073725439,1073741823,1073741823,1073741823,1073741823,1073741823:i9
