1073741823,1073741823,1073741567,1073741823,1073737727,1073725439,1073381375,1073184767,1073577983,1073741823,1073741823,1073741823,1073741823,1073741823,1073741823:f4
1073741823,1073741823,1073741823,1073479679,1073741823,1073725439,1072332799,1073184767,1073577983,1073741823,1073741823,1073741823,1073741823,1073741823,1073741823:g7
1073741823,1073741823,1073741823,1073740799,1073737727,1073725439,1073381375,1073184767,1073577983,1073741823,1073741823,1073741823,1073741823,1073741823,1073741823:e3
1073741823,1073741823,1073741823,1073740799,1073741823,1073725439,1072332799,1073184767,1073577983,1073741823,1073741823,1073741823,1073741823,1073741823,1073741823:g8
1073741823,1073741823,1073741823,1073741823,1069547519,1073725439,1072332799,1073184767,1073577983,1073741823,1073741823,1073741823,1073741823,1073741823,1073741823:g7
1073741823,1073741823,1073741823,1073741823,1069547519,1073740799,1073405951,1073709055,1073577983,1073741823,1073741823,1073741823,1073741823,1073741823,1073741823:k9
1073741823,1073741823,1073741823,1073741823,1072693247,1073725439,1072332799,1073184767,1073577983,1073741823,1073741823,1073741823,1073741823,1073741823,1073741823:g7
1073741823,1073741823,1073741823,1073741823,1072693247,1073740799,1073405951,1073709055,1073577983,1073741823,1073741823,1073741823,1073741823,1073741823,1073741823:j9
1073741823,1073741823,1073741823,1073741823,1072693247,1073741823,1073410047,1073709055,1073577983,1073217535,1073741823,1073741823,1073741823,1073741823,1073741823:h7
1073741823,1073741823,1073741823,1073741823,1072693247,1073741823,1073414143,1073709055,1073577983,1073741823,1073741823,1073741823,1073741823,1073741823,1073741823:j10
1073741823,1073741823,1073741823,1073741823,1073479679,1073725439,1072332799,1073184767,1073577983,1073741823,1073741823,1073741823,1073741823,1073741823,1073741823:k8
1073741823,1073741823,1073741823,1073741823,1073479679,1073740799,1073405951,1073709055,1073577983,1073741823,1073741823,1073741823,1073741823,1073741823,1073741823:j9
1073741823,1073741823,1073741823,1073741823,1073479679,1073741823,1073381375,1073709055,1073184767,1073725439,1073741823,1073741823,1073741823,1073741823,1073741823:g6
1073741823,1073741823,1073741823,1073741823,1073479679,1073741823,1073414143,1073184767,1073184767,1073725439,1073741823,1073741823,1073741823,1073741823,1073741823:i8
1073741823,1073741823,1073741823,1073741823,1073479679,1073741823,1073414143,1073709055,1073184767,1073741823,1073741823,1073741823,1073741823,1073741823,1073741823:h7
1073741823,1073741823,1073741823,1073741823,1073676287,1073740799,1073405951,1073709055,1073577983,1073741823,1073741823,1073741823,1073741823,1073741823,1073741823:j9
1073741823,1073741823,1073741823,1073741823,1073676287,1073741823,1073381375,1073709055,1073577983,1073725439,1073741823,1073741823,1073741823,1073741823,1073741823:f6
1073741823,1073741823,1073741823,1073741823,1073676287,1073741823,1073414143,1073709055,1073577983,1073741823,1073741823,1073741823,1073741823,1073741823,1073741823:h7
1073741823,1073741823,1073741823,1073741823,1073725439,1073086463,1073381375,1073643519,1073315839,1073725439,1073741823,1073741823,1073741823,1073741823,1073741823:h6
1073741823,1073741823,1073741823,1073741823,1073725439,1073184767,1073373183,1073643519,1073315839,1073463295,1073741823,1073741823,1073741823,1073741823,1073741823:e9
1073741823,1073741823,1073741823,1073741823,1073725439,1073700863,1068130303,1073709055,1073568767,1073463295,1073741823,1073741823,1073741823,1073741823,1073741823:m7
1073741823,1073741823,1073741823,1073741823,1073725439,1073709055,1068130303,1073709055,1073569791,1073463295,1073741823,1073741823,1073741823,1073741823,1073741823:m7
1073741823,1073741823,1073741823,1073741823,1073725439,1073725439,1072332799,1073184767,1073577983,1073741823,1073741823,1073741823,1073741823,1073741823,1073741823:j10
1073741823,1073741823,1073741823,1073741823,1073725439,1073725439,1073381375,1073709055,1073577983,1073741823,1073741823,1073741823,1073741823,1073741823,1073741823:g9
1073741823,1073741823,1073741823,1073741823,1073725439,1073740799,1073405951,1073709055,1073577983,1073741823,1073741823,1073741823,1073741823,1073741823,1073741823:g9
1073741823,1073741823,1073741823,1073741823,1073725439,1073741823,1073381375,1073709055,1073577983,1073725439,1073741823,1073741823,1073741823,1073741823,1073741823:j9
1073741823,1073741823,1073741823,1073741823,1073725439,1073741823,1073414143,1073709055,1073577983,1073741823,1073741823,1073741823,1073741823,1073741823,1073741823:h7
1073741823,1073741823,1073741823,1073741823,1073737727,1073725439,1073381375,1073709055,1073577983,1073741823,1073741823,1073741823,1073741823,1073741823,1073741823:j8
1073741823,1073741823,1073741823,1073741823,1073737727,1073740799,1073405951,1073709055,1073577983,1073741823,1073741823,1073741823,1073741823,1073741823,1073741823:g9
1073741823,1073741823,1073741823,1073741823,1073737727,1073741823,1073381375,1073709055,1073313791,1073725439,1073741823,1073741823,1073741823,1073741823,1073741823:g7
1073741823,1073741823,1073741823,1073741823,1073737727,1073741823,1073381375,1073709055,1073577983,1073725439,1073741823,1073741823,1073741823,1073741823,1073741823:f9
1073741823,1073741823,1073741823,1073741823,1073737727,1073741823,1073414143,1073709055,1073577983,1073741823,1073741823,1073741823,1073741823,1073741823,1073741823:h7
1073741823,1073741823,1073741823,1073741823,1073741567,1073709055,1073389567,1073709055,1073577983,1073479679,1073741823,1073741823,1073741823,1073741823,1073741823:g9
1073741823,1073741823,1073741823,1073741823,1073741567,1073709055,1073405951,1073709055,1073577983,1073463295,1073741823,1073741823,1073741823,1073741823,1073741823:g9
1073741823,1073741823,1073741823,1073741823,1073741567,1073740799,1073405951,1073709055,1073577983,1073741823,1073741823,1073741823,1073741823,1073741823,1073741823:h7
1073741823,1073741823,1073741823,1073741823,1073741823,1069531135,1072332799,1073184767,1073577983,1073741823,1073741823,1073741823,1073741823,1073741823,1073741823:i8
1073741823,1073741823,1073741823,1073741823,1073741823,1072676863,1072332799,1073184767,1073577983,1073741823,1073741823,1073741823,1073741823,1073741823,1073741823:j9
1073741823,1073741823,1073741823,1073741823,1073741823,1072676863,1073381375,1073709055,1073577983,1073741823,1073741823,1073741823,1073741823,1073741823,1073741823:j8
1073741823,1073741823,1073741823,1073741823,1073741823,1072692223,1073405951,1073709055,1073577983,1073741823,1073741823,1073741823,1073741823,1073741823,1073741823:h7
1073741823,1073741823,1073741823,1073741823,1073741823,1072693247,1073381375,1073709055,1073577983,1073725439,1073741823,1073741823,1073741823,1073741823,1073741823:g7
1073741823,1073741823,1073741823,1073741823,1073741823,1072693247,1073414143,1073709055,1073577983,1073741823,1073741823,1073741823,1073741823,1073741823,1073741823:h7
1073741823,1073741823,1073741823,1073741823,1073741823,1073217535,1073373183,1073643519,1073315839,1073463295,1073741823,1073741823,1073741823,1073741823,1073741823:h6
1073741823,1073741823,1073741823,1073741823,1073741823,1073217535,1073381375,1073643519,1073315839,1073725439,1073741823,1073741823,1073741823,1073741823,1073741823:g7
1073741823,1073741823,1073741823,1073741823,1073741823,1073478655,1073405951,1073709055,1073577983,1073741823,1073741823,1073741823,1073741823,1073741823,1073741823:g9
1073741823,1073741823,1073741823,1073741823,1073741823,1073479679,1073381375,1073700863,1073709055,1073725439,1073741823,1073741823,1073741823,1073741823,1073741823:f7
1073741823,1073741823,1073741823,1073741823,1073741823,1073479679,1073381375,1073709055,1073049599,1073725439,1073741823,1073741823,1073741823,1073741823,1073741823:g7
1073741823,1073741823,1073741823,1073741823,1073741823,1073479679,1073414143,1073709055,1072005119,1073741823,1073741823,1073741823,1073741823,1073741823,1073741823:j10
1073741823,1073741823,1073741823,1073741823,1073741823,1073479679,1073414143,1073709055,1073049599,1073741823,1073741823,1073741823,1073741823,1073741823,1073741823:h7
1073741823,1073741823,1073741823,1073741823,1073741823,1073479679,1073414143,1073709055,1073577983,1073741823,1073741823,1073741823,1073741823,1073741823,1073741823:j9
1073741823,1073741823,1073741823,1073741823,1073741823,1073659903,1072332799,1073184767,1073577983,1073741823,1073741823,1073741823,1073741823,1073741823,1073741823:j9
1073741823,1073741823,1073741823,1073741823,1073741823,1073659903,1073381375,1073709055,1072005119,1073741823,1073741823,1073741823,1073741823,1073741823,1073741823:j8
1073741823,1073741823,1073741823,1073741823,1073741823,1073675263,1073405951,1073709055,1073577983,1073741823,1073741823,1073741823,1073741823,1073741823,1073741823:h11
1073741823,1073741823,1073741823,1073741823,1073741823,1073676287,1073381375,1073709055,1072005119,1073725439,1073741823,1073741823,1073741823,1073741823,1073741823:g7
1073741823,1073741823,1073741823,1073741823,1073741823,1073676287,1073381375,1073709055,1073049599,1073725439,1073741823,1073741823,1073741823,1073741823,1073741823:k10
1073741823,1073741823,1073741823,1073741823,1073741823,1073676287,1073414143,1073313791,1073709055,1073741823,1073741823,1073741823,1073741823,1073741823,1073741823:f7
1073741823,1073741823,1073741823,1073741823,1073741823,1073676287,1073414143,1073315839,1073577983,1073741823,1073741823,1073741823,1073741823,1073741823,1073741823:g7
1073741823,1073741823,1073741823,1073741823,1073741823,1073676287,1073414143,1073571839,1073709055,1073741823,1073741823,1073741823,1073741823,1073741823,1073741823:h7
1073741823,1073741823,1073741823,1073741823,1073741823,1073676287,1073414143,1073575679,1073709055,1073741823,1073741823,1073741823,1073741823,1073741823,1073741823:h7
1073741823,1073741823,1073741823,1073741823,1073741823,1073676287,1073414143,1073577983,1073709055,1073741823,1073741823,1073741823,1073741823,1073741823,1073741823:f8
1073741823,1073741823,1073741823,1073741823,1073741823,1073676287,1073414143,1073709055,1072005119,1073741823,1073741823,1073741823,1073741823,1073741823,1073741823:h7
1073741823,1073741823,1073741823,1073741823,1073741823,1073676287,1073414143,1073709055,1073049599,1073741823,1073741823,1073741823,1073741823,1073741823,1073741823:h7
1073741823,1073741823,1073741823,1073741823,1073741823,1073708031,1073389567,1073709055,1073577983,1073479679,1073741823,1073741823,1073741823,1073741823,1073741823:g9
1073741823,1073741823,1073741823,1073741823,1073741823,1073708031,1073405951,1073709055,1073577983,1073463295,1073741823,1073741823,1073741823,1073741823,1073741823:g9
1073741823,1073741823,1073741823,1073741823,1073741823,1073724415,1072324607,1073709055,1073577983,1073741823,1073741823,1073741823,1073741823,1073741823,1073741823:i10
1073741823,1073741823,1073741823,1073741823,1073741823,1073724415,1073373183,1073709055,1073315839,1073741823,1073741823,1073741823,1073741823,1073741823,1073741823:i10
1073741823,1073741823,1073741823,1073741823,1073741823,1073724415,1073389567,1073184767,1073577983,1073741823,1073741823,1073741823,1073741823,1073741823,1073741823:k7
1073741823,1073741823,1073741823,1073741823,1073741823,1073724415,1073405951,1073184767,1073709055,1073741823,1073741823,1073741823,1073741823,1073741823,1073741823:g8
1073741823,1073741823,1073741823,1073741823,1073741823,1073724415,1073405951,1073709055,1073577983,1073741823,1073741823,1073741823,1073741823,1073741823,1073741823:k9
1073741823,1073741823,1073741823,1073741823,1073741823,1073725439,1055555583,1073053695,1073577983,1073479679,1073741823,1073741823,1073741823,1073741823,1073741823:l7
1073741823,1073741823,1073741823,1073741823,1073741823,1073725439,1055555583,1073180671,1073053695,1073741823,1073741823,1073741823,1073741823,1073741823,1073741823:l7
1073741823,1073741823,1073741823,1073741823,1073741823,1073725439,1055555583,1073184767,1073577983,1073741823,1073741823,1073741823,1073741823,1073741823,1073741823:l7
1073741823,1073741823,1073741823,1073741823,1073741823,1073725439,1068138495,1073053695,1073577983,1073479679,1073741823,1073741823,1073741823,1073741823,1073741823:m7
1073741823,1073741823,1073741823,1073741823,1073741823,1073725439,1068138495,1073180671,1073053695,1073741823,1073741823,1073741823,1073741823,1073741823,1073741823:m7
1073741823,1073741823,1073741823,1073741823,1073741823,1073725439,1068138495,1073184767,1073577983,1073741823,1073741823,1073741823,1073741823,1073741823,1073741823:m7
1073741823,1073741823,1073741823,1073741823,1073741823,1073725439,1069219839,1073184767,1073577983,1073741823,1073741823,1073741823,1073741823,1073741823,1073741823:k7
1073741823,1073741823,1073741823,1073741823,1073741823,1073725439,1072332799,1068990463,1073577983,1073741823,1073741823,1073741823,1073741823,1073741823,1073741823:g8
1073741823,1073741823,1073741823,1073741823,1073741823,1073725439,1072332799,1072005119,1073577983,1073479679,1073741823,1073741823,1073741823,1073741823,1073741823:j9
1073741823,1073741823,1073741823,1073741823,1073741823,1073725439,1072332799,1072136191,1073577983,1073741823,1073741823,1073741823,1073741823,1073741823,1073741823:j10
1073741823,1073741823,1073741823,1073741823,1073741823,1073725439,1072332799,1073049599,1073577983,1073479679,1073741823,1073741823,1073741823,1073741823,1073741823:l8
1073741823,1073741823,1073741823,1073741823,1073741823,1073725439,1072332799,1073119231,1073577983,1073741823,1073741823,1073741823,1073741823,1073741823,1073741823:g9
1073741823,1073741823,1073741823,1073741823,1073741823,1073725439,1072332799,1073180671,1072005119,1073741823,1073741823,1073741823,1073741823,1073741823,1073741823:h10
1073741823,1073741823,1073741823,1073741823,1073741823,1073725439,1072332799,1073180671,1073049599,1073741823,1073741823,1073741823,1073741823,1073741823,1073741823:i8
1073741823,1073741823,1073741823,1073741823,1073741823,1073725439,1072332799,1073180671,1073577983,1073741823,1073741823,1073741823,1073741823,1073741823,1073741823:j9
1073741823,1073741823,1073741823,1073741823,1073741823,1073725439,1072332799,1073183743,1073577983,1073741823,1073741823,1073741823,1073741823,1073741823,1073741823:g9
1073741823,1073741823,1073741823,1073741823,1073741823,1073725439,1072332799,1073184767,1056800767,1073741823,1073741823,1073741823,1073741823,1073741823,1073741823:i8
1073741823,1073741823,1073741823,1073741823,1073741823,1073725439,1072332799,1073184767,1069383679,1073741823,1073741823,1073741823,1073741823,1073741823,1073741823:g7
1073741823,1073741823,1073741823,1073741823,1073741823,1073725439,1072332799,1073184767,1072529407,1073741823,1073741823,1073741823,1073741823,1073741823,1073741823:f9
1073741823,1073741823,1073741823,1073741823,1073741823,1073725439,1072332799,1073184767,1073315839,1073741823,1073741823,1073741823,1073741823,1073741823,1073741823:h10
1073741823,1073741823,1073741823,1073741823,1073741823,1073725439,1072332799,1073184767,1073577983,1069547519,1073741823,1073741823,1073741823,1073741823,1073741823:i8
1073741823,1073741823,1073741823,1073741823,1073741823,1073725439,1072332799,1073184767,1073577983,1073479679,1073741823,1073741823,1073741823,1073741823,1073741823:i8
1073741823,1073741823,1073741823,1073741823,1073741823,1073725439,1072332799,1073184767,1073577983,1073676287,1073741823,1073741823,1073741823,1073741823,1073741823:j9
1073741823,1073741823,1073741823,1073741823,1073741823,1073725439,1072332799,1073184767,1073577983,1073741823,1072693247,1073741823,1073741823,1073741823,1073741823:j9
1073741823,1073741823,1073741823,1073741823,1073741823,1073725439,1072332799,1073709055,1073577983,1073741823,1073741823,1073741823,1073741823,1073741823,1073741823:j10
1073741823,1073741823,1073741823,1073741823,1073741823,1073725439,1072365567,1073184767,1073577983,1073741823,1073741823,1073741823,1073741823,1073741823,1073741823:h7
1073741823,1073741823,1073741823,1073741823,1073741823,1073725439,1073377279,1073184767,1073577983,1073741823,1073737727,1073741823,1073741823,1073741823,1073741823:g9
1073741823,1073741823,1073741823,1073741823,1073741823,1073725439,1073377279,1073709055,1073700863,1073741823,1073741823,1073741823,1073741823,1073741823,1073741823:i9
1073741823,1073741823,1073741823,1073741823,1073741823,1073725439,1073381375,1072660479,1073577983,1073741823,1073741823,1073741823,1073741823,1073741823,1073741823:f9
1073741823,1073741823,1073741823,1073741823,1073741823,1073725439,1073381375,1073635327,1073709055,1073741823,1073741823,1073741823,1073741823,1073741823,1073741823:i10
1073741823,1073741823,1073741823,1073741823,1073741823,1073725439,1073381375,1073643519,1073577983,1073741823,1073741823,1073741823,1073741823,1073741823,1073741823:g9
1073741823,1073741823,1073741823,1073741823,1073741823,1073725439,1073381375,1073700863,1073709055,1073479679,1073741823,1073741823,1073741823,1073741823,1073741823:j8
1073741823,1073741823,1073741823,1073741823,1073741823,1073725439,1073381375,1073708031,1073577983,1073709055,1073725439,1073741823,1073741823,1073741823,1073741823:f9
1073741823,1073741823,1073741823,1073741823,1073741823,1073725439,1073381375,1073709055,1073577983,1073741823,1073479679,1073741823,1073741823,1073741823,1073741823:j8
1073741823,1073741823,1073741823,1073741823,1073741823,1073725439,1073381375,1073709055,1073577983,1073741823,1073725439,1073741823,1073741823,1073741823,1073741823:j10
1073741823,1073741823,1073741823,1073741823,1073741823,1073725439,1073389567,1073184767,1073577983,1073479679,1073741823,1073741823,1073741823,1073741823,1073741823:k7
1073741823,1073741823,1073741823,1073741823,1073741823,1073725439,1073389567,1073709055,1073577983,1073446911,1073741823,1073741823,1073741823,1073741823,1073741823:g9
1073741823,1073741823,1073741823,1073741823,1073741823,1073725439,1073397759,1073184767,1073577983,1073741823,1073741823,1073741823,1073741823,1073741823,1073741823:g7
1073741823,1073741823,1073741823,1073741823,1073741823,1073725439,1073410047,1073184767,1073577983,1073741823,1073741823,1073741823,1073741823,1073741823,1073741823:h7
1073741823,1073741823,1073741823,1073741823,1073741823,1073725439,1073413119,1073184767,1073577983,1073741823,1073741823,1073741823,1073741823,1073741823,1073741823:h7
1073741823,1073741823,1073741823,1073741823,1073741823,1073725439,1073414143,1073184767,1073709055,1073741823,1073741823,1073741823,1073741823,1073741823,1073741823:i9
1073741823,1073741823,1073741823,1073741823,1073741823,1073733631,1068130303,1073709055,1073568767,1073463295,1073741823,1073741823,1073741823,1073741823,1073741823:m7
1073741823,1073741823,1073741823,1073741823,1073741823,1073737727,1073381375,1073700863,1073709055,1073725439,1073741823,1073741823,1073741823,1073741823,1073741823:i9
1073741823,1073741823,1073741823,1073741823,1073741823,1073737727,1073389567,1073577983,1073577983,1073479679,1073741823,1073741823,1073741823,1073741823,1073741823:j8
1073741823,1073741823,1073741823,1073741823,1073741823,1073737727,1073414143,1073438719,1073577983,1073741823,1073741823,1073741823,1073741823,1073741823,1073741823:f7
1073741823,1073741823,1073741823,1073741823,1073741823,1073737727,1073414143,1073700863,1073709055,1073741823,1073741823,1073741823,1073741823,1073741823,1073741823:h7
1073741823,1073741823,1073741823,1073741823,1073741823,1073740799,1067114495,1073709055,1073577983,1073725439,1073741823,1073741823,1073741823,1073741823,1073741823:g9
1073741823,1073741823,1073741823,1073741823,1073741823,1073740799,1072357375,1073707007,1073709055,1073741823,1073741823,1073741823,1073741823,1073741823,1073741823:l7
1073741823,1073741823,1073741823,1073741823,1073741823,1073740799,1073373183,1073709055,1073315839,1073725439,1073741823,1073741823,1073741823,1073741823,1073741823:f9
1073741823,1073741823,1073741823,1073741823,1073741823,1073740799,1073389567,1073184767,1073573887,1073741823,1073741823,1073741823,1073741823,1073741823,1073741823:k7
1073741823,1073741823,1073741823,1073741823,1073741823,1073740799,1073389567,1073446911,1073577983,1073709055,1073741823,1073741823,1073741823,1073741823,1073741823:j10
1073741823,1073741823,1073741823,1073741823,1073741823,1073740799,1073389567,1073573887,1073577983,1073741823,1073741823,1073741823,1073741823,1073741823,1073741823:k9
1073741823,1073741823,1073741823,1073741823,1073741823,1073740799,1073389567,1073577983,1073315839,1073741823,1073741823,1073741823,1073741823,1073741823,1073741823:g8
1073741823,1073741823,1073741823,1073741823,1073741823,1073740799,1073389567,1073709055,1073577983,1073741823,1073741823,1073741823,1073741823,1073741823,1073741823:j9
1073741823,1073741823,1073741823,1073741823,1073741823,1073740799,1073405695,1073709055,1073577983,1073741823,1073741823,1073741823,1073741823,1073741823,1073741823:h7
1073741823,1073741823,1073741823,1073741823,1073741823,1073740799,1073405951,1072660479,1073577983,1073741823,1073741823,1073741823,1073741823,1073741823,1073741823:h7
1073741823,1073741823,1073741823,1073741823,1073741823,1073740799,1073405951,1073446911,1073577983,1073741823,1073741823,1073741823,1073741823,1073741823,1073741823:h10
1073741823,1073741823,1073741823,1073741823,1073741823,1073740799,1073405951,1073643519,1073577983,1073741823,1073741823,1073741823,1073741823,1073741823,1073741823:h7
1073741823,1073741823,1073741823,1073741823,1073741823,1073740799,1073405951,1073709055,1069383679,1073741823,1073741823,1073741823,1073741823,1073741823,1073741823:h7
1073741823,1073741823,1073741823,1073741823,1073741823,1073740799,1073405951,1073709055,1072529407,1073741823,1073741823,1073741823,1073741823,1073741823,1073741823:g9
1073741823,1073741823,1073741823,1073741823,1073741823,1073740799,1073405951,1073709055,1073315839,1073741823,1073741823,1073741823,1073741823,1073741823,1073741823:h7
1073741823,1073741823,1073741823,1073741823,1073741823,1073740799,1073405951,1073709055,1073573887,1073741823,1073741823,1073741823,1073741823,1073741823,1073741823:j11
1073741823,1073741823,1073741823,1073741823,1073741823,1073740799,1073405951,1073709055,1073577727,1073741823,1073741823,1073741823,1073741823,1073741823,1073741823:j9
1073741823,1073741823,1073741823,1073741823,1073741823,1073740799,1073405951,1073709055,1073577983,1073676287,1073741823,1073741823,1073741823,1073741823,1073741823:h7
1073741823,1073741823,1073741823,1073741823,1073741823,1073740799,1073405951,1073709055,1073577983,1073725439,1073741823,1073741823,1073741823,1073741823,1073741823:g9
1073741823,1073741823,1073741823,1073741823,1073741823,1073740799,1073405951,1073709055,1073577983,1073737727,1073741823,1073741823,1073741823,1073741823,1073741823:h7
1073741823,1073741823,1073741823,1073741823,1073741823,1073740799,1073405951,1073709055,1073577983,1073740799,1073741823,1073741823,1073741823,1073741823,1073741823:h7
1073741823,1073741823,1073741823,1073741823,1073741823,1073740799,1073405951,1073709055,1073577983,1073741823,1073479679,1073741823,1073741823,1073741823,1073741823:g9
1073741823,1073741823,1073741823,1073741823,1073741823,1073740799,1073405951,1073709055,1073577983,1073741823,1073725439,1073741823,1073741823,1073741823,1073741823:k9
1073741823,1073741823,1073741823,1073741823,1073741823,1073740799,1073405951,1073709055,1073577983,1073741823,1073740799,1073741823,1073741823,1073741823,1073741823:g9
1073741823,1073741823,1073741823,1073741823,1073741823,1073740799,1073405951,1073709055,1073709055,1073741823,1073741823,1073741823,1073741823,1073741823,1073741823:i9
1073741823,1073741823,1073741823,1073741823,1073741823,1073740799,1073414143,1073307647,1073709055,1073741823,1073741823,1073741823,1073741823,1073741823,1073741823:e8
1073741823,1073741823,1073741823,1073741823,1073741823,1073740799,1073414143,1073700863,1073709055,1073741823,1073741823,1073741823,1073741823,1073741823,1073741823:i8
1073741823,1073741823,1073741823,1073741823,1073741823,1073740799,1073414143,1073709055,1073700863,1073741823,1073741823,1073741823,1073741823,1073741823,1073741823:g8
1073741823,1073741823,1073741823,1073741823,1073741823,1073741823,1055547391,1073709055,1073577983,1073725439,1073741823,1073741823,1073741823,1073741823,1073741823:l7
1073741823,1073741823,1073741823,1073741823,1073741823,1073741823,1068130303,1073709055,1073569791,1073463295,1073741823,1073741823,1073741823,1073741823,1073741823:m7
1073741823,1073741823,1073741823,1073741823,1073741823,1073741823,1068130303,1073709055,1073577983,1073725439,1073741823,1073741823,1073741823,1073741823,1073741823:m7
1073741823,1073741823,1073741823,1073741823,1073741823,1073741823,1068138495,1073183743,1073577983,1073741823,1073741823,1073741823,1073741823,1073741823,1073741823:m7
1073741823,1073741823,1073741823,1073741823,1073741823,1073741823,1068138495,1073709055,1073577983,1073741823,1073741823,1073741823,1073741823,1073741823,1073741823:m7
1073741823,1073741823,1073741823,1073741823,1073741823,1073741823,1072324607,1073709055,1073568767,1073463295,1073741823,1073741823,1073741823,1073741823,1073741823:g6
1073741823,1073741823,1073741823,1073741823,1073741823,1073741823,1072324607,1073709055,1073577983,1073463295,1073741823,1073741823,1073741823,1073741823,1073741823:g9
1073741823,1073741823,1073741823,1073741823,1073741823,1073741823,1072332799,1073183743,1073577983,1073725439,1073741823,1073741823,1073741823,1073741823,1073741823:g9
1073741823,1073741823,1073741823,1073741823,1073741823,1073741823,1072332799,1073700863,1073577983,1073463295,1073741823,1073741823,1073741823,1073741823,1073741823:f9
1073741823,1073741823,1073741823,1073741823,1073741823,1073741823,1072332799,1073709055,1073577983,1073725439,1073741823,1073741823,1073741823,1073741823,1073741823:g7
1073741823,1073741823,1073741823,1073741823,1073741823,1073741823,1072356351,1073707007,1073709055,1073741823,1073741823,1073741823,1073741823,1073741823,1073741823:h7
1073741823,1073741823,1073741823,1073741823,1073741823,1073741823,1072357375,1073699839,1073709055,1073741823,1073741823,1073741823,1073741823,1073741823,1073741823:l7
1073741823,1073741823,1073741823,1073741823,1073741823,1073741823,1072357375,1073700863,1073708031,1073741823,1073741823,1073741823,1073741823,1073741823,1073741823:l7
1073741823,1073741823,1073741823,1073741823,1073741823,1073741823,1072365567,1073183743,1073577983,1073741823,1073741823,1073741823,1073741823,1073741823,1073741823:h7
1073741823,1073741823,1073741823,1073741823,1073741823,1073741823,1072365567,1073700863,1073577983,1073479679,1073741823,1073741823,1073741823,1073741823,1073741823:h7
1073741823,1073741823,1073741823,1073741823,1073741823,1073741823,1072365567,1073709055,1073577983,1073741823,1073741823,1073741823,1073741823,1073741823,1073741823:h7
1073741823,1073741823,1073741823,1073741823,1073741823,1073741823,1073371135,1073643519,1073704959,1073725439,1073741823,1073741823,1073741823,1073741823,1073741823:i9
1073741823,1073741823,1073741823,1073741823,1073741823,1073741823,1073373183,1073119231,1073315839,1073328127,1073741823,1073741823,1073741823,1073741823,1073741823:g9
1073741823,1073741823,1073741823,1073741823,1073741823,1073741823,1073377279,1073709055,1073700863,1073725439,1073741823,1073741823,1073741823,1073741823,1073741823:i8
1073741823,1073741823,1073741823,1073741823,1073741823,1073741823,1073380351,1073709055,1073577983,1073725439,1073741823,1073741823,1073741823,1073741823,1073741823:g8
1073741823,1073741823,1073741823,1073741823,1073741823,1073741823,1073381375,1073184767,1073314815,1073725439,1073741823,1073741823,1073741823,1073741823,1073741823:g8
1073741823,1073741823,1073741823,1073741823,1073741823,1073741823,1073381375,1073635327,1073709055,1073725439,1073741823,1073741823,1073741823,1073741823,1073741823:i9
1073741823,1073741823,1073741823,1073741823,1073741823,1073741823,1073381375,1073643519,1073577983,1073725439,1073741823,1073741823,1073741823,1073741823,1073741823:i6
1073741823,1073741823,1073741823,1073741823,1073741823,1073741823,1073381375,1073699839,1073709055,1073725439,1073741823,1073741823,1073741823,1073741823,1073741823:g9
1073741823,1073741823,1073741823,1073741823,1073741823,1073741823,1073381375,1073700863,1073708031,1073725439,1073741823,1073741823,1073741823,1073741823,1073741823:h5
1073741823,1073741823,1073741823,1073741823,1073741823,1073741823,1073381375,1073700863,1073709055,1073463295,1073741823,1073741823,1073741823,1073741823,1073741823:e8
1073741823,1073741823,1073741823,1073741823,1073741823,1073741823,1073381375,1073709055,1073184767,1073725439,1073740799,1073741823,1073741823,1073741823,1073741823:g7
1073741823,1073741823,1073741823,1073741823,1073741823,1073741823,1073381375,1073709055,1073307647,1073724415,1073741823,1073741823,1073741823,1073741823,1073741823:g7
1073741823,1073741823,1073741823,1073741823,1073741823,1073741823,1073381375,1073709055,1073577983,1073721343,1073741823,1073741823,1073741823,1073741823,1073741823:j9
1073741823,1073741823,1073741823,1073741823,1073741823,1073741823,1073381375,1073709055,1073577983,1073724415,1073741823,1073741823,1073741823,1073741823,1073741823:g9
1073741823,1073741823,1073741823,1073741823,1073741823,1073741823,1073381375,1073709055,1073577983,1073725439,1072693247,1073741823,1073741823,1073741823,1073741823:g9
1073741823,1073741823,1073741823,1073741823,1073741823,1073741823,1073381375,1073709055,1073577983,1073725439,1073479679,1073741823,1073741823,1073741823,1073741823:f6
1073741823,1073741823,1073741823,1073741823,1073741823,1073741823,1073381375,1073709055,1073577983,1073725439,1073676287,1073741823,1073741823,1073741823,1073741823:g7
1073741823,1073741823,1073741823,1073741823,1073741823,1073741823,1073381375,1073709055,1073577983,1073725439,1073725439,1073741823,1073741823,1073741823,1073741823:g7
1073741823,1073741823,1073741823,1073741823,1073741823,1073741823,1073381375,1073709055,1073577983,1073725439,1073737727,1073741823,1073741823,1073741823,1073741823:g9
1073741823,1073741823,1073741823,1073741823,1073741823,1073741823,1073388543,1073577983,1073438719,1073741823,1073741823,1073741823,1073741823,1073741823,1073741823:g8
1073741823,1073741823,1073741823,1073741823,1073741823,1073741823,1073397759,1073700863,1073577983,1073737727,1073741823,1073741823,1073741823,1073741823,1073741823:g7
1073741823,1073741823,1073741823,1073741823,1073741823,1073741823,1073404927,1073709055,1073709055,1073741823,1073741823,1073741823,1073741823,1073741823,1073741823:i9
1073741823,1073741823,1073741823,1073741823,1073741823,1073741823,1073405951,1073700863,1073642495,1073741823,1073741823,1073741823,1073741823,1073741823,1073741823:h7
1073741823,1073741823,1073741823,1073741823,1073741823,1073741823,1073410047,1073577983,1073577983,1073740799,1073741823,1073741823,1073741823,1073741823,1073741823:h7
1073741823,1073741823,1073741823,1073741823,1073741823,1073741823,1073410047,1073577983,1073700863,1073741823,1073479679,1073741823,1073741823,1073741823,1073741823:h7
1073741823,1073741823,1073741823,1073741823,1073741823,1073741823,1073410047,1073577983,1073700863,1073741823,1073737727,1073741823,1073741823,1073741823,1073741823:h7
1073741823,1073741823,1073741823,1073741823,1073741823,1073741823,1073410047,1073700863,1073577983,1073737727,1073741823,1073741823,1073741823,1073741823,1073741823:h7
1073741823,1073741823,1073741823,1073741823,1073741823,1073741823,1073410047,1073709055,1073700863,1073741823,1073741823,1073741823,1073741823,1073741823,1073741823:h7
1073741823,1073741823,1073741823,1073741823,1073741823,1073741823,1073413119,1073709055,1073577983,1073741823,1073741823,1073741823,1073741823,1073741823,1073741823:h7
1073741823,1073741823,1073741823,1073741823,1073741823,1073741823,1073414143,1072660479,1073577983,1073741823,1073741823,1073741823,1073741823,1073741823,1073741823:h7
1073741823,1073741823,1073741823,1073741823,1073741823,1073741823,1073414143,1073577983,1073438719,1072693247,1073741823,1073741823,1073741823,1073741823,1073741823:h7
1073741823,1073741823,1073741823,1073741823,1073741823,1073741823,1073414143,1073643519,1073577983,1073741823,1073741823,1073741823,1073741823,1073741823,1073741823:h7
1073741823,1073741823,1073741823,1073741823,1073741823,1073741823,1073414143,1073700863,1073446911,1073741823,1073741823,1073741823,1073741823,1073741823,1073741823:h7
1073741823,1073741823,1073741823,1073741823,1073741823,1073741823,1073414143,1073700863,1073577983,1073725439,1073479679,1073741823,1073741823,1073741823,1073741823:j9
1073741823,1073741823,1073741823,1073741823,1073741823,1073741823,1073414143,1073700863,1073709055,1073479679,1073741823,1073741823,1073741823,1073741823,1073741823:h7
1073741823,1073741823,1073741823,1073741823,1073741823,1073741823,1073414143,1073709055,1072259071,1073741823,1073741823,1073741823,1073741823,1073741823,1073741823:h6
1073741823,1073741823,1073741823,1073741823,1073741823,1073741823,1073414143,1073709055,1072520191,1073741823,1073741823,1073741823,1073741823,1073741823,1073741823:g7
1073741823,1073741823,1073741823,1073741823,1073741823,1073741823,1073414143,1073709055,1072529407,1073741823,1073741823,1073741823,1073741823,1073741823,1073741823:g9
1073741823,1073741823,1073741823,1073741823,1073741823,1073741823,1073414143,1073709055,1073184767,1073741823,1073740799,1073741823,1073741823,1073741823,1073741823:h7
1073741823,1073741823,1073741823,1073741823,1073741823,1073741823,1073414143,1073709055,1073576959,1073741823,1073741823,1073741823,1073741823,1073741823,1073741823:h7
1073741823,1073741823,1073741823,1073741823,1073741823,1073741823,1073414143,1073709055,1073577983,1073737727,1073741823,1073741823,1073741823,1073741823,1073741823:h7
1073741823,1073741823,1073741823,1073741823,1073741823,1073741823,1073414143,1073709055,1073577983,1073740799,1073741823,1073741823,1073741823,1073741823,1073741823:h7
1073741823,1073741823,1073741823,1073741823,1073741823,1073741823,1073414143,1073709055,1073577983,1073741823,1072693247,1073741823,1073741823,1073741823,1073741823:h7
1073741823,1073741823,1073741823,1073741823,1073741823,1073741823,1073414143,1073709055,1073577983,1073741823,1073479679,1073741823,1073741823,1073741823,1073741823:h7
1073741823,1073741823,1073741823,1073741823,1073741823,1073741823,1073414143,1073709055,1073577983,1073741823,1073676287,1073741823,1073741823,1073741823,1073741823:h7
1073741823,1073741823,1073741823,1073741823,1073741823,1073741823,1073414143,1073709055,1073577983,1073741823,1073725439,1073741823,1073741823,1073741823,1073741823:h7
1073741823,1073741823,1073741823,1073741823,1073741823,1073741823,1073414143,1073709055,1073577983,1073741823,1073737727,1073741823,1073741823,1073741823,1073741823:h7
