1073741823,1073725439,1073741823,1073709055,1073737727,1073740799,1073741567,1073184767,1073610751,1073741823,1073741823,1073741823,1073741823,1073741823,1073741823:i8
1073741823,1073725439,1073741823,1073709055,1073737727,1073740799,1073741567,1073053695,1073610751,1073737727,1073741823,1073741823,1073741823,1073741823,1073741823:g8
1073741823,1073725439,1073741823,1073709055,1073737727,1073675263,1073741567,1073053695,1073610751,1073741823,1073741823,1073741823,1073741823,1073741823,1073741823:g8
1073741823,1073725439,1073741823,1073709055,1073737727,1072692223,1073741567,1073053695,1073610751,1073741823,1073741823,1073741823,1073741823,1073741823,1073741823:g8
1073741823,1073725439,1073741823,1073709055,1073737727,1073740799,1073741567,1073053695,1073610751,1072693247,1073741823,1073741823,1073741823,1073741823,1073741823:g8
1073741823,1073721343,1073741823,1073709055,1073737727,1073740799,1073741567,1073053695,1073610751,1073741823,1073741823,1073741823,1073741823,1073741823,1073741823:g8
1073737727,1073725439,1073741823,1073709055,1073737727,1073740799,1073741567,1073053695,1073610751,1073741823,1073741823,1073741823,1073741823,1073741823,1073741823:g8
1073725439,1073725439,1073741823,1073709055,1073737727,1073740799,1073741567,1073053695,1073610751,1073741823,1073741823,1073741823,1073741823,1073741823,1073741823:g8
1073676287,1073725439,1073741823,1073709055,1073737727,1073740799,1073741567,1073053695,1073610751,1073741823,1073741823,1073741823,1073741823,1073741823,1073741823:g8
1073741823,1073659903,1073741823,1073709055,1073737727,1073740799,1073741567,1073053695,1073610751,1073741823,1073741823,1073741823,1073741823,1073741823,1073741823:g8
1073741823,1073724415,1073741823,1073709055,1073737727,1073740799,1073741567,1073053695,1073610751,1073741823,1073741823,1073741823,1073741823,1073741823,1073741823:g8
1073741823,1073725439,1073725439,1073709055,1073737727,1073740799,1073741567,1073053695,1073610751,1073741823,1073741823,1073741823,1073741823,1073741823,1073741823:g8
1073741823,1073463295,1073741823,1073709055,1073737727,1073740799,1073741567,1073053695,1073610751,1073741823,1073741823,1073741823,1073741823,1073741823,1073741823:g8
1073741823,1073725439,1073741823,1073446911,1073737727,1073740799,1073741567,1073053695,1073610751,1073741823,1073741823,1073741823,1073741823,1073741823,1073741823:g8
1073741823,1073725439,1073741823,1073643519,1073737727,1073740799,1073741567,1073053695,1073610751,1073741823,1073741823,1073741823,1073741823,1073741823,1073741823:g8
1073741823,1073725439,1073741823,1073708991,1073737727,1073740799,1073741567,1073053695,1073610751,1073741823,1073741823,1073741823,1073741823,1073741823,1073741823:g8
1073741823,1073725439,1073741823,1073709055,1073737727,1073740799,1073479423,1073053695,1073610751,1073741823,1073741823,1073741823,1073741823,1073741823,1073741823:g8
1073741823,1073725439,1073741823,1073709055,1073737727,1069546495,1073741567,1073053695,1073610751,1073741823,1073741823,1073741823,1073741823,1073741823,1073741823:g8
1073741823,1073725439,1073741823,1073709055,1073737727,1073740799,1073741567,1068859391,1073610751,1073741823,1073741823,1073741823,1073741823,1073741823,1073741823:g8
1073741823,1073725439,1073741823,1073709055,1073737727,1073740799,1073741567,1072005119,1073610751,1073741823,1073741823,1073741823,1073741823,1073741823,1073741823:j10
1073741823,1073725439,1073741823,1073709055,1073737727,1073740799,1073741567,1073053695,1073610751,1069547519,1073741823,1073741823,1073741823,1073741823,1073741823:g8
1073741823,1073725439,1073741823,1073709055,1073737727,1073740799,1073741567,1073053695,1073610735,1073741823,1073741823,1073741823,1073741823,1073741823,1073741823:d8
1073741823,1073725439,1073741823,1073709055,1073737727,1073740795,1073741567,1073053567,1073610735,1073741823,1073741823,1073741823,1073741823,1073741823,1073741823:g8
1073741823,1073725439,1073741823,1073709055,1073737727,1073740799,1073741567,1073053567,1073610735,1073741823,1073741822,1073741823,1073741823,1073741823,1073741823:g8
1073741823,1073725439,1073741823,1073709055,1073737727,1073740799,1073741567,1073053567,1073610735,1073741819,1073741823,1073741823,1073741823,1073741823,1073741823:g8
1073741823,1073725439,1073741823,1073709055,1073737727,1073740799,1073741567,1073053567,1073610734,1073741823,1073741823,1073741823,1073741823,1073741823,1073741823:g8
1073741823,1073725439,1073741823,1073709055,1073737727,1073740799,1073741567,1073053567,1073610731,1073741823,1073741823,1073741823,1073741823,1073741823,1073741823:g8
1073741823,1073725439,1073741823,1073709055,1073737727,1073740799,1073741566,1073053567,1073610735,1073741823,1073741823,1073741823,1073741823,1073741823,1073741823:g8
1073741823,1073725439,1073741823,1073709055,1073737727,1073740799,1073741567,1073053563,1073610735,1073741823,1073741823,1073741823,1073741823,1073741823,1073741823:g8
1073741823,1073725439,1073741823,1073709055,1073737727,1073740799,1073741567,1073053551,1073610735,1073741823,1073741823,1073741823,1073741823,1073741823,1073741823:g8
1073741823,1073725439,1073741823,1073709055,1073737727,1073740799,1073741567,1073053567,1073610671,1073741823,1073741823,1073741823,1073741823,1073741823,1073741823:g8
1073741823,1073725439,1073741823,1073709055,1073737727,1073740799,1073741567,1073053567,1073610735,1073741823,1073741567,1073741823,1073741823,1073741823,1073741823:g8
1073741823,1073725439,1073741823,1073709055,1073737727,1073740799,1073741567,1073053567,1073610735,1073741759,1073741823,1073741823,1073741823,1073741823,1073741823:g8
1073741823,1073725439,1073741823,1073709055,1073737727,1073740799,1073741567,1073053567,1073610735,1073741823,1073741807,1073741823,1073741823,1073741823,1073741823:g8
1073741823,1073725439,1073741823,1073709055,1073737727,1073740799,1073741567,1073053567,1073610735,1073741807,1073741823,1073741823,1073741823,1073741823,1073741823:g8
1073741823,1073725439,1073741823,1073709055,1073737727,1073740799,1073741567,1073053567,1073610735,1073737727,1073741823,1073741823,1073741823,1073741823,1073741823:g8
1073741823,1073725439,1073741823,1073709055,1073737727,1073675263,1073741567,1073053567,1073610735,1073741823,1073741823,1073741823,1073741823,1073741823,1073741823:g8
1073741823,1073725439,1073741823,1073709055,1073737727,1072692223,1073741567,1073053567,1073610735,1073741823,1073741823,1073741823,1073741823,1073741823,1073741823:g8
1073741823,1073725439,1073741823,1073709055,1073737727,1073740799,1073741567,1073053567,1073610735,1072693247,1073741823,1073741823,1073741823,1073741823,1073741823:g8
1073741823,1073721343,1073741823,1073709055,1073737727,1073740799,1073741567,1073053567,1073610735,1073741823,1073741823,1073741823,1073741823,1073741823,1073741823:g8
1073737727,1073725439,1073741823,1073709055,1073737727,1073740799,1073741567,1073053567,1073610735,1073741823,1073741823,1073741823,1073741823,1073741823,1073741823:g8
1073725439,1073725439,1073741823,1073709055,1073737727,1073740799,1073741567,1073053567,1073610735,1073741823,1073741823,1073741823,1073741823,1073741823,1073741823:g8
1073676287,1073725439,1073741823,1073709055,1073737727,1073740799,1073741567,1073053567,1073610735,1073741823,1073741823,1073741823,1073741823,1073741823,1073741823:g8
1073741823,1073659903,1073741823,1073709055,1073737727,1073740799,1073741567,1073053567,1073610735,1073741823,1073741823,1073741823,1073741823,1073741823,1073741823:g8
1073741823,1073724415,1073741823,1073709055,1073737727,1073740799,1073741567,1073053567,1073610735,1073741823,1073741823,1073741823,1073741823,1073741823,1073741823:g8
1073741823,1073725439,1073725439,1073709055,1073737727,1073740799,1073741567,1073053567,1073610735,1073741823,1073741823,1073741823,1073741823,1073741823,1073741823:g8
1073741823,1073463295,1073741823,1073709055,1073737727,1073740799,1073741567,1073053567,1073610735,1073741823,1073741823,1073741823,1073741823,1073741823,1073741823:g8
1073741823,1073725439,1073741823,1073446911,1073737727,1073740799,1073741567,1073053567,1073610735,1073741823,1073741823,1073741823,1073741823,1073741823,1073741823:g8
1073741823,1073725439,1073741823,1073643519,1073737727,1073740799,1073741567,1073053567,1073610735,1073741823,1073741823,1073741823,1073741823,1073741823,1073741823:g8
1073741823,1073725439,1073741823,1073708991,1073737727,1073740799,1073741567,1073053567,1073610735,1073741823,1073741823,1073741823,1073741823,1073741823,1073741823:g8
1073741823,1073725439,1073741823,1073709055,1073737727,1073740799,1073479423,1073053567,1073610735,1073741823,1073741823,1073741823,1073741823,1073741823,1073741823:g8
1073741823,1073725439,1073741823,1073709055,1073737727,1069546495,1073741567,1073053567,1073610735,1073741823,1073741823,1073741823,1073741823,1073741823,1073741823:g8
1073741823,1073725439,1073741823,1073709055,1073737727,1073740799,1073741567,1068859263,1073610735,1073741823,1073741823,1073741823,1073741823,1073741823,1073741823:g8
1073741823,1073725439,1073741823,1073709055,1073737727,1073740799,1073741567,1072004991,1073610735,1073741823,1073741823,1073741823,1073741823,1073741823,1073741823:j10
1073741823,1073725439,1073741823,1073709055,1073737727,1073740799,1073741567,1073053567,1073610735,1069547519,1073741823,1073741823,1073741823,1073741823,1073741823:g8
1073741823,1073725439,1073741823,1073709055,1073737727,1073740799,1073741551,1073053567,1073610735,1073741823,1073741823,1073741823,1073741823,1073741823,1073741823:g8
1073741823,1073725439,1073741823,1073709055,1073737727,1073740799,1073741503,1073053567,1073610735,1073741823,1073741823,1073741823,1073741823,1073741823,1073741823:g8
1073741823,1073725439,1073741823,1073709055,1073737711,1073740799,1073741567,1073053567,1073610735,1073741823,1073741823,1073741823,1073741823,1073741823,1073741823:g8
1073741823,1073725439,1073741823,1073709055,1073737727,1073740735,1073741567,1073053567,1073610735,1073741823,1073741823,1073741823,1073741823,1073741823,1073741823:g8
1073741823,1073725439,1073741823,1073709055,1073737727,1073740543,1073741567,1073053567,1073610735,1073741823,1073741823,1073741823,1073741823,1073741823,1073741823:g8
1073741823,1073725439,1073741823,1073709055,1073737727,1073740799,1073740543,1073053567,1073610735,1073741823,1073741823,1073741823,1073741823,1073741823,1073741823:g8
1073741823,1073725439,1073741823,1073709055,1073737727,1073740799,1073741567,1073053567,1073610479,1073741823,1073741823,1073741823,1073741823,1073741823,1073741823:g8
1073741823,1073725439,1073741823,1073709055,1073737727,1073740799,1073741567,1073053311,1073610735,1073741823,1073741823,1073741823,1073741823,1073741823,1073741823:g8
1073741823,1073725439,1073741823,1073709055,1073737727,1073740799,1073741567,1073053567,1073610735,1073741823,1073737727,1073741823,1073741823,1073741823,1073741823:g8
1073741823,1073725439,1073741823,1073709055,1073737727,1073740799,1072692991,1073053567,1073610735,1073741823,1073741823,1073741823,1073741823,1073741823,1073741823:g8
1073741823,1073725439,1073741823,1073709055,1073737727,1073740799,1073741567,1073053567,1072562159,1073741823,1073741823,1073741823,1073741823,1073741823,1073741823:g8
1073741823,1073725439,1073741823,1073709055,1073737727,1073740799,1073741567,1073053567,1073348591,1073741823,1073741823,1073741823,1073741823,1073741823,1073741823:g8
1073741823,1073725439,1073741823,1073709055,1073737727,1073740799,1073741567,1073053567,1073610735,1073741823,1072693247,1073741823,1073741823,1073741823,1073741823:g8
1073741823,1073725439,1073741823,1073709055,1073737727,1073740799,1073741567,1073053567,1073610735,1073741823,1073676287,1073741823,1073741823,1073741823,1073741823:g8
1073741823,1073725439,1073741823,1073709055,1073737727,1073740799,1073741567,1073053567,1073610735,1073676287,1073741823,1073741823,1073741823,1073741823,1073741823:g8
1073741823,1073725439,1073741823,1073709055,1073737471,1073740799,1073741567,1073053567,1073610735,1073741823,1073741823,1073741823,1073741823,1073741823,1073741823:g8
1073741823,1073725439,1073741823,1073709055,1073736703,1073740799,1073741567,1073053567,1073610735,1073741823,1073741823,1073741823,1073741823,1073741823,1073741823:g8
1073741823,1073725439,1073741567,1073709055,1073737727,1073740799,1073741567,1073053567,1073610735,1073741823,1073741823,1073741823,1073741823,1073741823,1073741823:g8
1073741823,1073725439,1073741823,1073708031,1073737727,1073740799,1073741567,1073053567,1073610735,1073741823,1073741823,1073741823,1073741823,1073741823,1073741823:g8
1073741823,1073725439,1073737727,1073709055,1073737727,1073740799,1073741567,1073053567,1073610735,1073741823,1073741823,1073741823,1073741823,1073741823,1073741823:g8
1073741823,1073725439,1073741823,1073704959,1073737727,1073740799,1073741567,1073053567,1073610735,1073741823,1073741823,1073741823,1073741823,1073741823,1073741823:g8
1073741823,1073725439,1073676287,1073709055,1073737727,1073740799,1073741567,1073053567,1073610735,1073741823,1073741823,1073741823,1073741823,1073741823,1073741823:g8
1073741823,1073725439,1073741823,1073709055,1073672191,1073740799,1073741567,1073053567,1073610735,1073741823,1073741823,1073741823,1073741823,1073741823,1073741823:g8
1073741823,1073725439,1073741823,1073709055,1073721343,1073740799,1073741567,1073053567,1073610735,1073741823,1073741823,1073741823,1073741823,1073741823,1073741823:g8
1073741823,1073725439,1073741823,1073709055,1073737727,1073736703,1073741567,1073053567,1073610735,1073741823,1073741823,1073741823,1073741823,1073741823,1073741823:g8
1073741823,1073725439,1073741823,1073709055,1073737727,1073740799,1073741567,1073053567,1073610735,1073740799,1073741823,1073741823,1073741823,1073741823,1073741823:g8
1073741823,1073725439,1073741823,1073709055,1073737727,1073740799,1073741567,1073053567,1073606639,1073741823,1073741823,1073741823,1073741823,1073741823,1073741823:g8
1073741823,1073725439,1073741823,1073709055,1073737727,1073740799,1073741567,1073052543,1073610735,1073741823,1073741823,1073741823,1073741823,1073741823,1073741823:k8
1073741823,1073725439,1073741823,1073709055,1073737727,1073740799,1073741567,1073049471,1073610735,1073741823,1073741823,1073741823,1073741823,1073741823,1073741823:k7
1073741823,1073725439,1073741823,1073709055,1073737727,1073740799,1073737471,1073053567,1073610735,1073741823,1073741823,1073741823,1073741823,1073741823,1073741823:g8
1073741823,1073725439,1073741823,1073709055,1073737727,1073724415,1073741567,1073053567,1073610735,1073741823,1073741823,1073741823,1073741823,1073741823,1073741823:g8
1073741823,1073725439,1073741823,1073709055,1073737727,1073740799,1073725183,1073053567,1073610735,1073741823,1073741823,1073741823,1073741823,1073741823,1073741823:g8
1073741823,1073725439,1073741823,1073709055,1073737727,1073478655,1073741567,1073053567,1073610735,1073741823,1073741823,1073741823,1073741823,1073741823,1073741823:g8
1073741823,1073725439,1073741823,1073709055,1073737727,1073740799,1073676031,1073053567,1073610735,1073741823,1073741823,1073741823,1073741823,1073741823,1073741823:g8
1073741823,1073725439,1073741823,1073709055,1073737727,1073740799,1073741567,1073053567,1073610735,1073479679,1073741823,1073741823,1073741823,1073741823,1073741823:g8
1073741823,1073725439,1073741823,1073709055,1073737727,1073740799,1073741567,1073053567,1073610735,1073725439,1073741823,1073741823,1073741823,1073741823,1073741823:g8
1073741823,1073725439,1073741823,1073709055,1073737727,1073740799,1073741567,1073053567,1073594351,1073741823,1073741823,1073741823,1073741823,1073741823,1073741823:g8
1073741823,1073725439,1073741823,1073709055,1073737727,1073740799,1073741567,1073053631,1073610751,1073741823,1073741823,1073741823,1073741823,1073741823,1073741823:c9
1073741823,1073725439,1073741823,1073709055,1073737727,1073740799,1073741567,1073053631,1073610719,1073741823,1073741822,1073741823,1073741823,1073741823,1073741823:g8
1073741823,1073725439,1073741823,1073709055,1073737727,1073740799,1073741567,1073053631,1073610718,1073741823,1073741823,1073741823,1073741823,1073741823,1073741823:g8
1073741823,1073725439,1073741823,1073709055,1073737727,1073740799,1073741567,1073053631,1073610715,1073741823,1073741823,1073741823,1073741823,1073741823,1073741823:g8
1073741823,1073725439,1073741823,1073709055,1073737727,1073740799,1073741566,1073053631,1073610719,1073741823,1073741823,1073741823,1073741823,1073741823,1073741823:g8
1073741823,1073725439,1073741823,1073709055,1073737727,1073740799,1073741567,1073053631,1073610719,1073741823,1073741567,1073741823,1073741823,1073741823,1073741823:g8
1073741823,1073725439,1073741823,1073709055,1073737727,1073740799,1073741567,1073053631,1073610719,1073741823,1073741807,1073741823,1073741823,1073741823,1073741823:g8
1073741823,1073725439,1073741823,1073709055,1073737727,1073740799,1073741567,1073053631,1073610719,1073741807,1073741823,1073741823,1073741823,1073741823,1073741823:g8
1073741823,1073725439,1073741823,1073709055,1073737727,1073740799,1073741567,1073053631,1073610719,1073741819,1073741823,1073741823,1073741823,1073741823,1073741823:g8
1073741823,1073725439,1073741823,1073709055,1073737727,1073740799,1073741567,1073053627,1073610719,1073741823,1073741823,1073741823,1073741823,1073741823,1073741823:g8
1073741823,1073725439,1073741823,1073709055,1073737727,1073740799,1073741567,1073053615,1073610719,1073741823,1073741823,1073741823,1073741823,1073741823,1073741823:g8
1073741823,1073725439,1073741823,1073709055,1073737727,1073740795,1073741567,1073053631,1073610719,1073741823,1073741823,1073741823,1073741823,1073741823,1073741823:g8
1073741823,1073725439,1073741823,1073709055,1073737727,1073740799,1073741567,1073053631,1073610719,1073741759,1073741823,1073741823,1073741823,1073741823,1073741823:g8
1073741823,1073725439,1073741823,1073709055,1073737727,1073740799,1073741567,1073053631,1073610655,1073741823,1073741823,1073741823,1073741823,1073741823,1073741823:g8
1073741823,1073725439,1073741823,1073709055,1073737727,1073740799,1073741567,1073053631,1073610719,1073737727,1073741823,1073741823,1073741823,1073741823,1073741823:g8
1073741823,1073725439,1073741823,1073709055,1073737727,1073675263,1073741567,1073053631,1073610719,1073741823,1073741823,1073741823,1073741823,1073741823,1073741823:g8
1073741823,1073725439,1073741823,1073709055,1073737727,1072692223,1073741567,1073053631,1073610719,1073741823,1073741823,1073741823,1073741823,1073741823,1073741823:g8
1073741823,1073725439,1073741823,1073709055,1073737727,1073740799,1073741567,1073053631,1073610719,1072693247,1073741823,1073741823,1073741823,1073741823,1073741823:g8
1073741823,1073721343,1073741823,1073709055,1073737727,1073740799,1073741567,1073053631,1073610719,1073741823,1073741823,1073741823,1073741823,1073741823,1073741823:g8
1073737727,1073725439,1073741823,1073709055,1073737727,1073740799,1073741567,1073053631,1073610719,1073741823,1073741823,1073741823,1073741823,1073741823,1073741823:g8
1073725439,1073725439,1073741823,1073709055,1073737727,1073740799,1073741567,1073053631,1073610719,1073741823,1073741823,1073741823,1073741823,1073741823,1073741823:g8
1073676287,1073725439,1073741823,1073709055,1073737727,1073740799,1073741567,1073053631,1073610719,1073741823,1073741823,1073741823,1073741823,1073741823,1073741823:g8
1073741823,1073659903,1073741823,1073709055,1073737727,1073740799,1073741567,1073053631,1073610719,1073741823,1073741823,1073741823,1073741823,1073741823,1073741823:g8
1073741823,1073724415,1073741823,1073709055,1073737727,1073740799,1073741567,1073053631,1073610719,1073741823,1073741823,1073741823,1073741823,1073741823,1073741823:g8
1073741823,1073725439,1073725439,1073709055,1073737727,1073740799,1073741567,1073053631,1073610719,1073741823,1073741823,1073741823,1073741823,1073741823,1073741823:g8
1073741823,1073463295,1073741823,1073709055,1073737727,1073740799,1073741567,1073053631,1073610719,1073741823,1073741823,1073741823,1073741823,1073741823,1073741823:g8
1073741823,1073725439,1073741823,1073446911,1073737727,1073740799,1073741567,1073053631,1073610719,1073741823,1073741823,1073741823,1073741823,1073741823,1073741823:g8
1073741823,1073725439,1073741823,1073643519,1073737727,1073740799,1073741567,1073053631,1073610719,1073741823,1073741823,1073741823,1073741823,1073741823,1073741823:g8
1073741823,1073725439,1073741823,1073708991,1073737727,1073740799,1073741567,1073053631,1073610719,1073741823,1073741823,1073741823,1073741823,1073741823,1073741823:g8
1073741823,1073725439,1073741823,1073709055,1073737727,1073740799,1073479423,1073053631,1073610719,1073741823,1073741823,1073741823,1073741823,1073741823,1073741823:g8
1073741823,1073725439,1073741823,1073709055,1073737727,1069546495,1073741567,1073053631,1073610719,1073741823,1073741823,1073741823,1073741823,1073741823,1073741823:g8
1073741823,1073725439,1073741823,1073709055,1073737727,1073740799,1073741567,1068859327,1073610719,1073741823,1073741823,1073741823,1073741823,1073741823,1073741823:g8
1073741823,1073725439,1073741823,1073709055,1073737727,1073740799,1073741567,1072005055,1073610719,1073741823,1073741823,1073741823,1073741823,1073741823,1073741823:j10
1073741823,1073725439,1073741823,1073709055,1073737727,1073740799,1073741567,1073053631,1073610719,1069547519,1073741823,1073741823,1073741823,1073741823,1073741823:g8
1073741823,1073725439,1073741823,1073709055,1073737727,1073740799,1073741551,1073053631,1073610719,1073741823,1073741823,1073741823,1073741823,1073741823,1073741823:g8
1073741823,1073725439,1073741823,1073709055,1073737727,1073740799,1073741503,1073053631,1073610719,1073741823,1073741823,1073741823,1073741823,1073741823,1073741823:g8
1073741823,1073725439,1073741823,1073709055,1073737711,1073740799,1073741567,1073053631,1073610719,1073741823,1073741823,1073741823,1073741823,1073741823,1073741823:g8
1073741823,1073725439,1073741823,1073709055,1073737727,1073740735,1073741567,1073053631,1073610719,1073741823,1073741823,1073741823,1073741823,1073741823,1073741823:g8
1073741823,1073725439,1073741823,1073709055,1073737727,1073740543,1073741567,1073053631,1073610719,1073741823,1073741823,1073741823,1073741823,1073741823,1073741823:g8
1073741823,1073725439,1073741823,1073709055,1073737727,1073740799,1073740543,1073053631,1073610719,1073741823,1073741823,1073741823,1073741823,1073741823,1073741823:g8
1073741823,1073725439,1073741823,1073709055,1073737727,1073740799,1073741567,1073053631,1073610463,1073741823,1073741823,1073741823,1073741823,1073741823,1073741823:g8
1073741823,1073725439,1073741823,1073709055,1073737727,1073740799,1073741567,1073053375,1073610719,1073741823,1073741823,1073741823,1073741823,1073741823,1073741823:g8
1073741823,1073725439,1073741823,1073709055,1073737727,1073740799,1073741567,1073053631,1073610719,1073741823,1073737727,1073741823,1073741823,1073741823,1073741823:g8
1073741823,1073725439,1073741823,1073709055,1073737727,1073740799,1072692991,1073053631,1073610719,1073741823,1073741823,1073741823,1073741823,1073741823,1073741823:g8
1073741823,1073725439,1073741823,1073709055,1073737727,1073740799,1073741567,1073053631,1072562143,1073741823,1073741823,1073741823,1073741823,1073741823,1073741823:g8
1073741823,1073725439,1073741823,1073709055,1073737727,1073740799,1073741567,1073053631,1073348575,1073741823,1073741823,1073741823,1073741823,1073741823,1073741823:g8
1073741823,1073725439,1073741823,1073709055,1073737727,1073740799,1073741567,1073053631,1073610719,1073741823,1072693247,1073741823,1073741823,1073741823,1073741823:g8
1073741823,1073725439,1073741823,1073709055,1073737727,1073740799,1073741567,1073053631,1073610719,1073741823,1073676287,1073741823,1073741823,1073741823,1073741823:g8
1073741823,1073725439,1073741823,1073709055,1073737727,1073740799,1073741567,1073053631,1073610719,1073676287,1073741823,1073741823,1073741823,1073741823,1073741823:g8
1073741823,1073725439,1073741823,1073709055,1073737471,1073740799,1073741567,1073053631,1073610719,1073741823,1073741823,1073741823,1073741823,1073741823,1073741823:g8
1073741823,1073725439,1073741823,1073709055,1073736703,1073740799,1073741567,1073053631,1073610719,1073741823,1073741823,1073741823,1073741823,1073741823,1073741823:g8
1073741823,1073725439,1073741567,1073709055,1073737727,1073740799,1073741567,1073053631,1073610719,1073741823,1073741823,1073741823,1073741823,1073741823,1073741823:g8
1073741823,1073725439,1073741823,1073708031,1073737727,1073740799,1073741567,1073053631,1073610719,1073741823,1073741823,1073741823,1073741823,1073741823,1073741823:g8
1073741823,1073725439,1073737727,1073709055,1073737727,1073740799,1073741567,1073053631,1073610719,1073741823,1073741823,1073741823,1073741823,1073741823,1073741823:g8
1073741823,1073725439,1073741823,1073704959,1073737727,1073740799,1073741567,1073053631,1073610719,1073741823,1073741823,1073741823,1073741823,1073741823,1073741823:g8
1073741823,1073725439,1073676287,1073709055,1073737727,1073740799,1073741567,1073053631,1073610719,1073741823,1073741823,1073741823,1073741823,1073741823,1073741823:g8
1073741823,1073725439,1073741823,1073709055,1073672191,1073740799,1073741567,1073053631,1073610719,1073741823,1073741823,1073741823,1073741823,1073741823,1073741823:g8
1073741823,1073725439,1073741823,1073709055,1073721343,1073740799,1073741567,1073053631,1073610719,1073741823,1073741823,1073741823,1073741823,1073741823,1073741823:g8
1073741823,1073725439,1073741823,1073709055,1073737727,1073736703,1073741567,1073053631,1073610719,1073741823,1073741823,1073741823,1073741823,1073741823,1073741823:g8
1073741823,1073725439,1073741823,1073709055,1073737727,1073740799,1073741567,1073053631,1073610719,1073740799,1073741823,1073741823,1073741823,1073741823,1073741823:g8
1073741823,1073725439,1073741823,1073709055,1073737727,1073740799,1073741567,1073053631,1073606623,1073741823,1073741823,1073741823,1073741823,1073741823,1073741823:g8
1073741823,1073725439,1073741823,1073709055,1073737727,1073740799,1073741567,1073052607,1073610719,1073741823,1073741823,1073741823,1073741823,1073741823,1073741823:k8
1073741823,1073725439,1073741823,1073709055,1073737727,1073740799,1073741567,1073049535,1073610719,1073741823,1073741823,1073741823,1073741823,1073741823,1073741823:k7
1073741823,1073725439,1073741823,1073709055,1073737727,1073740799,1073737471,1073053631,1073610719,1073741823,1073741823,1073741823,1073741823,1073741823,1073741823:g8
1073741823,1073725439,1073741823,1073709055,1073737727,1073724415,1073741567,1073053631,1073610719,1073741823,1073741823,1073741823,1073741823,1073741823,1073741823:g8
1073741823,1073725439,1073741823,1073709055,1073737727,1073740799,1073725183,1073053631,1073610719,1073741823,1073741823,1073741823,1073741823,1073741823,1073741823:g8
1073741823,1073725439,1073741823,1073709055,1073737727,1073478655,1073741567,1073053631,1073610719,1073741823,1073741823,1073741823,1073741823,1073741823,1073741823:g8
1073741823,1073725439,1073741823,1073709055,1073737727,1073740799,1073676031,1073053631,1073610719,1073741823,1073741823,1073741823,1073741823,1073741823,1073741823:g8
1073741823,1073725439,1073741823,1073709055,1073737727,1073740799,1073741567,1073053631,1073610719,1073479679,1073741823,1073741823,1073741823,1073741823,1073741823:g8
1073741823,1073725439,1073741823,1073709055,1073737727,1073740799,1073741567,1073053631,1073610719,1073725439,1073741823,1073741823,1073741823,1073741823,1073741823:g8
1073741823,1073725439,1073741823,1073709055,1073737727,1073740799,1073741567,1073053631,1073594335,1073741823,1073741823,1073741823,1073741823,1073741823,1073741823:g8
1073741823,1073725439,1073741823,1073709055,1073737727,1073740799,1073741551,1073053695,1073610751,1073741823,1073741823,1073741823,1073741823,1073741823,1073741823:g8
1073741823,1073725439,1073741823,1073709055,1073737727,1073740799,1073741503,1073053695,1073610751,1073741823,1073741823,1073741823,1073741823,1073741823,1073741823:g8
1073741823,1073725439,1073741823,1073709055,1073737711,1073740799,1073741567,1073053695,1073610751,1073741823,1073741823,1073741823,1073741823,1073741823,1073741823:g8
1073741823,1073725439,1073741823,1073709055,1073737727,1073740735,1073741567,1073053695,1073610751,1073741823,1073741823,1073741823,1073741823,1073741823,1073741823:g8
1073741823,1073725439,1073741823,1073709055,1073737727,1073740543,1073741567,1073053695,1073610751,1073741823,1073741823,1073741823,1073741823,1073741823,1073741823:g8
1073741823,1073725439,1073741823,1073709055,1073737727,1073740799,1073740543,1073053695,1073610751,1073741823,1073741823,1073741823,1073741823,1073741823,1073741823:g8
1073741823,1073725439,1073741823,1073709055,1073737727,1073740799,1073741567,1073053695,1073610495,1073741823,1073741823,1073741823,1073741823,1073741823,1073741823:g8
1073741823,1073725439,1073741823,1073709055,1073737727,1073740799,1073741567,1073053439,1073610751,1073741823,1073741823,1073741823,1073741823,1073741823,1073741823:g8
1073741823,1073725439,1073741823,1073709055,1073737727,1073740799,1073741567,1073053695,1073610751,1073741823,1073737727,1073741823,1073741823,1073741823,1073741823:g8
1073741823,1073725439,1073741823,1073709055,1073737727,1073740799,1072692991,1073053695,1073610751,1073741823,1073741823,1073741823,1073741823,1073741823,1073741823:g8
1073741823,1073725439,1073741823,1073709055,1073737727,1073740799,1073741567,1073053695,1072562175,1073741823,1073741823,1073741823,1073741823,1073741823,1073741823:g8
1073741823,1073725439,1073741823,1073709055,1073737727,1073740799,1073741567,1073053695,1073348607,1073741823,1073741823,1073741823,1073741823,1073741823,1073741823:g8
1073741823,1073725439,1073741823,1073709055,1073737727,1073740799,1073741567,1073053695,1073610751,1073741823,1072693247,1073741823,1073741823,1073741823,1073741823:g8
1073741823,1073725439,1073741823,1073709055,1073737727,1073740799,1073741567,1073053695,1073610751,1073741823,1073676287,1073741823,1073741823,1073741823,1073741823:g8
1073741823,1073725439,1073741823,1073709055,1073737727,1073740799,1073741567,1073053695,1073610751,1073676287,1073741823,1073741823,1073741823,1073741823,1073741823:g8
1073741823,1073725439,1073741823,1073709055,1073737471,1073740799,1073741567,1073053695,1073610751,1073741823,1073741823,1073741823,1073741823,1073741823,1073741823:g8
1073741823,1073725439,1073741823,1073709055,1073736703,1073740799,1073741567,1073053695,1073610751,1073741823,1073741823,1073741823,1073741823,1073741823,1073741823:g8
1073741823,1073725439,1073741567,1073709055,1073737727,1073740799,1073741567,1073053695,1073610751,1073741823,1073741823,1073741823,1073741823,1073741823,1073741823:g8
1073741823,1073725439,1073741823,1073708031,1073737727,1073740799,1073741567,1073053695,1073610751,1073741823,1073741823,1073741823,1073741823,1073741823,1073741823:g8
1073741823,1073725439,1073737727,1073709055,1073737727,1073740799,1073741567,1073053695,1073610751,1073741823,1073741823,1073741823,1073741823,1073741823,1073741823:g8
1073741823,1073725439,1073741823,1073704959,1073737727,1073740799,1073741567,1073053695,1073610751,1073741823,1073741823,1073741823,1073741823,1073741823,1073741823:g8
1073741823,1073725439,1073676287,1073709055,1073737727,1073740799,1073741567,1073053695,1073610751,1073741823,1073741823,1073741823,1073741823,1073741823,1073741823:g8
1073741823,1073725439,1073741823,1073709055,1073672191,1073740799,1073741567,1073053695,1073610751,1073741823,1073741823,1073741823,1073741823,1073741823,1073741823:g8
1073741823,1073725439,1073741823,1073709055,1073721343,1073740799,1073741567,1073053695,1073610751,1073741823,1073741823,1073741823,1073741823,1073741823,1073741823:g8
1073741823,1073725439,1073741823,1073709055,1073737727,1073736703,1073741567,1073053695,1073610751,1073741823,1073741823,1073741823,1073741823,1073741823,1073741823:g8
1073741823,1073725439,1073741823,1073709055,1073737727,1073740799,1073741567,1073053695,1073610751,1073740799,1073741823,1073741823,1073741823,1073741823,1073741823:g8
1073741823,1073725439,1073741823,1073709055,1073737727,1073740799,1073741567,1073053695,1073606655,1073741823,1073741823,1073741823,1073741823,1073741823,1073741823:g8
1073741823,1073725439,1073741823,1073709055,1073737727,1073740799,1073741567,1073052671,1073610751,1073741823,1073741823,1073741823,1073741823,1073741823,1073741823:k8
1073741823,1073725439,1073741823,1073709055,1073737727,1073740799,1073741567,1073049599,1073610751,1073741823,1073741823,1073741823,1073741823,1073741823,1073741823:k7
1073741823,1073725439,1073741823,1073709055,1073737727,1073740799,1073737471,1073053695,1073610751,1073741823,1073741823,1073741823,1073741823,1073741823,1073741823:g8
1073741823,1073725439,1073741823,1073709055,1073737727,1073724415,1073741567,1073053695,1073610751,1073741823,1073741823,1073741823,1073741823,1073741823,1073741823:g8
1073741823,1073725439,1073741823,1073709055,1073737727,1073740799,1073725183,1073053695,1073610751,1073741823,1073741823,1073741823,1073741823,1073741823,1073741823:g8
1073741823,1073725439,1073741823,1073709055,1073737727,1073478655,1073741567,1073053695,1073610751,1073741823,1073741823,1073741823,1073741823,1073741823,1073741823:g8
1073741823,1073725439,1073741823,1073709055,1073737727,1073740799,1073676031,1073053695,1073610751,1073741823,1073741823,1073741823,1073741823,1073741823,1073741823:g8
1073741823,1073725439,1073741823,1073709055,1073737727,1073740799,1073741567,1073053695,1073610751,1073479679,1073741823,1073741823,1073741823,1073741823,1073741823:g8
1073741823,1073725439,1073741823,1073709055,1073737727,1073740799,1073741567,1073053695,1073610751,1073725439,1073741823,1073741823,1073741823,1073741823,1073741823:g8
1073741823,1073725439,1073741823,1073709055,1073737727,1073740799,1073741567,1073053695,1073594367,1073741823,1073741823,1073741823,1073741823,1073741823,1073741823:g8
