1073741823,1073741823,1073741823,1073741823,1073741823,1073741823,1073676287,1072660479,1073606655,1073709055,1073741823,1073741823,1073741823,1073741823,1073741823:i10
1073741823,1073741823,1073741823,1073741823,1073741823,1073741823,1073676287,1072660479,1073606655,1073577983,1073741823,1073737727,1073741823,1073741823,1073741823:j10
1073741823,1073741823,1073741823,1073741823,1073741823,1073741823,1073676287,1072660479,1073606655,1073577983,1073741823,1072693247,1073741823,1073741823,1073741823:j10
1073741823,1073741823,1073741823,1073741823,1073741823,1073741823,1073676287,1072660479,1073606655,1073577983,1073479679,1073741823,1073741823,1073741823,1073741823:j10
1073741823,1073741823,1073741823,1073741823,1073741823,1073741823,1073676287,1072660479,1073606655,1073577983,1073741823,1073676287,1073741823,1073741823,1073741823:j10
1073741823,1073741823,1073741823,1073741823,1073741823,1072693247,1073676287,1072660479,1073606655,1073577983,1073741823,1073741823,1073741823,1073741823,1073741823:j10
1073741823,1073741823,1073741823,1073741823,1073741823,1056964607,1073676287,1072660479,1073606655,1073577983,1073741823,1073741823,1073741823,1073741823,1073741823:j10
1073741823,1073741823,1073741823,1073741823,1073741823,1073741823,1069481983,1072660479,1073606655,1073577983,1073741823,1073741823,1073741823,1073741823,1073741823:j10
1073741823,1073741823,1073741823,1073741823,1073741823,1073741823,1073676287,1055883263,1073606655,1073577983,1073741823,1073741823,1073741823,1073741823,1073741823:j10
1073741823,1073741823,1073741823,1073741823,1073741823,1073741823,1073676287,1068466175,1073606655,1073577983,1073741823,1073741823,1073741823,1073741823,1073741823:j10
1073741823,1073741823,1073741823,1073741823,1073741823,1073741823,1073676287,1072660479,1073606655,1056800767,1073741823,1073741823,1073741823,1073741823,1073741823:j10
1073741823,1073741823,1073741823,1073741823,1073741823,1073741823,1073676287,1072660479,1069412351,1073577983,1073741823,1073741823,1073741823,1073741823,1073741823:j10
1073741823,1073741823,1073741823,1073741823,1073741823,1073741823,1073676287,1072660479,1073606655,1072529407,1073741823,1073741823,1073741823,1073741823,1073741823:h11
1073741823,1073741823,1073741823,1073741823,1073741823,1073741823,1073676287,1072660479,1073606655,1073577983,1073741823,1073740799,1073741823,1073741823,1073741823:j10
1073741823,1073741823,1073741823,1073741823,1073741823,1073741823,1073676287,1072660479,1073606655,1073577983,1073741823,1073479679,1073741823,1073741823,1073741823:j10
1073741823,1073741823,1073741823,1073741823,1073741823,1073741823,1073676287,1072660479,1073606655,1073577983,1073741823,1073725439,1073741823,1073741823,1073741823:j10
1073741823,1073741823,1073741823,1073741823,1073741823,1073741823,1073676287,1072660479,1073606655,1073577983,1073725439,1073741823,1073741823,1073741823,1073741823:j10
1073741823,1073741823,1073741823,1073741823,1073741823,1073741823,1073676287,1072660479,1073606655,1073577983,1073741567,1073741823,1073741823,1073741823,1073741823:j10
1073741823,1073741823,1073741823,1073741823,1073741823,1073741823,1073676287,1072660479,1073606399,1073577983,1073741823,1073741823,1073741823,1073741823,1073741823:j10
1073741823,1073741823,1073741823,1073741823,1073741823,1073741823,1073676287,1072660479,1073605631,1073577983,1073741823,1073741823,1073741823,1073741823,1073741823:j10
1073741823,1073741823,1073741823,1073741823,1073741823,1073741823,1073676031,1072660479,1073606655,1073577983,1073741823,1073741823,1073741823,1073741823,1073741823:j10
1073741823,1073741823,1073741823,1073741823,1073741823,1073741823,1073676287,1072660479,1073606655,1073573887,1073741823,1073741823,1073741823,1073741823,1073741823:h11
1073741823,1073741823,1073741823,1073741823,1073741823,1073741823,1073676287,1072660479,1073606655,1073577983,1073737727,1073741823,1073741823,1073741823,1073741823:j10
1073741823,1073741823,1073741823,1073741823,1073741823,1073741823,1073676287,1072660479,1073344511,1073577983,1073741823,1073741823,1073741823,1073741823,1073741823:j10
1073741823,1073741823,1073741823,1073741823,1073741823,1073741823,1073676287,1072660479,1073606655,1073577983,1072693247,1073741823,1073741823,1073741823,1073741823:h11
1073741823,1073741823,1073741823,1073741823,1073741823,1073741823,1073676287,1072660479,1073606655,1073577983,1073676287,1073741823,1073741823,1073741823,1073741823:j10
1073741823,1073741823,1073741823,1073741823,1073737727,1073741823,1073676287,1072660479,1073606655,1073577983,1073741823,1073741823,1073741823,1073741823,1073741823:j10
1073741823,1073741823,1073741823,1073741823,1073676287,1073741823,1073676287,1072660479,1073606655,1073577983,1073741823,1073741823,1073741823,1073741823,1073741823:j10
1073741823,1073741823,1073741823,1073741823,1073741823,1073676287,1073676287,1072660479,1073606655,1073577983,1073741823,1073741823,1073741823,1073741823,1073741823:j10
1073741823,1073741823,1073741823,1073741823,1072693247,1073741823,1073676287,1072660479,1073606655,1073577983,1073741823,1073741823,1073741823,1073741823,1073741823:j10
1073741823,1073741823,1073741823,1073741823,1073741823,1073741823,1072627711,1072660479,1073606655,1073577983,1073741823,1073741823,1073741823,1073741823,1073741823:j10
1073741823,1073741823,1073741823,1073741823,1073741823,1073741823,1073414143,1072660479,1073606655,1073577983,1073741823,1073741823,1073741823,1073741823,1073741823:j10
1073741823,1073741823,1073741823,1073741823,1073741823,1073741823,1073676287,1072660479,1072558079,1073577983,1073741823,1073741823,1073741823,1073741823,1073741823:j10
1073741823,1073741823,1073741823,1073741823,1073741823,1073741823,1073676287,1072660479,1073606655,1073576959,1073741823,1073741823,1073741823,1073741823,1073741823:j10
1073741823,1073741823,1073741823,1073741823,1073741823,1073741823,1073676287,1072659455,1073606655,1073577983,1073741823,1073741823,1073741823,1073741823,1073741823:j10
1073741823,1073741823,1073741823,1073741823,1073741823,1073741823,1073676287,1072656383,1073606655,1073577983,1073741823,1073741823,1073741823,1073741823,1073741823:j10
1073741823,1073741823,1073741823,1073741823,1073741823,1073740799,1073676287,1072660479,1073606655,1073577983,1073741823,1073741823,1073741823,1073741823,1073741823:j10
1073741823,1073741823,1073741823,1073741823,1073741823,1073741823,1073672191,1072660479,1073606655,1073577983,1073741823,1073741823,1073741823,1073741823,1073741823:i11
1073741823,1073741823,1073741823,1073741823,1073741823,1073725439,1073676287,1072660479,1073606655,1073577983,1073741823,1073741823,1073741823,1073741823,1073741823:j10
1073741823,1073741823,1073741823,1073741823,1073741823,1073741823,1073659903,1072660479,1073606655,1073577983,1073741823,1073741823,1073741823,1073741823,1073741823:j10
1073741823,1073741823,1073741823,1073741823,1073741823,1073479679,1073676287,1072660479,1073606655,1073577983,1073741823,1073741823,1073741823,1073741823,1073741823:j10
1073741823,1073741823,1073741823,1073741823,1073741823,1073741823,1073676287,1072398335,1073606655,1073577983,1073741823,1073741823,1073741823,1073741823,1073741823:j10
1073741823,1073741823,1073741823,1073741823,1073741823,1073741823,1073676287,1072594943,1073606655,1073577983,1073741823,1073741823,1073741823,1073741823,1073741823:j10
1073741823,1073741823,1073741823,1073741823,1073741823,1073741823,1073676287,1072660479,1073606655,1073315839,1073741823,1073741823,1073741823,1073741823,1073741823:h11
1073741823,1073741823,1073741823,1073741823,1073741823,1073741823,1073676287,1072660479,1073590271,1073577983,1073741823,1073741823,1073741823,1073741823,1073741823:j10
