1073741823,1073741823,1073741823,1073741823,1073741823,1073741823,1073676287,1073709055,1073606655,1073708031,1073741823,1073741823,1073741823,1073741823,1073741823:i11
1073741823,1073741823,1073741823,1073741823,1073741823,1073741823,1073676287,1073709055,1073606655,1073708031,1073610751,1073741823,1073737727,1073741823,1073741823:h11
1073741823,1073741823,1073741823,1073741823,1073741823,1073741823,1073676287,1073709055,1073606655,1073708031,1073348607,1073741823,1073741823,1073741823,1073741823:j10
1073741823,1073741823,1073741823,1073741823,1073741823,1073741823,1073676287,1073709055,1073606655,1073708031,1073610751,1073741823,1072693247,1073741823,1073741823:h11
1073741823,1073741823,1073741823,1073741823,1073741823,1073741823,1073676287,1073709055,1073606655,1073708031,1073610751,1073741823,1073676287,1073741823,1073741823:h11
1073741823,1073741823,1073741823,1073741823,1073741823,1073741823,1073676287,1073709055,1073606655,1073708031,1073610751,1073676287,1073741823,1073741823,1073741823:h11
1073741823,1073741823,1073741823,1073741823,1073741823,1073741823,1073676287,1073709055,1073606655,1073708031,1073610751,1073741759,1073741823,1073741823,1073741823:h11
1073741823,1073741823,1073741823,1073741823,1073741823,1073741823,1073676287,1073709055,1073606655,1073707967,1073610751,1073741823,1073741823,1073741823,1073741823:h11
1073741823,1073741823,1073741823,1073741823,1073741823,1073741823,1073676287,1073709055,1073606655,1073707775,1073610751,1073741823,1073741823,1073741823,1073741823:h11
1073741823,1073741823,1073741823,1073741823,1073741823,1073741823,1073676287,1073708991,1073606655,1073708031,1073610751,1073741823,1073741823,1073741823,1073741823:h11
1073741823,1073741823,1073741823,1073741823,1073741823,1073741823,1073676287,1073709055,1073606655,1073708031,1073609727,1073741823,1073741823,1073741823,1073741823:h11
1073741823,1073741823,1073741823,1073741823,1073741823,1073741823,1073676287,1073709055,1073606655,1073708031,1073610751,1073740799,1073741823,1073741823,1073741823:h11
1073741823,1073741823,1073741823,1073741823,1073741823,1073741823,1073676287,1073709055,1073606655,1073708031,1073610751,1073479679,1073741823,1073741823,1073741823:h11
1073741823,1073741823,1073741823,1073741823,1073741823,1073741823,1073676287,1073709055,1073606655,1073708031,1073610751,1073725439,1073741823,1073741823,1073741823:j10
1073741823,1073741823,1073741823,1073741823,1073741823,1073741823,1073676287,1073709055,1073606655,1073708031,1073594367,1073741823,1073741823,1073741823,1073741823:j10
1073741823,1073741823,1073741823,1073741823,1073741823,1073741823,1073676287,1073709055,1073606655,1073708031,1073610495,1073741823,1073741823,1073741823,1073741823:h11
1073741823,1073741823,1073741823,1073741823,1073741823,1073741823,1073676287,1073709055,1073606399,1073708031,1073610751,1073741823,1073741823,1073741823,1073741823:j10
1073741823,1073741823,1073741823,1073741823,1073741823,1073741823,1073676287,1073709055,1073605631,1073708031,1073610751,1073741823,1073741823,1073741823,1073741823:h11
1073741823,1073741823,1073741823,1073741823,1073741823,1073741823,1073676031,1073709055,1073606655,1073708031,1073610751,1073741823,1073741823,1073741823,1073741823:i10
1073741823,1073741823,1073741823,1073741823,1073741823,1073741823,1073676287,1073709055,1073606655,1073703935,1073610751,1073741823,1073741823,1073741823,1073741823:h11
1073741823,1073741823,1073741823,1073741823,1073741823,1073741823,1073676287,1073709055,1073606655,1073708031,1073606655,1073741823,1073741823,1073741823,1073741823:h9
1073741823,1073741823,1073741823,1073741823,1073741823,1073741823,1073675263,1073709055,1073573887,1073708031,1073606655,1073741823,1073741823,1073741823,1073741823:h7
1073741823,1073741823,1073741823,1073741823,1073741823,1073741823,1073676287,1073709055,1073573887,1073708031,1073606655,1073741823,1073741567,1073741823,1073741823:h7
1073741823,1073741823,1073741823,1073741823,1073741823,1073741823,1073676287,1073709055,1073573887,1073708031,1073606655,1073737727,1073741823,1073741823,1073741823:h7
1073741823,1073741823,1073741823,1073741823,1073741823,1073741823,1073676287,1073709055,1073573887,1073708031,1073606655,1073741823,1073737727,1073741823,1073741823:h7
1073741823,1073741823,1073741823,1073741823,1073741823,1073741823,1073676287,1073709055,1073573887,1073708031,1073344511,1073741823,1073741823,1073741823,1073741823:h7
1073741823,1073741823,1073741823,1073741823,1073741823,1073741823,1073676287,1073709055,1073573887,1073708031,1073606655,1073741823,1072693247,1073741823,1073741823:h7
1073741823,1073741823,1073741823,1073741823,1073741823,1073741823,1073676287,1073709055,1073573887,1073708031,1073606655,1073741823,1073676287,1073741823,1073741823:h7
1073741823,1073741823,1073741823,1073741823,1073741823,1073741823,1073676287,1073709055,1073573887,1073708031,1073606655,1073676287,1073741823,1073741823,1073741823:h7
1073741823,1073741823,1073741823,1073741823,1073741823,1073741823,1073676287,1073709055,1073573887,1073708031,1073606655,1073741759,1073741823,1073741823,1073741823:h7
1073741823,1073741823,1073741823,1073741823,1073741823,1073741823,1073676287,1073709055,1073573887,1073707967,1073606655,1073741823,1073741823,1073741823,1073741823:h7
1073741823,1073741823,1073741823,1073741823,1073741823,1073741823,1073676287,1073709055,1073573887,1073707775,1073606655,1073741823,1073741823,1073741823,1073741823:h7
1073741823,1073741823,1073741823,1073741823,1073741823,1073741823,1073676287,1073708991,1073573887,1073708031,1073606655,1073741823,1073741823,1073741823,1073741823:h7
1073741823,1073741823,1073741823,1073741823,1073741823,1073741823,1073676287,1073709055,1073573887,1073708031,1073605631,1073741823,1073741823,1073741823,1073741823:h7
1073741823,1073741823,1073741823,1073741823,1073741823,1073741823,1073676287,1073709055,1073573887,1073708031,1073606655,1073740799,1073741823,1073741823,1073741823:h7
1073741823,1073741823,1073741823,1073741823,1073741823,1073741823,1073676287,1073709055,1073573887,1073708031,1073606655,1073479679,1073741823,1073741823,1073741823:h7
1073741823,1073741823,1073741823,1073741823,1073741823,1073741823,1073676287,1073709055,1073573887,1073708031,1073606655,1073725439,1073741823,1073741823,1073741823:h7
1073741823,1073741823,1073741823,1073741823,1073741823,1073741823,1073676287,1073709055,1073573887,1073708031,1073590271,1073741823,1073741823,1073741823,1073741823:g7
1073741823,1073741823,1073741823,1073741823,1073741567,1073741823,1073668095,1073709055,1073573887,1073708031,1073590271,1073741823,1073741823,1073741823,1073741823:j10
1073741823,1073741823,1073741823,1073741823,1073741823,1073737727,1073668095,1073709055,1073573887,1073708031,1073590271,1073741823,1073741823,1073741823,1073741823:f6
1073741823,1073741823,1073741823,1073741823,1073741823,1073741823,1073668095,1073709055,1073573887,1073708031,1073590271,1073741823,1073740799,1073741823,1073741823:f6
1073741823,1073741823,1073741823,1073741823,1073741823,1073741823,1073668095,1073709055,1073573887,1073708031,1073590271,1073741823,1073479679,1073741823,1073741823:f6
1073741823,1073741823,1073741823,1073741823,1073741823,1073741823,1073668095,1073709055,1073573887,1073708031,1073590271,1073741823,1073725439,1073741823,1073741823:f6
1073741823,1073741823,1073741823,1073741823,1073741823,1073741823,1073667071,1073709055,1073573887,1073708031,1073590271,1073741823,1073741823,1073741823,1073741823:f6
1073741823,1073741823,1073741823,1073741823,1073741823,1073741823,1073668095,1073709055,1073573887,1073708031,1073590271,1073741823,1073741567,1073741823,1073741823:f6
1073741823,1073741823,1073741823,1073741823,1073741823,1073741823,1073668095,1073709055,1073573887,1073708031,1073590271,1073737727,1073741823,1073741823,1073741823:f6
1073741823,1073741823,1073741823,1073741823,1073741823,1073741823,1073668095,1073709055,1073573887,1073708031,1073590271,1073741823,1073737727,1073741823,1073741823:f6
1073741823,1073741823,1073741823,1073741823,1073741823,1073741823,1073668095,1073709055,1073573887,1073708031,1073328127,1073741823,1073741823,1073741823,1073741823:f6
1073741823,1073741823,1073741823,1073741823,1073741823,1073741823,1073668095,1073709055,1073573887,1073708031,1073590271,1073741823,1072693247,1073741823,1073741823:f6
1073741823,1073741823,1073741823,1073741823,1073741823,1073741823,1073668095,1073709055,1073573887,1073708031,1073590271,1073741823,1073676287,1073741823,1073741823:f6
1073741823,1073741823,1073741823,1073741823,1073741823,1073741823,1073668095,1073709055,1073573887,1073708031,1073590271,1073676287,1073741823,1073741823,1073741823:f6
1073741823,1073741823,1073741823,1073741823,1073741823,1073741823,1073668095,1073709055,1073573887,1073708031,1073590271,1073741759,1073741823,1073741823,1073741823:f6
1073741823,1073741823,1073741823,1073741823,1073741823,1073741823,1073668095,1073709055,1073573887,1073707967,1073590271,1073741823,1073741823,1073741823,1073741823:f6
1073741823,1073741823,1073741823,1073741823,1073741823,1073741823,1073668095,1073709055,1073573887,1073707775,1073590271,1073741823,1073741823,1073741823,1073741823:f6
1073741823,1073741823,1073741823,1073741823,1073741823,1073741823,1073668095,1073708991,1073573887,1073708031,1073590271,1073741823,1073741823,1073741823,1073741823:f6
1073741823,1073741823,1073741823,1073741823,1073741823,1073741823,1073668095,1073709055,1073573887,1073708031,1073589247,1073741823,1073741823,1073741823,1073741823:f6
1073741823,1073741823,1073741823,1073741823,1073741823,1073741823,1073668095,1073709055,1073573887,1073708031,1073590271,1073740799,1073741823,1073741823,1073741823:f6
1073741823,1073741823,1073741823,1073741823,1073741823,1073741823,1073668095,1073709055,1073573887,1073708031,1073590271,1073479679,1073741823,1073741823,1073741823:f6
1073741823,1073741823,1073741823,1073741823,1073741823,1073741823,1073668095,1073709055,1073573887,1073708031,1073590271,1073725439,1073741823,1073741823,1073741823:f6
1073741823,1073741823,1073741823,1073741823,1073741823,1073741823,1073668095,1073709055,1073573887,1073708031,1073590015,1073741823,1073741823,1073741823,1073741823:f6
1073741823,1073741823,1073741823,1073741823,1073741823,1073741823,1073668095,1073709055,1073573631,1073708031,1073590271,1073741823,1073741823,1073741823,1073741823:f6
1073741823,1073741823,1073741823,1073741823,1073741823,1073741823,1073668095,1073709055,1073572863,1073708031,1073590271,1073741823,1073741823,1073741823,1073741823:f6
1073741823,1073741823,1073741823,1073741823,1073741823,1073741823,1073667839,1073709055,1073573887,1073708031,1073590271,1073741823,1073741823,1073741823,1073741823:f6
1073741823,1073741823,1073741823,1073741823,1073741823,1073741823,1073668095,1073709055,1073573887,1073703935,1073590271,1073741823,1073741823,1073741823,1073741823:f6
1073741823,1073741823,1073741823,1073741823,1073741823,1073741823,1073668095,1073709055,1073311743,1073708031,1073590271,1073741823,1073741823,1073741823,1073741823:f6
1073741823,1073741823,1073741823,1073741823,1073741823,1073741823,1073668095,1073709055,1073573887,1073708031,1072541695,1073741823,1073741823,1073741823,1073741823:f6
1073741823,1073741823,1073741823,1073741823,1073741823,1073741823,1073668095,1073709055,1073573887,1073642495,1073590271,1073741823,1073741823,1073741823,1073741823:f6
1073741823,1073741823,1073741823,1073741823,1073737727,1073741823,1073668095,1073709055,1073573887,1073708031,1073590271,1073741823,1073741823,1073741823,1073741823:f6
1073741823,1073741823,1073741823,1073741823,1073676287,1073741823,1073668095,1073709055,1073573887,1073708031,1073590271,1073741823,1073741823,1073741823,1073741823:f6
1073741823,1073741823,1073741823,1073741823,1073741823,1073676287,1073668095,1073709055,1073573887,1073708031,1073590271,1073741823,1073741823,1073741823,1073741823:f6
1073741823,1073741823,1073741823,1073741823,1072693247,1073741823,1073668095,1073709055,1073573887,1073708031,1073590271,1073741823,1073741823,1073741823,1073741823:f6
1073741823,1073741823,1073741823,1073741823,1073741823,1073741823,1072619519,1073709055,1073573887,1073708031,1073590271,1073741823,1073741823,1073741823,1073741823:f6
1073741823,1073741823,1073741823,1073741823,1073741823,1073741823,1073405951,1073709055,1073573887,1073708031,1073590271,1073741823,1073741823,1073741823,1073741823:f6
1073741823,1073741823,1073741823,1073741823,1073741823,1073741823,1073668095,1073709055,1072525311,1073708031,1073590271,1073741823,1073741823,1073741823,1073741823:f6
1073741823,1073741823,1073741823,1073741823,1073741823,1073741823,1073668095,1073708031,1073573887,1073708031,1073590271,1073741823,1073741823,1073741823,1073741823:f6
1073741823,1073741823,1073741823,1073741823,1073741823,1073741823,1073668095,1073704959,1073573887,1073708031,1073590271,1073741823,1073741823,1073741823,1073741823:f6
1073741823,1073741823,1073741823,1073741823,1073741823,1073740799,1073668095,1073709055,1073573887,1073708031,1073590271,1073741823,1073741823,1073741823,1073741823:j10
1073741823,1073741823,1073741823,1073741823,1073741823,1073725439,1073668095,1073709055,1073573887,1073708031,1073590271,1073741823,1073741823,1073741823,1073741823:f6
1073741823,1073741823,1073741823,1073741823,1073741823,1073741823,1073651711,1073709055,1073573887,1073708031,1073590271,1073741823,1073741823,1073741823,1073741823:f6
1073741823,1073741823,1073741823,1073741823,1073741823,1073479679,1073668095,1073709055,1073573887,1073708031,1073590271,1073741823,1073741823,1073741823,1073741823:f6
1073741823,1073741823,1073741823,1073741823,1073741823,1073741823,1073668095,1073446911,1073573887,1073708031,1073590271,1073741823,1073741823,1073741823,1073741823:f6
1073741823,1073741823,1073741823,1073741823,1073741823,1073741823,1073668095,1073643519,1073573887,1073708031,1073590271,1073741823,1073741823,1073741823,1073741823:f6
1073741823,1073741823,1073741823,1073741823,1073741823,1073741823,1073668095,1073709055,1073573887,1073445887,1073590271,1073741823,1073741823,1073741823,1073741823:f6
1073741823,1073741823,1073741823,1073741823,1073741823,1073741823,1073676287,1073709055,1073573887,1073708031,1073606399,1073741823,1073741823,1073741823,1073741823:h7
1073741823,1073741823,1073741823,1073741823,1073741823,1073741823,1073676287,1073709055,1073573631,1073708031,1073606655,1073741823,1073741823,1073741823,1073741823:h7
1073741823,1073741823,1073741823,1073741823,1073741823,1073741823,1073676287,1073709055,1073572863,1073708031,1073606655,1073741823,1073741823,1073741823,1073741823:h7
1073741823,1073741823,1073741823,1073741823,1073741823,1073741823,1073676031,1073709055,1073573887,1073708031,1073606655,1073741823,1073741823,1073741823,1073741823:h7
1073741823,1073741823,1073741823,1073741823,1073741823,1073741823,1073676287,1073709055,1073573887,1073703935,1073606655,1073741823,1073741823,1073741823,1073741823:h7
1073741823,1073741823,1073741823,1073741823,1073741823,1073741823,1073676287,1073709055,1073311743,1073708031,1073606655,1073741823,1073741823,1073741823,1073741823:h7
1073741823,1073741823,1073741823,1073741823,1073741823,1073741823,1073676287,1073709055,1073573887,1073708031,1072558079,1073741823,1073741823,1073741823,1073741823:h7
1073741823,1073741823,1073741823,1073741823,1073741823,1073741823,1073676287,1073709055,1073573887,1073642495,1073606655,1073741823,1073741823,1073741823,1073741823:h7
1073741823,1073741823,1073741823,1073741823,1073737727,1073741823,1073676287,1073709055,1073573887,1073708031,1073606655,1073741823,1073741823,1073741823,1073741823:h7
1073741823,1073741823,1073741823,1073741823,1073676287,1073741823,1073676287,1073709055,1073573887,1073708031,1073606655,1073741823,1073741823,1073741823,1073741823:h7
1073741823,1073741823,1073741823,1073741823,1073741823,1073676287,1073676287,1073709055,1073573887,1073708031,1073606655,1073741823,1073741823,1073741823,1073741823:h7
1073741823,1073741823,1073741823,1073741823,1072693247,1073741823,1073676287,1073709055,1073573887,1073708031,1073606655,1073741823,1073741823,1073741823,1073741823:h7
1073741823,1073741823,1073741823,1073741823,1073741823,1073741823,1072627711,1073709055,1073573887,1073708031,1073606655,1073741823,1073741823,1073741823,1073741823:h7
1073741823,1073741823,1073741823,1073741823,1073741823,1073741823,1073414143,1073709055,1073573887,1073708031,1073606655,1073741823,1073741823,1073741823,1073741823:h7
1073741823,1073741823,1073741823,1073741823,1073741823,1073741823,1073676287,1073709055,1072525311,1073708031,1073606655,1073741823,1073741823,1073741823,1073741823:h7
1073741823,1073741823,1073741823,1073741823,1073741823,1073741823,1073676287,1073708031,1073573887,1073708031,1073606655,1073741823,1073741823,1073741823,1073741823:h7
1073741823,1073741823,1073741823,1073741823,1073741823,1073741823,1073676287,1073704959,1073573887,1073708031,1073606655,1073741823,1073741823,1073741823,1073741823:h7
1073741823,1073741823,1073741823,1073741823,1073741823,1073740799,1073676287,1073709055,1073573887,1073708031,1073606655,1073741823,1073741823,1073741823,1073741823:h7
1073741823,1073741823,1073741823,1073741823,1073741823,1073741823,1073672191,1073709055,1073573887,1073708031,1073606655,1073741823,1073741823,1073741823,1073741823:h7
1073741823,1073741823,1073741823,1073741823,1073741823,1073725439,1073676287,1073709055,1073573887,1073708031,1073606655,1073741823,1073741823,1073741823,1073741823:h11
1073741823,1073741823,1073741823,1073741823,1073741823,1073741823,1073659903,1073709055,1073573887,1073708031,1073606655,1073741823,1073741823,1073741823,1073741823:h12
1073741823,1073741823,1073741823,1073741823,1073741823,1073479679,1073676287,1073709055,1073573887,1073708031,1073606655,1073741823,1073741823,1073741823,1073741823:h7
1073741823,1073741823,1073741823,1073741823,1073741823,1073741823,1073676287,1073446911,1073573887,1073708031,1073606655,1073741823,1073741823,1073741823,1073741823:h7
1073741823,1073741823,1073741823,1073741823,1073741823,1073741823,1073676287,1073643519,1073573887,1073708031,1073606655,1073741823,1073741823,1073741823,1073741823:h7
1073741823,1073741823,1073741823,1073741823,1073741823,1073741823,1073676287,1073709055,1073573887,1073445887,1073606655,1073741823,1073741823,1073741823,1073741823:h7
1073741823,1073741823,1073741823,1073741823,1073741823,1073741823,1073676287,1073709055,1073344511,1073708031,1073610751,1073741823,1073741823,1073741823,1073741823:h11
1073741823,1073741823,1073741823,1073741823,1073741823,1073741823,1073676287,1073709055,1073606655,1073708031,1072562175,1073741823,1073741823,1073741823,1073741823:h11
1073741823,1073741823,1073741823,1073741823,1073741823,1073741823,1073676287,1073709055,1073606655,1073642495,1073610751,1073741823,1073741823,1073741823,1073741823:h11
1073741823,1073741823,1073741823,1073741823,1073737727,1073741823,1073676287,1073709055,1073606655,1073708031,1073610751,1073741823,1073741823,1073741823,1073741823:h11
1073741823,1073741823,1073741823,1073741823,1073676287,1073741823,1073676287,1073709055,1073606655,1073708031,1073610751,1073741823,1073741823,1073741823,1073741823:h11
1073741823,1073741823,1073741823,1073741823,1073741823,1073676287,1073676287,1073709055,1073606655,1073708031,1073610751,1073741823,1073741823,1073741823,1073741823:h11
1073741823,1073741823,1073741823,1073741823,1072693247,1073741823,1073676287,1073709055,1073606655,1073708031,1073610751,1073741823,1073741823,1073741823,1073741823:h11
1073741823,1073741823,1073741823,1073741823,1073741823,1073741823,1072627711,1073709055,1073606655,1073708031,1073610751,1073741823,1073741823,1073741823,1073741823:i10
1073741823,1073741823,1073741823,1073741823,1073741823,1073741823,1073414143,1073709055,1073606655,1073708031,1073610751,1073741823,1073741823,1073741823,1073741823:i10
1073741823,1073741823,1073741823,1073741823,1073741823,1073741823,1073676287,1073709055,1072558079,1073708031,1073610751,1073741823,1073741823,1073741823,1073741823:h11
1073741823,1073741823,1073741823,1073741823,1073741823,1073741823,1073676287,1073708031,1073606655,1073708031,1073610751,1073741823,1073741823,1073741823,1073741823:h11
1073741823,1073741823,1073741823,1073741823,1073741823,1073741823,1073676287,1073704959,1073606655,1073708031,1073610751,1073741823,1073741823,1073741823,1073741823:h11
1073741823,1073741823,1073741823,1073741823,1073741823,1073740799,1073676287,1073709055,1073606655,1073708031,1073610751,1073741823,1073741823,1073741823,1073741823:h11
1073741823,1073741823,1073741823,1073741823,1073741823,1073741823,1073672191,1073709055,1073606655,1073708031,1073610751,1073741823,1073741823,1073741823,1073741823:g11
1073741823,1073741823,1073741823,1073741823,1073741823,1073725439,1073676287,1073709055,1073606655,1073708031,1073610751,1073741823,1073741823,1073741823,1073741823:h11
1073741823,1073741823,1073741823,1073741823,1073741823,1073741823,1073659903,1073709055,1073606655,1073708031,1073610751,1073741823,1073741823,1073741823,1073741823:i10
1073741823,1073741823,1073741823,1073741823,1073741823,1073479679,1073676287,1073709055,1073606655,1073708031,1073610751,1073741823,1073741823,1073741823,1073741823:h11
1073741823,1073741823,1073741823,1073741823,1073741823,1073741823,1073676287,1073446911,1073606655,1073708031,1073610751,1073741823,1073741823,1073741823,1073741823:h11
1073741823,1073741823,1073741823,1073741823,1073741823,1073741823,1073676287,1073643519,1073606655,1073708031,1073610751,1073741823,1073741823,1073741823,1073741823:h11
1073741823,1073741823,1073741823,1073741823,1073741823,1073741823,1073676287,1073709055,1073606655,1073445887,1073610751,1073741823,1073741823,1073741823,1073741823:h11
1073741823,1073741823,1073741823,1073741823,1073741823,1073741823,1073676287,1073709055,1073590271,1073708031,1073610751,1073741823,1073741823,1073741823,1073741823:j10
