1073741823,1073741823,1073741823,1073741823,1073741823,1073741823,1073676287,1073709055,1073606655,1073446911,1073741823,1073741823,1073741823,1073741823,1073741823:h9
1073741823,1073741823,1073741823,1073741823,1073741823,1073741823,1073676287,1073709055,1073573887,1073446911,1073740799,1073741823,1073741823,1073741823,1073741823:h7
1073741823,1073741823,1073741823,1073741823,1073741823,1073741823,1073675263,1073709055,1073573887,1073446911,1073741823,1073741823,1073741823,1073741823,1073741823:h7
1073741823,1073741823,1073741823,1073741823,1073741823,1073741823,1073676287,1069514751,1073573887,1073446911,1073741823,1073741823,1073741823,1073741823,1073741823:h7
1073741823,1073741823,1073741823,1073741823,1073741823,1073741823,1073676287,1073709055,1073573887,1069252607,1073741823,1073741823,1073741823,1073741823,1073741823:h7
1073741823,1073741823,1073741823,1073741823,1073741823,1073741823,1073676287,1073709055,1073573887,1072398335,1073741823,1073741823,1073741823,1073741823,1073741823:h7
1073741823,1073741823,1073741823,1073741823,1073741823,1073741823,1073676287,1073709055,1073573887,1073446911,1073741823,1069547519,1073741823,1073741823,1073741823:h7
1073741823,1073741823,1073741823,1073741823,1073741823,1073741823,1073676287,1073709055,1073573887,1073446911,1073479679,1073741823,1073741823,1073741823,1073741823:h7
1073741823,1073741823,1073741823,1073741823,1073741823,1073741823,1073676287,1073709055,1073573887,1073446911,1073741823,1073740799,1073741823,1073741823,1073741823:h7
1073741823,1073741823,1073741823,1073741823,1073741823,1073741823,1073676287,1073709055,1073573887,1073446911,1073741823,1073479679,1073741823,1073741823,1073741823:h7
1073741823,1073741823,1073741823,1073741823,1073741823,1073741823,1073676287,1073709055,1073573887,1073446911,1073741823,1073725439,1073741823,1073741823,1073741823:h7
1073741823,1073741823,1073741823,1073741823,1073741823,1073741823,1073676287,1073709055,1073573887,1073446911,1073725439,1073741823,1073741823,1073741823,1073741823:j8
1073741823,1073741823,1073741823,1073741823,1073741823,1069547519,1073676287,1073184767,1073573887,1073446911,1073725439,1073741823,1073741823,1073741823,1073741823:g11
1073741823,1073741823,1073741823,1073741823,1073741823,1073741823,1073676287,1072136191,1073573887,1073446911,1073725439,1073741823,1073741823,1073741823,1073741823:k7
1073741823,1073741823,1073741823,1073741823,1073741823,1073741823,1073676287,1073184767,1073573887,1073446911,1073725439,1073741823,1073740799,1073741823,1073741823:k7
1073741823,1073741823,1073741823,1073741823,1073741823,1073741823,1073676287,1073184767,1073573887,1073446911,1073725439,1073737727,1073741823,1073741823,1073741823:k7
1073741823,1073741823,1073741823,1073741823,1073741823,1073741823,1073676287,1073184767,1073573887,1073446911,1073725439,1073741823,1073479679,1073741823,1073741823:k7
1073741823,1073741823,1073741823,1073741823,1073741823,1073741823,1073676287,1073184767,1073573887,1073446911,1073725439,1073676287,1073741823,1073741823,1073741823:k7
1073741823,1073741823,1073741823,1073741823,1073741823,1073741823,1073676287,1073184767,1073573887,1073446911,1073725439,1073741823,1073725439,1073741823,1073741823:k7
1073741823,1073741823,1073741823,1073741823,1073741823,1073741823,1073676287,1073184767,1073573887,1073446911,1073724415,1073741823,1073741823,1073741823,1073741823:k7
1073741823,1073741823,1073741823,1073741823,1073741823,1073741823,1073675263,1073184767,1073573887,1073446911,1073725439,1073741823,1073741823,1073741823,1073741823:k7
1073741823,1073741823,1073741823,1073741823,1073741823,1073741823,1073676287,1068990463,1073573887,1073446911,1073725439,1073741823,1073741823,1073741823,1073741823:k7
1073741823,1073741823,1073741823,1073741823,1073741823,1073741823,1073676287,1073184767,1073573887,1069252607,1073725439,1073741823,1073741823,1073741823,1073741823:k7
1073741823,1073741823,1073741823,1073741823,1073741823,1073741823,1073676287,1073184767,1073573887,1072398335,1073725439,1073741823,1073741823,1073741823,1073741823:k7
1073741823,1073741823,1073741823,1073741823,1073741823,1073741823,1073676287,1073184767,1073573887,1073446911,1073725439,1069547519,1073741823,1073741823,1073741823:k7
1073741823,1073741823,1073741823,1073741823,1073741823,1073741823,1073676287,1073184767,1073573887,1073446911,1073463295,1073741823,1073741823,1073741823,1073741823:k7
1073741823,1073741823,1073741823,1073741823,1073741823,1073741823,1073676287,1073184767,1073573887,1073446911,1073725439,1073740799,1073741823,1073741823,1073741823:k7
1073741823,1073741823,1073741823,1073741823,1073741823,1073741823,1073676287,1073184767,1073573887,1073446911,1073725439,1073479679,1073741823,1073741823,1073741823:k7
1073741823,1073741823,1073741823,1073741823,1073741823,1073741823,1073676287,1073184767,1073573887,1073446911,1073725439,1073725439,1073741823,1073741823,1073741823:k7
1073741823,1073741823,1073741823,1073741823,1073741823,1073741823,1073676287,1073184767,1073573887,1073446911,1073725183,1073741823,1073741823,1073741823,1073741823:k7
1073741823,1073741823,1073741823,1073741823,1073741823,1073741823,1073676287,1073184767,1073573631,1073446911,1073725439,1073741823,1073741823,1073741823,1073741823:k7
1073741823,1073741823,1073741823,1073741823,1073741823,1073741823,1073676287,1073184767,1073572863,1073446911,1073725439,1073741823,1073741823,1073741823,1073741823:k7
1073741823,1073741823,1073741823,1073741823,1073741823,1073741823,1073676031,1073184767,1073573887,1073446911,1073725439,1073741823,1073741823,1073741823,1073741823:k7
1073741823,1073741823,1073741823,1073741823,1073741823,1073741823,1073676287,1073184767,1073573887,1073442815,1073725439,1073741823,1073741823,1073741823,1073741823:k7
1073741823,1073741823,1073741823,1073741823,1073741823,1073741823,1073676287,1073184767,1073573887,1073446911,1073721343,1073741823,1073741823,1073741823,1073741823:i8
1073741823,1073741823,1073741823,1073741823,1073741823,1073737727,1073676287,1073053695,1073573887,1073446911,1073721343,1073741823,1073741823,1073741823,1073741823:g8
1073741823,1073741823,1073741823,1073741823,1073741823,1072693247,1073676287,1073053695,1073573887,1073446911,1073721343,1073741823,1073741823,1073741823,1073741823:g8
1073741823,1073741823,1073741823,1073741823,1073741823,1073741823,1073676287,1073053695,1073573887,1073446911,1073721343,1073741823,1073740799,1073741823,1073741823:g8
1073741823,1073741823,1073741823,1073741823,1073741823,1073741823,1073676287,1073053695,1073573887,1073446911,1073721343,1073741823,1073479679,1073741823,1073741823:g8
1073741823,1073741823,1073741823,1073741823,1073741823,1073741823,1073676287,1073053695,1073573887,1073446911,1073721343,1073676287,1073741823,1073741823,1073741823:g8
1073741823,1073741823,1073741823,1073741823,1073741823,1073741823,1073676287,1073053695,1073573887,1073446911,1073721343,1073741823,1073725439,1073741823,1073741823:g8
1073741823,1073741823,1073741823,1073741823,1073741823,1073741823,1073675263,1073053695,1073573887,1073446911,1073721343,1073741823,1073741823,1073741823,1073741823:g8
1073741823,1073741823,1073741823,1073741823,1073741823,1073741823,1073676287,1073053695,1073573887,1073446911,1073721343,1073741823,1073741567,1073741823,1073741823:g8
1073741823,1073741823,1073741823,1073741823,1073741823,1073741823,1073676287,1073053695,1073573887,1073446911,1073720319,1073741823,1073741823,1073741823,1073741823:g8
1073741823,1073741823,1073741823,1073741823,1073741823,1073741823,1073676287,1073053695,1073573887,1073446911,1073721343,1073741823,1073676287,1073741823,1073741823:g8
1073741823,1073741823,1073741823,1073741823,1073741823,1073741823,1073676287,1073053695,1073573887,1073446911,1073721343,1073741823,1073737727,1073741823,1073741823:g8
1073741823,1073741823,1073741823,1073741823,1073741823,1073741823,1073676287,1073053695,1073573887,1073446911,1073721343,1073737727,1073741823,1073741823,1073741823:g8
1073741823,1073741823,1073741823,1073741823,1073741823,1069547519,1073676287,1073053695,1073573887,1073446911,1073721343,1073741823,1073741823,1073741823,1073741823:g8
1073741823,1073741823,1073741823,1073741823,1073741823,1073741823,1073676287,1072005119,1073573887,1073446911,1073721343,1073741823,1073741823,1073741823,1073741823:g8
1073741823,1073741823,1073741823,1073741823,1073741823,1073741823,1073676287,1068859391,1073573887,1073446911,1073721343,1073741823,1073741823,1073741823,1073741823:g8
1073741823,1073741823,1073741823,1073741823,1073741823,1073741823,1073676287,1073053695,1073573887,1069252607,1073721343,1073741823,1073741823,1073741823,1073741823:g8
1073741823,1073741823,1073741823,1073741823,1073741823,1073741823,1073676287,1073053695,1073573887,1072398335,1073721343,1073741823,1073741823,1073741823,1073741823:g8
1073741823,1073741823,1073741823,1073741823,1073741823,1073741823,1073676287,1073053695,1073573887,1073446911,1073721343,1069547519,1073741823,1073741823,1073741823:g8
1073741823,1073741823,1073741823,1073741823,1073741823,1073741823,1073676287,1073053695,1073573887,1073446911,1073459199,1073741823,1073741823,1073741823,1073741823:g8
1073741823,1073741823,1073741823,1073741823,1073741823,1073741823,1073676287,1073053695,1073573887,1073446911,1073721343,1073740799,1073741823,1073741823,1073741823:g8
1073741823,1073741823,1073741823,1073741823,1073741823,1073741823,1073676287,1073053695,1073573887,1073446911,1073721343,1073479679,1073741823,1073741823,1073741823:g8
1073741823,1073741823,1073741823,1073741823,1073741823,1073741823,1073676287,1073053695,1073573887,1073446911,1073721343,1073725439,1073741823,1073741823,1073741823:g8
1073741823,1073741823,1073741823,1073741823,1073741823,1073741823,1073676287,1073053695,1073573887,1073446911,1073721087,1073741823,1073741823,1073741823,1073741823:g8
1073741823,1073741823,1073741823,1073741823,1073741823,1073741823,1073676287,1073053695,1073573631,1073446911,1073721343,1073741823,1073741823,1073741823,1073741823:g8
1073741823,1073741823,1073741823,1073741823,1073741823,1073741823,1073676287,1073053695,1073572863,1073446911,1073721343,1073741823,1073741823,1073741823,1073741823:g8
1073741823,1073741823,1073741823,1073741823,1073741823,1073741823,1073676031,1073053695,1073573887,1073446911,1073721343,1073741823,1073741823,1073741823,1073741823:g8
1073741823,1073741823,1073741823,1073741823,1073741823,1073741823,1073676287,1073053695,1073573887,1073442815,1073721343,1073741823,1073741823,1073741823,1073741823:g8
1073741823,1073741823,1073741823,1073741823,1073741823,1073741823,1073676287,1073053695,1073311743,1073446911,1073721343,1073741823,1073741823,1073741823,1073741823:g8
1073741823,1073741823,1073741823,1073741823,1073741823,1073741823,1073676287,1073053695,1073573887,1073446911,1072672767,1073741823,1073741823,1073741823,1073741823:g8
1073741823,1073741823,1073741823,1073741823,1073741823,1073741823,1073676287,1073053695,1073573887,1073446911,1073655807,1073741823,1073741823,1073741823,1073741823:g8
1073741823,1073741823,1073741823,1073741823,1073741823,1073741823,1073676287,1073053695,1073573887,1073381375,1073721343,1073741823,1073741823,1073741823,1073741823:g8
1073741823,1073741823,1073741823,1073741823,1073737727,1073741823,1073676287,1073053695,1073573887,1073446911,1073721343,1073741823,1073741823,1073741823,1073741823:g8
1073741823,1073741823,1073741823,1073741823,1073676287,1073741823,1073676287,1073053695,1073573887,1073446911,1073721343,1073741823,1073741823,1073741823,1073741823:g8
1073741823,1073741823,1073741823,1073741823,1073741823,1073676287,1073676287,1073053695,1073573887,1073446911,1073721343,1073741823,1073741823,1073741823,1073741823:g8
1073741823,1073741823,1073741823,1073741823,1072693247,1073741823,1073676287,1073053695,1073573887,1073446911,1073721343,1073741823,1073741823,1073741823,1073741823:g8
1073741823,1073741823,1073741823,1073741823,1073741823,1073741823,1072627711,1073053695,1073573887,1073446911,1073721343,1073741823,1073741823,1073741823,1073741823:g8
1073741823,1073741823,1073741823,1073741823,1073741823,1073741823,1073414143,1073053695,1073573887,1073446911,1073721343,1073741823,1073741823,1073741823,1073741823:g8
1073741823,1073741823,1073741823,1073741823,1073741823,1073741823,1073676287,1073053695,1072525311,1073446911,1073721343,1073741823,1073741823,1073741823,1073741823:g8
1073741823,1073741823,1073741823,1073741823,1073741823,1073741823,1073676287,1073053695,1073573887,1073445887,1073721343,1073741823,1073741823,1073741823,1073741823:g8
1073741823,1073741823,1073741823,1073741823,1073741823,1073741823,1073676287,1073052671,1073573887,1073446911,1073721343,1073741823,1073741823,1073741823,1073741823:k8
1073741823,1073741823,1073741823,1073741823,1073741823,1073741823,1073676287,1073049599,1073573887,1073446911,1073721343,1073741823,1073741823,1073741823,1073741823:g10
1073741823,1073741823,1073741823,1073741823,1073741823,1073741823,1073676287,1073049599,1073573887,1073438719,1073721343,1073741567,1073741823,1073741823,1073741823:j7
1073741823,1073741823,1073741823,1073741823,1073741823,1073741823,1073676287,1073049599,1073573887,1073438463,1073721343,1073741823,1073741823,1073741823,1073741823:j7
1073741823,1073741823,1073741823,1073741823,1073741823,1073741823,1073676287,1073049343,1073573887,1073438719,1073721343,1073741823,1073741823,1073741823,1073741823:j7
1073741823,1073741823,1073741823,1073741823,1073741823,1073741567,1073676287,1073049599,1073573887,1073438719,1073721343,1073741823,1073741823,1073741823,1073741823:j7
1073741823,1073741823,1073741823,1073741823,1073741823,1073737727,1073676287,1073049599,1073573887,1073438719,1073721343,1073741823,1073741823,1073741823,1073741823:j7
1073741823,1073741823,1073741823,1073741823,1073741823,1072693247,1073676287,1073049599,1073573887,1073438719,1073721343,1073741823,1073741823,1073741823,1073741823:f11
1073741823,1073741823,1073741823,1073741823,1073741823,1073741823,1073676287,1073049599,1073573887,1073438719,1073721343,1073741823,1073741567,1073741823,1073741823:j7
1073741823,1073741823,1073741823,1073741823,1073741823,1073741823,1073676287,1073049599,1073573887,1073438719,1073721343,1073741823,1073676287,1073741823,1073741823:j7
1073741823,1073741823,1073741823,1073741823,1073741823,1073741823,1073676287,1073049599,1073573887,1073438719,1073721343,1073741823,1073737727,1073741823,1073741823:j7
1073741823,1073741823,1073741823,1073741823,1073741823,1069547519,1073676287,1073049599,1073573887,1073438719,1073721343,1073741823,1073741823,1073741823,1073741823:j7
1073741823,1073741823,1073741823,1073741823,1073741823,1073741823,1073676287,1072001023,1073573887,1073438719,1073721343,1073741823,1073741823,1073741823,1073741823:j7
1073741823,1073741823,1073741823,1073741823,1073741823,1073741823,1073676287,1073049599,1073573887,1073438719,1073721343,1073741823,1073740799,1073741823,1073741823:j7
1073741823,1073741823,1073741823,1073741823,1073741823,1073741823,1073676287,1073049599,1073573887,1073438719,1073721343,1073737727,1073741823,1073741823,1073741823:j7
1073741823,1073741823,1073741823,1073741823,1073741823,1073741823,1073676287,1073049599,1073573887,1073438719,1073721343,1073741823,1073479679,1073741823,1073741823:j7
1073741823,1073741823,1073741823,1073741823,1073741823,1073741823,1073676287,1073049599,1073573887,1073438719,1073721343,1073676287,1073741823,1073741823,1073741823:j7
1073741823,1073741823,1073741823,1073741823,1073741823,1073741823,1073676287,1073049599,1073573887,1073438719,1073721343,1073741823,1073725439,1073741823,1073741823:j7
1073741823,1073741823,1073741823,1073741823,1073741823,1073741823,1073676287,1073049599,1073573887,1073438719,1073720319,1073741823,1073741823,1073741823,1073741823:k8
1073741823,1073741823,1073741823,1073741823,1073741823,1073741823,1073675263,1073049599,1073573887,1073438719,1073721343,1073741823,1073741823,1073741823,1073741823:j7
1073741823,1073741823,1073741823,1073741823,1073741823,1073741823,1073676287,1068855295,1073573887,1073438719,1073721343,1073741823,1073741823,1073741823,1073741823:j7
1073741823,1073741823,1073741823,1073741823,1073741823,1073741823,1073676287,1073049599,1073573887,1069244415,1073721343,1073741823,1073741823,1073741823,1073741823:j7
1073741823,1073741823,1073741823,1073741823,1073741823,1073741823,1073676287,1073049599,1073573887,1072390143,1073721343,1073741823,1073741823,1073741823,1073741823:j7
1073741823,1073741823,1073741823,1073741823,1073741823,1073741823,1073676287,1073049599,1073573887,1073438719,1073721343,1069547519,1073741823,1073741823,1073741823:j7
1073741823,1073741823,1073741823,1073741823,1073741823,1073741823,1073676287,1073049599,1073573887,1073438719,1073459199,1073741823,1073741823,1073741823,1073741823:j7
1073741823,1073741823,1073741823,1073741823,1073741823,1073741823,1073676287,1073049599,1073573887,1073438719,1073721343,1073740799,1073741823,1073741823,1073741823:j7
1073741823,1073741823,1073741823,1073741823,1073741823,1073741823,1073676287,1073049599,1073573887,1073438719,1073721343,1073479679,1073741823,1073741823,1073741823:j7
1073741823,1073741823,1073741823,1073741823,1073741823,1073741823,1073676287,1073049599,1073573887,1073438719,1073721343,1073725439,1073741823,1073741823,1073741823:j7
1073741823,1073741823,1073741823,1073741823,1073741823,1073741823,1073676287,1073049599,1073573887,1073438719,1073721087,1073741823,1073741823,1073741823,1073741823:j7
1073741823,1073741823,1073741823,1073741823,1073741823,1073741823,1073676287,1073049599,1073573631,1073438719,1073721343,1073741823,1073741823,1073741823,1073741823:j7
1073741823,1073741823,1073741823,1073741823,1073741823,1073741823,1073676287,1073049599,1073572863,1073438719,1073721343,1073741823,1073741823,1073741823,1073741823:j7
1073741823,1073741823,1073741823,1073741823,1073741823,1073741823,1073676031,1073049599,1073573887,1073438719,1073721343,1073741823,1073741823,1073741823,1073741823:j7
1073741823,1073741823,1073741823,1073741823,1073741823,1073741823,1073676287,1073049599,1073311743,1073438719,1073721343,1073741823,1073741823,1073741823,1073741823:j7
1073741823,1073741823,1073741823,1073741823,1073741823,1073741823,1073676287,1073049599,1073573887,1073438719,1072672767,1073741823,1073741823,1073741823,1073741823:j7
1073741823,1073741823,1073741823,1073741823,1073741823,1073741823,1073676287,1073049599,1073573887,1073438719,1073655807,1073741823,1073741823,1073741823,1073741823:j7
1073741823,1073741823,1073741823,1073741823,1073741823,1073741823,1073676287,1073049599,1073573887,1073373183,1073721343,1073741823,1073741823,1073741823,1073741823:j7
1073741823,1073741823,1073741823,1073741823,1073737727,1073741823,1073676287,1073049599,1073573887,1073438719,1073721343,1073741823,1073741823,1073741823,1073741823:j7
1073741823,1073741823,1073741823,1073741823,1073676287,1073741823,1073676287,1073049599,1073573887,1073438719,1073721343,1073741823,1073741823,1073741823,1073741823:j7
1073741823,1073741823,1073741823,1073741823,1073741823,1073676287,1073676287,1073049599,1073573887,1073438719,1073721343,1073741823,1073741823,1073741823,1073741823:j7
1073741823,1073741823,1073741823,1073741823,1072693247,1073741823,1073676287,1073049599,1073573887,1073438719,1073721343,1073741823,1073741823,1073741823,1073741823:j7
1073741823,1073741823,1073741823,1073741823,1073741823,1073741823,1072627711,1073049599,1073573887,1073438719,1073721343,1073741823,1073741823,1073741823,1073741823:j7
1073741823,1073741823,1073741823,1073741823,1073741823,1073741823,1073414143,1073049599,1073573887,1073438719,1073721343,1073741823,1073741823,1073741823,1073741823:k8
1073741823,1073741823,1073741823,1073741823,1073741823,1073741823,1073676287,1073049599,1072525311,1073438719,1073721343,1073741823,1073741823,1073741823,1073741823:j7
1073741823,1073741823,1073741823,1073741823,1073741823,1073741823,1073676287,1073049599,1073573887,1073437695,1073721343,1073741823,1073741823,1073741823,1073741823:j7
1073741823,1073741823,1073741823,1073741823,1073741823,1073741823,1073676287,1073048575,1073573887,1073438719,1073721343,1073741823,1073741823,1073741823,1073741823:j7
1073741823,1073741823,1073741823,1073741823,1073741823,1073740799,1073676287,1073049599,1073573887,1073438719,1073721343,1073741823,1073741823,1073741823,1073741823:j7
1073741823,1073741823,1073741823,1073741823,1073741823,1073741823,1073672191,1073049599,1073573887,1073438719,1073721343,1073741823,1073741823,1073741823,1073741823:j7
1073741823,1073741823,1073741823,1073741823,1073741823,1073725439,1073676287,1073049599,1073573887,1073438719,1073721343,1073741823,1073741823,1073741823,1073741823:j7
1073741823,1073741823,1073741823,1073741823,1073741823,1073741823,1073659903,1073049599,1073573887,1073438719,1073721343,1073741823,1073741823,1073741823,1073741823:j7
1073741823,1073741823,1073741823,1073741823,1073741823,1073479679,1073676287,1073049599,1073573887,1073438719,1073721343,1073741823,1073741823,1073741823,1073741823:j7
1073741823,1073741823,1073741823,1073741823,1073741823,1073740799,1073676287,1073053695,1073573887,1073446911,1073721343,1073741823,1073741823,1073741823,1073741823:g8
1073741823,1073741823,1073741823,1073741823,1073741823,1073741823,1073672191,1073053695,1073573887,1073446911,1073721343,1073741823,1073741823,1073741823,1073741823:g8
1073741823,1073741823,1073741823,1073741823,1073741823,1073725439,1073676287,1073053695,1073573887,1073446911,1073721343,1073741823,1073741823,1073741823,1073741823:g8
1073741823,1073741823,1073741823,1073741823,1073741823,1073741823,1073659903,1073053695,1073573887,1073446911,1073721343,1073741823,1073741823,1073741823,1073741823:g8
1073741823,1073741823,1073741823,1073741823,1073741823,1073479679,1073676287,1073053695,1073573887,1073446911,1073721343,1073741823,1073741823,1073741823,1073741823:g8
1073741823,1073741823,1073741823,1073741823,1073741823,1073741823,1073676287,1073184767,1073311743,1073446911,1073725439,1073741823,1073741823,1073741823,1073741823:k7
1073741823,1073741823,1073741823,1073741823,1073741823,1073741823,1073676287,1073184767,1073573887,1073446911,1072676863,1073741823,1073741823,1073741823,1073741823:k7
1073741823,1073741823,1073741823,1073741823,1073741823,1073741823,1073676287,1073184767,1073573887,1073446911,1073659903,1073741823,1073741823,1073741823,1073741823:k7
1073741823,1073741823,1073741823,1073741823,1073741823,1073741823,1073676287,1073184767,1073573887,1073381375,1073725439,1073741823,1073741823,1073741823,1073741823:k7
1073741823,1073741823,1073741823,1073741823,1073737727,1073741823,1073676287,1073184767,1073573887,1073446911,1073725439,1073741823,1073741823,1073741823,1073741823:k7
1073741823,1073741823,1073741823,1073741823,1073676287,1073741823,1073676287,1073184767,1073573887,1073446911,1073725439,1073741823,1073741823,1073741823,1073741823:k7
1073741823,1073741823,1073741823,1073741823,1073741823,1073676287,1073676287,1073184767,1073573887,1073446911,1073725439,1073741823,1073741823,1073741823,1073741823:k7
1073741823,1073741823,1073741823,1073741823,1072693247,1073741823,1073676287,1073184767,1073573887,1073446911,1073725439,1073741823,1073741823,1073741823,1073741823:k7
1073741823,1073741823,1073741823,1073741823,1073741823,1073741823,1072627711,1073184767,1073573887,1073446911,1073725439,1073741823,1073741823,1073741823,1073741823:i8
1073741823,1073741823,1073741823,1073741823,1073741823,1073737727,1072627711,1073053695,1073573887,1073446911,1073725439,1073741823,1073741823,1073741823,1073741823:g8
1073741823,1073741823,1073741823,1073741823,1073741823,1073741823,1072627711,1073053695,1073573887,1073446911,1073725439,1073741823,1073740799,1073741823,1073741823:g8
1073741823,1073741823,1073741823,1073741823,1073741823,1073741823,1072627711,1073053695,1073573887,1073446911,1073725439,1073737727,1073741823,1073741823,1073741823:g8
1073741823,1073741823,1073741823,1073741823,1073741823,1073741823,1072627711,1073053695,1073573887,1073446911,1073725439,1073741823,1073479679,1073741823,1073741823:g8
1073741823,1073741823,1073741823,1073741823,1073741823,1073741823,1072627711,1073053695,1073573887,1073446911,1073725439,1073676287,1073741823,1073741823,1073741823:g8
1073741823,1073741823,1073741823,1073741823,1073741823,1073741823,1072627711,1073053695,1073573887,1073446911,1073725439,1073741823,1073725439,1073741823,1073741823:g8
1073741823,1073741823,1073741823,1073741823,1073741823,1073741823,1072627711,1073053695,1073573887,1073446911,1073724415,1073741823,1073741823,1073741823,1073741823:g8
1073741823,1073741823,1073741823,1073741823,1073741823,1073741823,1072626687,1073053695,1073573887,1073446911,1073725439,1073741823,1073741823,1073741823,1073741823:g8
1073741823,1073741823,1073741823,1073741823,1073741823,1072693247,1072627711,1073053695,1073573887,1073446911,1073725439,1073741823,1073741823,1073741823,1073741823:g8
1073741823,1073741823,1073741823,1073741823,1056964607,1073741823,1072627711,1073053695,1073573887,1073446911,1073725439,1073741823,1073741823,1073741823,1073741823:g8
1073741823,1073741823,1073741823,1073741823,1073741823,1073741823,1055850495,1073053695,1073573887,1073446911,1073725439,1073741823,1073741823,1073741823,1073741823:g8
1073741823,1073741823,1073741823,1073741823,1073741823,1073741823,1068433407,1073053695,1073573887,1073446911,1073725439,1073741823,1073741823,1073741823,1073741823:g8
1073741823,1073741823,1073741823,1073741823,1073741823,1073741823,1072627711,1073053695,1056796671,1073446911,1073725439,1073741823,1073741823,1073741823,1073741823:g8
1073741823,1073741823,1073741823,1073741823,1073741823,1069547519,1072627711,1073053695,1073573887,1073446911,1073725439,1073741823,1073741823,1073741823,1073741823:g8
1073741823,1073741823,1073741823,1073741823,1073741823,1073741823,1072627711,1072005119,1073573887,1073446911,1073725439,1073741823,1073741823,1073741823,1073741823:g8
1073741823,1073741823,1073741823,1073741823,1073741823,1073741823,1072627711,1068859391,1073573887,1073446911,1073725439,1073741823,1073741823,1073741823,1073741823:g8
1073741823,1073741823,1073741823,1073741823,1073741823,1073741823,1072627711,1073053695,1073573887,1069252607,1073725439,1073741823,1073741823,1073741823,1073741823:g8
1073741823,1073741823,1073741823,1073741823,1073741823,1073741823,1072627711,1073053695,1073573887,1072398335,1073725439,1073741823,1073741823,1073741823,1073741823:g8
1073741823,1073741823,1073741823,1073741823,1073741823,1073741823,1072627711,1073053695,1073573887,1073446911,1073725439,1069547519,1073741823,1073741823,1073741823:g8
1073741823,1073741823,1073741823,1073741823,1073741823,1073741823,1072627711,1073053695,1073573887,1073446911,1073463295,1073741823,1073741823,1073741823,1073741823:g8
1073741823,1073741823,1073741823,1073741823,1073741823,1073741823,1072627711,1073053695,1073573887,1073446911,1073725439,1073740799,1073741823,1073741823,1073741823:g8
1073741823,1073741823,1073741823,1073741823,1073741823,1073741823,1072627711,1073053695,1073573887,1073446911,1073725439,1073479679,1073741823,1073741823,1073741823:g8
1073741823,1073741823,1073741823,1073741823,1073741823,1073741823,1072627711,1073053695,1073573887,1073446911,1073725439,1073725439,1073741823,1073741823,1073741823:g8
1073741823,1073741823,1073741823,1073741823,1073741823,1073741823,1072627711,1073053695,1073573887,1073446911,1073725183,1073741823,1073741823,1073741823,1073741823:g8
1073741823,1073741823,1073741823,1073741823,1073741823,1073741823,1072627711,1073053695,1073573631,1073446911,1073725439,1073741823,1073741823,1073741823,1073741823:g8
1073741823,1073741823,1073741823,1073741823,1073741823,1073741823,1072627711,1073053695,1073572863,1073446911,1073725439,1073741823,1073741823,1073741823,1073741823:g8
1073741823,1073741823,1073741823,1073741823,1073741823,1073741823,1072627455,1073053695,1073573887,1073446911,1073725439,1073741823,1073741823,1073741823,1073741823:g8
1073741823,1073741823,1073741823,1073741823,1073741823,1073741823,1072627711,1073053695,1073573887,1073442815,1073725439,1073741823,1073741823,1073741823,1073741823:g8
1073741823,1073741823,1073741823,1073741823,1073741823,1073741823,1072627711,1073053695,1073573887,1073446911,1073721343,1073741823,1073741823,1073741823,1073741823:g8
1073741823,1073741823,1073741823,1073741823,1073741823,1073741823,1072627711,1073053695,1073311743,1073446911,1073725439,1073741823,1073741823,1073741823,1073741823:g8
1073741823,1073741823,1073741823,1073741823,1073741823,1073741823,1072627711,1073053695,1073573887,1073446911,1072676863,1073741823,1073741823,1073741823,1073741823:g8
1073741823,1073741823,1073741823,1073741823,1073741823,1073741823,1072627711,1073053695,1073573887,1073446911,1073659903,1073741823,1073741823,1073741823,1073741823:g8
1073741823,1073741823,1073741823,1073741823,1073741823,1073741823,1072627711,1073053695,1073573887,1073381375,1073725439,1073741823,1073741823,1073741823,1073741823:g8
1073741823,1073741823,1073741823,1073741823,1073737727,1073741823,1072627711,1073053695,1073573887,1073446911,1073725439,1073741823,1073741823,1073741823,1073741823:g8
1073741823,1073741823,1073741823,1073741823,1073676287,1073741823,1072627711,1073053695,1073573887,1073446911,1073725439,1073741823,1073741823,1073741823,1073741823:g8
1073741823,1073741823,1073741823,1073741823,1073741823,1073676287,1072627711,1073053695,1073573887,1073446911,1073725439,1073741823,1073741823,1073741823,1073741823:g8
1073741823,1073741823,1073741823,1073741823,1072693247,1073741823,1072627711,1073053695,1073573887,1073446911,1073725439,1073741823,1073741823,1073741823,1073741823:g8
1073741823,1073741823,1073741823,1073741823,1073741823,1073741823,1072365567,1073053695,1073573887,1073446911,1073725439,1073741823,1073741823,1073741823,1073741823:g8
1073741823,1073741823,1073741823,1073741823,1073741823,1073741823,1072627711,1073053695,1072525311,1073446911,1073725439,1073741823,1073741823,1073741823,1073741823:g8
1073741823,1073741823,1073741823,1073741823,1073741823,1073741823,1072627711,1073053695,1073573887,1073445887,1073725439,1073741823,1073741823,1073741823,1073741823:g8
1073741823,1073741823,1073741823,1073741823,1073741823,1073741823,1072627711,1073052671,1073573887,1073446911,1073725439,1073741823,1073741823,1073741823,1073741823:k8
1073741823,1073741823,1073741823,1073741823,1073741823,1073741823,1072627711,1073049599,1073573887,1073446911,1073725439,1073741823,1073741823,1073741823,1073741823:g10
1073741823,1073741823,1073741823,1073741823,1073741823,1073741823,1072627711,1073049599,1073573887,1073438719,1073725439,1073741567,1073741823,1073741823,1073741823:j7
1073741823,1073741823,1073741823,1073741823,1073741823,1073741823,1072627711,1073049599,1073573887,1073438463,1073725439,1073741823,1073741823,1073741823,1073741823:j7
1073741823,1073741823,1073741823,1073741823,1073741823,1073741823,1072627711,1073049343,1073573887,1073438719,1073725439,1073741823,1073741823,1073741823,1073741823:j7
1073741823,1073741823,1073741823,1073741823,1073741823,1073741567,1072627711,1073049599,1073573887,1073438719,1073725439,1073741823,1073741823,1073741823,1073741823:j7
1073741823,1073741823,1073741823,1073741823,1073741823,1073737727,1072627711,1073049599,1073573887,1073438719,1073725439,1073741823,1073741823,1073741823,1073741823:j7
1073741823,1073741823,1073741823,1073741823,1073741823,1072693247,1072627711,1073049599,1073573887,1073438719,1073725439,1073741823,1073741823,1073741823,1073741823:f11
1073741823,1073741823,1073741823,1073741823,1056964607,1073741823,1072627711,1073049599,1073573887,1073438719,1073725439,1073741823,1073741823,1073741823,1073741823:j7
1073741823,1073741823,1073741823,1073741823,1073741823,1073741823,1055850495,1073049599,1073573887,1073438719,1073725439,1073741823,1073741823,1073741823,1073741823:j7
1073741823,1073741823,1073741823,1073741823,1073741823,1073741823,1068433407,1073049599,1073573887,1073438719,1073725439,1073741823,1073741823,1073741823,1073741823:j7
1073741823,1073741823,1073741823,1073741823,1073741823,1073741823,1072627711,1073049599,1056796671,1073438719,1073725439,1073741823,1073741823,1073741823,1073741823:j7
1073741823,1073741823,1073741823,1073741823,1073741823,1069547519,1072627711,1073049599,1073573887,1073438719,1073725439,1073741823,1073741823,1073741823,1073741823:j7
1073741823,1073741823,1073741823,1073741823,1073741823,1073741823,1072627711,1072001023,1073573887,1073438719,1073725439,1073741823,1073741823,1073741823,1073741823:j7
1073741823,1073741823,1073741823,1073741823,1073741823,1073741823,1072627711,1073049599,1073573887,1073438719,1073725439,1073741823,1073740799,1073741823,1073741823:j7
1073741823,1073741823,1073741823,1073741823,1073741823,1073741823,1072627711,1073049599,1073573887,1073438719,1073725439,1073737727,1073741823,1073741823,1073741823:j7
1073741823,1073741823,1073741823,1073741823,1073741823,1073741823,1072627711,1073049599,1073573887,1073438719,1073725439,1073741823,1073479679,1073741823,1073741823:j7
1073741823,1073741823,1073741823,1073741823,1073741823,1073741823,1072627711,1073049599,1073573887,1073438719,1073725439,1073676287,1073741823,1073741823,1073741823:j7
1073741823,1073741823,1073741823,1073741823,1073741823,1073741823,1072627711,1073049599,1073573887,1073438719,1073725439,1073741823,1073725439,1073741823,1073741823:j7
1073741823,1073741823,1073741823,1073741823,1073741823,1073741823,1072627711,1073049599,1073573887,1073438719,1073724415,1073741823,1073741823,1073741823,1073741823:k8
1073741823,1073741823,1073741823,1073741823,1073741823,1073741823,1072626687,1073049599,1073573887,1073438719,1073725439,1073741823,1073741823,1073741823,1073741823:j7
1073741823,1073741823,1073741823,1073741823,1073741823,1073741823,1072627711,1068855295,1073573887,1073438719,1073725439,1073741823,1073741823,1073741823,1073741823:j7
1073741823,1073741823,1073741823,1073741823,1073741823,1073741823,1072627711,1073049599,1073573887,1069244415,1073725439,1073741823,1073741823,1073741823,1073741823:j7
1073741823,1073741823,1073741823,1073741823,1073741823,1073741823,1072627711,1073049599,1073573887,1072390143,1073725439,1073741823,1073741823,1073741823,1073741823:j7
1073741823,1073741823,1073741823,1073741823,1073741823,1073741823,1072627711,1073049599,1073573887,1073438719,1073725439,1069547519,1073741823,1073741823,1073741823:j7
1073741823,1073741823,1073741823,1073741823,1073741823,1073741823,1072627711,1073049599,1073573887,1073438719,1073463295,1073741823,1073741823,1073741823,1073741823:j7
1073741823,1073741823,1073741823,1073741823,1073741823,1073741823,1072627711,1073049599,1073573887,1073438719,1073725439,1073740799,1073741823,1073741823,1073741823:j7
1073741823,1073741823,1073741823,1073741823,1073741823,1073741823,1072627711,1073049599,1073573887,1073438719,1073725439,1073479679,1073741823,1073741823,1073741823:j7
1073741823,1073741823,1073741823,1073741823,1073741823,1073741823,1072627711,1073049599,1073573887,1073438719,1073725439,1073725439,1073741823,1073741823,1073741823:j7
1073741823,1073741823,1073741823,1073741823,1073741823,1073741823,1072627711,1073049599,1073573887,1073438719,1073725183,1073741823,1073741823,1073741823,1073741823:j7
1073741823,1073741823,1073741823,1073741823,1073741823,1073741823,1072627711,1073049599,1073573631,1073438719,1073725439,1073741823,1073741823,1073741823,1073741823:j7
1073741823,1073741823,1073741823,1073741823,1073741823,1073741823,1072627711,1073049599,1073572863,1073438719,1073725439,1073741823,1073741823,1073741823,1073741823:j7
1073741823,1073741823,1073741823,1073741823,1073741823,1073741823,1072627455,1073049599,1073573887,1073438719,1073725439,1073741823,1073741823,1073741823,1073741823:j7
1073741823,1073741823,1073741823,1073741823,1073741823,1073741823,1072627711,1073049599,1073573887,1073438719,1073721343,1073741823,1073741823,1073741823,1073741823:j7
1073741823,1073741823,1073741823,1073741823,1073741823,1073741823,1072627711,1073049599,1073311743,1073438719,1073725439,1073741823,1073741823,1073741823,1073741823:j7
1073741823,1073741823,1073741823,1073741823,1073741823,1073741823,1072627711,1073049599,1073573887,1073438719,1072676863,1073741823,1073741823,1073741823,1073741823:j7
1073741823,1073741823,1073741823,1073741823,1073741823,1073741823,1072627711,1073049599,1073573887,1073438719,1073659903,1073741823,1073741823,1073741823,1073741823:j7
1073741823,1073741823,1073741823,1073741823,1073741823,1073741823,1072627711,1073049599,1073573887,1073373183,1073725439,1073741823,1073741823,1073741823,1073741823:j7
1073741823,1073741823,1073741823,1073741823,1073737727,1073741823,1072627711,1073049599,1073573887,1073438719,1073725439,1073741823,1073741823,1073741823,1073741823:j7
1073741823,1073741823,1073741823,1073741823,1073676287,1073741823,1072627711,1073049599,1073573887,1073438719,1073725439,1073741823,1073741823,1073741823,1073741823:j7
1073741823,1073741823,1073741823,1073741823,1073741823,1073676287,1072627711,1073049599,1073573887,1073438719,1073725439,1073741823,1073741823,1073741823,1073741823:j7
1073741823,1073741823,1073741823,1073741823,1072693247,1073741823,1072627711,1073049599,1073573887,1073438719,1073725439,1073741823,1073741823,1073741823,1073741823:j7
1073741823,1073741823,1073741823,1073741823,1073741823,1073741823,1072365567,1073049599,1073573887,1073438719,1073725439,1073741823,1073741823,1073741823,1073741823:h7
1073741823,1073741823,1073741823,1073741823,1073740799,1073741823,1072332799,1073049599,1073573887,1073438719,1073725439,1073741823,1073741823,1073741823,1073741823:h6
1073741823,1073741823,1073741823,1073741823,1073725439,1073741823,1072332799,1073049599,1073573887,1073438719,1073725439,1073741823,1073741823,1073741823,1073741823:h6
1073741823,1073741823,1073741823,1073741823,1073479679,1073741823,1072332799,1073049599,1073573887,1073438719,1073725439,1073741823,1073741823,1073741823,1073741823:h6
1073741823,1073741823,1073741823,1073741823,1069547519,1073741823,1072332799,1073049599,1073573887,1073438719,1073725439,1073741823,1073741823,1073741823,1073741823:h6
1073741823,1073741823,1073741823,1073741823,1073741823,1073741823,1072332799,1073049599,1069379583,1073438719,1073725439,1073741823,1073741823,1073741823,1073741823:h6
1073741823,1073741823,1073741823,1073741823,1073741823,1073741823,1072332799,1073049599,1073573887,1073438719,1073725439,1073741567,1073741823,1073741823,1073741823:h6
1073741823,1073741823,1073741823,1073741823,1073741823,1073741823,1072332799,1073049599,1073573887,1073438463,1073725439,1073741823,1073741823,1073741823,1073741823:h6
1073741823,1073741823,1073741823,1073741823,1073741823,1073741823,1072332799,1073049343,1073573887,1073438719,1073725439,1073741823,1073741823,1073741823,1073741823:h6
1073741823,1073741823,1073741823,1073741823,1073741823,1073741567,1072332799,1073049599,1073573887,1073438719,1073725439,1073741823,1073741823,1073741823,1073741823:h6
1073741823,1073741823,1073741823,1073741823,1073741823,1073737727,1072332799,1073049599,1073573887,1073438719,1073725439,1073741823,1073741823,1073741823,1073741823:h6
1073741823,1073741823,1073741823,1073741823,1073741823,1072693247,1072332799,1073049599,1073573887,1073438719,1073725439,1073741823,1073741823,1073741823,1073741823:h6
1073741823,1073741823,1073741823,1073741823,1056964607,1073741823,1072332799,1073049599,1073573887,1073438719,1073725439,1073741823,1073741823,1073741823,1073741823:h6
1073741823,1073741823,1073741823,1073741823,1073741823,1073741823,1055555583,1073049599,1073573887,1073438719,1073725439,1073741823,1073741823,1073741823,1073741823:h6
1073741823,1073741823,1073741823,1073741823,1073741823,1073741823,1068138495,1073049599,1073573887,1073438719,1073725439,1073741823,1073741823,1073741823,1073741823:h6
1073741823,1073741823,1073741823,1073741823,1073741823,1073741823,1072332799,1073049599,1056796671,1073438719,1073725439,1073741823,1073741823,1073741823,1073741823:h6
1073741823,1073741823,1073741823,1073741823,1073741823,1069547519,1072332799,1073049599,1073573887,1073438719,1073725439,1073741823,1073741823,1073741823,1073741823:h6
1073741823,1073741823,1073741823,1073741823,1073741823,1073741823,1072332799,1072001023,1073573887,1073438719,1073725439,1073741823,1073741823,1073741823,1073741823:h6
1073741823,1073741823,1073741823,1073741823,1073741823,1073741823,1072332799,1073049599,1073573887,1073438719,1073725439,1073741823,1073740799,1073741823,1073741823:h6
1073741823,1073741823,1073741823,1073741823,1073741823,1073741823,1072332799,1073049599,1073573887,1073438719,1073725439,1073737727,1073741823,1073741823,1073741823:h6
1073741823,1073741823,1073741823,1073741823,1073741823,1073741823,1072332799,1073049599,1073573887,1073438719,1073725439,1073741823,1073479679,1073741823,1073741823:h6
1073741823,1073741823,1073741823,1073741823,1073741823,1073741823,1072332799,1073049599,1073573887,1073438719,1073725439,1073676287,1073741823,1073741823,1073741823:h6
1073741823,1073741823,1073741823,1073741823,1073741823,1073741823,1072332799,1073049599,1073573887,1073438719,1073725439,1073741823,1073725439,1073741823,1073741823:h6
1073741823,1073741823,1073741823,1073741823,1073741823,1073741823,1072332799,1073049599,1073573887,1073438719,1073724415,1073741823,1073741823,1073741823,1073741823:h6
1073741823,1073741823,1073741823,1073741823,1073741823,1073741823,1072331775,1073049599,1073573887,1073438719,1073725439,1073741823,1073741823,1073741823,1073741823:h6
1073741823,1073741823,1073741823,1073741823,1073741823,1073741823,1072332799,1068855295,1073573887,1073438719,1073725439,1073741823,1073741823,1073741823,1073741823:h6
1073741823,1073741823,1073741823,1073741823,1073741823,1073741823,1072332799,1073049599,1073573887,1069244415,1073725439,1073741823,1073741823,1073741823,1073741823:h6
1073741823,1073741823,1073741823,1073741823,1073741823,1073741823,1072332799,1073049599,1073573887,1072390143,1073725439,1073741823,1073741823,1073741823,1073741823:h6
1073741823,1073741823,1073741823,1073741823,1073741823,1073741823,1072332799,1073049599,1073573887,1073438719,1073725439,1069547519,1073741823,1073741823,1073741823:h6
1073741823,1073741823,1073741823,1073741823,1073741823,1073741823,1072332799,1073049599,1073573887,1073438719,1073463295,1073741823,1073741823,1073741823,1073741823:h6
1073741823,1073741823,1073741823,1073741823,1073741823,1073741823,1072332799,1073049599,1073573887,1073438719,1073725439,1073740799,1073741823,1073741823,1073741823:h6
1073741823,1073741823,1073741823,1073741823,1073741823,1073741823,1072332799,1073049599,1073573887,1073438719,1073725439,1073479679,1073741823,1073741823,1073741823:h6
1073741823,1073741823,1073741823,1073741823,1073741823,1073741823,1072332799,1073049599,1073573887,1073438719,1073725439,1073725439,1073741823,1073741823,1073741823:h6
1073741823,1073741823,1073741823,1073741823,1073741823,1073741823,1072332799,1073049599,1073573887,1073438719,1073725183,1073741823,1073741823,1073741823,1073741823:h6
1073741823,1073741823,1073741823,1073741823,1073741823,1073741823,1072332799,1073049599,1073573631,1073438719,1073725439,1073741823,1073741823,1073741823,1073741823:h6
1073741823,1073741823,1073741823,1073741823,1073741823,1073741823,1072332799,1073049599,1073572863,1073438719,1073725439,1073741823,1073741823,1073741823,1073741823:h6
1073741823,1073741823,1073741823,1073741823,1073741823,1073741823,1072332543,1073049599,1073573887,1073438719,1073725439,1073741823,1073741823,1073741823,1073741823:h6
1073741823,1073741823,1073741823,1073741823,1073741823,1073741823,1072332799,1073049599,1073573887,1073438719,1073721343,1073741823,1073741823,1073741823,1073741823:h6
1073741823,1073741823,1073741823,1073741823,1073741823,1073741823,1072332799,1073049599,1073311743,1073438719,1073725439,1073741823,1073741823,1073741823,1073741823:h6
1073741823,1073741823,1073741823,1073741823,1073741823,1073741823,1072332799,1073049599,1073573887,1073438719,1072676863,1073741823,1073741823,1073741823,1073741823:h6
1073741823,1073741823,1073741823,1073741823,1073741823,1073741823,1072332799,1073049599,1073573887,1073438719,1073659903,1073741823,1073741823,1073741823,1073741823:h6
1073741823,1073741823,1073741823,1073741823,1073741823,1073741823,1072332799,1073049599,1073573887,1073373183,1073725439,1073741823,1073741823,1073741823,1073741823:h6
1073741823,1073741823,1073741823,1073741823,1073737727,1073741823,1072332799,1073049599,1073573887,1073438719,1073725439,1073741823,1073741823,1073741823,1073741823:h6
1073741823,1073741823,1073741823,1073741823,1073676287,1073741823,1072332799,1073049599,1073573887,1073438719,1073725439,1073741823,1073741823,1073741823,1073741823:h6
1073741823,1073741823,1073741823,1073741823,1073741823,1073676287,1072332799,1073049599,1073573887,1073438719,1073725439,1073741823,1073741823,1073741823,1073741823:h6
1073741823,1073741823,1073741823,1073741823,1072693247,1073741823,1072332799,1073049599,1073573887,1073438719,1073725439,1073741823,1073741823,1073741823,1073741823:h6
1073741823,1073741823,1073741823,1073741823,1073741823,1073741823,1072332799,1073049599,1072525311,1073438719,1073725439,1073741823,1073741823,1073741823,1073741823:h6
1073741823,1073741823,1073741823,1073741823,1073741823,1073741823,1072332799,1073049599,1073573887,1073437695,1073725439,1073741823,1073741823,1073741823,1073741823:h6
1073741823,1073741823,1073741823,1073741823,1073741823,1073741823,1072332799,1073048575,1073573887,1073438719,1073725439,1073741823,1073741823,1073741823,1073741823:h6
1073741823,1073741823,1073741823,1073741823,1073741823,1073740799,1072332799,1073049599,1073573887,1073438719,1073725439,1073741823,1073741823,1073741823,1073741823:h6
1073741823,1073741823,1073741823,1073741823,1073741823,1073741823,1072328703,1073049599,1073573887,1073438719,1073725439,1073741823,1073741823,1073741823,1073741823:h6
1073741823,1073741823,1073741823,1073741823,1073741823,1073725439,1072332799,1073049599,1073573887,1073438719,1073725439,1073741823,1073741823,1073741823,1073741823:f12
1073741823,1073741823,1073741823,1073741823,1073741823,1073479679,1072332799,1073049599,1073573887,1073438719,1073725439,1073741823,1073741823,1073741823,1073741823:h6
1073741823,1073741823,1073741823,1073741823,1073741823,1073741823,1072627711,1073049599,1072525311,1073438719,1073725439,1073741823,1073741823,1073741823,1073741823:j7
1073741823,1073741823,1073741823,1073741823,1073741823,1073741823,1072627711,1073049599,1073573887,1073437695,1073725439,1073741823,1073741823,1073741823,1073741823:j7
1073741823,1073741823,1073741823,1073741823,1073741823,1073741823,1072627711,1073048575,1073573887,1073438719,1073725439,1073741823,1073741823,1073741823,1073741823:j7
1073741823,1073741823,1073741823,1073741823,1073741823,1073740799,1072627711,1073049599,1073573887,1073438719,1073725439,1073741823,1073741823,1073741823,1073741823:j7
1073741823,1073741823,1073741823,1073741823,1073741823,1073741823,1072623615,1073049599,1073573887,1073438719,1073725439,1073741823,1073741823,1073741823,1073741823:j7
1073741823,1073741823,1073741823,1073741823,1073741823,1073725439,1072627711,1073049599,1073573887,1073438719,1073725439,1073741823,1073741823,1073741823,1073741823:j7
1073741823,1073741823,1073741823,1073741823,1073741823,1073741823,1072611327,1073049599,1073573887,1073438719,1073725439,1073741823,1073741823,1073741823,1073741823:j7
1073741823,1073741823,1073741823,1073741823,1073741823,1073479679,1072627711,1073049599,1073573887,1073438719,1073725439,1073741823,1073741823,1073741823,1073741823:j7
1073741823,1073741823,1073741823,1073741823,1073741823,1073740799,1072627711,1073053695,1073573887,1073446911,1073725439,1073741823,1073741823,1073741823,1073741823:g8
1073741823,1073741823,1073741823,1073741823,1073741823,1073741823,1072623615,1073053695,1073573887,1073446911,1073725439,1073741823,1073741823,1073741823,1073741823:g8
1073741823,1073741823,1073741823,1073741823,1073741823,1073725439,1072627711,1073053695,1073573887,1073446911,1073725439,1073741823,1073741823,1073741823,1073741823:g8
1073741823,1073741823,1073741823,1073741823,1073741823,1073741823,1072611327,1073053695,1073573887,1073446911,1073725439,1073741823,1073741823,1073741823,1073741823:g8
1073741823,1073741823,1073741823,1073741823,1073741823,1073479679,1072627711,1073053695,1073573887,1073446911,1073725439,1073741823,1073741823,1073741823,1073741823:g8
1073741823,1073741823,1073741823,1073741823,1073741823,1073741823,1073414143,1073184767,1073573887,1073446911,1073725439,1073741823,1073741823,1073741823,1073741823:k7
1073741823,1073741823,1073741823,1073741823,1073741823,1073741823,1073676287,1073184767,1072525311,1073446911,1073725439,1073741823,1073741823,1073741823,1073741823:k7
1073741823,1073741823,1073741823,1073741823,1073741823,1073741823,1073676287,1073184767,1073573887,1073445887,1073725439,1073741823,1073741823,1073741823,1073741823:k7
1073741823,1073741823,1073741823,1073741823,1073741823,1073741823,1073676287,1073183743,1073573887,1073446911,1073725439,1073741823,1073741823,1073741823,1073741823:k7
1073741823,1073741823,1073741823,1073741823,1073741823,1073741823,1073676287,1073180671,1073573887,1073446911,1073725439,1073741823,1073741823,1073741823,1073741823:k7
1073741823,1073741823,1073741823,1073741823,1073741823,1073740799,1073676287,1073184767,1073573887,1073446911,1073725439,1073741823,1073741823,1073741823,1073741823:k7
1073741823,1073741823,1073741823,1073741823,1073741823,1073741823,1073672191,1073184767,1073573887,1073446911,1073725439,1073741823,1073741823,1073741823,1073741823:k7
1073741823,1073741823,1073741823,1073741823,1073741823,1073725439,1073676287,1073184767,1073573887,1073446911,1073725439,1073741823,1073741823,1073741823,1073741823:k7
1073741823,1073741823,1073741823,1073741823,1073741823,1073741823,1073659903,1073184767,1073573887,1073446911,1073725439,1073741823,1073741823,1073741823,1073741823:k7
1073741823,1073741823,1073741823,1073741823,1073741823,1073479679,1073676287,1073184767,1073573887,1073446911,1073725439,1073741823,1073741823,1073741823,1073741823:k7
1073741823,1073741823,1073741823,1073741823,1073741823,1073741823,1073676287,1073119231,1073573887,1073446911,1073725439,1073741823,1073741823,1073741823,1073741823:k7
1073741823,1073741823,1073741823,1073741823,1073741823,1073741823,1073676287,1073709055,1073573887,1073446911,1073741567,1073741823,1073741823,1073741823,1073741823:h7
1073741823,1073741823,1073741823,1073741823,1073741823,1073741823,1073676287,1073709055,1073573631,1073446911,1073741823,1073741823,1073741823,1073741823,1073741823:h7
1073741823,1073741823,1073741823,1073741823,1073741823,1073741823,1073676287,1073709055,1073572863,1073446911,1073741823,1073741823,1073741823,1073741823,1073741823:h7
1073741823,1073741823,1073741823,1073741823,1073741823,1073741823,1073676031,1073709055,1073573887,1073446911,1073741823,1073741823,1073741823,1073741823,1073741823:h7
1073741823,1073741823,1073741823,1073741823,1073741823,1073741823,1073676287,1073709055,1073573887,1073442815,1073741823,1073741823,1073741823,1073741823,1073741823:h7
1073741823,1073741823,1073741823,1073741823,1073741823,1073741823,1073676287,1073709055,1073573887,1073446911,1073737727,1073741823,1073741823,1073741823,1073741823:h7
1073741823,1073741823,1073741823,1073741823,1073741823,1073741823,1073676287,1073709055,1073311743,1073446911,1073741823,1073741823,1073741823,1073741823,1073741823:h7
1073741823,1073741823,1073741823,1073741823,1073741823,1073741823,1073676287,1073709055,1073573887,1073446911,1072693247,1073741823,1073741823,1073741823,1073741823:h7
1073741823,1073741823,1073741823,1073741823,1073741823,1073741823,1073676287,1073709055,1073573887,1073446911,1073676287,1073741823,1073741823,1073741823,1073741823:h7
1073741823,1073741823,1073741823,1073741823,1073741823,1073741823,1073676287,1073709055,1073573887,1073381375,1073741823,1073741823,1073741823,1073741823,1073741823:h7
1073741823,1073741823,1073741823,1073741823,1073737727,1073741823,1073676287,1073709055,1073573887,1073446911,1073741823,1073741823,1073741823,1073741823,1073741823:h7
1073741823,1073741823,1073741823,1073741823,1073676287,1073741823,1073676287,1073709055,1073573887,1073446911,1073741823,1073741823,1073741823,1073741823,1073741823:h7
1073741823,1073741823,1073741823,1073741823,1073741823,1073676287,1073676287,1073709055,1073573887,1073446911,1073741823,1073741823,1073741823,1073741823,1073741823:h7
1073741823,1073741823,1073741823,1073741823,1072693247,1073741823,1073676287,1073709055,1073573887,1073446911,1073741823,1073741823,1073741823,1073741823,1073741823:h7
1073741823,1073741823,1073741823,1073741823,1073741823,1073741823,1072627711,1073709055,1073573887,1073446911,1073741823,1073741823,1073741823,1073741823,1073741823:h7
1073741823,1073741823,1073741823,1073741823,1073741823,1073741823,1073414143,1073709055,1073573887,1073446911,1073741823,1073741823,1073741823,1073741823,1073741823:h7
1073741823,1073741823,1073741823,1073741823,1073741823,1073741823,1073676287,1073709055,1072525311,1073446911,1073741823,1073741823,1073741823,1073741823,1073741823:h7
1073741823,1073741823,1073741823,1073741823,1073741823,1073741823,1073676287,1073709055,1073573887,1073445887,1073741823,1073741823,1073741823,1073741823,1073741823:h7
1073741823,1073741823,1073741823,1073741823,1073741823,1073741823,1073676287,1073708031,1073573887,1073446911,1073741823,1073741823,1073741823,1073741823,1073741823:h7
1073741823,1073741823,1073741823,1073741823,1073741823,1073741823,1073676287,1073704959,1073573887,1073446911,1073741823,1073741823,1073741823,1073741823,1073741823:h7
1073741823,1073741823,1073741823,1073741823,1073741823,1073740799,1073676287,1073709055,1073573887,1073446911,1073741823,1073741823,1073741823,1073741823,1073741823:h7
1073741823,1073741823,1073741823,1073741823,1073741823,1073741823,1073672191,1073709055,1073573887,1073446911,1073741823,1073741823,1073741823,1073741823,1073741823:h7
1073741823,1073741823,1073741823,1073741823,1073741823,1073725439,1073676287,1073709055,1073573887,1073446911,1073741823,1073741823,1073741823,1073741823,1073741823:h11
1073741823,1073741823,1073741823,1073741823,1073741823,1073741823,1073659903,1073709055,1073573887,1073446911,1073741823,1073741823,1073741823,1073741823,1073741823:g11
1073741823,1073741823,1073741823,1073741823,1073741823,1073741823,1073659903,1073709055,1073573887,1073446911,1073733631,1073741823,1073741567,1073741823,1073741823:h12
1073741823,1073741823,1073741823,1073741823,1073741823,1073741823,1073659903,1073709055,1073573887,1073446911,1073733631,1073741823,1073676287,1073741823,1073741823:j8
1073741823,1073741823,1073741823,1073741823,1073741823,1073741823,1073659903,1073709055,1073573887,1073446911,1073733631,1073741823,1073737727,1073741823,1073741823:h12
1073741823,1073741823,1073741823,1073741823,1073741823,1073741823,1073659903,1073709055,1073573887,1073446911,1073733631,1073737727,1073741823,1073741823,1073741823:j8
1073741823,1073741823,1073741823,1073741823,1073740799,1073741823,1073659903,1073709055,1073573887,1073446911,1073733631,1073741823,1073741823,1073741823,1073741823:h12
1073741823,1073741823,1073741823,1073741823,1073741823,1073737727,1073659903,1073709055,1073573887,1073446911,1073733631,1073741823,1073741823,1073741823,1073741823:h12
1073741823,1073741823,1073741823,1073741823,1073725439,1073741823,1073659903,1073709055,1073573887,1073446911,1073733631,1073741823,1073741823,1073741823,1073741823:h12
1073741823,1073741823,1073741823,1073741823,1073479679,1073741823,1073659903,1073709055,1073573887,1073446911,1073733631,1073741823,1073741823,1073741823,1073741823:h12
1073741823,1073741823,1073741823,1073741823,1073741823,1073741823,1073659903,1073709055,1073573887,1073446911,1073732607,1073741823,1073741823,1073741823,1073741823:j8
1073741823,1073741823,1073741823,1073741823,1073741823,1073741823,1073658879,1073709055,1073573887,1073446911,1073733631,1073741823,1073741823,1073741823,1073741823:j8
1073741823,1073741823,1073741823,1073741823,1073741823,1073741823,1073659903,1069514751,1073573887,1073446911,1073733631,1073741823,1073741823,1073741823,1073741823:h12
1073741823,1073741823,1073741823,1073741823,1073741823,1073741823,1073659903,1073709055,1073573887,1069252607,1073733631,1073741823,1073741823,1073741823,1073741823:h12
1073741823,1073741823,1073741823,1073741823,1073741823,1073741823,1073659903,1073709055,1073573887,1072398335,1073733631,1073741823,1073741823,1073741823,1073741823:j8
1073741823,1073741823,1073741823,1073741823,1073741823,1073741823,1073659903,1073709055,1073573887,1073446911,1073733631,1069547519,1073741823,1073741823,1073741823:h12
1073741823,1073741823,1073741823,1073741823,1073741823,1073741823,1073659903,1073709055,1073573887,1073446911,1073471487,1073741823,1073741823,1073741823,1073741823:h12
1073741823,1073741823,1073741823,1073741823,1073741823,1073741823,1073659903,1073709055,1073573887,1073446911,1073733631,1073740799,1073741823,1073741823,1073741823:j11
1073741823,1073741823,1073741823,1073741823,1073741823,1073741823,1073659903,1073709055,1073573887,1073446911,1073209343,1073740799,1073725439,1073741823,1073741823:h11
1073741823,1073741823,1073741823,1073741823,1073741823,1073741823,1073659903,1073709055,1073573887,1073446911,1073209343,1073675263,1073741823,1073741823,1073741823:h11
1073741823,1073741823,1073741823,1073741823,1073741823,1073741823,1073659903,1073709055,1069379583,1073446911,1073209343,1073740799,1073741823,1073741823,1073741823:h11
1073741823,1073741823,1073741823,1073741823,1073741823,1073741823,1073659903,1073709055,1073573887,1073446911,1069015039,1073740799,1073741823,1073741823,1073741823:h11
1073741823,1073741823,1073741823,1073741823,1073741823,1073741823,1073659903,1073709055,1073573887,1073446911,1073209343,1073740799,1069547519,1073741823,1073741823:h11
1073741823,1073741823,1073741823,1073741823,1073741823,1073741823,1073659903,1073709055,1073573887,1073446911,1073209343,1072692223,1073741823,1073741823,1073741823:h11
1073741823,1073741823,1073741823,1073741823,1073741823,1073741823,1073659903,1073709055,1073573887,1073446911,1073209343,1073740799,1073479679,1073741823,1073741823:h11
1073741823,1073741823,1073741823,1073741823,1073740799,1073741823,1073659903,1073709055,1073573887,1073446911,1073209343,1073740799,1073741823,1073741823,1073741823:h11
1073741823,1073741823,1073741823,1073741823,1073741823,1073737727,1073659903,1073709055,1073573887,1073446911,1073209343,1073740799,1073741823,1073741823,1073741823:h11
1073741823,1073741823,1073741823,1073741823,1073725439,1073741823,1073659903,1073709055,1073573887,1073446911,1073209343,1073740799,1073741823,1073741823,1073741823:h11
1073741823,1073741823,1073741823,1073741823,1073479679,1073741823,1073659903,1073709055,1073573887,1073446911,1073209343,1073740799,1073741823,1073741823,1073741823:h11
1073741823,1073741823,1073741823,1073741823,1073741823,1073741823,1073658879,1073709055,1073573887,1073446911,1073209343,1073740799,1073741823,1073741823,1073741823:h11
1073741823,1073741823,1073741823,1073741823,1073741823,1073741823,1073659903,1073709055,1073573887,1073446911,1073209343,1073740799,1073741823,1073741759,1073741823:h11
1073741823,1073741823,1073741823,1073741823,1073741823,1073741823,1073659903,1073709055,1073573887,1073446911,1073209343,1073740735,1073741823,1073741823,1073741823:h11
1073741823,1073741823,1073741823,1073741823,1073741823,1073741823,1073659903,1073709055,1073573887,1073446911,1073209343,1073740543,1073741823,1073741823,1073741823:h11
1073741823,1073741823,1073741823,1073741823,1073741823,1073741823,1073659903,1073709055,1073573887,1073446847,1073209343,1073740799,1073741823,1073741823,1073741823:h11
1073741823,1073741823,1073741823,1073741823,1073741823,1073741823,1073659903,1073709055,1073573887,1073446911,1073209343,1073740799,1073741823,1073725439,1073741823:h11
1073741823,1073741823,1073741823,1073741823,1073741823,1073741823,1073659903,1073709055,1073573887,1073446911,1073209343,1073740799,1073741823,1073740799,1073741823:h11
1073741823,1073741823,1073741823,1073741823,1073741823,1073741823,1073659903,1073709055,1073573887,1073446911,1073209343,1073740799,1073740799,1073741823,1073741823:h11
1073741823,1073741823,1073741823,1073741823,1073741823,1073741823,1073659903,1073709055,1073573887,1073446911,1073209343,1073740799,1073741567,1073741823,1073741823:h11
1073741823,1073741823,1073741823,1073741823,1073741823,1073741823,1073659903,1073709055,1073573887,1073446911,1073208319,1073740799,1073741823,1073741823,1073741823:h11
1073741823,1073741823,1073741823,1073741823,1073741823,1073741823,1073659903,1073709055,1073573887,1073446911,1073209343,1073740799,1073676287,1073741823,1073741823:h11
1073741823,1073741823,1073741823,1073741823,1073741823,1073741823,1073659903,1073709055,1073573887,1073446911,1073209343,1073740799,1073737727,1073741823,1073741823:h11
1073741823,1073741823,1073741823,1073741823,1073741823,1073741823,1073659903,1073709055,1073573887,1073446911,1073209343,1073736703,1073741823,1073741823,1073741823:h11
1073741823,1073741823,1073741823,1073741823,1073741823,1073741823,1073659903,1069514751,1073573887,1073446911,1073209343,1073740799,1073741823,1073741823,1073741823:h11
1073741823,1073741823,1073741823,1073741823,1073741823,1073741823,1073659903,1073709055,1073573887,1069252607,1073209343,1073740799,1073741823,1073741823,1073741823:h11
1073741823,1073741823,1073741823,1073741823,1073741823,1073741823,1073659903,1073709055,1073573887,1072398335,1073209343,1073740799,1073741823,1073741823,1073741823:h11
1073741823,1073741823,1073741823,1073741823,1073741823,1073741823,1073659903,1073709055,1073573887,1073446911,1073209343,1069546495,1073741823,1073741823,1073741823:h11
1073741823,1073741823,1073741823,1073741823,1073741823,1073741823,1073659903,1073709055,1073573887,1073446911,1073209343,1073478655,1073741823,1073741823,1073741823:h11
1073741823,1073741823,1073741823,1073741823,1073741823,1073741823,1073659903,1073709055,1073573887,1073446911,1073209343,1073724415,1073741823,1073741823,1073741823:g8
1073741823,1073741823,1073741823,1073741823,1073741823,1073741823,1073659903,1073709055,1073573887,1073446911,1073192959,1073740799,1073741823,1073741823,1073741823:g8
1073741823,1073741823,1073741823,1073741823,1073741823,1073741823,1073659903,1073709055,1073573887,1073446911,1073209087,1073740799,1073741823,1073741823,1073741823:h11
1073741823,1073741823,1073741823,1073741823,1073741823,1073741823,1073659903,1073709055,1073573631,1073446911,1073209343,1073740799,1073741823,1073741823,1073741823:h11
1073741823,1073741823,1073741823,1073741823,1073741823,1073741823,1073659903,1073709055,1073572863,1073446911,1073209343,1073740799,1073741823,1073741823,1073741823:h11
1073741823,1073741823,1073741823,1073741823,1073741823,1073741823,1073659647,1073709055,1073573887,1073446911,1073209343,1073740799,1073741823,1073741823,1073741823:h11
1073741823,1073741823,1073741823,1073741823,1073741823,1073741823,1073659903,1073709055,1073573887,1073442815,1073209343,1073740799,1073741823,1073741823,1073741823:h11
1073741823,1073741823,1073741823,1073741823,1073741823,1073741823,1073659903,1073709055,1073311743,1073446911,1073209343,1073740799,1073741823,1073741823,1073741823:h11
1073741823,1073741823,1073741823,1073741823,1073741823,1073741823,1073659903,1073709055,1073573887,1073446911,1072160767,1073740799,1073741823,1073741823,1073741823:h11
1073741823,1073741823,1073741823,1073741823,1073741823,1073741823,1073659903,1073709055,1073573887,1073446911,1073143807,1073740799,1073741823,1073741823,1073741823:g8
1073741823,1073741823,1073741823,1073741823,1073741823,1073741823,1073659903,1073709055,1073573887,1073381375,1073209343,1073740799,1073741823,1073741823,1073741823:h11
1073741823,1073741823,1073741823,1073741823,1073737727,1073741823,1073659903,1073709055,1073573887,1073446911,1073209343,1073740799,1073741823,1073741823,1073741823:h11
1073741823,1073741823,1073741823,1073741823,1073676287,1073741823,1073659903,1073709055,1073573887,1073446911,1073209343,1073740799,1073741823,1073741823,1073741823:h11
1073741823,1073741823,1073741823,1073741823,1073741823,1073676287,1073659903,1073709055,1073573887,1073446911,1073209343,1073740799,1073741823,1073741823,1073741823:h11
1073741823,1073741823,1073741823,1073741823,1072693247,1073741823,1073659903,1073709055,1073573887,1073446911,1073209343,1073740799,1073741823,1073741823,1073741823:h11
1073741823,1073741823,1073741823,1073741823,1073741823,1073741823,1072611327,1073709055,1073573887,1073446911,1073209343,1073740799,1073741823,1073741823,1073741823:h11
1073741823,1073741823,1073741823,1073741823,1073741823,1073741823,1073397759,1073709055,1073573887,1073446911,1073209343,1073740799,1073741823,1073741823,1073741823:h11
1073741823,1073741823,1073741823,1073741823,1073741823,1073741823,1073659903,1073709055,1072525311,1073446911,1073209343,1073740799,1073741823,1073741823,1073741823:h11
1073741823,1073741823,1073741823,1073741823,1073741823,1073741823,1073659903,1073709055,1073573887,1073445887,1073209343,1073740799,1073741823,1073741823,1073741823:h11
1073741823,1073741823,1073741823,1073741823,1073741823,1073741823,1073659903,1073708031,1073573887,1073446911,1073209343,1073740799,1073741823,1073741823,1073741823:h11
1073741823,1073741823,1073741823,1073741823,1073741823,1073741823,1073659903,1073704959,1073573887,1073446911,1073209343,1073740799,1073741823,1073741823,1073741823:h11
1073741823,1073741823,1073741823,1073741823,1073741823,1073740799,1073659903,1073709055,1073573887,1073446911,1073209343,1073740799,1073741823,1073741823,1073741823:h11
1073741823,1073741823,1073741823,1073741823,1073741823,1073741823,1073655807,1073709055,1073573887,1073446911,1073209343,1073740799,1073741823,1073741823,1073741823:h11
1073741823,1073741823,1073741823,1073741823,1073741823,1073725439,1073659903,1073709055,1073573887,1073446911,1073209343,1073740799,1073741823,1073741823,1073741823:h11
1073741823,1073741823,1073741823,1073741823,1073741823,1073479679,1073659903,1073709055,1073573887,1073446911,1073209343,1073740799,1073741823,1073741823,1073741823:h11
1073741823,1073741823,1073741823,1073741823,1073741823,1073741823,1073659903,1073446911,1073573887,1073446911,1073209343,1073740799,1073741823,1073741823,1073741823:h11
1073741823,1073741823,1073741823,1073741823,1073741823,1073741823,1073659903,1073643519,1073573887,1073446911,1073209343,1073740799,1073741823,1073741823,1073741823:h11
1073741823,1073741823,1073741823,1073741823,1073741823,1073741823,1073659903,1073709055,1073573887,1073446911,1073733631,1073479679,1073741823,1073741823,1073741823:h12
1073741823,1073741823,1073741823,1073741823,1073741823,1073741823,1073659903,1073709055,1073573887,1073446911,1073733631,1073725439,1073741823,1073741823,1073741823:j8
1073741823,1073741823,1073741823,1073741823,1073741823,1073741823,1073659903,1073709055,1073573887,1073446911,1073717247,1073741823,1073741823,1073741823,1073741823:j8
1073741823,1073741823,1073741823,1073741823,1073741823,1073741823,1073659903,1073709055,1073573887,1073446911,1073733375,1073741823,1073741823,1073741823,1073741823:j8
1073741823,1073741823,1073741823,1073741823,1073741823,1073741823,1073659903,1073709055,1073573631,1073446911,1073733631,1073741823,1073741823,1073741823,1073741823:j8
1073741823,1073741823,1073741823,1073741823,1073741823,1073741823,1073659903,1073709055,1073572863,1073446911,1073733631,1073741823,1073741823,1073741823,1073741823:j8
1073741823,1073741823,1073741823,1073741823,1073741823,1073741823,1073659647,1073709055,1073573887,1073446911,1073733631,1073741823,1073741823,1073741823,1073741823:j8
1073741823,1073741823,1073741823,1073741823,1073741823,1073741823,1073659903,1073709055,1073573887,1073442815,1073733631,1073741823,1073741823,1073741823,1073741823:j8
1073741823,1073741823,1073741823,1073741823,1073741823,1073741823,1073659903,1073709055,1073311743,1073446911,1073733631,1073741823,1073741823,1073741823,1073741823:j8
1073741823,1073741823,1073741823,1073741823,1073741823,1073741823,1073659903,1073709055,1073573887,1073446911,1072685055,1073741823,1073741823,1073741823,1073741823:h12
1073741823,1073741823,1073741823,1073741823,1073741823,1073741823,1073659903,1073709055,1073573887,1073446911,1073668095,1073741823,1073741823,1073741823,1073741823:h12
1073741823,1073741823,1073741823,1073741823,1073741823,1073741823,1073659903,1073709055,1073573887,1073381375,1073733631,1073741823,1073741823,1073741823,1073741823:j8
1073741823,1073741823,1073741823,1073741823,1073737727,1073741823,1073659903,1073709055,1073573887,1073446911,1073733631,1073741823,1073741823,1073741823,1073741823:h12
1073741823,1073741823,1073741823,1073741823,1073676287,1073741823,1073659903,1073709055,1073573887,1073446911,1073733631,1073741823,1073741823,1073741823,1073741823:h12
1073741823,1073741823,1073741823,1073741823,1073741823,1073676287,1073659903,1073709055,1073573887,1073446911,1073733631,1073741823,1073741823,1073741823,1073741823:j8
1073741823,1073741823,1073741823,1073741823,1072693247,1073741823,1073659903,1073709055,1073573887,1073446911,1073733631,1073741823,1073741823,1073741823,1073741823:h12
1073741823,1073741823,1073741823,1073741823,1073741823,1073741823,1072611327,1073709055,1073573887,1073446911,1073733631,1073741823,1073741823,1073741823,1073741823:f12
1073741823,1073741823,1073741823,1073741823,1073741823,1073741823,1073397759,1073709055,1073573887,1073446911,1073733631,1073741823,1073741823,1073741823,1073741823:j8
1073741823,1073741823,1073741823,1073741823,1073741823,1073741823,1073659903,1073709055,1072525311,1073446911,1073733631,1073741823,1073741823,1073741823,1073741823:h12
1073741823,1073741823,1073741823,1073741823,1073741823,1073741823,1073659903,1073709055,1073573887,1073445887,1073733631,1073741823,1073741823,1073741823,1073741823:j8
1073741823,1073741823,1073741823,1073741823,1073741823,1073741823,1073659903,1073708031,1073573887,1073446911,1073733631,1073741823,1073741823,1073741823,1073741823:j8
1073741823,1073741823,1073741823,1073741823,1073741823,1073741823,1073659903,1073704959,1073573887,1073446911,1073733631,1073741823,1073741823,1073741823,1073741823:j8
1073741823,1073741823,1073741823,1073741823,1073741823,1073740799,1073659903,1073709055,1073573887,1073446911,1073733631,1073741823,1073741823,1073741823,1073741823:h12
1073741823,1073741823,1073741823,1073741823,1073741823,1073741823,1073655807,1073709055,1073573887,1073446911,1073733631,1073741823,1073741823,1073741823,1073741823:j8
1073741823,1073741823,1073741823,1073741823,1073741823,1073725439,1073659903,1073709055,1073573887,1073446911,1073733631,1073741823,1073741823,1073741823,1073741823:j8
1073741823,1073741823,1073741823,1073741823,1073741823,1073479679,1073659903,1073709055,1073573887,1073446911,1073733631,1073741823,1073741823,1073741823,1073741823:h12
1073741823,1073741823,1073741823,1073741823,1073741823,1073741823,1073659903,1073446911,1073573887,1073446911,1073733631,1073741823,1073741823,1073741823,1073741823:h12
1073741823,1073741823,1073741823,1073741823,1073741823,1073741823,1073659903,1073643519,1073573887,1073446911,1073733631,1073741823,1073741823,1073741823,1073741823:j8
1073741823,1073741823,1073741823,1073741823,1073741823,1073479679,1073676287,1073709055,1073573887,1073446911,1073741823,1073741823,1073741823,1073741823,1073741823:h7
1073741823,1073741823,1073741823,1073741823,1073741823,1073741823,1073676287,1073446911,1073573887,1073446911,1073741823,1073741823,1073741823,1073741823,1073741823:h7
1073741823,1073741823,1073741823,1073741823,1073741823,1073741823,1073676287,1073643519,1073573887,1073446911,1073741823,1073741823,1073741823,1073741823,1073741823:h7
