1073741823,1073741823,1073741823,1073741823,1073676287,1073610751,1069400063,1073184767,1073737727,1073741823,1073741823,1073741823,1073741823,1073741823,1073741823:j7
1073741823,1073741823,1073741823,1073741823,1069481983,1073610751,1068875775,1073184767,1073737727,1073741823,1073741823,1073741823,1073741823,1073741823,1073741823:k8
1073741823,1073741823,1073741823,1073741823,1006567423,1073610751,1068875775,1073184767,1073737727,1073741823,1073741823,1073741823,1073741823,1073741823,1073741823:k8
1073741823,1073741823,1073741823,1073741823,1073676287,1056833535,1068875775,1073184767,1073737727,1073741823,1073741823,1073741823,1073741823,1073741823,1073741823:k8
1073741823,1073741823,1073741823,1073741823,1073676287,1073610751,1001766911,1073184767,1073737727,1073741823,1073741823,1073741823,1073741823,1073741823,1073741823:k8
1073741823,1073741823,1073741823,1073741823,1073676287,1073610751,1052098559,1073184767,1073737727,1073741823,1073741823,1073741823,1073741823,1073741823,1073741823:k8
1073741823,1073741823,1073741823,1073741823,1073676287,1073610751,1068875775,1073184767,1006628863,1073741823,1073741823,1073741823,1073741823,1073741823,1073741823:k8
1073741823,1073741823,1073741823,1073741823,1073676287,1073610751,1068875775,1056407551,1073737727,1073741823,1073741823,1073741823,1073741823,1073741823,1073741823:k8
1073741823,1073741823,1073741823,1073741823,1073676287,1073610751,1068875775,1073184767,1069543423,1073741823,1073741823,1073741823,1073741823,1073741823,1073741823:h6
1073741823,1073741823,1073741823,1073741823,1073676287,1069416447,1068875775,1073184767,1073737727,1073741823,1073741823,1073741823,1073741823,1073741823,1073741823:k8
1073741823,1073741823,1073741823,1073741823,1073676287,1073610751,1068875775,1068990463,1073737727,1073741823,1073741823,1073741823,1073741823,1073741823,1073741823:h6
1073741823,1073741823,1073741823,1073741823,1073676287,1073610751,1068875775,1073184767,1073737727,1069547519,1073741823,1073741823,1073741823,1073741823,1073741823:k8
1073741823,1073741823,1073737727,1073741823,1073676287,1073610751,1068875775,1073184767,1073737727,1073741823,1073741823,1073741823,1073741823,1073741823,1073741823:k8
1073741823,1073741823,1073741823,1073725439,1073676287,1073610751,1068875775,1073184767,1073737727,1073741823,1073741823,1073741823,1073741823,1073741823,1073741823:k8
1073741823,1073741823,1073676287,1073741823,1073676287,1073610751,1068875775,1073184767,1073737727,1073741823,1073741823,1073741823,1073741823,1073741823,1073741823:k8
1073741823,1073741823,1072693247,1073741823,1073676287,1073610751,1068875775,1073184767,1073737727,1073741823,1073741823,1073741823,1073741823,1073741823,1073741823:k8
1073741823,1073741823,1073741823,1073479679,1073676287,1073610751,1068875775,1073184767,1073737727,1073741823,1073741823,1073741823,1073741823,1073741823,1073741823:k8
1073741823,1073741823,1073741823,1073737727,1073676287,1073610751,1068875775,1073184767,1073737727,1073741823,1073741823,1073741823,1073741823,1073741823,1073741823:k8
1073741823,1073741823,1073741823,1073676287,1073676287,1073610751,1068875775,1073184767,1073737727,1073741823,1073741823,1073741823,1073741823,1073741823,1073741823:k8
1073741823,1073741823,1073741823,1072693247,1073676287,1073610751,1068875775,1073184767,1073737727,1073741823,1073741823,1073741823,1073741823,1073741823,1073741823:k8
1073741823,1073741823,1073741823,1073741823,1073676287,1072562175,1068875775,1073184767,1073737727,1073741823,1073741823,1073741823,1073741823,1073741823,1073741823:k8
1073741823,1073741823,1073741823,1073741823,1073676287,1073610751,1068875775,1072136191,1073737727,1073741823,1073741823,1073741823,1073741823,1073741823,1073741823:h6
1073741823,1073741823,1073741823,1073741823,1073676287,1073610751,1068875775,1073184767,1073737727,1073741823,1073741567,1073741823,1073741823,1073741823,1073741823:k8
1073741823,1073741823,1073741823,1073741823,1073676287,1073610751,1068875775,1073184767,1073737471,1073741823,1073741823,1073741823,1073741823,1073741823,1073741823:k8
1073741823,1073741823,1073741823,1073741823,1073676287,1073610751,1068875519,1073184767,1073737727,1073741823,1073741823,1073741823,1073741823,1073741823,1073741823:k8
1073741823,1073741823,1073741823,1073741823,1073676287,1073610751,1068875775,1073184767,1073737727,1073741823,1073676287,1073741823,1073741823,1073741823,1073741823:k8
1073741823,1073741823,1073741823,1073741823,1073676287,1073610751,1068875775,1073184767,1073737727,1073741823,1073737727,1073741823,1073741823,1073741823,1073741823:k8
1073741823,1073741823,1073741823,1073741823,1073676287,1073610751,1068875775,1073184767,1073737727,1073737727,1073741823,1073741823,1073741823,1073741823,1073741823:k8
1073741823,1073741823,1073741823,1073741823,1073672191,1073610751,1068875775,1073184767,1073737727,1073741823,1073741823,1073741823,1073741823,1073741823,1073741823:k8
1073741823,1073741823,1073741823,1073741823,1072627711,1073610751,1068875775,1073184767,1073737727,1073741823,1073741823,1073741823,1073741823,1073741823,1073741823:k8
1073741823,1073741823,1073741823,1073741823,1073676287,1073610751,1067827199,1073184767,1073737727,1073741823,1073741823,1073741823,1073741823,1073741823,1073741823:k8
1073741823,1073741823,1073741823,1073741823,1073676287,1073610751,1068875775,1073184767,1072689151,1073741823,1073741823,1073741823,1073741823,1073741823,1073741823:k8
1073741823,1073741823,1073741823,1073741823,1073676287,1073610751,1068875775,1073184767,1073736703,1073741823,1073741823,1073741823,1073741823,1073741823,1073741823:k8
1073741823,1073741823,1073741823,1073741823,1073676287,1073610751,1068874751,1073184767,1073737727,1073741823,1073741823,1073741823,1073741823,1073741823,1073741823:k8
1073741823,1073741823,1073741823,1073741823,1073675263,1073610751,1068875775,1073184767,1073737727,1073741823,1073741823,1073741823,1073741823,1073741823,1073741823:k8
1073741823,1073741823,1073741823,1073741823,1073676287,1073606655,1068875775,1073184767,1073737727,1073741823,1073741823,1073741823,1073741823,1073741823,1073741823:k8
1073741823,1073741823,1073741823,1073741823,1073659903,1073610751,1068875775,1073184767,1073737727,1073741823,1073741823,1073741823,1073741823,1073741823,1073741823:j10
1073741823,1073741823,1073741823,1073741823,1073414143,1073610751,1068875775,1073184767,1073737727,1073741823,1073741823,1073741823,1073741823,1073741823,1073741823:k8
1073741823,1073741823,1073741823,1073741823,1073676287,1073610751,1068875775,1073184767,1073475583,1073741823,1073741823,1073741823,1073741823,1073741823,1073741823:k8
1073741823,1073741823,1073741823,1073741823,1073676287,1073610751,1068875775,1073184767,1073737727,1073740799,1073741823,1073741823,1073741823,1073741823,1073741823:k8
1073741823,1073741823,1073741823,1073741823,1073676287,1073610751,1068875775,1073183743,1073737727,1073741823,1073741823,1073741823,1073741823,1073741823,1073741823:k8
1073741823,1073741823,1073741823,1073741823,1073676287,1073610751,1068875775,1073180671,1073737727,1073741823,1073741823,1073741823,1073741823,1073741823,1073741823:j6
1073741823,1073741823,1073741823,1073741823,1073676287,1073609727,1068875775,1073184767,1073737727,1073741823,1073741823,1073741823,1073741823,1073741823,1073741823:k8
1073741823,1073741823,1073741823,1073741823,1073676287,1073610751,1068871679,1073184767,1073737727,1073741823,1073741823,1073741823,1073741823,1073741823,1073741823:k8
1073741823,1073741823,1073741823,1073741823,1073676287,1073594367,1068875775,1073184767,1073737727,1073741823,1073741823,1073741823,1073741823,1073741823,1073741823:k8
1073741823,1073741823,1073741823,1073741823,1073676287,1073348607,1068875775,1073184767,1073737727,1073741823,1073741823,1073741823,1073741823,1073741823,1073741823:k8
1073741823,1073741823,1073741823,1073741823,1073676287,1073610751,1068875775,1073119231,1073737727,1073741823,1073741823,1073741823,1073741823,1073741823,1073741823:h6
1073741823,1073741823,1073741823,1073741823,1073676287,1073610751,1068875775,1073184767,1073737727,1073479679,1073741823,1073741823,1073741823,1073741823,1073741823:k8
1073741823,1073741823,1073741823,1073741823,1073676287,1073610751,1068875775,1073184767,1073672191,1073741823,1073741823,1073741823,1073741823,1073741823,1073741823:k8
1073741823,1073741823,1073741823,1073741823,1073676287,1073610751,1068875775,1073184767,1073737727,1073725439,1073741823,1073741823,1073741823,1073741823,1073741823:k8
1073741823,1073741823,1073741823,1073741823,1073676287,1073610751,1068875775,1073184767,1073721343,1073741823,1073741823,1073741823,1073741823,1073741823,1073741823:k8
