1073741823,1073741823,1073741823,1073741823,1073741823,1073709055,1073590271,1073709055,1073668095,1073740799,1073741823,1073741823,1073741823,1073741823,1073741823:j8
1073741823,1073741823,1073741823,1073741823,1073741823,1069514751,1073590271,1073184767,1073668095,1073740799,1073741823,1073741823,1073741823,1073741823,1073741823:g5
1073741823,1073741823,1073741823,1073741823,1073741823,1073709055,1073590271,1068990463,1073668095,1073740799,1073741823,1073741823,1073741823,1073741823,1073741823:g5
1073741823,1073741823,1073741823,1073741823,1073741823,1073709055,1073590271,1072136191,1073668095,1073740799,1073741823,1073741823,1073741823,1073741823,1073741823:g5
1073741823,1073741823,1073741823,1073741823,1073741823,1073709055,1073590271,1073184767,1073668095,1069546495,1073741823,1073741823,1073741823,1073741823,1073741823:g5
1073741823,1073741823,1073741823,1073741823,1073741567,1073709055,1073590271,1073184767,1073668095,1073740799,1073741823,1073741823,1073741823,1073741823,1073741823:g5
1073741823,1073741823,1073741823,1073740799,1073741823,1073709055,1073590271,1073184767,1073668095,1073740799,1073741823,1073741823,1073741823,1073741823,1073741823:k9
1073741823,1073741823,1073741823,1073725439,1073741823,1073709055,1073590271,1073184767,1073668095,1073740799,1073741823,1073741823,1073741823,1073741823,1073741823:g5
1073741823,1073741823,1073741823,1073479679,1073741823,1073709055,1073590271,1073184767,1073668095,1073740799,1073741823,1073741823,1073741823,1073741823,1073741823:g5
1073741823,1073741823,1073741823,1073741823,1073741823,1073709055,1073590271,1073184767,1073668095,1073740799,1073741823,1073741759,1073741823,1073741823,1073741823:g5
1073741823,1073741823,1073741823,1073741823,1073741823,1073709055,1073590271,1073184767,1073668095,1073740735,1073741823,1073741823,1073741823,1073741823,1073741823:g5
1073741823,1073741823,1073741823,1073741823,1073741823,1073709055,1073590271,1073184767,1073668095,1073740543,1073741823,1073741823,1073741823,1073741823,1073741823:g5
1073741823,1073741823,1073741823,1073741823,1073741823,1073709055,1073590271,1073184703,1073668095,1073740799,1073741823,1073741823,1073741823,1073741823,1073741823:g5
1073741823,1073741823,1073741823,1073741823,1073741823,1073709055,1073590271,1073184767,1073668095,1073740799,1073741823,1073725439,1073741823,1073741823,1073741823:g5
1073741823,1073741823,1073741823,1073741823,1073741823,1073709055,1073590271,1073184767,1073668095,1073740799,1073741823,1073740799,1073741823,1073741823,1073741823:g5
1073741823,1073741823,1073741823,1073741823,1073741823,1073709055,1073590271,1073184767,1073668095,1073740799,1073740799,1073741823,1073741823,1073741823,1073741823:g5
1073741823,1073741823,1073741823,1073741823,1073741823,1073709055,1073590271,1073184767,1073668095,1073740799,1073741567,1073741823,1073741823,1073741823,1073741823:g5
1073741823,1073741823,1073741823,1073741823,1073741823,1073709055,1073590271,1073184767,1073667839,1073740799,1073741823,1073741823,1073741823,1073741823,1073741823:g5
1073741823,1073741823,1073741823,1073741823,1073741823,1073709055,1073590015,1073184767,1073668095,1073740799,1073741823,1073741823,1073741823,1073741823,1073741823:g5
1073741823,1073741823,1073741823,1073741823,1073741823,1073709055,1073590271,1073184767,1073668095,1073736703,1073741823,1073741823,1073741823,1073741823,1073741823:g5
1073741823,1073741823,1073741823,1073741823,1073741823,1073709055,1073590271,1073184767,1073668095,1073740799,1073737727,1073741823,1073741823,1073741823,1073741823:g5
1073741823,1073741823,1073741823,1073741823,1073741823,1073709055,1073590271,1073184767,1073668095,1073740799,1072693247,1073741823,1073741823,1073741823,1073741823:g5
1073741823,1073741823,1073741823,1073741823,1073741823,1073709055,1073590271,1073184767,1073668095,1073740799,1073676287,1073741823,1073741823,1073741823,1073741823:g5
1073741823,1073741823,1073741823,1073741823,1073741823,1073709055,1073590271,1073184767,1073668095,1073675263,1073741823,1073741823,1073741823,1073741823,1073741823:g5
1073741823,1073741823,1073741823,1073741823,1073737727,1073709055,1073590271,1073184767,1073668095,1073740799,1073741823,1073741823,1073741823,1073741823,1073741823:k9
1073741823,1073741823,1073741823,1073741823,1073737727,1073709055,1056813055,1073184767,1071570943,1073740799,1073741823,1073741823,1073741823,1073741823,1073741823:l10
1073741823,1073741823,1073741823,1073741823,1073737727,1073709055,1073590271,1073184767,1054793727,1073740799,1073741823,1073741823,1073741823,1073741823,1073741823:l10
1073741823,1073741823,1073741823,1073741823,1073737727,1073709055,1073590271,1073184767,1067376639,1073740799,1073741823,1073741823,1073741823,1073741823,1073741823:l10
1073741823,1073741823,1073741823,1073741823,1073737727,1073709055,1073590271,1073184767,1071570943,1073740799,1056964607,1073741823,1073741823,1073741823,1073741823:l10
1073741823,1073741823,1073741823,1073741823,1073737727,1073709055,1073590271,1073184767,1071570943,1072692223,1073741823,1073741823,1073741823,1073741823,1073741823:l10
1073741823,1073741823,1073741567,1073741823,1073737727,1073709055,1073590271,1073184767,1071570943,1073740799,1073741823,1073741823,1073741823,1073741823,1073741823:l10
1073741823,1073741823,1073737727,1073741823,1073737727,1073709055,1073590271,1073184767,1071570943,1073740799,1073741823,1073741823,1073741823,1073741823,1073741823:l10
1073741823,1073741823,1073741823,1073737727,1073737727,1073709055,1073590271,1073184767,1071570943,1073740799,1073741823,1073741823,1073741823,1073741823,1073741823:l10
1073741823,1073741823,1073676287,1073741823,1073737727,1073709055,1073590271,1073184767,1071570943,1073740799,1073741823,1073741823,1073741823,1073741823,1073741823:l10
1073741823,1073741823,1073741823,1073741823,1073737727,1069514751,1073590271,1073184767,1071570943,1073740799,1073741823,1073741823,1073741823,1073741823,1073741823:l10
1073741823,1073741823,1073741823,1073741823,1073737727,1073709055,1073590271,1068990463,1071570943,1073740799,1073741823,1073741823,1073741823,1073741823,1073741823:l10
1073741823,1073741823,1073741823,1073741823,1073737727,1073709055,1073590271,1072136191,1071570943,1073740799,1073741823,1073741823,1073741823,1073741823,1073741823:l10
1073741823,1073741823,1073741823,1073741823,1073737727,1073709055,1073590271,1073184767,1071570943,1069546495,1073741823,1073741823,1073741823,1073741823,1073741823:j7
1073741823,1073741823,1073741823,1073741823,1069543423,1073709055,1073065983,1073184767,1071570943,1069546495,1073741823,1073741823,1073741823,1073741823,1073741823:j6
1073741823,1073741823,1073741823,1073741823,1073737727,1072660479,1073065983,1073184767,1071570943,1069546495,1073741823,1073741823,1073741823,1073741823,1073741823:j6
1073741823,1073741823,1073741823,1073741823,1073737727,1073709055,1068871679,1073184767,1071570943,1069546495,1073741823,1073741823,1073741823,1073741823,1073741823:j6
1073741823,1073741823,1073741823,1073741823,1073737727,1073709055,1073065983,1073184767,1071570943,1069546495,1073741823,1073479679,1073741823,1073741823,1073741823:j6
1073741823,1073741823,1073741823,1073741823,1073737727,1073709055,1073065983,1006075903,1071570943,1069546495,1073741823,1073741823,1073741823,1073741823,1073741823:j6
1073741823,1073741823,1073741823,1073741823,1073737727,1073709055,1073065983,1073184767,1071570943,1002437631,1073741823,1073741823,1073741823,1073741823,1073741823:j6
1073741823,1073741823,1073741823,1073741823,1073737727,1073709055,1073065983,1073184767,1071570943,1052769279,1073741823,1073741823,1073741823,1073741823,1073741823:j6
1073741823,1073741823,1073741823,1073741823,1073737727,1073709055,1073065983,1073184767,1071570943,1069546495,1073741823,1006632959,1073741823,1073741823,1073741823:j6
1073741823,1073741823,1073741823,1073741823,1073737727,1073709055,1073065983,1073184767,1071570943,1069546495,1073741823,1069547519,1073741823,1073741823,1073741823:j6
1073741823,1073741823,1073741823,1073741823,1073737727,1073709055,1073065983,1073184767,1071570943,1069546495,1069547519,1073741823,1073741823,1073741823,1073741823:j6
1073741823,1073741823,1073741823,1073741823,1073737727,1073709055,1056288767,1073184767,1071570943,1069546495,1073741823,1073741823,1073741823,1073741823,1073741823:j6
1073741823,1073741823,1073741823,1073741823,1073737727,1073709055,1073065983,1073184767,1054793727,1069546495,1073741823,1073741823,1073741823,1073741823,1073741823:j6
1073741823,1073741823,1073741823,1073741823,1073737727,1073709055,1073065983,1073184767,1067376639,1069546495,1073741823,1073741823,1073741823,1073741823,1073741823:j6
1073741823,1073741823,1073741823,1073741823,1073737727,1073709055,1073065983,1073184767,1071570943,1069546495,1056964607,1073741823,1073741823,1073741823,1073741823:j6
1073741823,1073741823,1073741823,1073741823,1073737727,1073709055,1073065983,1073184767,1071570943,1068497919,1073741823,1073741823,1073741823,1073741823,1073741823:j6
1073741823,1073741823,1073741567,1073741823,1073737727,1073709055,1073065983,1073184767,1071570943,1069546495,1073741823,1073741823,1073741823,1073741823,1073741823:j6
1073741823,1073741823,1073737727,1073741823,1073737727,1073709055,1073065983,1073184767,1071570943,1069546495,1073741823,1073741823,1073741823,1073741823,1073741823:j6
1073741823,1073741823,1073741823,1073737727,1073737727,1073709055,1073065983,1073184767,1071570943,1069546495,1073741823,1073741823,1073741823,1073741823,1073741823:j6
1073741823,1073741823,1073676287,1073741823,1073737727,1073709055,1073065983,1073184767,1071570943,1069546495,1073741823,1073741823,1073741823,1073741823,1073741823:j6
1073741823,1073741823,1073741823,1073741823,1073737727,1069514751,1073065983,1073184767,1071570943,1069546495,1073741823,1073741823,1073741823,1073741823,1073741823:j6
1073741823,1073741823,1073741823,1073741823,1073737727,1073709055,1073065983,1068990463,1071570943,1069546495,1073741823,1073741823,1073741823,1073741823,1073741823:j6
1073741823,1073741823,1073741823,1073741823,1073737727,1073709055,1073065983,1072136191,1071570943,1069546495,1073741823,1073741823,1073741823,1073741823,1073741823:j6
1073741823,1073741823,1073741823,1073741823,1073737471,1073709055,1073065983,1073184767,1071570943,1069546495,1073741823,1073741823,1073741823,1073741823,1073741823:j6
1073741823,1073741823,1073741823,1073740799,1073737727,1073709055,1073065983,1073184767,1071570943,1069546495,1073741823,1073741823,1073741823,1073741823,1073741823:j6
1073741823,1073741823,1073741823,1073725439,1073737727,1073709055,1073065983,1073184767,1071570943,1069546495,1073741823,1073741823,1073741823,1073741823,1073741823:j6
1073741823,1073741823,1073741823,1073479679,1073737727,1073709055,1073065983,1073184767,1071570943,1069546495,1073741823,1073741823,1073741823,1073741823,1073741823:j6
1073741823,1073741823,1073741823,1073741823,1073737727,1073709055,1073065983,1073184767,1071570943,1069546495,1073741823,1073741759,1073741823,1073741823,1073741823:j6
1073741823,1073741823,1073741823,1073741823,1073737727,1073709055,1073065983,1073184767,1071570943,1069546431,1073741823,1073741823,1073741823,1073741823,1073741823:j6
1073741823,1073741823,1073741823,1073741823,1073737727,1073709055,1073065983,1073184767,1071570943,1069546239,1073741823,1073741823,1073741823,1073741823,1073741823:j6
1073741823,1073741823,1073741823,1073741823,1073737727,1073709055,1073065983,1073184703,1071570943,1069546495,1073741823,1073741823,1073741823,1073741823,1073741823:j6
1073741823,1073741823,1073741823,1073741823,1073737727,1073709055,1073065983,1073184767,1071570943,1069546495,1073741823,1073725439,1073741823,1073741823,1073741823:j6
1073741823,1073741823,1073741823,1073741823,1073737727,1073709055,1073065983,1073184767,1071570943,1069546495,1073741823,1073740799,1073741823,1073741823,1073741823:j6
1073741823,1073741823,1073741823,1073741823,1073737727,1073709055,1073065983,1073184767,1071570943,1069546495,1073740799,1073741823,1073741823,1073741823,1073741823:j6
1073741823,1073741823,1073741823,1073741823,1073737727,1073709055,1073065983,1073184767,1071570943,1069546495,1073741567,1073741823,1073741823,1073741823,1073741823:j6
1073741823,1073741823,1073741823,1073741823,1073737727,1073709055,1073065983,1073184767,1071570687,1069546495,1073741823,1073741823,1073741823,1073741823,1073741823:j6
1073741823,1073741823,1073741823,1073741823,1073737727,1073709055,1073065727,1073184767,1071570943,1069546495,1073741823,1073741823,1073741823,1073741823,1073741823:j6
1073741823,1073741823,1073741823,1073741823,1073737727,1073709055,1073065983,1073184767,1071570943,1069542399,1073741823,1073741823,1073741823,1073741823,1073741823:j6
1073741823,1073741823,1073741823,1073741823,1073737727,1073709055,1073065983,1073184767,1071570943,1069546495,1073737727,1073741823,1073741823,1073741823,1073741823:j6
1073741823,1073741823,1073741823,1073741823,1073737727,1073709055,1073065983,1073184767,1071570943,1069546495,1072693247,1073741823,1073741823,1073741823,1073741823:j6
1073741823,1073741823,1073741823,1073741823,1073737727,1073709055,1073065983,1073184767,1071570943,1069546495,1073676287,1073741823,1073741823,1073741823,1073741823:j6
1073741823,1073741823,1073741823,1073741823,1073737727,1073709055,1073065983,1073184767,1071570943,1069480959,1073741823,1073741823,1073741823,1073741823,1073741823:j6
1073741823,1073741823,1073741823,1073741823,1073672191,1073709055,1073065983,1073184767,1071570943,1069546495,1073741823,1073741823,1073741823,1073741823,1073741823:j6
1073741823,1073741823,1073741823,1073741823,1072689151,1073709055,1073065983,1073184767,1071570943,1069546495,1073741823,1073741823,1073741823,1073741823,1073741823:i8
1073741823,1073741823,1072693247,1073741823,1072689151,1073709055,1073065983,1073053695,1071570943,1069546495,1073741823,1073741823,1073741823,1073741823,1073741823:j10
1073741823,1073741823,1073741823,1072693247,1072689151,1073709055,1073065983,1073053695,1071570943,1069546495,1073741823,1073741823,1073741823,1073741823,1073741823:j10
1073741823,1073741823,1056964607,1073741823,1072689151,1073709055,1073065983,1073053695,1071570943,1069546495,1073741823,1073741823,1073741823,1073741823,1073741823:j10
1073741823,1073741823,1073741823,1069547519,1072689151,1073709055,1073065983,1073053695,1071570943,1069546495,1073741823,1073741823,1073741823,1073741823,1073741823:j10
1073741823,1073741823,1073741823,1073741823,1055911935,1073709055,1073065983,1073053695,1071570943,1069546495,1073741823,1073741823,1073741823,1073741823,1073741823:j10
1073741823,1073741823,1073741823,1073741823,1068494847,1073709055,1073065983,1073053695,1071570943,1069546495,1073741823,1073741823,1073741823,1073741823,1073741823:j10
1073741823,1073741823,1073741823,1073741823,1072689151,1072660479,1073065983,1073053695,1071570943,1069546495,1073741823,1073741823,1073741823,1073741823,1073741823:j10
1073741823,1073741823,1073741823,1073741823,1072689151,1073709055,1068871679,1073053695,1071570943,1069546495,1073741823,1073741823,1073741823,1073741823,1073741823:j10
1073741823,1073741823,1073741823,1073741823,1072689151,1073709055,1073065983,1073053695,1071570943,1069546495,1073741823,1073479679,1073741823,1073741823,1073741823:j6
1073741823,1073741823,1073741823,1073741823,1072689151,1073709055,1073065983,1005944831,1071570943,1069546495,1073741823,1073741823,1073741823,1073741823,1073741823:j6
1073741823,1073741823,1073741823,1073741823,1072689151,1073709055,1073065983,1073053695,1071570943,1002437631,1073741823,1073741823,1073741823,1073741823,1073741823:j6
1073741823,1073741823,1073741823,1073741823,1072689151,1073709055,1073065983,1073053695,1071570943,1052769279,1073741823,1073741823,1073741823,1073741823,1073741823:j6
1073741823,1073741823,1073741823,1073741823,1072689151,1073709055,1073065983,1073053695,1071570943,1069546495,1073741823,1006632959,1073741823,1073741823,1073741823:j6
1073741823,1073741823,1073741823,1073741823,1072689151,1073709055,1073065983,1073053695,1071570943,1069546495,1073741823,1069547519,1073741823,1073741823,1073741823:j6
1073741823,1073741823,1073741823,1073741823,1072689151,1073709055,1073065983,1073053695,1071570943,1069546495,1069547519,1073741823,1073741823,1073741823,1073741823:j6
1073741823,1073741823,1073741823,1073741823,1072689151,1073709055,1056288767,1073053695,1071570943,1069546495,1073741823,1073741823,1073741823,1073741823,1073741823:j10
1073741823,1073741823,1073741823,1073741823,1072689151,1073709055,1073065983,1073053695,1054793727,1069546495,1073741823,1073741823,1073741823,1073741823,1073741823:j6
1073741823,1073741823,1073741823,1073741823,1072689151,1073709055,1073065983,1073053695,1067376639,1069546495,1073741823,1073741823,1073741823,1073741823,1073741823:j10
1073741823,1073741823,1073741823,1073741823,1072689151,1073709055,1073065983,1073053695,1071570943,1069546495,1056964607,1073741823,1073741823,1073741823,1073741823:j6
1073741823,1073741823,1073741823,1073741823,1072689151,1073709055,1073065983,1073053695,1071570943,1068497919,1073741823,1073741823,1073741823,1073741823,1073741823:j6
1073741823,1073741823,1073741567,1073741823,1072689151,1073709055,1073065983,1073053695,1071570943,1069546495,1073741823,1073741823,1073741823,1073741823,1073741823:j6
1073741823,1073741823,1073737727,1073741823,1072689151,1073709055,1073065983,1073053695,1071570943,1069546495,1073741823,1073741823,1073741823,1073741823,1073741823:j10
1073741823,1073741823,1073741823,1073737727,1072689151,1073709055,1073065983,1073053695,1071570943,1069546495,1073741823,1073741823,1073741823,1073741823,1073741823:g8
1073741823,1073741823,1073676287,1073741823,1072689151,1073709055,1073065983,1073053695,1071570943,1069546495,1073741823,1073741823,1073741823,1073741823,1073741823:j6
1073741823,1073741823,1073741823,1073741823,1072689151,1069514751,1073065983,1073053695,1071570943,1069546495,1073741823,1073741823,1073741823,1073741823,1073741823:j10
1073741823,1073741823,1073741823,1073741823,1072689151,1073709055,1073065983,1068859391,1071570943,1069546495,1073741823,1073741823,1073741823,1073741823,1073741823:k6
1073741823,1073741823,1073741823,1073741823,1072689151,1073709055,1073065983,1072005119,1071570943,1069546495,1073741823,1073741823,1073741823,1073741823,1073741823:j10
1073741823,1073741823,1073741823,1073741823,1072688895,1073709055,1073065983,1073053695,1071570943,1069546495,1073741823,1073741823,1073741823,1073741823,1073741823:j6
1073741823,1073741823,1073741823,1073740799,1072689151,1073709055,1073065983,1073053695,1071570943,1069546495,1073741823,1073741823,1073741823,1073741823,1073741823:j6
1073741823,1073741823,1073741823,1073725439,1072689151,1073709055,1073065983,1073053695,1071570943,1069546495,1073741823,1073741823,1073741823,1073741823,1073741823:j6
1073741823,1073741823,1073741823,1073479679,1072689151,1073709055,1073065983,1073053695,1071570943,1069546495,1073741823,1073741823,1073741823,1073741823,1073741823:j6
1073741823,1073741823,1073741823,1073741823,1072689151,1073709055,1073065983,1073053695,1071570943,1069546495,1073741823,1073741759,1073741823,1073741823,1073741823:j6
1073741823,1073741823,1073741823,1073741823,1072689151,1073709055,1073065983,1073053695,1071570943,1069546431,1073741823,1073741823,1073741823,1073741823,1073741823:j6
1073741823,1073741823,1073741823,1073741823,1072689151,1073709055,1073065983,1073053695,1071570943,1069546239,1073741823,1073741823,1073741823,1073741823,1073741823:j6
1073741823,1073741823,1073741823,1073741823,1072689151,1073709055,1073065983,1073053631,1071570943,1069546495,1073741823,1073741823,1073741823,1073741823,1073741823:j6
1073741823,1073741823,1073741823,1073741823,1072689151,1073709055,1073065983,1073053695,1071570943,1069546495,1073741823,1073725439,1073741823,1073741823,1073741823:j6
1073741823,1073741823,1073741823,1073741823,1072689151,1073709055,1073065983,1073053695,1071570943,1069546495,1073741823,1073740799,1073741823,1073741823,1073741823:j6
1073741823,1073741823,1073741823,1073741823,1072689151,1073709055,1073065983,1073053695,1071570943,1069546495,1073740799,1073741823,1073741823,1073741823,1073741823:j6
1073741823,1073741823,1073741823,1073741823,1072689151,1073709055,1073065983,1073053695,1071570943,1069546495,1073741567,1073741823,1073741823,1073741823,1073741823:j6
1073741823,1073741823,1073741823,1073741823,1072689151,1073709055,1073065983,1073053695,1071570687,1069546495,1073741823,1073741823,1073741823,1073741823,1073741823:j6
1073741823,1073741823,1073741823,1073741823,1072689151,1073709055,1073065727,1073053695,1071570943,1069546495,1073741823,1073741823,1073741823,1073741823,1073741823:g8
1073741823,1073741823,1073741823,1073741823,1072689151,1073709055,1073065983,1073053695,1071570943,1069542399,1073741823,1073741823,1073741823,1073741823,1073741823:j6
1073741823,1073741823,1073741823,1073741823,1072689151,1073709055,1073065983,1073053695,1071570943,1069546495,1073737727,1073741823,1073741823,1073741823,1073741823:j6
1073741823,1073741823,1073741823,1073741823,1072689151,1073709055,1073065983,1073053695,1071570943,1069546495,1072693247,1073741823,1073741823,1073741823,1073741823:j6
1073741823,1073741823,1073741823,1073741823,1072689151,1073709055,1073065983,1073053695,1071570943,1069546495,1073676287,1073741823,1073741823,1073741823,1073741823:j6
1073741823,1073741823,1073741823,1073741823,1072689151,1073709055,1073065983,1073053695,1071570943,1069480959,1073741823,1073741823,1073741823,1073741823,1073741823:j6
1073741823,1073741823,1073741823,1073741823,1072623615,1073709055,1073065983,1073053695,1071570943,1069546495,1073741823,1073741823,1073741823,1073741823,1073741823:g8
1073741823,1073741823,1073741823,1073741823,1072689151,1073709055,1072017407,1073053695,1071570943,1069546495,1073741823,1073741823,1073741823,1073741823,1073741823:j6
1073741823,1073741823,1073741823,1073741823,1072689151,1073709055,1073065983,1073053695,1071569919,1069546495,1073741823,1073741823,1073741823,1073741823,1073741823:j6
1073741823,1073741823,1073741823,1073741823,1072689151,1073709055,1073064959,1073053695,1071570943,1069546495,1073741823,1073741823,1073741823,1073741823,1073741823:g8
1073741823,1073741823,1073741823,1073741823,1072688127,1073709055,1073065983,1073053695,1071570943,1069546495,1073741823,1073741823,1073741823,1073741823,1073741823:j6
1073741823,1073741823,1073741823,1073741823,1072689151,1073704959,1073065983,1073053695,1071570943,1069546495,1073741823,1073741823,1073741823,1073741823,1073741823:g8
1073741823,1073741823,1073741823,1073741823,1072672767,1073709055,1073065983,1073053695,1071570943,1069546495,1073741823,1073741823,1073741823,1073741823,1073741823:g8
1073741823,1073741823,1073741823,1073741823,1072427007,1073709055,1073065983,1073053695,1071570943,1069546495,1073741823,1073741823,1073741823,1073741823,1073741823:j10
1073741823,1073741823,1073741823,1073741823,1072689151,1073643519,1073065983,1073053695,1071570943,1069546495,1073741823,1073741823,1073741823,1073741823,1073741823:j10
1073741823,1073741823,1073741823,1073741823,1072689151,1073709055,1073065983,1073053695,1071308799,1069546495,1073741823,1073741823,1073741823,1073741823,1073741823:k6
1073741823,1073741823,1073741823,1073741823,1072689151,1073709055,1073065983,1073052671,1071570943,1069546495,1073741823,1073741823,1073741823,1073741823,1073741823:j6
1073741823,1073741823,1073741823,1073741823,1072689151,1073709055,1073065983,1073049599,1071570943,1069546495,1073741823,1073741823,1073741823,1073741823,1073741823:j10
1073741823,1073741823,1073741823,1073741823,1072689151,1073708031,1073065983,1073053695,1071570943,1069546495,1073741823,1073741823,1073741823,1073741823,1073741823:j6
1073741823,1073741823,1073741823,1073741823,1072689151,1073446911,1073065983,1073053695,1071570943,1069546495,1073741823,1073741823,1073741823,1073741823,1073741823:g8
1073741823,1073741823,1073741823,1073741823,1072689151,1073709055,1073065983,1073053695,1071570943,1069284351,1073741823,1073741823,1073741823,1073741823,1073741823:j6
1073741823,1073741823,1073741823,1073741823,1072689151,1073709055,1073065983,1073053695,1071570943,1069530111,1073741823,1073741823,1073741823,1073741823,1073741823:j6
1073741823,1073741823,1073741823,1073741823,1072689151,1073709055,1073065983,1073053695,1071554559,1069546495,1073741823,1073741823,1073741823,1073741823,1073741823:j6
1073741823,1073741823,1073741823,1073741823,1073737727,1073709055,1072017407,1073184767,1071570943,1069546495,1073741823,1073741823,1073741823,1073741823,1073741823:j6
1073741823,1073741823,1073741823,1073741823,1073737727,1073709055,1073065983,1073184767,1071569919,1069546495,1073741823,1073741823,1073741823,1073741823,1073741823:j6
1073741823,1073741823,1073741823,1073741823,1073737727,1073709055,1073064959,1073184767,1071570943,1069546495,1073741823,1073741823,1073741823,1073741823,1073741823:j6
1073741823,1073741823,1073741823,1073741823,1073736703,1073709055,1073065983,1073184767,1071570943,1069546495,1073741823,1073741823,1073741823,1073741823,1073741823:j6
1073741823,1073741823,1073741823,1073741823,1073737727,1073704959,1073065983,1073184767,1071570943,1069546495,1073741823,1073741823,1073741823,1073741823,1073741823:j6
1073741823,1073741823,1073741823,1073741823,1073721343,1073709055,1073065983,1073184767,1071570943,1069546495,1073741823,1073741823,1073741823,1073741823,1073741823:j6
1073741823,1073741823,1073741823,1073741823,1073475583,1073709055,1073065983,1073184767,1071570943,1069546495,1073741823,1073741823,1073741823,1073741823,1073741823:i8
1073741823,1073741823,1073725439,1073741823,1073475583,1073709055,1073065983,1073053695,1071570943,1069546495,1073741823,1073741823,1073741823,1073741823,1073741823:j6
1073741823,1073741823,1073741823,1073676287,1073475583,1073709055,1073065983,1073053695,1071570943,1069546495,1073741823,1073741823,1073741823,1073741823,1073741823:j6
1073741823,1073741823,1073479679,1073741823,1073475583,1073709055,1073065983,1073053695,1071570943,1069546495,1073741823,1073741823,1073741823,1073741823,1073741823:j6
1073741823,1073741823,1069547519,1073741823,1073475583,1073709055,1073065983,1073053695,1071570943,1069546495,1073741823,1073741823,1073741823,1073741823,1073741823:j6
1073741823,1073741823,1073741823,1072693247,1073475583,1073709055,1073065983,1073053695,1071570943,1069546495,1073741823,1073741823,1073741823,1073741823,1073741823:j6
1073741823,1073741823,1073741823,1073741823,1069281279,1073709055,1073065983,1073053695,1071570943,1069546495,1073741823,1073741823,1073741823,1073741823,1073741823:j6
1073741823,1073741823,1073741823,1073741823,1073475583,1072660479,1073065983,1073053695,1071570943,1069546495,1073741823,1073741823,1073741823,1073741823,1073741823:j6
1073741823,1073741823,1073741823,1073741823,1073475583,1073709055,1068871679,1073053695,1071570943,1069546495,1073741823,1073741823,1073741823,1073741823,1073741823:j6
1073741823,1073741823,1073741823,1073741823,1073475583,1073709055,1073065983,1073053695,1071570943,1069546495,1073741823,1073479679,1073741823,1073741823,1073741823:j6
1073741823,1073741823,1073741823,1073741823,1073475583,1073709055,1073065983,1005944831,1071570943,1069546495,1073741823,1073741823,1073741823,1073741823,1073741823:j6
1073741823,1073741823,1073741823,1073741823,1073475583,1073709055,1073065983,1073053695,1071570943,1002437631,1073741823,1073741823,1073741823,1073741823,1073741823:j6
1073741823,1073741823,1073741823,1073741823,1073475583,1073709055,1073065983,1073053695,1071570943,1052769279,1073741823,1073741823,1073741823,1073741823,1073741823:j6
1073741823,1073741823,1073741823,1073741823,1073475583,1073709055,1073065983,1073053695,1071570943,1069546495,1073741823,1006632959,1073741823,1073741823,1073741823:j6
1073741823,1073741823,1073741823,1073741823,1073475583,1073709055,1073065983,1073053695,1071570943,1069546495,1073741823,1069547519,1073741823,1073741823,1073741823:j6
1073741823,1073741823,1073741823,1073741823,1073475583,1073709055,1073065983,1073053695,1071570943,1069546495,1069547519,1073741823,1073741823,1073741823,1073741823:j6
1073741823,1073741823,1073741823,1073741823,1073475583,1073709055,1056288767,1073053695,1071570943,1069546495,1073741823,1073741823,1073741823,1073741823,1073741823:j10
1073741823,1073741823,1073741823,1073741823,1073475583,1073709055,1073065983,1073053695,1054793727,1069546495,1073741823,1073741823,1073741823,1073741823,1073741823:j6
1073741823,1073741823,1073741823,1073741823,1073475583,1073709055,1073065983,1073053695,1067376639,1069546495,1073741823,1073741823,1073741823,1073741823,1073741823:j6
1073741823,1073741823,1073741823,1073741823,1073475583,1073709055,1073065983,1073053695,1071570943,1069546495,1056964607,1073741823,1073741823,1073741823,1073741823:j6
1073741823,1073741823,1073741823,1073741823,1073475583,1073709055,1073065983,1073053695,1071570943,1068497919,1073741823,1073741823,1073741823,1073741823,1073741823:j6
1073741823,1073741823,1073741567,1073741823,1073475583,1073709055,1073065983,1073053695,1071570943,1069546495,1073741823,1073741823,1073741823,1073741823,1073741823:j6
1073741823,1073741823,1073737727,1073741823,1073475583,1073709055,1073065983,1073053695,1071570943,1069546495,1073741823,1073741823,1073741823,1073741823,1073741823:j6
1073741823,1073741823,1073741823,1073737727,1073475583,1073709055,1073065983,1073053695,1071570943,1069546495,1073741823,1073741823,1073741823,1073741823,1073741823:j6
1073741823,1073741823,1073676287,1073741823,1073475583,1073709055,1073065983,1073053695,1071570943,1069546495,1073741823,1073741823,1073741823,1073741823,1073741823:j6
1073741823,1073741823,1073741823,1073741823,1073475583,1069514751,1073065983,1073053695,1071570943,1069546495,1073741823,1073741823,1073741823,1073741823,1073741823:j6
1073741823,1073741823,1073741823,1073741823,1073475583,1073709055,1073065983,1068859391,1071570943,1069546495,1073741823,1073741823,1073741823,1073741823,1073741823:k6
1073741823,1073741823,1073741823,1073741823,1073475583,1073709055,1073065983,1072005119,1071570943,1069546495,1073741823,1073741823,1073741823,1073741823,1073741823:j6
1073741823,1073741823,1073741823,1073741823,1073475327,1073709055,1073065983,1073053695,1071570943,1069546495,1073741823,1073741823,1073741823,1073741823,1073741823:j6
1073741823,1073741823,1073741823,1073740799,1073475583,1073709055,1073065983,1073053695,1071570943,1069546495,1073741823,1073741823,1073741823,1073741823,1073741823:j6
1073741823,1073741823,1073741823,1073725439,1073475583,1073709055,1073065983,1073053695,1071570943,1069546495,1073741823,1073741823,1073741823,1073741823,1073741823:j6
1073741823,1073741823,1073741823,1073479679,1073475583,1073709055,1073065983,1073053695,1071570943,1069546495,1073741823,1073741823,1073741823,1073741823,1073741823:j6
1073741823,1073741823,1073741823,1073741823,1073475583,1073709055,1073065983,1073053695,1071570943,1069546495,1073741823,1073741759,1073741823,1073741823,1073741823:j6
1073741823,1073741823,1073741823,1073741823,1073475583,1073709055,1073065983,1073053695,1071570943,1069546431,1073741823,1073741823,1073741823,1073741823,1073741823:j6
1073741823,1073741823,1073741823,1073741823,1073475583,1073709055,1073065983,1073053695,1071570943,1069546239,1073741823,1073741823,1073741823,1073741823,1073741823:j6
1073741823,1073741823,1073741823,1073741823,1073475583,1073709055,1073065983,1073053631,1071570943,1069546495,1073741823,1073741823,1073741823,1073741823,1073741823:j6
1073741823,1073741823,1073741823,1073741823,1073475583,1073709055,1073065983,1073053695,1071570943,1069546495,1073741823,1073725439,1073741823,1073741823,1073741823:j6
1073741823,1073741823,1073741823,1073741823,1073475583,1073709055,1073065983,1073053695,1071570943,1069546495,1073741823,1073740799,1073741823,1073741823,1073741823:j6
1073741823,1073741823,1073741823,1073741823,1073475583,1073709055,1073065983,1073053695,1071570943,1069546495,1073740799,1073741823,1073741823,1073741823,1073741823:j6
1073741823,1073741823,1073741823,1073741823,1073475583,1073709055,1073065983,1073053695,1071570943,1069546495,1073741567,1073741823,1073741823,1073741823,1073741823:j6
1073741823,1073741823,1073741823,1073741823,1073475583,1073709055,1073065983,1073053695,1071570687,1069546495,1073741823,1073741823,1073741823,1073741823,1073741823:j6
1073741823,1073741823,1073741823,1073741823,1073475583,1073709055,1073065727,1073053695,1071570943,1069546495,1073741823,1073741823,1073741823,1073741823,1073741823:j6
1073741823,1073741823,1073741823,1073741823,1073475583,1073709055,1073065983,1073053695,1071570943,1069542399,1073741823,1073741823,1073741823,1073741823,1073741823:j6
1073741823,1073741823,1073741823,1073741823,1073475583,1073709055,1073065983,1073053695,1071570943,1069546495,1073737727,1073741823,1073741823,1073741823,1073741823:j6
1073741823,1073741823,1073741823,1073741823,1073475583,1073709055,1073065983,1073053695,1071570943,1069546495,1072693247,1073741823,1073741823,1073741823,1073741823:j6
1073741823,1073741823,1073741823,1073741823,1073475583,1073709055,1073065983,1073053695,1071570943,1069546495,1073676287,1073741823,1073741823,1073741823,1073741823:j6
1073741823,1073741823,1073741823,1073741823,1073475583,1073709055,1073065983,1073053695,1071570943,1069480959,1073741823,1073741823,1073741823,1073741823,1073741823:j6
1073741823,1073741823,1073741823,1073741823,1073410047,1073709055,1073065983,1073053695,1071570943,1069546495,1073741823,1073741823,1073741823,1073741823,1073741823:g8
1073741823,1073741823,1073741823,1073741823,1072427007,1073709055,1073065983,1073053695,1071570943,1069546495,1073741823,1073741823,1073741823,1073741823,1073741823:j10
1073741823,1073741823,1073741823,1073741823,1073475583,1073709055,1072017407,1073053695,1071570943,1069546495,1073741823,1073741823,1073741823,1073741823,1073741823:j6
1073741823,1073741823,1073741823,1073741823,1073475583,1073709055,1073065983,1073053695,1071569919,1069546495,1073741823,1073741823,1073741823,1073741823,1073741823:j6
1073741823,1073741823,1073741823,1073741823,1073475583,1073709055,1073064959,1073053695,1071570943,1069546495,1073741823,1073741823,1073741823,1073741823,1073741823:j6
1073741823,1073741823,1073741823,1073741823,1073474559,1073709055,1073065983,1073053695,1071570943,1069546495,1073741823,1073741823,1073741823,1073741823,1073741823:j6
1073741823,1073741823,1073741823,1073741823,1073475583,1073704959,1073065983,1073053695,1071570943,1069546495,1073741823,1073741823,1073741823,1073741823,1073741823:j6
1073741823,1073741823,1073741823,1073741823,1073459199,1073709055,1073065983,1073053695,1071570943,1069546495,1073741823,1073741823,1073741823,1073741823,1073741823:g8
1073741823,1073741823,1073741823,1073741823,1073475583,1073643519,1073065983,1073053695,1071570943,1069546495,1073741823,1073741823,1073741823,1073741823,1073741823:j6
1073741823,1073741823,1073741823,1073741823,1073475583,1073709055,1073065983,1073053695,1071308799,1069546495,1073741823,1073741823,1073741823,1073741823,1073741823:j6
1073741823,1073741823,1073741823,1073741823,1073475583,1073709055,1073065983,1073052671,1071570943,1069546495,1073741823,1073741823,1073741823,1073741823,1073741823:j6
1073741823,1073741823,1073741823,1073741823,1073475583,1073709055,1073065983,1073049599,1071570943,1069546495,1073741823,1073741823,1073741823,1073741823,1073741823:j6
1073741823,1073741823,1073741823,1073741823,1073475583,1073708031,1073065983,1073053695,1071570943,1069546495,1073741823,1073741823,1073741823,1073741823,1073741823:j6
1073741823,1073741823,1073741823,1073741823,1073475583,1073446911,1073065983,1073053695,1071570943,1069546495,1073741823,1073741823,1073741823,1073741823,1073741823:k6
1073741823,1073741823,1073741823,1073741823,1073475583,1073709055,1073065983,1073053695,1071570943,1069284351,1073741823,1073741823,1073741823,1073741823,1073741823:j6
1073741823,1073741823,1073741823,1073741823,1073475583,1073709055,1073065983,1073053695,1071570943,1069530111,1073741823,1073741823,1073741823,1073741823,1073741823:j6
1073741823,1073741823,1073741823,1073741823,1073475583,1073709055,1073065983,1073053695,1071554559,1069546495,1073741823,1073741823,1073741823,1073741823,1073741823:j6
1073741823,1073741823,1073741823,1073741823,1073737727,1073643519,1073065983,1073184767,1071570943,1069546495,1073741823,1073741823,1073741823,1073741823,1073741823:j6
1073741823,1073741823,1073741823,1073741823,1073737727,1073709055,1073065983,1073184767,1071308799,1069546495,1073741823,1073741823,1073741823,1073741823,1073741823:i8
1073741823,1073741823,1073741823,1073741823,1073737727,1073709055,1073065983,1073053695,1071308799,1069546495,1073725439,1073741823,1073741823,1073741823,1073741823:j6
1073741823,1073741823,1073741823,1073741823,1073737727,1073709055,1073065983,1073053695,1071308799,1069546495,1073479679,1073741823,1073741823,1073741823,1073741823:j6
1073741823,1073741823,1073741823,1073741823,1069543423,1073709055,1073065983,1073053695,1071308799,1069546495,1073741823,1073741823,1073741823,1073741823,1073741823:j6
1073741823,1073741823,1073741823,1073741823,1073737727,1072660479,1073065983,1073053695,1071308799,1069546495,1073741823,1073741823,1073741823,1073741823,1073741823:g8
1073741823,1073741823,1073741823,1073741823,1073737727,1073709055,1068871679,1073053695,1071308799,1069546495,1073741823,1073741823,1073741823,1073741823,1073741823:j6
1073741823,1073741823,1073741823,1073741823,1073737727,1073709055,1073065983,1073053695,1071308799,1069546495,1073741823,1073479679,1073741823,1073741823,1073741823:j6
1073741823,1073741823,1073741823,1073741823,1073737727,1073709055,1073065983,1005944831,1071308799,1069546495,1073741823,1073741823,1073741823,1073741823,1073741823:j6
1073741823,1073741823,1073741823,1073741823,1073737727,1073709055,1073065983,1073053695,1071308799,1002437631,1073741823,1073741823,1073741823,1073741823,1073741823:j6
1073741823,1073741823,1073741823,1073741823,1073737727,1073709055,1073065983,1073053695,1071308799,1052769279,1073741823,1073741823,1073741823,1073741823,1073741823:j6
1073741823,1073741823,1073741823,1073741823,1073737727,1073709055,1073065983,1073053695,1071308799,1069546495,1073741823,1006632959,1073741823,1073741823,1073741823:j6
1073741823,1073741823,1073741823,1073741823,1073737727,1073709055,1073065983,1073053695,1071308799,1069546495,1073741823,1069547519,1073741823,1073741823,1073741823:j6
1073741823,1073741823,1073741823,1073741823,1073737727,1073709055,1073065983,1073053695,1071308799,1069546495,1069547519,1073741823,1073741823,1073741823,1073741823:j6
1073741823,1073741823,1073741823,1073741823,1073737727,1073709055,1056288767,1073053695,1071308799,1069546495,1073741823,1073741823,1073741823,1073741823,1073741823:j6
1073741823,1073741823,1073741823,1073741823,1073737727,1073709055,1073065983,1073053695,1054531583,1069546495,1073741823,1073741823,1073741823,1073741823,1073741823:j6
1073741823,1073741823,1073741823,1073741823,1073737727,1073709055,1073065983,1073053695,1067114495,1069546495,1073741823,1073741823,1073741823,1073741823,1073741823:j6
1073741823,1073741823,1073741823,1073741823,1073737727,1073709055,1073065983,1073053695,1071308799,1069546495,1056964607,1073741823,1073741823,1073741823,1073741823:j6
1073741823,1073741823,1073741823,1073741823,1073737727,1073709055,1073065983,1073053695,1071308799,1068497919,1073741823,1073741823,1073741823,1073741823,1073741823:j6
1073741823,1073741823,1073741567,1073741823,1073737727,1073709055,1073065983,1073053695,1071308799,1069546495,1073741823,1073741823,1073741823,1073741823,1073741823:j6
1073741823,1073741823,1073737727,1073741823,1073737727,1073709055,1073065983,1073053695,1071308799,1069546495,1073741823,1073741823,1073741823,1073741823,1073741823:k6
1073741823,1073741823,1073741823,1073737727,1073737727,1073709055,1073065983,1073053695,1071308799,1069546495,1073741823,1073741823,1073741823,1073741823,1073741823:g8
1073741823,1073741823,1073676287,1073741823,1073737727,1073709055,1073065983,1073053695,1071308799,1069546495,1073741823,1073741823,1073741823,1073741823,1073741823:j6
1073741823,1073741823,1073741823,1073741823,1073737727,1069514751,1073065983,1073053695,1071308799,1069546495,1073741823,1073741823,1073741823,1073741823,1073741823:j6
1073741823,1073741823,1073741823,1073741823,1073737727,1073709055,1073065983,1068859391,1071308799,1069546495,1073741823,1073741823,1073741823,1073741823,1073741823:j6
1073741823,1073741823,1073741823,1073741823,1073737727,1073709055,1073065983,1072005119,1071308799,1069546495,1073741823,1073741823,1073741823,1073741823,1073741823:j6
1073741823,1073741823,1073741823,1073741823,1073737471,1073709055,1073065983,1073053695,1071308799,1069546495,1073741823,1073741823,1073741823,1073741823,1073741823:j6
1073741823,1073741823,1073741823,1073740799,1073737727,1073709055,1073065983,1073053695,1071308799,1069546495,1073741823,1073741823,1073741823,1073741823,1073741823:j6
1073741823,1073741823,1073741823,1073725439,1073737727,1073709055,1073065983,1073053695,1071308799,1069546495,1073741823,1073741823,1073741823,1073741823,1073741823:j6
1073741823,1073741823,1073741823,1073479679,1073737727,1073709055,1073065983,1073053695,1071308799,1069546495,1073741823,1073741823,1073741823,1073741823,1073741823:j6
1073741823,1073741823,1073741823,1073741823,1073737727,1073709055,1073065983,1073053695,1071308799,1069546495,1073741823,1073741759,1073741823,1073741823,1073741823:j6
1073741823,1073741823,1073741823,1073741823,1073737727,1073709055,1073065983,1073053695,1071308799,1069546431,1073741823,1073741823,1073741823,1073741823,1073741823:j6
1073741823,1073741823,1073741823,1073741823,1073737727,1073709055,1073065983,1073053695,1071308799,1069546239,1073741823,1073741823,1073741823,1073741823,1073741823:j6
1073741823,1073741823,1073741823,1073741823,1073737727,1073709055,1073065983,1073053631,1071308799,1069546495,1073741823,1073741823,1073741823,1073741823,1073741823:j6
1073741823,1073741823,1073741823,1073741823,1073737727,1073709055,1073065983,1073053695,1071308799,1069546495,1073741823,1073725439,1073741823,1073741823,1073741823:j6
1073741823,1073741823,1073741823,1073741823,1073737727,1073709055,1073065983,1073053695,1071308799,1069546495,1073741823,1073740799,1073741823,1073741823,1073741823:j6
1073741823,1073741823,1073741823,1073741823,1073737727,1073709055,1073065983,1073053695,1071308799,1069546495,1073740799,1073741823,1073741823,1073741823,1073741823:j6
1073741823,1073741823,1073741823,1073741823,1073737727,1073709055,1073065983,1073053695,1071308799,1069546495,1073741567,1073741823,1073741823,1073741823,1073741823:j6
1073741823,1073741823,1073741823,1073741823,1073737727,1073709055,1073065983,1073053695,1071308543,1069546495,1073741823,1073741823,1073741823,1073741823,1073741823:j6
1073741823,1073741823,1073741823,1073741823,1073737727,1073709055,1073065727,1073053695,1071308799,1069546495,1073741823,1073741823,1073741823,1073741823,1073741823:j6
1073741823,1073741823,1073741823,1073741823,1073737727,1073709055,1073065983,1073053695,1071308799,1069542399,1073741823,1073741823,1073741823,1073741823,1073741823:j6
1073741823,1073741823,1073741823,1073741823,1073737727,1073709055,1073065983,1073053695,1071308799,1069546495,1073737727,1073741823,1073741823,1073741823,1073741823:j6
1073741823,1073741823,1073741823,1073741823,1073737727,1073709055,1073065983,1073053695,1071308799,1069546495,1072693247,1073741823,1073741823,1073741823,1073741823:j6
1073741823,1073741823,1073741823,1073741823,1073737727,1073709055,1073065983,1073053695,1071308799,1069546495,1073676287,1073741823,1073741823,1073741823,1073741823:j6
1073741823,1073741823,1073741823,1073741823,1073737727,1073709055,1073065983,1073053695,1071308799,1069480959,1073741823,1073741823,1073741823,1073741823,1073741823:j6
1073741823,1073741823,1073741823,1073741823,1073672191,1073709055,1073065983,1073053695,1071308799,1069546495,1073741823,1073741823,1073741823,1073741823,1073741823:j6
1073741823,1073741823,1073741823,1073741823,1072689151,1073709055,1073065983,1073053695,1071308799,1069546495,1073741823,1073741823,1073741823,1073741823,1073741823:k6
1073741823,1073741823,1073741823,1073741823,1073737727,1073709055,1072017407,1073053695,1071308799,1069546495,1073741823,1073741823,1073741823,1073741823,1073741823:j6
1073741823,1073741823,1073741823,1073741823,1073737727,1073709055,1073065983,1073053695,1071307775,1069546495,1073741823,1073741823,1073741823,1073741823,1073741823:j6
1073741823,1073741823,1073741823,1073741823,1073737727,1073709055,1073064959,1073053695,1071308799,1069546495,1073741823,1073741823,1073741823,1073741823,1073741823:g8
1073741823,1073741823,1073741823,1073741823,1073736703,1073709055,1073065983,1073053695,1071308799,1069546495,1073741823,1073741823,1073741823,1073741823,1073741823:j6
1073741823,1073741823,1073741823,1073741823,1073737727,1073704959,1073065983,1073053695,1071308799,1069546495,1073741823,1073741823,1073741823,1073741823,1073741823:g8
1073741823,1073741823,1073741823,1073741823,1073721343,1073709055,1073065983,1073053695,1071308799,1069546495,1073741823,1073741823,1073741823,1073741823,1073741823:k6
1073741823,1073741823,1073741823,1073741823,1073475583,1073709055,1073065983,1073053695,1071308799,1069546495,1073741823,1073741823,1073741823,1073741823,1073741823:j6
1073741823,1073741823,1073741823,1073741823,1073737727,1073643519,1073065983,1073053695,1071308799,1069546495,1073741823,1073741823,1073741823,1073741823,1073741823:k6
1073741823,1073741823,1073741823,1073741823,1073737727,1073709055,1073065983,1073052671,1071308799,1069546495,1073741823,1073741823,1073741823,1073741823,1073741823:j6
1073741823,1073741823,1073741823,1073741823,1073737727,1073709055,1073065983,1073049599,1071308799,1069546495,1073741823,1073741823,1073741823,1073741823,1073741823:k6
1073741823,1073741823,1073741823,1073741823,1073737727,1073708031,1073065983,1073053695,1071308799,1069546495,1073741823,1073741823,1073741823,1073741823,1073741823:j6
1073741823,1073741823,1073741823,1073741823,1073737727,1073446911,1073065983,1073053695,1071308799,1069546495,1073741823,1073741823,1073741823,1073741823,1073741823:k6
1073741823,1073741823,1073741823,1073741823,1073737727,1073709055,1073065983,1073053695,1071308799,1069284351,1073741823,1073741823,1073741823,1073741823,1073741823:j6
1073741823,1073741823,1073741823,1073741823,1073737727,1073709055,1073065983,1073053695,1071308799,1069530111,1073741823,1073741823,1073741823,1073741823,1073741823:j6
1073741823,1073741823,1073741823,1073741823,1073737727,1073709055,1073065983,1073053695,1071292415,1069546495,1073741823,1073741823,1073741823,1073741823,1073741823:j6
1073741823,1073741823,1073741823,1073741823,1073737727,1073709055,1073065983,1073183743,1071570943,1069546495,1073741823,1073741823,1073741823,1073741823,1073741823:j6
1073741823,1073741823,1073741823,1073741823,1073737727,1073709055,1073065983,1073180671,1071570943,1069546495,1073741823,1073741823,1073741823,1073741823,1073741823:j6
1073741823,1073741823,1073741823,1073741823,1073737727,1073708031,1073065983,1073184767,1071570943,1069546495,1073741823,1073741823,1073741823,1073741823,1073741823:j6
1073741823,1073741823,1073741823,1073741823,1073737727,1073446911,1073065983,1073184767,1071570943,1069546495,1073741823,1073741823,1073741823,1073741823,1073741823:k8
1073741823,1073741823,1073741823,1073741823,1073737727,1056669695,1073065983,1071087615,1071570943,1069546495,1073741823,1073741823,1073741823,1073741823,1073741823:i8
1073741823,1073741823,1073741823,1073741823,1073737727,1073446911,1073065983,1054310399,1071570943,1069546495,1073741823,1073741823,1073741823,1073741823,1073741823:i8
1073741823,1073741823,1073741823,1069547519,1073737727,1073446911,1073065983,1071087615,1071570943,1069546495,1073741823,1073741823,1073741823,1073741823,1073741823:i8
1073741823,1073741823,1073741823,1073741823,1069543423,1073446911,1073065983,1071087615,1071570943,1069546495,1073741823,1073741823,1073741823,1073741823,1073741823:i8
1073741823,1073741823,1073741823,1073741823,1073737727,1072398335,1073065983,1071087615,1071570943,1069546495,1073741823,1073741823,1073741823,1073741823,1073741823:i8
1073741823,1073741823,1073741823,1073741823,1073737727,1073446911,1068871679,1071087615,1071570943,1069546495,1073741823,1073741823,1073741823,1073741823,1073741823:i8
1073741823,1073741823,1073741823,1073741823,1073737727,1073446911,1073065983,1071087615,1071570943,1069546495,1073741823,1073479679,1073741823,1073741823,1073741823:i8
1073741823,1073741823,1073741823,1073741823,1073737727,1073446911,1073065983,1003978751,1071570943,1069546495,1073741823,1073741823,1073741823,1073741823,1073741823:i8
1073741823,1073741823,1073741823,1073741823,1073737727,1073446911,1073065983,1071087615,1071570943,1002437631,1073741823,1073741823,1073741823,1073741823,1073741823:i8
1073741823,1073741823,1073741823,1073741823,1073737727,1073446911,1073065983,1071087615,1071570943,1052769279,1073741823,1073741823,1073741823,1073741823,1073741823:i8
1073741823,1073741823,1073741823,1073741823,1073737727,1073446911,1073065983,1071087615,1071570943,1069546495,1073741823,1006632959,1073741823,1073741823,1073741823:i8
1073741823,1073741823,1073741823,1073741823,1073737727,1073446911,1073065983,1071087615,1071570943,1069546495,1073741823,1069547519,1073741823,1073741823,1073741823:i8
1073741823,1073741823,1073741823,1073741823,1073737727,1073446911,1073065983,1071087615,1071570943,1069546495,1069547519,1073741823,1073741823,1073741823,1073741823:i8
1073741823,1073741823,1073741823,1073741823,1073737727,1073446911,1056288767,1071087615,1071570943,1069546495,1073741823,1073741823,1073741823,1073741823,1073741823:i8
1073741823,1073741823,1073741823,1073741823,1073737727,1073446911,1073065983,1071087615,1054793727,1069546495,1073741823,1073741823,1073741823,1073741823,1073741823:i8
1073741823,1073741823,1073741823,1073741823,1073737727,1073446911,1073065983,1071087615,1067376639,1069546495,1073741823,1073741823,1073741823,1073741823,1073741823:i8
1073741823,1073741823,1073741823,1073741823,1073737727,1073446911,1073065983,1071087615,1071570943,1069546495,1056964607,1073741823,1073741823,1073741823,1073741823:i8
1073741823,1073741823,1073741823,1073741823,1073737727,1073446911,1073065983,1071087615,1071570943,1068497919,1073741823,1073741823,1073741823,1073741823,1073741823:i8
1073741823,1073741823,1073741567,1073741823,1073737727,1073446911,1073065983,1071087615,1071570943,1069546495,1073741823,1073741823,1073741823,1073741823,1073741823:i8
1073741823,1073741823,1073737727,1073741823,1073737727,1073446911,1073065983,1071087615,1071570943,1069546495,1073741823,1073741823,1073741823,1073741823,1073741823:i8
1073741823,1073741823,1073741823,1073737727,1073737727,1073446911,1073065983,1071087615,1071570943,1069546495,1073741823,1073741823,1073741823,1073741823,1073741823:i8
1073741823,1073741823,1073676287,1073741823,1073737727,1073446911,1073065983,1071087615,1071570943,1069546495,1073741823,1073741823,1073741823,1073741823,1073741823:i8
1073741823,1073741823,1073741823,1073741823,1073737727,1069252607,1073065983,1071087615,1071570943,1069546495,1073741823,1073741823,1073741823,1073741823,1073741823:i8
1073741823,1073741823,1073741823,1073741823,1073737727,1073446911,1073065983,1066893311,1071570943,1069546495,1073741823,1073741823,1073741823,1073741823,1073741823:i8
1073741823,1073741823,1073741823,1073741823,1073737471,1073446911,1073065983,1071087615,1071570943,1069546495,1073741823,1073741823,1073741823,1073741823,1073741823:i8
1073741823,1073741823,1073741823,1073740799,1073737727,1073446911,1073065983,1071087615,1071570943,1069546495,1073741823,1073741823,1073741823,1073741823,1073741823:i8
1073741823,1073741823,1073741823,1073725439,1073737727,1073446911,1073065983,1071087615,1071570943,1069546495,1073741823,1073741823,1073741823,1073741823,1073741823:i8
1073741823,1073741823,1073741823,1073479679,1073737727,1073446911,1073065983,1071087615,1071570943,1069546495,1073741823,1073741823,1073741823,1073741823,1073741823:i8
1073741823,1073741823,1073741823,1073741823,1073737727,1073446911,1073065983,1071087615,1071570943,1069546495,1073741823,1073741759,1073741823,1073741823,1073741823:i8
1073741823,1073741823,1073741823,1073741823,1073737727,1073446911,1073065983,1071087615,1071570943,1069546431,1073741823,1073741823,1073741823,1073741823,1073741823:i8
1073741823,1073741823,1073741823,1073741823,1073737727,1073446911,1073065983,1071087615,1071570943,1069546239,1073741823,1073741823,1073741823,1073741823,1073741823:i8
1073741823,1073741823,1073741823,1073741823,1073737727,1073446911,1073065983,1071087551,1071570943,1069546495,1073741823,1073741823,1073741823,1073741823,1073741823:i8
1073741823,1073741823,1073741823,1073741823,1073737727,1073446911,1073065983,1071087615,1071570943,1069546495,1073741823,1073725439,1073741823,1073741823,1073741823:i8
1073741823,1073741823,1073741823,1073741823,1073737727,1073446911,1073065983,1071087615,1071570943,1069546495,1073741823,1073740799,1073741823,1073741823,1073741823:i8
1073741823,1073741823,1073741823,1073741823,1073737727,1073446911,1073065983,1071087615,1071570943,1069546495,1073740799,1073741823,1073741823,1073741823,1073741823:i8
1073741823,1073741823,1073741823,1073741823,1073737727,1073446911,1073065983,1071087615,1071570943,1069546495,1073741567,1073741823,1073741823,1073741823,1073741823:i8
1073741823,1073741823,1073741823,1073741823,1073737727,1073446911,1073065983,1071087615,1071570687,1069546495,1073741823,1073741823,1073741823,1073741823,1073741823:i8
1073741823,1073741823,1073741823,1073741823,1073737727,1073446911,1073065727,1071087615,1071570943,1069546495,1073741823,1073741823,1073741823,1073741823,1073741823:i8
1073741823,1073741823,1073741823,1073741823,1073737727,1073446911,1073065983,1071087615,1071570943,1069542399,1073741823,1073741823,1073741823,1073741823,1073741823:i8
1073741823,1073741823,1073741823,1073741823,1073737727,1073446911,1073065983,1071087615,1071570943,1069546495,1073737727,1073741823,1073741823,1073741823,1073741823:i8
1073741823,1073741823,1073741823,1073741823,1073737727,1073446911,1073065983,1071087615,1071570943,1069546495,1072693247,1073741823,1073741823,1073741823,1073741823:i8
1073741823,1073741823,1073741823,1073741823,1073737727,1073446911,1073065983,1071087615,1071570943,1069546495,1073676287,1073741823,1073741823,1073741823,1073741823:i8
1073741823,1073741823,1073741823,1073741823,1073737727,1073446911,1073065983,1071087615,1071570943,1069480959,1073741823,1073741823,1073741823,1073741823,1073741823:i8
1073741823,1073741823,1073741823,1073741823,1073672191,1073446911,1073065983,1071087615,1071570943,1069546495,1073741823,1073741823,1073741823,1073741823,1073741823:i8
1073741823,1073741823,1073741823,1073741823,1072689151,1073446911,1073065983,1071087615,1071570943,1069546495,1073741823,1073741823,1073741823,1073741823,1073741823:i8
1073741823,1073741823,1073741823,1073741823,1073737727,1073446911,1072017407,1071087615,1071570943,1069546495,1073741823,1073741823,1073741823,1073741823,1073741823:i8
1073741823,1073741823,1073741823,1073741823,1073737727,1073446911,1073065983,1071087615,1071569919,1069546495,1073741823,1073741823,1073741823,1073741823,1073741823:i8
1073741823,1073741823,1073741823,1073741823,1073737727,1073446911,1073064959,1071087615,1071570943,1069546495,1073741823,1073741823,1073741823,1073741823,1073741823:i8
1073741823,1073741823,1073741823,1073741823,1073736703,1073446911,1073065983,1071087615,1071570943,1069546495,1073741823,1073741823,1073741823,1073741823,1073741823:i8
1073741823,1073741823,1073741823,1073741823,1073737727,1073442815,1073065983,1071087615,1071570943,1069546495,1073741823,1073741823,1073741823,1073741823,1073741823:i8
1073741823,1073741823,1073741823,1073741823,1073721343,1073446911,1073065983,1071087615,1071570943,1069546495,1073741823,1073741823,1073741823,1073741823,1073741823:i8
1073741823,1073741823,1073741823,1073741823,1073475583,1073446911,1073065983,1071087615,1071570943,1069546495,1073741823,1073741823,1073741823,1073741823,1073741823:i8
1073741823,1073741823,1073741823,1073741823,1073737727,1073381375,1073065983,1071087615,1071570943,1069546495,1073741823,1073741823,1073741823,1073741823,1073741823:i8
1073741823,1073741823,1073741823,1073741823,1073737727,1073446911,1073065983,1071087615,1071308799,1069546495,1073741823,1073741823,1073741823,1073741823,1073741823:i8
1073741823,1073741823,1073741823,1073741823,1073737727,1073446911,1073065983,1071086591,1071570943,1069546495,1073741823,1073741823,1073741823,1073741823,1073741823:i8
1073741823,1073741823,1073741823,1073741823,1073737727,1073446911,1073065983,1071083519,1071570943,1069546495,1073741823,1073741823,1073741823,1073741823,1073741823:i8
1073741823,1073741823,1073741823,1073741823,1073737727,1073445887,1073065983,1071087615,1071570943,1069546495,1073741823,1073741823,1073741823,1073741823,1073741823:i8
1073741823,1073741823,1073741823,1073741823,1073737727,1073446911,1073065983,1071022079,1071570943,1069546495,1073741823,1073741823,1073741823,1073741823,1073741823:m7
1073741823,1073741823,1073741823,1073741823,1056960511,1073446911,1039511551,1071022079,1071570943,1069546495,1073741823,1073741823,1073741823,1073741823,1073741823:k7
1073741823,1073741823,1073741823,1073741823,805302271,1073446911,1039511551,1071022079,1071570943,1069546495,1073741823,1073741823,1073741823,1073741823,1073741823:k7
1073741823,1073741823,1073741823,1073741823,1073737727,1006338047,1039511551,1071022079,1071570943,1069546495,1073741823,1073741823,1073741823,1073741823,1073741823:k7
1073741823,1073741823,1073741823,1073741823,1073737727,1073446911,771076095,1071022079,1071570943,1069546495,1073741823,1073741823,1073741823,1073741823,1073741823:k7
1073741823,1073741823,1073741823,1073741823,1073737727,1073446911,972402687,1071022079,1071570943,1069546495,1073741823,1073741823,1073741823,1073741823,1073741823:k7
1073741823,1073741823,1073741823,1073741823,1073737727,1073446911,1039511551,1071022079,803135487,1069546495,1073741823,1073741823,1073741823,1073741823,1073741823:k7
1073741823,1073741823,1073741823,1073741823,1073737727,1056669695,1039511551,1071022079,1071570943,1069546495,1073741823,1073741823,1073741823,1073741823,1073741823:k7
1073741823,1073741823,1073741823,1073741823,1073737727,1073446911,1039511551,1054244863,1071570943,1069546495,1073741823,1073741823,1073741823,1073741823,1073741823:k7
1073741823,1073741823,1073741823,1069547519,1073737727,1073446911,1039511551,1071022079,1071570943,1069546495,1073741823,1073741823,1073741823,1073741823,1073741823:k7
1073741823,1073741823,1073741823,1073741823,1069543423,1073446911,1039511551,1071022079,1071570943,1069546495,1073741823,1073741823,1073741823,1073741823,1073741823:k7
1073741823,1073741823,1073741823,1073741823,1073737727,1072398335,1039511551,1071022079,1071570943,1069546495,1073741823,1073741823,1073741823,1073741823,1073741823:l7
1073741823,1073741823,1073741823,1073741823,1073737727,1073446911,1035317247,1071022079,1071570943,1069546495,1073741823,1073741823,1073741823,1073741823,1073741823:l8
1073741823,1073741823,1073741823,1073741823,1073737727,1073446911,1039511551,1071022079,1071570943,1069546495,1073741823,1073479679,1073741823,1073741823,1073741823:k7
1073741823,1073741823,1073741823,1073741823,1073737727,1073446911,1039511551,1003913215,1071570943,1069546495,1073741823,1073741823,1073741823,1073741823,1073741823:k7
1073741823,1073741823,1073741823,1073741823,1073737727,1073446911,1039511551,1071022079,1071570943,1002437631,1073741823,1073741823,1073741823,1073741823,1073741823:k7
1073741823,1073741823,1073741823,1073741823,1073737727,1073446911,1039511551,1071022079,1071570943,1052769279,1073741823,1073741823,1073741823,1073741823,1073741823:k7
1073741823,1073741823,1073741823,1073741823,1073737727,1073446911,1039511551,1071022079,1071570943,1069546495,1073741823,1006632959,1073741823,1073741823,1073741823:k7
1073741823,1073741823,1073741823,1073741823,1073737727,1073446911,1039511551,1071022079,1071570943,1069546495,1073741823,1069547519,1073741823,1073741823,1073741823:k7
1073741823,1073741823,1073741823,1073741823,1073737727,1073446911,1039511551,1071022079,1071570943,1069546495,1069547519,1073741823,1073741823,1073741823,1073741823:k7
1073741823,1073741823,1073741823,1073741823,1073737727,1073446911,1039511551,1071022079,1054793727,1069546495,1073741823,1073741823,1073741823,1073741823,1073741823:k7
1073741823,1073741823,1073741823,1073741823,1073737727,1073446911,1039511551,1071022079,1067376639,1069546495,1073741823,1073741823,1073741823,1073741823,1073741823:k7
1073741823,1073741823,1073741823,1073741823,1073737727,1073446911,1039511551,1071022079,1071570943,1069546495,1056964607,1073741823,1073741823,1073741823,1073741823:k7
1073741823,1073741823,1073741823,1073741823,1073737727,1073446911,1039511551,1071022079,1071570943,1068497919,1073741823,1073741823,1073741823,1073741823,1073741823:l7
1073741823,1073741823,1073741567,1073741823,1073737727,1073446911,1039511551,1071022079,1071570943,1069546495,1073741823,1073741823,1073741823,1073741823,1073741823:k7
1073741823,1073741823,1073737727,1073741823,1073737727,1073446911,1039511551,1071022079,1071570943,1069546495,1073741823,1073741823,1073741823,1073741823,1073741823:k7
1073741823,1073741823,1073741823,1073737727,1073737727,1073446911,1039511551,1071022079,1071570943,1069546495,1073741823,1073741823,1073741823,1073741823,1073741823:k7
1073741823,1073741823,1073676287,1073741823,1073737727,1073446911,1039511551,1071022079,1071570943,1069546495,1073741823,1073741823,1073741823,1073741823,1073741823:k7
1073741823,1073741823,1073741823,1073741823,1073737727,1069252607,1039511551,1071022079,1071570943,1069546495,1073741823,1073741823,1073741823,1073741823,1073741823:k7
1073741823,1073741823,1073741823,1073741823,1073737727,1073446911,1039511551,1066827775,1071570943,1069546495,1073741823,1073741823,1073741823,1073741823,1073741823:k7
1073741823,1073741823,1073741823,1073741823,1073737471,1073446911,1039511551,1071022079,1071570943,1069546495,1073741823,1073741823,1073741823,1073741823,1073741823:k7
1073741823,1073741823,1073741823,1073740799,1073737727,1073446911,1039511551,1071022079,1071570943,1069546495,1073741823,1073741823,1073741823,1073741823,1073741823:k7
1073741823,1073741823,1073741823,1073725439,1073737727,1073446911,1039511551,1071022079,1071570943,1069546495,1073741823,1073741823,1073741823,1073741823,1073741823:k7
1073741823,1073741823,1073741823,1073479679,1073737727,1073446911,1039511551,1071022079,1071570943,1069546495,1073741823,1073741823,1073741823,1073741823,1073741823:k7
1073741823,1073741823,1073741823,1073741823,1073737727,1073446911,1039511551,1071022079,1071570943,1069546495,1073741823,1073741759,1073741823,1073741823,1073741823:k7
1073741823,1073741823,1073741823,1073741823,1073737727,1073446911,1039511551,1071022079,1071570943,1069546431,1073741823,1073741823,1073741823,1073741823,1073741823:k7
1073741823,1073741823,1073741823,1073741823,1073737727,1073446911,1039511551,1071022079,1071570943,1069546239,1073741823,1073741823,1073741823,1073741823,1073741823:k7
1073741823,1073741823,1073741823,1073741823,1073737727,1073446911,1039511551,1071022015,1071570943,1069546495,1073741823,1073741823,1073741823,1073741823,1073741823:k7
1073741823,1073741823,1073741823,1073741823,1073737727,1073446911,1039511551,1071022079,1071570943,1069546495,1073741823,1073725439,1073741823,1073741823,1073741823:k7
1073741823,1073741823,1073741823,1073741823,1073737727,1073446911,1039511551,1071022079,1071570943,1069546495,1073741823,1073740799,1073741823,1073741823,1073741823:k7
1073741823,1073741823,1073741823,1073741823,1073737727,1073446911,1039511551,1071022079,1071570943,1069546495,1073740799,1073741823,1073741823,1073741823,1073741823:k7
1073741823,1073741823,1073741823,1073741823,1073737727,1073446911,1039511551,1071022079,1071570943,1069546495,1073741567,1073741823,1073741823,1073741823,1073741823:k7
1073741823,1073741823,1073741823,1073741823,1073737727,1073446911,1039511551,1071022079,1071570687,1069546495,1073741823,1073741823,1073741823,1073741823,1073741823:k7
1073741823,1073741823,1073741823,1073741823,1073737727,1073446911,1039511295,1071022079,1071570943,1069546495,1073741823,1073741823,1073741823,1073741823,1073741823:k7
1073741823,1073741823,1073741823,1073741823,1073737727,1073446911,1039511551,1071022079,1071570943,1069542399,1073741823,1073741823,1073741823,1073741823,1073741823:k7
1073741823,1073741823,1073741823,1073741823,1073737727,1073446911,1039511551,1071022079,1071570943,1069546495,1073737727,1073741823,1073741823,1073741823,1073741823:k7
1073741823,1073741823,1073741823,1073741823,1073737727,1073446911,1039511551,1071022079,1071570943,1069546495,1072693247,1073741823,1073741823,1073741823,1073741823:k7
1073741823,1073741823,1073741823,1073741823,1073737727,1073446911,1039511551,1071022079,1071570943,1069546495,1073676287,1073741823,1073741823,1073741823,1073741823:k7
1073741823,1073741823,1073741823,1073741823,1073737727,1073446911,1039511551,1071022079,1071570943,1069480959,1073741823,1073741823,1073741823,1073741823,1073741823:k7
1073741823,1073741823,1073741823,1073741823,1073672191,1073446911,1039511551,1071022079,1071570943,1069546495,1073741823,1073741823,1073741823,1073741823,1073741823:k7
1073741823,1073741823,1073741823,1073741823,1072689151,1073446911,1039511551,1071022079,1071570943,1069546495,1073741823,1073741823,1073741823,1073741823,1073741823:k7
1073741823,1073741823,1073741823,1073741823,1073737727,1073446911,1038462975,1071022079,1071570943,1069546495,1073741823,1073741823,1073741823,1073741823,1073741823:m10
1073741823,1073741823,1073741823,1073741823,1073737727,1073446911,1039511551,1071022079,1071569919,1069546495,1073741823,1073741823,1073741823,1073741823,1073741823:k7
1073741823,1073741823,1073741823,1073741823,1073737727,1073446911,1039510527,1071022079,1071570943,1069546495,1073741823,1073741823,1073741823,1073741823,1073741823:k7
1073741823,1073741823,1073741823,1073741823,1073736703,1073446911,1039511551,1071022079,1071570943,1069546495,1073741823,1073741823,1073741823,1073741823,1073741823:k7
1073741823,1073741823,1073741823,1073741823,1073737727,1073442815,1039511551,1071022079,1071570943,1069546495,1073741823,1073741823,1073741823,1073741823,1073741823:k7
1073741823,1073741823,1073741823,1073741823,1073721343,1073446911,1039511551,1071022079,1071570943,1069546495,1073741823,1073741823,1073741823,1073741823,1073741823:k7
1073741823,1073741823,1073741823,1073741823,1073475583,1073446911,1039511551,1071022079,1071570943,1069546495,1073741823,1073741823,1073741823,1073741823,1073741823:k7
1073741823,1073741823,1073741823,1073741823,1073737727,1073381375,1039511551,1071022079,1071570943,1069546495,1073741823,1073741823,1073741823,1073741823,1073741823:k7
1073741823,1073741823,1073741823,1073741823,1073737727,1073446911,1039511551,1071022079,1071308799,1069546495,1073741823,1073741823,1073741823,1073741823,1073741823:k7
1073741823,1073741823,1073741823,1073741823,1073737727,1073446911,1039511551,1071021055,1071570943,1069546495,1073741823,1073741823,1073741823,1073741823,1073741823:k7
1073741823,1073741823,1073741823,1073741823,1073737727,1073446911,1039511551,1071017983,1071570943,1069546495,1073741823,1073741823,1073741823,1073741823,1073741823:k7
1073741823,1073741823,1073741823,1073741823,1073737727,1073445887,1039511551,1071022079,1071570943,1069546495,1073741823,1073741823,1073741823,1073741823,1073741823:k7
1073741823,1073741823,1073741823,1073741823,1073737727,1073446911,1039511551,1071022079,1071570943,1069284351,1073741823,1073741823,1073741823,1073741823,1073741823:k7
1073741823,1073741823,1073741823,1073741823,1073737727,1073446911,1039511551,1071022079,1071570943,1069530111,1073741823,1073741823,1073741823,1073741823,1073741823:k7
1073741823,1073741823,1073741823,1073741823,1073737727,1073446911,1039511551,1071022079,1071554559,1069546495,1073741823,1073741823,1073741823,1073741823,1073741823:k7
1073741823,1073741823,1073741823,1073741823,1073737727,1073446911,1073065983,1071087615,1071570943,1069284351,1073741823,1073741823,1073741823,1073741823,1073741823:i8
1073741823,1073741823,1073741823,1073741823,1073737727,1073446911,1073065983,1071087615,1071570943,1069530111,1073741823,1073741823,1073741823,1073741823,1073741823:i8
1073741823,1073741823,1073741823,1073741823,1073737727,1073446911,1073065983,1071087615,1071554559,1069546495,1073741823,1073741823,1073741823,1073741823,1073741823:i8
1073741823,1073741823,1073741823,1073741823,1073737727,1073709055,1073065983,1073119231,1071570943,1069546495,1073741823,1073741823,1073741823,1073741823,1073741823:j6
1073741823,1073741823,1073741823,1073741823,1073737727,1073709055,1073065983,1073184767,1071570943,1069284351,1073741823,1073741823,1073741823,1073741823,1073741823:j6
1073741823,1073741823,1073741823,1073741823,1073737727,1073709055,1073065983,1073184767,1071570943,1069530111,1073741823,1073741823,1073741823,1073741823,1073741823:j6
1073741823,1073741823,1073741823,1073741823,1073737727,1073709055,1073065983,1073184767,1071554559,1069546495,1073741823,1073741823,1073741823,1073741823,1073741823:j6
1073741823,1073741823,1073741823,1073741823,1073737471,1073709055,1073590271,1073184767,1071570943,1073740799,1073741823,1073741823,1073741823,1073741823,1073741823:l10
1073741823,1073741823,1073741823,1073740799,1073737727,1073709055,1073590271,1073184767,1071570943,1073740799,1073741823,1073741823,1073741823,1073741823,1073741823:l10
1073741823,1073741823,1073741823,1073725439,1073737727,1073709055,1073590271,1073184767,1071570943,1073740799,1073741823,1073741823,1073741823,1073741823,1073741823:l10
1073741823,1073741823,1073741823,1073479679,1073737727,1073709055,1073590271,1073184767,1071570943,1073740799,1073741823,1073741823,1073741823,1073741823,1073741823:l10
1073741823,1073741823,1073741823,1073741823,1073737727,1073709055,1073590271,1073184767,1071570943,1073740799,1073741823,1073741759,1073741823,1073741823,1073741823:l10
1073741823,1073741823,1073741823,1073741823,1073737727,1073709055,1073590271,1073184767,1071570943,1073740735,1073741823,1073741823,1073741823,1073741823,1073741823:l10
1073741823,1073741823,1073741823,1073741823,1073737727,1073709055,1073590271,1073184767,1071570943,1073740543,1073741823,1073741823,1073741823,1073741823,1073741823:l10
1073741823,1073741823,1073741823,1073741823,1073737727,1073709055,1073590271,1073184703,1071570943,1073740799,1073741823,1073741823,1073741823,1073741823,1073741823:l10
1073741823,1073741823,1073741823,1073741823,1073737727,1073709055,1073590271,1073184767,1071570943,1073740799,1073741823,1073725439,1073741823,1073741823,1073741823:l10
1073741823,1073741823,1073741823,1073741823,1073737727,1073709055,1073590271,1073184767,1071570943,1073740799,1073741823,1073740799,1073741823,1073741823,1073741823:l10
1073741823,1073741823,1073741823,1073741823,1073737727,1073709055,1073590271,1073184767,1071570943,1073740799,1073740799,1073741823,1073741823,1073741823,1073741823:l10
1073741823,1073741823,1073741823,1073741823,1073737727,1073709055,1073590271,1073184767,1071570943,1073740799,1073741567,1073741823,1073741823,1073741823,1073741823:l10
1073741823,1073741823,1073741823,1073741823,1073737727,1073709055,1073590271,1073184767,1071570687,1073740799,1073741823,1073741823,1073741823,1073741823,1073741823:l10
1073741823,1073741823,1073741823,1073741823,1073737727,1073709055,1073590015,1073184767,1071570943,1073740799,1073741823,1073741823,1073741823,1073741823,1073741823:l10
1073741823,1073741823,1073741823,1073741823,1073737727,1073709055,1073590271,1073184767,1071570943,1073736703,1073741823,1073741823,1073741823,1073741823,1073741823:l10
1073741823,1073741823,1073741823,1073741823,1073737727,1073709055,1073590271,1073184767,1071570943,1073740799,1073737727,1073741823,1073741823,1073741823,1073741823:l10
1073741823,1073741823,1073741823,1073741823,1073737727,1073709055,1073590271,1073184767,1071570943,1073740799,1072693247,1073741823,1073741823,1073741823,1073741823:l10
1073741823,1073741823,1073741823,1073741823,1073737727,1073709055,1073590271,1073184767,1071570943,1073740799,1073676287,1073741823,1073741823,1073741823,1073741823:l10
1073741823,1073741823,1073741823,1073741823,1073737727,1073709055,1073590271,1073184767,1071570943,1073675263,1073741823,1073741823,1073741823,1073741823,1073741823:l10
1073741823,1073741823,1073741823,1073741823,1073672191,1073709055,1073590271,1073184767,1071570943,1073740799,1073741823,1073741823,1073741823,1073741823,1073741823:l10
1073741823,1073741823,1073741823,1073741823,1072689151,1073709055,1073590271,1073184767,1071570943,1073740799,1073741823,1073741823,1073741823,1073741823,1073741823:l10
1073741823,1073741823,1073741823,1073741823,1073737727,1073709055,1072541695,1073184767,1071570943,1073740799,1073741823,1073741823,1073741823,1073741823,1073741823:l10
1073741823,1073741823,1073741823,1073741823,1073737727,1073709055,1073590271,1073184767,1071569919,1073740799,1073741823,1073741823,1073741823,1073741823,1073741823:l10
1073741823,1073741823,1073741823,1073741823,1073737727,1073709055,1073589247,1073184767,1071570943,1073740799,1073741823,1073741823,1073741823,1073741823,1073741823:l10
1073741823,1073741823,1073741823,1073741823,1073736703,1073709055,1073590271,1073184767,1071570943,1073740799,1073741823,1073741823,1073741823,1073741823,1073741823:l10
1073741823,1073741823,1073741823,1073741823,1073737727,1073704959,1073590271,1073184767,1071570943,1073740799,1073741823,1073741823,1073741823,1073741823,1073741823:l10
1073741823,1073741823,1073741823,1073741823,1073721343,1073709055,1073590271,1073184767,1071570943,1073740799,1073741823,1073741823,1073741823,1073741823,1073741823:l10
1073741823,1073741823,1073741823,1073741823,1073475583,1073709055,1073590271,1073184767,1071570943,1073740799,1073741823,1073741823,1073741823,1073741823,1073741823:l10
1073741823,1073741823,1073741823,1073741823,1073737727,1073643519,1073590271,1073184767,1071570943,1073740799,1073741823,1073741823,1073741823,1073741823,1073741823:l10
1073741823,1073741823,1073741823,1073741823,1073737727,1073709055,1073328127,1073184767,1071570943,1073740799,1073741823,1073741823,1073741823,1073741823,1073741823:l10
1073741823,1073741823,1073741823,1073741823,1073737727,1073709055,1073590271,1073184767,1071308799,1073740799,1073741823,1073741823,1073741823,1073741823,1073741823:l10
1073741823,1073741823,1073741823,1073741823,1073737727,1073709055,1073590271,1073183743,1071570943,1073740799,1073741823,1073741823,1073741823,1073741823,1073741823:l10
1073741823,1073741823,1073741823,1073741823,1073737727,1073709055,1073590271,1073180671,1071570943,1073740799,1073741823,1073741823,1073741823,1073741823,1073741823:l10
1073741823,1073741823,1073741823,1073741823,1073737727,1073708031,1073590271,1073184767,1071570943,1073740799,1073741823,1073741823,1073741823,1073741823,1073741823:l10
1073741823,1073741823,1073741823,1073741823,1073737727,1073446911,1073590271,1073184767,1071570943,1073740799,1073741823,1073741823,1073741823,1073741823,1073741823:l10
1073741823,1073741823,1073741823,1073741823,1073737727,1073709055,1073590271,1073119231,1071570943,1073740799,1073741823,1073741823,1073741823,1073741823,1073741823:l10
1073741823,1073741823,1073741823,1073741823,1073737727,1073709055,1073590271,1073184767,1071570943,1073478655,1073741823,1073741823,1073741823,1073741823,1073741823:l10
1073741823,1073741823,1073741823,1073741823,1073737727,1073709055,1073590271,1073184767,1071570943,1073724415,1073741823,1073741823,1073741823,1073741823,1073741823:l10
1073741823,1073741823,1073741823,1073741823,1073737727,1073709055,1073590271,1073184767,1071554559,1073740799,1073741823,1073741823,1073741823,1073741823,1073741823:l10
1073741823,1073741823,1073741823,1073741823,1073676287,1073709055,1073590271,1073184767,1073668095,1073740799,1073741823,1073741823,1073741823,1073741823,1073741823:g5
1073741823,1073741823,1073741823,1073741823,1072693247,1073709055,1073590271,1073184767,1073668095,1073740799,1073741823,1073741823,1073741823,1073741823,1073741823:g5
1073741823,1073741823,1073741823,1073741823,1073741823,1073709055,1072541695,1073184767,1073668095,1073740799,1073741823,1073741823,1073741823,1073741823,1073741823:g5
1073741823,1073741823,1073741823,1073741823,1073741823,1073709055,1073590271,1073184767,1072619519,1073740799,1073741823,1073741823,1073741823,1073741823,1073741823:i8
1073741823,1073741823,1073741823,1073741823,1073741823,1069514751,1073590271,1073053695,1072619519,1073740799,1073741823,1073741823,1073741823,1073741823,1073741823:j6
1073741823,1073741823,1073741823,1073741823,1073741823,1073709055,1056813055,1073053695,1072619519,1073740799,1073741823,1073741823,1073741823,1073741823,1073741823:j6
1073741823,1073741823,1073741823,1073741823,1073741823,1073709055,1073590271,1068859391,1072619519,1073740799,1073741823,1073741823,1073741823,1073741823,1073741823:j6
1073741823,1073741823,1073741823,1073741823,1073741823,1073709055,1073590271,1073053695,1055842303,1073740799,1073741823,1073741823,1073741823,1073741823,1073741823:g8
1073741823,1073741823,1073741823,1073741823,1073741823,1073709055,1073590271,1073053695,1068425215,1073740799,1073741823,1073741823,1073741823,1073741823,1073741823:g8
1073741823,1073741823,1073741823,1073741823,1073741823,1073709055,1073590271,1073053695,1072619519,1073740799,1056964607,1073741823,1073741823,1073741823,1073741823:j6
1073741823,1073741823,1073741823,1073741823,1073741823,1073709055,1073590271,1073053695,1072619519,1069546495,1073741823,1073741823,1073741823,1073741823,1073741823:j6
1073741823,1073741823,1073741823,1073741823,1073741823,1072660479,1073590271,1073053695,1072619519,1073740799,1073741823,1073741823,1073741823,1073741823,1073741823:g8
1073741823,1073741823,1073741823,1073741823,1073741823,1073709055,1073590271,1072005119,1072619519,1073740799,1073741823,1073741823,1073741823,1073741823,1073741823:j6
1073741823,1073741823,1073741823,1073741823,1073741823,1073709055,1073590271,1073053695,1072619519,1072692223,1073741823,1073741823,1073741823,1073741823,1073741823:j6
1073741823,1073741823,1073741823,1073741823,1073741567,1073709055,1073590271,1073053695,1072619519,1073740799,1073741823,1073741823,1073741823,1073741823,1073741823:j6
1073741823,1073741823,1073741823,1073740799,1073741823,1073709055,1073590271,1073053695,1072619519,1073740799,1073741823,1073741823,1073741823,1073741823,1073741823:j6
1073741823,1073741823,1073741823,1073725439,1073741823,1073709055,1073590271,1073053695,1072619519,1073740799,1073741823,1073741823,1073741823,1073741823,1073741823:j6
1073741823,1073741823,1073741823,1073479679,1073741823,1073709055,1073590271,1073053695,1072619519,1073740799,1073741823,1073741823,1073741823,1073741823,1073741823:j6
1073741823,1073741823,1073741823,1073741823,1073741823,1073709055,1073590271,1073053695,1072619519,1073740799,1073741823,1073741759,1073741823,1073741823,1073741823:j6
1073741823,1073741823,1073741823,1073741823,1073741823,1073709055,1073590271,1073053695,1072619519,1073740735,1073741823,1073741823,1073741823,1073741823,1073741823:j6
1073741823,1073741823,1073741823,1073741823,1073741823,1073709055,1073590271,1073053695,1072619519,1073740543,1073741823,1073741823,1073741823,1073741823,1073741823:j6
1073741823,1073741823,1073741823,1073741823,1073741823,1073709055,1073590271,1073053631,1072619519,1073740799,1073741823,1073741823,1073741823,1073741823,1073741823:j6
1073741823,1073741823,1073741823,1073741823,1073741823,1073709055,1073590271,1073053695,1072619519,1073740799,1073741823,1073725439,1073741823,1073741823,1073741823:j6
1073741823,1073741823,1073741823,1073741823,1073741823,1073709055,1073590271,1073053695,1072619519,1073740799,1073741823,1073740799,1073741823,1073741823,1073741823:j6
1073741823,1073741823,1073741823,1073741823,1073741823,1073709055,1073590271,1073053695,1072619519,1073740799,1073740799,1073741823,1073741823,1073741823,1073741823:j6
1073741823,1073741823,1073741823,1073741823,1073741823,1073709055,1073590271,1073053695,1072619519,1073740799,1073741567,1073741823,1073741823,1073741823,1073741823:j6
1073741823,1073741823,1073741823,1073741823,1073741823,1073709055,1073590271,1073053695,1072619263,1073740799,1073741823,1073741823,1073741823,1073741823,1073741823:j6
1073741823,1073741823,1073741823,1073741823,1073741823,1073709055,1073590015,1073053695,1072619519,1073740799,1073741823,1073741823,1073741823,1073741823,1073741823:j6
1073741823,1073741823,1073741823,1073741823,1073741823,1073709055,1073590271,1073053695,1072619519,1073736703,1073741823,1073741823,1073741823,1073741823,1073741823:j6
1073741823,1073741823,1073741823,1073741823,1073741823,1073709055,1073590271,1073053695,1072619519,1073740799,1073737727,1073741823,1073741823,1073741823,1073741823:j6
1073741823,1073741823,1073741823,1073741823,1073741823,1073709055,1073590271,1073053695,1072619519,1073740799,1072693247,1073741823,1073741823,1073741823,1073741823:j6
1073741823,1073741823,1073741823,1073741823,1073741823,1073709055,1073590271,1073053695,1072619519,1073740799,1073676287,1073741823,1073741823,1073741823,1073741823:j6
1073741823,1073741823,1073741823,1073741823,1073741823,1073709055,1073590271,1073053695,1072619519,1073675263,1073741823,1073741823,1073741823,1073741823,1073741823:j6
1073741823,1073741823,1073741823,1073741823,1073737727,1073709055,1073590271,1073053695,1072619519,1073740799,1073741823,1073741823,1073741823,1073741823,1073741823:j6
1073741823,1073741823,1073741823,1073741823,1073676287,1073709055,1073590271,1073053695,1072619519,1073740799,1073741823,1073741823,1073741823,1073741823,1073741823:j6
1073741823,1073741823,1073741823,1073741823,1072693247,1073709055,1073590271,1073053695,1072619519,1073740799,1073741823,1073741823,1073741823,1073741823,1073741823:g8
1073741823,1073741823,1073741823,1073741823,1073741823,1073709055,1072541695,1073053695,1072619519,1073740799,1073741823,1073741823,1073741823,1073741823,1073741823:j6
1073741823,1073741823,1073741823,1073741823,1073741823,1073709055,1073590271,1073053695,1072618495,1073740799,1073741823,1073741823,1073741823,1073741823,1073741823:j6
1073741823,1073741823,1073741823,1073741823,1073741823,1073709055,1073589247,1073053695,1072619519,1073740799,1073741823,1073741823,1073741823,1073741823,1073741823:j6
1073741823,1073741823,1073741823,1073741823,1073740799,1073709055,1073590271,1073053695,1072619519,1073740799,1073741823,1073741823,1073741823,1073741823,1073741823:j6
1073741823,1073741823,1073741823,1073741823,1073741823,1073704959,1073590271,1073053695,1072619519,1073740799,1073741823,1073741823,1073741823,1073741823,1073741823:g8
1073741823,1073741823,1073741823,1073741823,1073725439,1073709055,1073590271,1073053695,1072619519,1073740799,1073741823,1073741823,1073741823,1073741823,1073741823:j6
1073741823,1073741823,1073741823,1073741823,1073479679,1073709055,1073590271,1073053695,1072619519,1073740799,1073741823,1073741823,1073741823,1073741823,1073741823:j6
1073741823,1073741823,1073741823,1073741823,1073741823,1073643519,1073590271,1073053695,1072619519,1073740799,1073741823,1073741823,1073741823,1073741823,1073741823:g8
1073741823,1073741823,1073741823,1073741823,1073741823,1073709055,1073328127,1073053695,1072619519,1073740799,1073741823,1073741823,1073741823,1073741823,1073741823:j6
1073741823,1073741823,1073741823,1073741823,1073741823,1073709055,1073590271,1073053695,1072357375,1073740799,1073741823,1073741823,1073741823,1073741823,1073741823:g8
1073741823,1073741823,1073741823,1073741823,1073741823,1073709055,1073590271,1073052671,1072619519,1073740799,1073741823,1073741823,1073741823,1073741823,1073741823:j6
1073741823,1073741823,1073741823,1073741823,1073741823,1073709055,1073590271,1073049599,1072619519,1073740799,1073741823,1073741823,1073741823,1073741823,1073741823:j6
1073741823,1073741823,1073741823,1073741823,1073741823,1073708031,1073590271,1073053695,1072619519,1073740799,1073741823,1073741823,1073741823,1073741823,1073741823:j6
1073741823,1073741823,1073741823,1073741823,1073741823,1073446911,1073590271,1073053695,1072619519,1073740799,1073741823,1073741823,1073741823,1073741823,1073741823:g8
1073741823,1073741823,1073741823,1073741823,1073741823,1073709055,1073590271,1073053695,1072619519,1073478655,1073741823,1073741823,1073741823,1073741823,1073741823:j6
1073741823,1073741823,1073741823,1073741823,1073741823,1073709055,1073590271,1073053695,1072619519,1073724415,1073741823,1073741823,1073741823,1073741823,1073741823:j6
1073741823,1073741823,1073741823,1073741823,1073741823,1073709055,1073590271,1073053695,1072603135,1073740799,1073741823,1073741823,1073741823,1073741823,1073741823:j6
1073741823,1073741823,1073741823,1073741823,1073741823,1073709055,1073590271,1073184767,1073667071,1073740799,1073741823,1073741823,1073741823,1073741823,1073741823:g5
1073741823,1073741823,1073741823,1073741823,1073741823,1073709055,1073589247,1073184767,1073668095,1073740799,1073741823,1073741823,1073741823,1073741823,1073741823:g5
1073741823,1073741823,1073741823,1073741823,1073740799,1073709055,1073590271,1073184767,1073668095,1073740799,1073741823,1073741823,1073741823,1073741823,1073741823:g5
1073741823,1073741823,1073741823,1073741823,1073741823,1073704959,1073590271,1073184767,1073668095,1073740799,1073741823,1073741823,1073741823,1073741823,1073741823:g5
1073741823,1073741823,1073741823,1073741823,1073725439,1073709055,1073590271,1073184767,1073668095,1073740799,1073741823,1073741823,1073741823,1073741823,1073741823:g5
1073741823,1073741823,1073741823,1073741823,1073479679,1073709055,1073590271,1073184767,1073668095,1073740799,1073741823,1073741823,1073741823,1073741823,1073741823:g5
1073741823,1073741823,1073741823,1073741823,1073741823,1073643519,1073590271,1073184767,1073668095,1073740799,1073741823,1073741823,1073741823,1073741823,1073741823:g5
1073741823,1073741823,1073741823,1073741823,1073741823,1073709055,1073328127,1073184767,1073668095,1073740799,1073741823,1073741823,1073741823,1073741823,1073741823:g5
1073741823,1073741823,1073741823,1073741823,1073741823,1073709055,1073590271,1073184767,1073405951,1073740799,1073741823,1073741823,1073741823,1073741823,1073741823:g5
1073741823,1073741823,1073741823,1073741823,1073741823,1073709055,1073590271,1073183743,1073668095,1073740799,1073741823,1073741823,1073741823,1073741823,1073741823:g5
1073741823,1073741823,1073741823,1073741823,1073741823,1073709055,1073590271,1073180671,1073668095,1073740799,1073741823,1073741823,1073741823,1073741823,1073741823:g5
1073741823,1073741823,1073741823,1073741823,1073741823,1073708031,1073590271,1073184767,1073668095,1073740799,1073741823,1073741823,1073741823,1073741823,1073741823:g5
1073741823,1073741823,1073741823,1073741823,1073741823,1073446911,1073590271,1073184767,1073668095,1073740799,1073741823,1073741823,1073741823,1073741823,1073741823:g5
1073741823,1073741823,1073741823,1073741823,1073741823,1073709055,1073590271,1073119231,1073668095,1073740799,1073741823,1073741823,1073741823,1073741823,1073741823:g5
1073741823,1073741823,1073741823,1073741823,1073741823,1073709055,1073590271,1073184767,1073668095,1073478655,1073741823,1073741823,1073741823,1073741823,1073741823:g5
1073741823,1073741823,1073741823,1073741823,1073741823,1073709055,1073590271,1073184767,1073668095,1073724415,1073741823,1073741823,1073741823,1073741823,1073741823:g5
1073741823,1073741823,1073741823,1073741823,1073741823,1073709055,1073590271,1073184767,1073651711,1073740799,1073741823,1073741823,1073741823,1073741823,1073741823:g5
