1073741823,1073741823,1073741823,1073741823,1069547519,1072693247,1073332223,1073643519,1073053695,1073741823,1073741823,1073741823,1073741823,1073741823,1073741823:m4
1073741823,1073741823,1073741823,1073741823,1072693247,1073201151,1073328127,1073119231,1071120383,1073741823,1073741823,1073741823,1073741823,1073741823,1073741823:l9
1073741823,1073741823,1073741823,1073741823,1072693247,1073216511,1073332223,1073119231,1071120383,1069547519,1073741823,1073741823,1073741823,1073741823,1073741823:i9
1073741823,1073741823,1073741823,1073741823,1072693247,1073216511,1073332223,1073119231,1073217535,1073741823,1073741823,1073741823,1073741823,1073741823,1073741823:k9
1073741823,1073741823,1073741823,1073741823,1072693247,1073217535,1073328127,1073119231,1071120383,1069547519,1073741823,1073741823,1073741823,1073741823,1073741823:m9
1073741823,1073741823,1073741823,1073741823,1072693247,1073217535,1073328127,1073119231,1073217535,1073741823,1073741823,1073741823,1073741823,1073741823,1073741823:k9
1073741823,1073741823,1073741823,1073741823,1072693247,1073217535,1073331199,1073119231,1073217535,1073741823,1073741823,1073741823,1073741823,1073741823,1073741823:k9
1073741823,1073741823,1073741823,1073741823,1072693247,1073217535,1073332223,1073119231,1071120383,1069481983,1073741823,1073741823,1073741823,1073741823,1073741823:k6
1073741823,1073741823,1073741823,1073741823,1072693247,1073217535,1073332223,1073381375,1071120383,1073741823,1073741823,1073741823,1073741823,1073741823,1073741823:k6
1073741823,1073741823,1073741823,1073741823,1073740799,1071120383,1073332223,1073381375,1071116287,1073741823,1073741823,1073741823,1073741823,1073741823,1073741823:i6
1073741823,1073741823,1073741823,1073741823,1073740799,1073733631,1073332223,1073119231,1073213439,1073741823,1073741823,1073741823,1073741823,1073741823,1073741823:h6
1073741823,1073741823,1073741823,1073741823,1073740799,1073741823,1073332223,1073119231,1072168959,1073217535,1073741823,1073741823,1073741823,1073741823,1073741823:k11
1073741823,1073741823,1073741823,1073741823,1073741823,1071054847,1073332223,1073381375,1071116287,1073741823,1073741823,1073741823,1073741823,1073741823,1073741823:m9
1073741823,1073741823,1073741823,1073741823,1073741823,1071120383,1073332223,1072332799,1071116287,1073741823,1073741823,1073741823,1073741823,1073741823,1073741823:l9
1073741823,1073741823,1073741823,1073741823,1073741823,1071120383,1073332223,1073381375,1071099903,1073741823,1073741823,1073741823,1073741823,1073741823,1073741823:m9
1073741823,1073741823,1073741823,1073741823,1073741823,1071120383,1073332223,1073381375,1071116287,1073737727,1073741823,1073741823,1073741823,1073741823,1073741823:l9
1073741823,1073741823,1073741823,1073741823,1073741823,1072693247,1073332223,1073643519,1073086463,1073741823,1073741823,1073741823,1073741823,1073741823,1073741823:h9
1073741823,1073741823,1073741823,1073741823,1073741823,1073201151,1073328127,1073119231,1071116287,1073741823,1073741823,1073741823,1073741823,1073741823,1073741823:l9
1073741823,1073741823,1073741823,1073741823,1073741823,1073201151,1073332223,1073119231,1071116287,1073741823,1072693247,1073741823,1073741823,1073741823,1073741823:m9
1073741823,1073741823,1073741823,1073741823,1073741823,1073216511,1073332223,1073119231,1071116287,1069547519,1073741823,1073741823,1073741823,1073741823,1073741823:l9
1073741823,1073741823,1073741823,1073741823,1073741823,1073216511,1073332223,1073119231,1073213439,1073741823,1073741823,1073741823,1073741823,1073741823,1073741823:k9
1073741823,1073741823,1073741823,1073741823,1073741823,1073217535,1073328127,1073119231,1071116287,1069547519,1073741823,1073741823,1073741823,1073741823,1073741823:m9
1073741823,1073741823,1073741823,1073741823,1073741823,1073217535,1073328127,1073119231,1073213439,1073741823,1073741823,1073741823,1073741823,1073741823,1073741823:k9
1073741823,1073741823,1073741823,1073741823,1073741823,1073217535,1073331199,1073119231,1073213439,1073741823,1073741823,1073741823,1073741823,1073741823,1073741823:k9
1073741823,1073741823,1073741823,1073741823,1073741823,1073217535,1073332223,1073119231,1071115263,1069547519,1073741823,1073741823,1073741823,1073741823,1073741823:i9
1073741823,1073741823,1073741823,1073741823,1073741823,1073217535,1073332223,1073119231,1071116287,1069547519,1072693247,1073741823,1073741823,1073741823,1073741823:m9
1073741823,1073741823,1073741823,1073741823,1073741823,1073217535,1073332223,1073381375,1071116287,1073741823,1073741823,1073741823,1073741823,1073741823,1073741823:k6
1073741823,1073741823,1073741823,1073741823,1073741823,1073475583,1073332223,1073635327,1073209343,1073741823,1073741823,1073741823,1073741823,1073741823,1073741823:h9
1073741823,1073741823,1073741823,1073741823,1073741823,1073479679,1073332223,1073119231,1072160767,1073217535,1072693247,1073741823,1073741823,1073741823,1073741823:h10
1073741823,1073741823,1073741823,1073741823,1073741823,1073479679,1073332223,1073643519,1073061887,1073733631,1073740799,1073741823,1073741823,1073741823,1073741823:g7
1073741823,1073741823,1073741823,1073741823,1073741823,1073725439,1073332223,1073115135,1071120383,1073741823,1073741823,1073741823,1073741823,1073741823,1073741823:j6
1073741823,1073741823,1073741823,1073741823,1073741823,1073725439,1073332223,1073118207,1071120383,1073741823,1073741823,1073741823,1073741823,1073741823,1073741823:l9
1073741823,1073741823,1073741823,1073741823,1073741823,1073725439,1073332223,1073119231,1071120383,1073676287,1073741823,1073741823,1073741823,1073741823,1073741823:m9
1073741823,1073741823,1073741823,1073741823,1073741823,1073725439,1073332223,1073119231,1071120383,1073740799,1073741823,1073741823,1073741823,1073741823,1073741823:j6
1073741823,1073741823,1073741823,1073741823,1073741823,1073725439,1073332223,1073119231,1071120383,1073741823,1073676287,1073741823,1073741823,1073741823,1073741823:m9
1073741823,1073741823,1073741823,1073741823,1073741823,1073740799,1073332223,1073119231,1073217535,1073741823,1073741823,1073741823,1073741823,1073741823,1073741823:j6
1073741823,1073741823,1073741823,1073741823,1073741823,1073741823,1056555007,1071284223,1071120383,1073741823,1073741823,1073741823,1073741823,1073741823,1073741823:l9
1073741823,1073741823,1073741823,1073741823,1073741823,1073741823,1071235071,1073381375,1071054847,1073741823,1073741823,1073741823,1073741823,1073741823,1073741823:j6
1073741823,1073741823,1073741823,1073741823,1073741823,1073741823,1073328127,1073119231,1072168959,1073217535,1073741823,1073741823,1073741823,1073741823,1073741823:g9
1073741823,1073741823,1073741823,1073741823,1073741823,1073741823,1073331199,1073119231,1073217535,1073741823,1073741823,1073741823,1073741823,1073741823,1073741823:j6
1073741823,1073741823,1073741823,1073741823,1073741823,1073741823,1073332223,1071284223,1071103999,1073741823,1073741823,1073741823,1073741823,1073741823,1073741823:k6
1073741823,1073741823,1073741823,1073741823,1073741823,1073741823,1073332223,1073115135,1071120383,1069547519,1073741823,1073741823,1073741823,1073741823,1073741823:m9
1073741823,1073741823,1073741823,1073741823,1073741823,1073741823,1073332223,1073115135,1073217535,1073741823,1073741823,1073741823,1073741823,1073741823,1073741823:k9
1073741823,1073741823,1073741823,1073741823,1073741823,1073741823,1073332223,1073118207,1071120383,1069547519,1073741823,1073741823,1073741823,1073741823,1073741823:m9
1073741823,1073741823,1073741823,1073741823,1073741823,1073741823,1073332223,1073118207,1073217535,1073741823,1073741823,1073741823,1073741823,1073741823,1073741823:k9
1073741823,1073741823,1073741823,1073741823,1073741823,1073741823,1073332223,1073119231,1071119359,1069547519,1073741823,1073741823,1073741823,1073741823,1073741823:j6
1073741823,1073741823,1073741823,1073741823,1073741823,1073741823,1073332223,1073119231,1071120383,1069481983,1073741823,1073741823,1073741823,1073741823,1073741823:j6
1073741823,1073741823,1073741823,1073741823,1073741823,1073741823,1073332223,1073119231,1071120383,1069547519,1073676287,1073741823,1073741823,1073741823,1073741823:j6
1073741823,1073741823,1073741823,1073741823,1073741823,1073741823,1073332223,1073119231,1072160767,1073216511,1072693247,1073741823,1073741823,1073741823,1073741823:h10
1073741823,1073741823,1073741823,1073741823,1073741823,1073741823,1073332223,1073119231,1072168959,1073217535,1073676287,1073741823,1073741823,1073741823,1073741823:i9
1073741823,1073741823,1073741823,1073741823,1073741823,1073741823,1073332223,1073119231,1073216511,1073741823,1073741823,1073741823,1073741823,1073741823,1073741823:k9
1073741823,1073741823,1073741823,1073741823,1073741823,1073741823,1073332223,1073381375,1071120383,1073741823,1073741823,1073741823,1073741823,1073741823,1073741823:j6
1073741823,1073741823,1073741823,1073741823,1073741823,1073741823,1073332223,1073635327,1073209343,1072692223,1073741823,1073741823,1073741823,1073741823,1073741823:g10
1073741823,1073741823,1073741823,1073741823,1073741823,1073741823,1073332223,1073643519,1071116287,1073741823,1073741823,1073741823,1073741823,1073741823,1073741823:l9
1073741823,1073741823,1073741823,1073741823,1073741823,1073741823,1073332223,1073643519,1071120383,1072693247,1073741823,1073741823,1073741823,1073741823,1073741823:l9
1073741823,1073741823,1073741823,1073741823,1073741823,1073741823,1073332223,1073643519,1071120383,1073676287,1073741823,1073741823,1073741823,1073741823,1073741823:j8
1073741823,1073741823,1073741823,1073741823,1073741823,1073741823,1073332223,1073643519,1071120383,1073725439,1073741823,1073741823,1073741823,1073741823,1073741823:m9
1073741823,1073741823,1073741823,1073741823,1073741823,1073741823,1073332223,1073643519,1071120383,1073740799,1073741823,1073741823,1073741823,1073741823,1073741823:l9
1073741823,1073741823,1073741823,1073741823,1073741823,1073741823,1073332223,1073643519,1071120383,1073741823,1073479679,1073741823,1073741823,1073741823,1073741823:m9
1073741823,1073741823,1073741823,1073741823,1073741823,1073741823,1073332223,1073643519,1071120383,1073741823,1073725439,1073741823,1073741823,1073741823,1073741823:l9
1073741823,1073741823,1073741823,1073741823,1073741823,1073741823,1073332223,1073643519,1072168959,1073217535,1073741823,1073741823,1073741823,1073741823,1073741823:j11
