1073741823,1073741823,1073741823,1073741823,1073741823,1073741823,1072623615,1073184767,1073344511,1073184767,1073741823,1073741823,1073741823,1073741823,1073741823:h7
1073741823,1073741823,1073741823,1073741823,1073740799,1073741823,1072590847,1073184767,1073344511,1073184767,1073741823,1073741823,1073741823,1073741823,1073741823:h9
1073741823,1073741823,1073741823,1073741823,1073725439,1073741823,1072590847,1073184767,1073344511,1073184767,1073741823,1073741823,1073741823,1073741823,1073741823:h9
1073741823,1073741823,1073741823,1073741823,1073479679,1073741823,1072590847,1073184767,1073344511,1073184767,1073741823,1073741823,1073741823,1073741823,1073741823:h9
1073741823,1073741823,1073741823,1073741823,1073741823,1073741823,1072590847,1073184767,1069150207,1073184767,1073741823,1073741823,1073741823,1073741823,1073741823:h9
1073741823,1073741823,1073741823,1073741823,1073741823,1073741823,1072590847,1073184767,1073344511,1073184767,1069547519,1073741823,1073741823,1073741823,1073741823:h9
1073741823,1073741823,1073741823,1073741823,1073741823,1073741823,1072590847,1073184767,1073344511,1072136191,1073741823,1073741823,1073741823,1073741823,1073741823:h9
1073741823,1073741823,1073741823,1073741823,1073741823,1073741823,1072590847,1073184767,1073344511,1073184767,1073741823,1069547519,1073741823,1073741823,1073741823:h9
1073741823,1073741823,1073741823,1073741823,1073741823,1073741823,1072590847,1073184767,1073344511,1073184767,1073479679,1073741823,1073741823,1073741823,1073741823:h9
1073741823,1073741823,1073741823,1073741823,1073741823,1072693247,1072590847,1073184767,1073344511,1073184767,1073741823,1073741823,1073741823,1073741823,1073741823:h9
1073741823,1073741823,1073741823,1073741823,1056964607,1073741823,1072590847,1073184767,1073344511,1073184767,1073741823,1073741823,1073741823,1073741823,1073741823:h9
1073741823,1073741823,1073741823,1073741823,1073741823,1073741823,1055813631,1073184767,1073344511,1073184767,1073741823,1073741823,1073741823,1073741823,1073741823:h9
1073741823,1073741823,1073741823,1073741823,1073741823,1073741823,1068396543,1073184767,1073344511,1073184767,1073741823,1073741823,1073741823,1073741823,1073741823:h9
1073741823,1073741823,1073741823,1073741823,1073741823,1073741823,1072590847,1073184767,1056567295,1073184767,1073741823,1073741823,1073741823,1073741823,1073741823:h9
1073741823,1073741823,1073741823,1073741823,1073741823,1069547519,1072590847,1073184767,1073344511,1073184767,1073741823,1073741823,1073741823,1073741823,1073741823:h9
1073741823,1073741823,1073741823,1073741823,1073741823,1073741823,1072590847,1068990463,1073344511,1073184767,1073741823,1073741823,1073741823,1073741823,1073741823:h9
1073741823,1073741823,1073741823,1073741823,1073741823,1073741823,1072590847,1072136191,1073344511,1073184767,1073741823,1073741823,1073741823,1073741823,1073741823:h9
1073741823,1073741823,1073741823,1073741823,1073741823,1073741823,1072590847,1073184767,1073344511,1068990463,1073741823,1073741823,1073741823,1073741823,1073741823:h9
1073741823,1073741823,1073741823,1073741823,1073741823,1073741823,1072589823,1073184767,1073344511,1073184767,1073741823,1073741823,1073741823,1073741823,1073741823:h9
1073741823,1073741823,1073741823,1073741823,1073741567,1073741823,1072590847,1073184767,1073344511,1073184767,1073741823,1073741823,1073741823,1073741823,1073741823:h9
1073741823,1073741823,1073741823,1073741823,1073741823,1073737727,1072590847,1073184767,1073344511,1073184767,1073741823,1073741823,1073741823,1073741823,1073741823:h9
1073741823,1073741823,1073741823,1073741823,1073741823,1073741823,1072590847,1073184767,1073344511,1073184767,1073741823,1073740799,1073741823,1073741823,1073741823:h9
1073741823,1073741823,1073741823,1073741823,1073741823,1073741823,1072590847,1073184767,1073344511,1073184767,1073741823,1073479679,1073741823,1073741823,1073741823:h9
1073741823,1073741823,1073741823,1073741823,1073741823,1073741823,1072590847,1073184767,1073344511,1073184767,1073741823,1073725439,1073741823,1073741823,1073741823:h9
1073741823,1073741823,1073741823,1073741823,1073741823,1073741823,1072590847,1073184767,1073344511,1073184767,1073725439,1073741823,1073741823,1073741823,1073741823:h9
1073741823,1073741823,1073741823,1073741823,1073741823,1073741823,1072590847,1073184767,1073344511,1073184767,1073741567,1073741823,1073741823,1073741823,1073741823:h9
1073741823,1073741823,1073741823,1073741823,1073741823,1073741823,1072590847,1073184767,1073344255,1073184767,1073741823,1073741823,1073741823,1073741823,1073741823:h9
1073741823,1073741823,1073741823,1073741823,1073741823,1073741823,1072590847,1073184767,1073343487,1073184767,1073741823,1073741823,1073741823,1073741823,1073741823:h9
1073741823,1073741823,1073741823,1073741823,1073741823,1073741823,1072590591,1073184767,1073344511,1073184767,1073741823,1073741823,1073741823,1073741823,1073741823:h9
1073741823,1073741823,1073741823,1073741823,1073741823,1073741823,1072590847,1073184767,1073344511,1073180671,1073741823,1073741823,1073741823,1073741823,1073741823:h9
1073741823,1073741823,1073741823,1073741823,1073741823,1073741823,1072590847,1073184767,1073344511,1073184767,1073737727,1073741823,1073741823,1073741823,1073741823:h9
1073741823,1073741823,1073741823,1073741823,1073741823,1073741823,1072590847,1073184767,1073344511,1073184767,1072693247,1073741823,1073741823,1073741823,1073741823:h9
1073741823,1073741823,1073741823,1073741823,1073741823,1073741823,1072590847,1073184767,1073344511,1073184767,1073676287,1073741823,1073741823,1073741823,1073741823:h9
1073741823,1073741823,1073741823,1073741823,1073741823,1073741823,1072590847,1073184767,1073344511,1073119231,1073741823,1073741823,1073741823,1073741823,1073741823:h9
1073741823,1073741823,1073741823,1073741823,1073737727,1073741823,1072590847,1073184767,1073344511,1073184767,1073741823,1073741823,1073741823,1073741823,1073741823:h9
1073741823,1073741823,1073741823,1073741823,1073676287,1073741823,1072590847,1073184767,1073344511,1073184767,1073741823,1073741823,1073741823,1073741823,1073741823:h9
1073741823,1073741823,1073741823,1073741823,1073741823,1073676287,1072590847,1073184767,1073344511,1073184767,1073741823,1073741823,1073741823,1073741823,1073741823:h9
1073741823,1073741823,1073741823,1073741823,1072693247,1073741823,1072590847,1073184767,1073344511,1073184767,1073741823,1073741823,1073741823,1073741823,1073741823:h9
1073741823,1073741823,1073741823,1073741823,1073741823,1073741823,1072328703,1073184767,1073344511,1073184767,1073741823,1073741823,1073741823,1073741823,1073741823:h9
1073741823,1073741823,1073741823,1073741823,1073741823,1073741823,1072590847,1073184767,1072295935,1073184767,1073741823,1073741823,1073741823,1073741823,1073741823:h9
1073741823,1073741823,1073741823,1073741823,1073741823,1073741823,1072590847,1073184767,1073344511,1073183743,1073741823,1073741823,1073741823,1073741823,1073741823:h9
1073741823,1073741823,1073741823,1073741823,1073741823,1073741823,1072590847,1073183743,1073344511,1073184767,1073741823,1073741823,1073741823,1073741823,1073741823:h9
1073741823,1073741823,1073741823,1073741823,1073741823,1073741823,1072590847,1073180671,1073344511,1073184767,1073741823,1073741823,1073741823,1073741823,1073741823:h9
1073741823,1073741823,1073741823,1073741823,1073741823,1073740799,1072590847,1073184767,1073344511,1073184767,1073741823,1073741823,1073741823,1073741823,1073741823:h9
1073741823,1073741823,1073741823,1073741823,1073741823,1073725439,1072590847,1073184767,1073344511,1073184767,1073741823,1073741823,1073741823,1073741823,1073741823:h9
1073741823,1073741823,1073741823,1073741823,1073741823,1073479679,1072590847,1073184767,1073344511,1073184767,1073741823,1073741823,1073741823,1073741823,1073741823:h9
1073741823,1073741823,1073741823,1073741823,1073741823,1073741823,1072590847,1073119231,1073344511,1073184767,1073741823,1073741823,1073741823,1073741823,1073741823:h9
1073741823,1073741823,1073741823,1073741823,1073741823,1073741823,1072590847,1073184767,1073328127,1073184767,1073741823,1073741823,1073741823,1073741823,1073741823:i10
1073741823,1073741823,1073741823,1073741823,1073741823,1073741823,1072590847,1073184767,1073328127,1073053695,1073741823,1073737727,1073741823,1073741823,1073741823:g8
1073741823,1073741823,1073741823,1073741823,1073741823,1073741823,1072590847,1073184767,1073328127,1073053695,1073741823,1072693247,1073741823,1073741823,1073741823:g8
1073741823,1073741823,1073741823,1073741823,1073741823,1073741823,1072590847,1073184767,1073328127,1073053695,1073741823,1073676287,1073741823,1073741823,1073741823:g8
1073741823,1073741823,1073741823,1073741823,1073741823,1073741823,1072590847,1073184767,1073328127,1073053695,1073740799,1073741823,1073741823,1073741823,1073741823:g10
1073741823,1073741823,1073741823,1073741823,1073740799,1073741823,1072590847,1073184767,1073328127,1073053695,1073741823,1073741823,1073741823,1073741823,1073741823:g8
1073741823,1073741823,1073741823,1073741823,1073725439,1073741823,1072590847,1073184767,1073328127,1073053695,1073741823,1073741823,1073741823,1073741823,1073741823:g8
1073741823,1073741823,1073741823,1073741823,1073479679,1073741823,1072590847,1073184767,1073328127,1073053695,1073741823,1073741823,1073741823,1073741823,1073741823:g8
1073741823,1073741823,1073741823,1073741823,1073741823,1073741823,1072590847,1073184767,1069133823,1073053695,1073741823,1073741823,1073741823,1073741823,1073741823:g8
1073741823,1073741823,1073741823,1073741823,1073741823,1073741823,1072590847,1073184767,1073328127,1073053695,1069547519,1073741823,1073741823,1073741823,1073741823:g10
1073741823,1073741823,1073741823,1073741823,1073741823,1073741823,1072590847,1073184767,1073328127,1072005119,1073741823,1073741823,1073741823,1073741823,1073741823:i11
1073741823,1073741823,1073741823,1073741823,1073741823,1073741823,1072590847,1073184767,1073328127,1072005119,1073610751,1073741823,1073737727,1073741823,1073741823:i8
1073741823,1073741823,1073741823,1073741823,1073741823,1073741823,1072590847,1073184767,1073328127,1072005119,1073610751,1073741823,1072693247,1073741823,1073741823:i8
1073741823,1073741823,1073741823,1073741823,1073741823,1073741823,1072590847,1073184767,1073328127,1072005119,1073610751,1073741823,1073676287,1073741823,1073741823:i8
1073741823,1073741823,1073741823,1073741823,1073741823,1073741823,1072590847,1056407551,1073328127,1072005119,1073610751,1073741823,1073741823,1073741823,1073741823:i8
1073741823,1073741823,1073741823,1073741823,1073741823,1073741823,1072590847,1073184767,1073328127,1055227903,1073610751,1073741823,1073741823,1073741823,1073741823:i8
1073741823,1073741823,1073741823,1073741823,1073741823,1073741823,1072590847,1073184767,1073328127,1072005119,1073610751,1056964607,1073741823,1073741823,1073741823:i8
1073741823,1073741823,1073741823,1073741823,1073741823,1073741823,1072590847,1073184767,1073328127,1072005119,1073610751,1073737727,1073741823,1073741823,1073741823:i8
1073741823,1073741823,1073741823,1073741823,1073741823,1073741823,1072590847,1073184767,1073328127,1072005119,1073610751,1072693247,1073741823,1073741823,1073741823:i8
1073741823,1073741823,1073741823,1073741823,1073741823,1073741823,1072590847,1073184767,1073328127,1072005119,1073610751,1073676287,1073741823,1073741823,1073741823:g11
1073741823,1073741823,1073741823,1073741823,1073741823,1073741823,1072590847,1073184767,1073328127,1072005119,1073609727,1073741823,1073741823,1073741823,1073741823:i8
1073741823,1073741823,1073741823,1073741823,1073740799,1073741823,1072590847,1073184767,1073328127,1072005119,1073610751,1073741823,1073741823,1073741823,1073741823:i8
1073741823,1073741823,1073741823,1073741823,1073725439,1073741823,1072590847,1073184767,1073328127,1072005119,1073610751,1073741823,1073741823,1073741823,1073741823:i8
1073741823,1073741823,1073741823,1073741823,1073479679,1073741823,1072590847,1073184767,1073328127,1072005119,1073610751,1073741823,1073741823,1073741823,1073741823:i8
1073741823,1073741823,1073741823,1073741823,1073741823,1073741823,1072590847,1073184767,1069133823,1072005119,1073610751,1073741823,1073741823,1073741823,1073741823:i8
1073741823,1073741823,1073741823,1073741823,1073741823,1073741823,1072590847,1073184767,1073328127,1072005119,1069416447,1073741823,1073741823,1073741823,1073741823:i8
1073741823,1073741823,1073741823,1073741823,1073741823,1073741823,1072590847,1073184767,1073328127,1072005119,1073610751,1069547519,1073741823,1073741823,1073741823:i8
1073741823,1073741823,1073741823,1073741823,1073741823,1073741823,1072590847,1073184767,1073328127,1072005119,1073348607,1073741823,1073741823,1073741823,1073741823:i8
1073741823,1073741823,1073741823,1073741823,1073741823,1072693247,1072590847,1073184767,1073328127,1072005119,1073610751,1073741823,1073741823,1073741823,1073741823:i8
1073741823,1073741823,1073741823,1073741823,1056964607,1073741823,1072590847,1073184767,1073328127,1072005119,1073610751,1073741823,1073741823,1073741823,1073741823:i8
1073741823,1073741823,1073741823,1073741823,1073741823,1073741823,1055813631,1073184767,1073328127,1072005119,1073610751,1073741823,1073741823,1073741823,1073741823:i8
1073741823,1073741823,1073741823,1073741823,1073741823,1073741823,1068396543,1073184767,1073328127,1072005119,1073610751,1073741823,1073741823,1073741823,1073741823:i8
1073741823,1073741823,1073741823,1073741823,1073741823,1073741823,1072590847,1073184767,1056550911,1072005119,1073610751,1073741823,1073741823,1073741823,1073741823:i8
1073741823,1073741823,1073741823,1073741823,1073741823,1069547519,1072590847,1073184767,1073328127,1072005119,1073610751,1073741823,1073741823,1073741823,1073741823:i8
1073741823,1073741823,1073741823,1073741823,1073741823,1073741823,1072590847,1068990463,1073328127,1072005119,1073610751,1073741823,1073741823,1073741823,1073741823:i8
1073741823,1073741823,1073741823,1073741823,1073741823,1073741823,1072590847,1072136191,1073328127,1072005119,1073610751,1073741823,1073741823,1073741823,1073741823:i12
1073741823,1073741823,1073741823,1073741823,1073741823,1073741823,1072590847,1073184767,1073328127,1067810815,1073610751,1073741823,1073741823,1073741823,1073741823:i8
1073741823,1073741823,1073741823,1073741823,1073741823,1073741823,1072589823,1073184767,1073328127,1072005119,1073610751,1073741823,1073741823,1073741823,1073741823:i8
1073741823,1073741823,1073741823,1073741823,1073741567,1073741823,1072590847,1073184767,1073328127,1072005119,1073610751,1073741823,1073741823,1073741823,1073741823:i8
1073741823,1073741823,1073741823,1073741823,1073741823,1073737727,1072590847,1073184767,1073328127,1072005119,1073610751,1073741823,1073741823,1073741823,1073741823:i8
1073741823,1073741823,1073741823,1073741823,1073741823,1073741823,1072590847,1073184767,1073328127,1072005119,1073610751,1073740799,1073741823,1073741823,1073741823:i8
1073741823,1073741823,1073741823,1073741823,1073741823,1073741823,1072590847,1073184767,1073328127,1072005119,1073610751,1073479679,1073741823,1073741823,1073741823:i8
1073741823,1073741823,1073741823,1073741823,1073741823,1073741823,1072590847,1073184767,1073328127,1072005119,1073610751,1073725439,1073741823,1073741823,1073741823:i8
1073741823,1073741823,1073741823,1073741823,1073741823,1073741823,1072590847,1073184767,1073328127,1072005119,1073594367,1073741823,1073741823,1073741823,1073741823:i8
1073741823,1073741823,1073741823,1073741823,1073741823,1073741823,1072590847,1073184767,1073328127,1072005119,1073610495,1073741823,1073741823,1073741823,1073741823:i8
1073741823,1073741823,1073741823,1073741823,1073741823,1073741823,1072590847,1073184767,1073327871,1072005119,1073610751,1073741823,1073741823,1073741823,1073741823:i8
1073741823,1073741823,1073741823,1073741823,1073741823,1073741823,1072590847,1073184767,1073327103,1072005119,1073610751,1073741823,1073741823,1073741823,1073741823:i8
1073741823,1073741823,1073741823,1073741823,1073741823,1073741823,1072590591,1073184767,1073328127,1072005119,1073610751,1073741823,1073741823,1073741823,1073741823:i8
1073741823,1073741823,1073741823,1073741823,1073741823,1073741823,1072590847,1073184767,1073328127,1072001023,1073610751,1073741823,1073741823,1073741823,1073741823:i8
1073741823,1073741823,1073741823,1073741823,1073741823,1073741823,1072590847,1073184767,1073328127,1072005119,1073606655,1073741823,1073741823,1073741823,1073741823:i8
1073741823,1073741823,1073741823,1073741823,1073741823,1073741823,1072590847,1073184767,1073328127,1072005119,1072562175,1073741823,1073741823,1073741823,1073741823:i8
1073741823,1073741823,1073741823,1073741823,1073737727,1073741823,1072590847,1073184767,1073328127,1072005119,1073610751,1073741823,1073741823,1073741823,1073741823:i8
1073741823,1073741823,1073741823,1073741823,1073676287,1073741823,1072590847,1073184767,1073328127,1072005119,1073610751,1073741823,1073741823,1073741823,1073741823:i8
1073741823,1073741823,1073741823,1073741823,1073741823,1073676287,1072590847,1073184767,1073328127,1072005119,1073610751,1073741823,1073741823,1073741823,1073741823:i8
1073741823,1073741823,1073741823,1073741823,1072693247,1073741823,1072590847,1073184767,1073328127,1072005119,1073610751,1073741823,1073741823,1073741823,1073741823:i8
1073741823,1073741823,1073741823,1073741823,1073741823,1073741823,1072328703,1073184767,1073328127,1072005119,1073610751,1073741823,1073741823,1073741823,1073741823:i8
1073741823,1073741823,1073741823,1073741823,1073741823,1073741823,1072590847,1073184767,1072279551,1072005119,1073610751,1073741823,1073741823,1073741823,1073741823:i8
1073741823,1073741823,1073741823,1073741823,1073741823,1073741823,1072590847,1073184767,1073328127,1072004095,1073610751,1073741823,1073741823,1073741823,1073741823:i8
1073741823,1073741823,1073741823,1073741823,1073741823,1073741823,1072590847,1073183743,1073328127,1072005119,1073610751,1073741823,1073741823,1073741823,1073741823:i8
1073741823,1073741823,1073741823,1073741823,1073741823,1073741823,1072590847,1073180671,1073328127,1072005119,1073610751,1073741823,1073741823,1073741823,1073741823:i8
1073741823,1073741823,1073741823,1073741823,1073741823,1073740799,1072590847,1073184767,1073328127,1072005119,1073610751,1073741823,1073741823,1073741823,1073741823:i8
1073741823,1073741823,1073741823,1073741823,1073741823,1073725439,1072590847,1073184767,1073328127,1072005119,1073610751,1073741823,1073741823,1073741823,1073741823:i8
1073741823,1073741823,1073741823,1073741823,1073741823,1073479679,1072590847,1073184767,1073328127,1072005119,1073610751,1073741823,1073741823,1073741823,1073741823:i8
1073741823,1073741823,1073741823,1073741823,1073741823,1073741823,1072590847,1073119231,1073328127,1072005119,1073610751,1073741823,1073741823,1073741823,1073741823:g11
1073741823,1073741823,1073741823,1073741823,1073741823,1073741823,1072590847,1073184767,1073328127,1073053695,1073741823,1069547519,1073741823,1073741823,1073741823:g8
1073741823,1073741823,1073741823,1073741823,1073741823,1073741823,1072590847,1073184767,1073328127,1073053695,1073479679,1073741823,1073741823,1073741823,1073741823:g8
1073741823,1073741823,1073741823,1073741823,1073741823,1072693247,1072590847,1073184767,1073328127,1073053695,1073741823,1073741823,1073741823,1073741823,1073741823:g10
1073741823,1073741823,1073741823,1073741823,1056964607,1073741823,1072590847,1073184767,1073328127,1073053695,1073741823,1073741823,1073741823,1073741823,1073741823:g8
1073741823,1073741823,1073741823,1073741823,1073741823,1073741823,1055813631,1073184767,1073328127,1073053695,1073741823,1073741823,1073741823,1073741823,1073741823:g10
1073741823,1073741823,1073741823,1073741823,1073741823,1073741823,1068396543,1073184767,1073328127,1073053695,1073741823,1073741823,1073741823,1073741823,1073741823:g10
1073741823,1073741823,1073741823,1073741823,1073741823,1073741823,1072590847,1073184767,1056550911,1073053695,1073741823,1073741823,1073741823,1073741823,1073741823:g8
1073741823,1073741823,1073741823,1073741823,1073741823,1069547519,1072590847,1073184767,1073328127,1073053695,1073741823,1073741823,1073741823,1073741823,1073741823:g8
1073741823,1073741823,1073741823,1073741823,1073741823,1073741823,1072590847,1068990463,1073328127,1073053695,1073741823,1073741823,1073741823,1073741823,1073741823:g8
1073741823,1073741823,1073741823,1073741823,1073741823,1073741823,1072590847,1072136191,1073328127,1073053695,1073741823,1073741823,1073741823,1073741823,1073741823:g10
1073741823,1073741823,1073741823,1073741823,1073741823,1073741823,1072590847,1073184767,1073328127,1068859391,1073741823,1073741823,1073741823,1073741823,1073741823:g8
1073741823,1073741823,1073741823,1073741823,1073741823,1073741823,1072589823,1073184767,1073328127,1073053695,1073741823,1073741823,1073741823,1073741823,1073741823:g8
1073741823,1073741823,1073741823,1073741823,1073741567,1073741823,1072590847,1073184767,1073328127,1073053695,1073741823,1073741823,1073741823,1073741823,1073741823:g8
1073741823,1073741823,1073741823,1073741823,1073741823,1073737727,1072590847,1073184767,1073328127,1073053695,1073741823,1073741823,1073741823,1073741823,1073741823:g10
1073741823,1073741823,1073741823,1073741823,1073741823,1073741823,1072590847,1073184767,1073328127,1073053695,1073741823,1073740799,1073741823,1073741823,1073741823:g8
1073741823,1073741823,1073741823,1073741823,1073741823,1073741823,1072590847,1073184767,1073328127,1073053695,1073741823,1073479679,1073741823,1073741823,1073741823:g8
1073741823,1073741823,1073741823,1073741823,1073741823,1073741823,1072590847,1073184767,1073328127,1073053695,1073741823,1073725439,1073741823,1073741823,1073741823:g8
1073741823,1073741823,1073741823,1073741823,1073741823,1073741823,1072590847,1073184767,1073328127,1073053695,1073725439,1073741823,1073741823,1073741823,1073741823:g8
1073741823,1073741823,1073741823,1073741823,1073741823,1073741823,1072590847,1073184767,1073328127,1073053695,1073741567,1073741823,1073741823,1073741823,1073741823:g8
1073741823,1073741823,1073741823,1073741823,1073741823,1073741823,1072590847,1073184767,1073327871,1073053695,1073741823,1073741823,1073741823,1073741823,1073741823:g10
1073741823,1073741823,1073741823,1073741823,1073741823,1073741823,1072590847,1073184767,1073327103,1073053695,1073741823,1073741823,1073741823,1073741823,1073741823:g10
1073741823,1073741823,1073741823,1073741823,1073741823,1073741823,1072590591,1073184767,1073328127,1073053695,1073741823,1073741823,1073741823,1073741823,1073741823:g8
1073741823,1073741823,1073741823,1073741823,1073741823,1073741823,1072590847,1073184767,1073328127,1073049599,1073741823,1073741823,1073741823,1073741823,1073741823:k11
1073741823,1073741823,1073741823,1073741823,1073741823,1073741823,1072590847,1073184767,1073328127,1073049599,1071644671,1073741823,1073676287,1073741823,1073741823:l12
1073741823,1073741823,1073741823,1073741823,1073741823,1073741823,1072590847,1073184767,1073328127,1073049599,1054867455,1073741823,1073741823,1073741823,1073741823:l12
1073741823,1073741823,1073741823,1073741823,1073741823,1073741823,1072590847,1073184767,1073328127,1073049599,1071644671,1073741823,1056964607,1073741823,1073741823:l12
1073741823,1073741823,1073741823,1073741823,1073741823,1073741823,1072590847,1073184767,1073328127,1073049599,1071644671,1073741823,1072693247,1073741823,1073741823:l12
1073741823,1073741823,1073741823,1073741823,1073741823,1073741823,1072590847,1073184767,1073328127,1073049599,1071644671,1073741567,1073741823,1073741823,1073741823:l12
1073741823,1073741823,1073741823,1073741823,1073741823,1073741823,1072590847,1073184767,1073328127,1073049343,1071644671,1073741823,1073741823,1073741823,1073741823:l12
1073741823,1073741823,1073741823,1073741823,1073741823,1073741823,1072590847,1073184511,1073328127,1073049599,1071644671,1073741823,1073741823,1073741823,1073741823:l12
1073741823,1073741823,1073741823,1073741823,1073741823,1073741823,1072590847,1073184767,1073328127,1073049599,1071644671,1073737727,1073741823,1073741823,1073741823:l12
1073741823,1073741823,1073741823,1073741823,1073741823,1073741823,1072590847,1073184767,1073328127,1073049599,1071644671,1072693247,1073741823,1073741823,1073741823:l12
1073741823,1073741823,1073741823,1073741823,1073741823,1073741823,1072590847,1073184767,1073328127,1073049599,1071644671,1073676287,1073741823,1073741823,1073741823:l12
1073741823,1073741823,1073741823,1073741823,1073741823,1073741823,1072590847,1073184767,1073328127,1073049599,1071643647,1073741823,1073741823,1073741823,1073741823:l12
1073741823,1073741823,1073741823,1073741823,1073740799,1073741823,1072590847,1073184767,1073328127,1073049599,1071644671,1073741823,1073741823,1073741823,1073741823:l12
1073741823,1073741823,1073741823,1073741823,1073725439,1073741823,1072590847,1073184767,1073328127,1073049599,1071644671,1073741823,1073741823,1073741823,1073741823:l12
1073741823,1073741823,1073741823,1073741823,1073479679,1073741823,1072590847,1073184767,1073328127,1073049599,1071644671,1073741823,1073741823,1073741823,1073741823:l12
1073741823,1073741823,1073741823,1073741823,1073741823,1073741823,1072590847,1073184767,1069133823,1073049599,1071644671,1073741823,1073741823,1073741823,1073741823:l12
1073741823,1073741823,1073741823,1073741823,1073741823,1073741823,1072590847,1073184767,1073328127,1073049599,1067450367,1073741823,1073741823,1073741823,1073741823:l12
1073741823,1073741823,1073741823,1073741823,1073741823,1073741823,1072590847,1073184767,1073328127,1072001023,1071644671,1073741823,1073741823,1073741823,1073741823:l12
1073741823,1073741823,1073741823,1073741823,1073741823,1073741823,1072590847,1073184767,1073328127,1073049599,1071644671,1069547519,1073741823,1073741823,1073741823:g11
1073741823,1073741823,1073741823,1073741823,1073741823,1073741823,1072590847,1073184767,1073328127,1073049599,1071636479,1069547519,1073741567,1073741823,1073741823:f12
1073741823,1073741823,1073741823,1073741823,1073741823,1073741823,1072590847,1073184767,1073328127,1073049599,1071636479,1069547519,1073737727,1073741823,1073741823:f12
1073741823,1073741823,1073741823,1073741823,1073741823,1073741823,1072590847,1073184767,1073328127,1073049599,1071636479,1069547519,1073741823,1073479679,1073741823:f12
1073741823,1073741823,1073741823,1073741823,1073741823,1073741823,1072590847,1073184767,1073328127,1005940735,1071636479,1069547519,1073741823,1073741823,1073741823:f12
1073741823,1073741823,1073741823,1073741823,1073741823,1073741823,1072590847,1073184767,1073328127,1073049599,1071636479,1002438655,1073741823,1073741823,1073741823:f12
1073741823,1073741823,1073741823,1073741823,1073741823,1073741823,1072590847,1073184767,1073328127,1073049599,1071636479,1052770303,1073741823,1073741823,1073741823:f12
1073741823,1073741823,1073741823,1073741823,1073741823,1073741823,1072590847,1073184767,1073328127,1073049599,1071636479,1069547519,1073741823,1006632959,1073741823:f12
1073741823,1073741823,1073741823,1073741823,1073741823,1073741823,1072590847,1073184767,1073328127,1073049599,1071636479,1069547519,1073741823,1069547519,1073741823:f12
1073741823,1073741823,1073741823,1073741823,1073741823,1073741823,1072590847,1073184767,1073328127,1073049599,1071636479,1069547519,1069547519,1073741823,1073741823:f12
1073741823,1073741823,1073741823,1073741823,1073741823,1073741823,1072590847,1073184767,1073328127,1073049599,1071636479,1069547519,1073676287,1073741823,1073741823:f12
1073741823,1073741823,1073741823,1073741823,1073741823,1073741823,1072590847,1073184767,1073328127,1073049599,1054859263,1069547519,1073741823,1073741823,1073741823:f12
1073741823,1073741823,1073741823,1073741823,1073741823,1073741823,1072590847,1073184767,1073328127,1073049599,1071636479,1069547519,1056964607,1073741823,1073741823:f12
1073741823,1073741823,1073741823,1073741823,1073741823,1073741823,1072590847,1073184767,1073328127,1073049599,1071636479,1069547519,1072693247,1073741823,1073741823:f12
1073741823,1073741823,1073741823,1073741823,1073741823,1073741823,1072590847,1073184767,1073328127,1073049599,1071636479,1069547263,1073741823,1073741823,1073741823:f12
1073741823,1073741823,1073741823,1073741823,1073741823,1073741823,1072590847,1073184767,1073328127,1073049343,1071636479,1069547519,1073741823,1073741823,1073741823:f12
1073741823,1073741823,1073741823,1073741823,1073741823,1073741823,1072590847,1073184511,1073328127,1073049599,1071636479,1069547519,1073741823,1073741823,1073741823:f12
1073741823,1073741823,1073741823,1073741823,1073741823,1073741823,1072590847,1073184767,1073328127,1073049599,1071636479,1069543423,1073741823,1073741823,1073741823:f12
1073741823,1073741823,1073741823,1073741823,1073741823,1073741823,1072590847,1073184767,1073328127,1073049599,1071636479,1068498943,1073741823,1073741823,1073741823:f12
1073741823,1073741823,1073741823,1073741823,1073741823,1073741823,1072590847,1073184767,1073328127,1073049599,1071636479,1069481983,1073741823,1073741823,1073741823:f12
1073741823,1073741823,1073741823,1073741823,1073741823,1073741823,1072590847,1073184767,1073328127,1073049599,1071635455,1069547519,1073741823,1073741823,1073741823:f12
1073741823,1073741823,1073741823,1073741823,1073740799,1073741823,1072590847,1073184767,1073328127,1073049599,1071636479,1069547519,1073741823,1073741823,1073741823:f12
1073741823,1073741823,1073741823,1073741823,1073725439,1073741823,1072590847,1073184767,1073328127,1073049599,1071636479,1069547519,1073741823,1073741823,1073741823:f12
1073741823,1073741823,1073741823,1073741823,1073479679,1073741823,1072590847,1073184767,1073328127,1073049599,1071636479,1069547519,1073741823,1073741823,1073741823:f12
1073741823,1073741823,1073741823,1073741823,1073741823,1073741823,1072590847,1073184767,1069133823,1073049599,1071636479,1069547519,1073741823,1073741823,1073741823:f12
1073741823,1073741823,1073741823,1073741823,1073741823,1073741823,1072590847,1073184767,1073328127,1073049599,1067442175,1069547519,1073741823,1073741823,1073741823:f12
1073741823,1073741823,1073741823,1073741823,1073741823,1073741823,1072590847,1073184767,1073328127,1072001023,1071636479,1069547519,1073741823,1073741823,1073741823:f12
1073741823,1073741823,1073741823,1073741823,1073741823,1073741823,1072590847,1073184767,1073328127,1073049599,1071374335,1069547519,1073741823,1073741823,1073741823:f12
1073741823,1073741823,1073741823,1073741823,1073741823,1072693247,1072590847,1073184767,1073328127,1073049599,1071636479,1069547519,1073741823,1073741823,1073741823:f12
1073741823,1073741823,1073741823,1073741823,1056964607,1073741823,1072590847,1073184767,1073328127,1073049599,1071636479,1069547519,1073741823,1073741823,1073741823:f12
1073741823,1073741823,1073741823,1073741823,1073741823,1073741823,1055813631,1073184767,1073328127,1073049599,1071636479,1069547519,1073741823,1073741823,1073741823:f12
1073741823,1073741823,1073741823,1073741823,1073741823,1073741823,1068396543,1073184767,1073328127,1073049599,1071636479,1069547519,1073741823,1073741823,1073741823:f12
1073741823,1073741823,1073741823,1073741823,1073741823,1073741823,1072590847,1073184767,1056550911,1073049599,1071636479,1069547519,1073741823,1073741823,1073741823:f12
1073741823,1073741823,1073741823,1073741823,1073741823,1069547519,1072590847,1073184767,1073328127,1073049599,1071636479,1069547519,1073741823,1073741823,1073741823:f12
1073741823,1073741823,1073741823,1073741823,1073741823,1073741823,1072590847,1068990463,1073328127,1073049599,1071636479,1069547519,1073741823,1073741823,1073741823:f12
1073741823,1073741823,1073741823,1073741823,1073741823,1073741823,1072590847,1072136191,1073328127,1073049599,1071636479,1069547519,1073741823,1073741823,1073741823:f12
1073741823,1073741823,1073741823,1073741823,1073741823,1073741823,1072590847,1073184767,1073328127,1068855295,1071636479,1069547519,1073741823,1073741823,1073741823:f12
1073741823,1073741823,1073741823,1073741823,1073741823,1073741823,1072589823,1073184767,1073328127,1073049599,1071636479,1069547519,1073741823,1073741823,1073741823:f12
1073741823,1073741823,1073741823,1073741823,1073741567,1073741823,1072590847,1073184767,1073328127,1073049599,1071636479,1069547519,1073741823,1073741823,1073741823:f12
1073741823,1073741823,1073741823,1073741823,1073741823,1073737727,1072590847,1073184767,1073328127,1073049599,1071636479,1069547519,1073741823,1073741823,1073741823:f12
1073741823,1073741823,1073741823,1073741823,1073741823,1073741823,1072590847,1073184767,1073328127,1073049599,1071636479,1069546495,1073741823,1073741823,1073741823:k10
1073741823,1073741823,1073741823,1073741823,1073741823,1073741823,1072590847,1073184767,1073328127,1073049599,1071636479,1069285375,1073741823,1073741823,1073741823:f12
1073741823,1073741823,1073741823,1073741823,1073741823,1073741823,1072590847,1073184767,1073328127,1073049599,1071636479,1069531135,1073741823,1073741823,1073741823:f12
1073741823,1073741823,1073741823,1073741823,1073741823,1073741823,1072590847,1073184767,1073328127,1073049599,1071620095,1069547519,1073741823,1073741823,1073741823:f12
1073741823,1073741823,1073741823,1073741823,1073741823,1073741823,1072590847,1073184767,1073328127,1073049599,1071636223,1069547519,1073741823,1073741823,1073741823:f12
1073741823,1073741823,1073741823,1073741823,1073741823,1073741823,1072590847,1073184767,1073327871,1073049599,1071636479,1069547519,1073741823,1073741823,1073741823:f12
1073741823,1073741823,1073741823,1073741823,1073741823,1073741823,1072590847,1073184767,1073327103,1073049599,1071636479,1069547519,1073741823,1073741823,1073741823:f12
1073741823,1073741823,1073741823,1073741823,1073741823,1073741823,1072590591,1073184767,1073328127,1073049599,1071636479,1069547519,1073741823,1073741823,1073741823:f12
1073741823,1073741823,1073741823,1073741823,1073741823,1073741823,1072590847,1073184767,1073328127,1073049599,1071570943,1069547519,1073741823,1073741823,1073741823:f12
1073741823,1073741823,1073741823,1073741823,1073737727,1073741823,1072590847,1073184767,1073328127,1073049599,1071636479,1069547519,1073741823,1073741823,1073741823:f12
1073741823,1073741823,1073741823,1073741823,1073676287,1073741823,1072590847,1073184767,1073328127,1073049599,1071636479,1069547519,1073741823,1073741823,1073741823:f12
1073741823,1073741823,1073741823,1073741823,1073741823,1073676287,1072590847,1073184767,1073328127,1073049599,1071636479,1069547519,1073741823,1073741823,1073741823:f12
1073741823,1073741823,1073741823,1073741823,1072693247,1073741823,1072590847,1073184767,1073328127,1073049599,1071636479,1069547519,1073741823,1073741823,1073741823:f12
1073741823,1073741823,1073741823,1073741823,1073741823,1073741823,1072328703,1073184767,1073328127,1073049599,1071636479,1069547519,1073741823,1073741823,1073741823:f12
1073741823,1073741823,1073741823,1073741823,1073741823,1073741823,1072590847,1073184767,1072279551,1073049599,1071636479,1069547519,1073741823,1073741823,1073741823:f12
1073741823,1073741823,1073741823,1073741823,1073741823,1073741823,1072590847,1073184767,1073328127,1073048575,1071636479,1069547519,1073741823,1073741823,1073741823:f12
1073741823,1073741823,1073741823,1073741823,1073741823,1073741823,1072590847,1073183743,1073328127,1073049599,1071636479,1069547519,1073741823,1073741823,1073741823:f12
1073741823,1073741823,1073741823,1073741823,1073741823,1073741823,1072590847,1073180671,1073328127,1073049599,1071636479,1069547519,1073741823,1073741823,1073741823:f12
1073741823,1073741823,1073741823,1073741823,1073741823,1073740799,1072590847,1073184767,1073328127,1073049599,1071636479,1069547519,1073741823,1073741823,1073741823:f12
1073741823,1073741823,1073741823,1073741823,1073741823,1073725439,1072590847,1073184767,1073328127,1073049599,1071636479,1069547519,1073741823,1073741823,1073741823:f12
1073741823,1073741823,1073741823,1073741823,1073741823,1073479679,1072590847,1073184767,1073328127,1073049599,1071636479,1069547519,1073741823,1073741823,1073741823:f12
1073741823,1073741823,1073741823,1073741823,1073741823,1073741823,1072590847,1073119231,1073328127,1073049599,1071636479,1069547519,1073741823,1073741823,1073741823:f12
1073741823,1073741823,1073741823,1073741823,1073741823,1073741823,1072590847,1073184767,1073328127,1073049599,1071382527,1073741823,1073741823,1073741823,1073741823:l12
1073741823,1073741823,1073741823,1073741823,1073741823,1072693247,1072590847,1073184767,1073328127,1073049599,1071644671,1073741823,1073741823,1073741823,1073741823:l12
1073741823,1073741823,1073741823,1073741823,1056964607,1073741823,1072590847,1073184767,1073328127,1073049599,1071644671,1073741823,1073741823,1073741823,1073741823:l12
1073741823,1073741823,1073741823,1073741823,1073741823,1073741823,1055813631,1073184767,1073328127,1073049599,1071644671,1073741823,1073741823,1073741823,1073741823:l12
1073741823,1073741823,1073741823,1073741823,1073741823,1073741823,1068396543,1073184767,1073328127,1073049599,1071644671,1073741823,1073741823,1073741823,1073741823:l12
1073741823,1073741823,1073741823,1073741823,1073741823,1073741823,1072590847,1073184767,1056550911,1073049599,1071644671,1073741823,1073741823,1073741823,1073741823:l12
1073741823,1073741823,1073741823,1073741823,1073741823,1069547519,1072590847,1073184767,1073328127,1073049599,1071644671,1073741823,1073741823,1073741823,1073741823:l12
1073741823,1073741823,1073741823,1073741823,1073741823,1073741823,1072590847,1068990463,1073328127,1073049599,1071644671,1073741823,1073741823,1073741823,1073741823:l12
1073741823,1073741823,1073741823,1073741823,1073741823,1073741823,1072590847,1072136191,1073328127,1073049599,1071644671,1073741823,1073741823,1073741823,1073741823:l12
1073741823,1073741823,1073741823,1073741823,1073741823,1073741823,1072590847,1073184767,1073328127,1068855295,1071644671,1073741823,1073741823,1073741823,1073741823:l12
1073741823,1073741823,1073741823,1073741823,1073741823,1073741823,1072589823,1073184767,1073328127,1073049599,1071644671,1073741823,1073741823,1073741823,1073741823:l12
1073741823,1073741823,1073741823,1073741823,1073741567,1073741823,1072590847,1073184767,1073328127,1073049599,1071644671,1073741823,1073741823,1073741823,1073741823:l12
1073741823,1073741823,1073741823,1073741823,1073741823,1073737727,1072590847,1073184767,1073328127,1073049599,1071644671,1073741823,1073741823,1073741823,1073741823:l12
1073741823,1073741823,1073741823,1073741823,1073741823,1073741823,1072590847,1073184767,1073328127,1073049599,1071644671,1073740799,1073741823,1073741823,1073741823:l12
1073741823,1073741823,1073741823,1073741823,1073741823,1073741823,1072590847,1073184767,1073328127,1073049599,1071644671,1073479679,1073741823,1073741823,1073741823:l12
1073741823,1073741823,1073741823,1073741823,1073741823,1073741823,1072590847,1073184767,1073328127,1073049599,1071644671,1073725439,1073741823,1073741823,1073741823:l12
1073741823,1073741823,1073741823,1073741823,1073741823,1073741823,1072590847,1073184767,1073328127,1073049599,1071628287,1073741823,1073741823,1073741823,1073741823:l12
1073741823,1073741823,1073741823,1073741823,1073741823,1073741823,1072590847,1073184767,1073328127,1073049599,1071644415,1073741823,1073741823,1073741823,1073741823:l12
1073741823,1073741823,1073741823,1073741823,1073741823,1073741823,1072590847,1073184767,1073327871,1073049599,1071644671,1073741823,1073741823,1073741823,1073741823:l12
1073741823,1073741823,1073741823,1073741823,1073741823,1073741823,1072590847,1073184767,1073327103,1073049599,1071644671,1073741823,1073741823,1073741823,1073741823:l12
1073741823,1073741823,1073741823,1073741823,1073741823,1073741823,1072590591,1073184767,1073328127,1073049599,1071644671,1073741823,1073741823,1073741823,1073741823:l12
1073741823,1073741823,1073741823,1073741823,1073741823,1073741823,1072590847,1073184767,1073328127,1073049599,1071640575,1073741823,1073741823,1073741823,1073741823:l12
1073741823,1073741823,1073741823,1073741823,1073741823,1073741823,1072590847,1073184767,1073328127,1073049599,1071579135,1073741823,1073741823,1073741823,1073741823:l12
1073741823,1073741823,1073741823,1073741823,1073737727,1073741823,1072590847,1073184767,1073328127,1073049599,1071644671,1073741823,1073741823,1073741823,1073741823:l12
1073741823,1073741823,1073741823,1073741823,1073676287,1073741823,1072590847,1073184767,1073328127,1073049599,1071644671,1073741823,1073741823,1073741823,1073741823:l12
1073741823,1073741823,1073741823,1073741823,1073741823,1073676287,1072590847,1073184767,1073328127,1073049599,1071644671,1073741823,1073741823,1073741823,1073741823:l12
1073741823,1073741823,1073741823,1073741823,1072693247,1073741823,1072590847,1073184767,1073328127,1073049599,1071644671,1073741823,1073741823,1073741823,1073741823:l12
1073741823,1073741823,1073741823,1073741823,1073741823,1073741823,1072328703,1073184767,1073328127,1073049599,1071644671,1073741823,1073741823,1073741823,1073741823:l12
1073741823,1073741823,1073741823,1073741823,1073741823,1073741823,1072590847,1073184767,1072279551,1073049599,1071644671,1073741823,1073741823,1073741823,1073741823:l12
1073741823,1073741823,1073741823,1073741823,1073741823,1073741823,1072590847,1073184767,1073328127,1073048575,1071644671,1073741823,1073741823,1073741823,1073741823:l12
1073741823,1073741823,1073741823,1073741823,1073741823,1073741823,1072590847,1073183743,1073328127,1073049599,1071644671,1073741823,1073741823,1073741823,1073741823:l12
1073741823,1073741823,1073741823,1073741823,1073741823,1073741823,1072590847,1073180671,1073328127,1073049599,1071644671,1073741823,1073741823,1073741823,1073741823:l12
1073741823,1073741823,1073741823,1073741823,1073741823,1073740799,1072590847,1073184767,1073328127,1073049599,1071644671,1073741823,1073741823,1073741823,1073741823:l12
1073741823,1073741823,1073741823,1073741823,1073741823,1073725439,1072590847,1073184767,1073328127,1073049599,1071644671,1073741823,1073741823,1073741823,1073741823:l12
1073741823,1073741823,1073741823,1073741823,1073741823,1073479679,1072590847,1073184767,1073328127,1073049599,1071644671,1073741823,1073741823,1073741823,1073741823:l12
1073741823,1073741823,1073741823,1073741823,1073741823,1073741823,1072590847,1073119231,1073328127,1073049599,1071644671,1073741823,1073741823,1073741823,1073741823:l12
1073741823,1073741823,1073741823,1073741823,1073741823,1073741823,1072590847,1073184767,1073328127,1073053695,1073737727,1073741823,1073741823,1073741823,1073741823:g8
1073741823,1073741823,1073741823,1073741823,1073741823,1073741823,1072590847,1073184767,1073328127,1073053695,1072693247,1073741823,1073741823,1073741823,1073741823:g10
1073741823,1073741823,1073741823,1073741823,1073741823,1073741823,1072590847,1073184767,1073328127,1073053695,1073676287,1073741823,1073741823,1073741823,1073741823:g8
1073741823,1073741823,1073741823,1073741823,1073737727,1073741823,1072590847,1073184767,1073328127,1073053695,1073741823,1073741823,1073741823,1073741823,1073741823:g8
1073741823,1073741823,1073741823,1073741823,1073676287,1073741823,1072590847,1073184767,1073328127,1073053695,1073741823,1073741823,1073741823,1073741823,1073741823:g10
1073741823,1073741823,1073741823,1073741823,1073741823,1073676287,1072590847,1073184767,1073328127,1073053695,1073741823,1073741823,1073741823,1073741823,1073741823:g10
1073741823,1073741823,1073741823,1073741823,1072693247,1073741823,1072590847,1073184767,1073328127,1073053695,1073741823,1073741823,1073741823,1073741823,1073741823:g10
1073741823,1073741823,1073741823,1073741823,1073741823,1073741823,1072328703,1073184767,1073328127,1073053695,1073741823,1073741823,1073741823,1073741823,1073741823:g10
1073741823,1073741823,1073741823,1073741823,1073741823,1073741823,1072590847,1073184767,1072279551,1073053695,1073741823,1073741823,1073741823,1073741823,1073741823:g10
1073741823,1073741823,1073741823,1073741823,1073741823,1073741823,1072590847,1073184767,1073328127,1073052671,1073741823,1073741823,1073741823,1073741823,1073741823:k10
1073741823,1073741823,1073741823,1073741823,1073741823,1073741823,1072590847,1073183743,1073328127,1073053695,1073741823,1073741823,1073741823,1073741823,1073741823:g10
1073741823,1073741823,1073741823,1073741823,1073741823,1073741823,1072590847,1073180671,1073328127,1073053695,1073741823,1073741823,1073741823,1073741823,1073741823:g10
1073741823,1073741823,1073741823,1073741823,1073741823,1073740799,1072590847,1073184767,1073328127,1073053695,1073741823,1073741823,1073741823,1073741823,1073741823:g8
1073741823,1073741823,1073741823,1073741823,1073741823,1073725439,1072590847,1073184767,1073328127,1073053695,1073741823,1073741823,1073741823,1073741823,1073741823:g10
1073741823,1073741823,1073741823,1073741823,1073741823,1073479679,1072590847,1073184767,1073328127,1073053695,1073741823,1073741823,1073741823,1073741823,1073741823:g8
1073741823,1073741823,1073741823,1073741823,1073741823,1073741823,1072590847,1073119231,1073328127,1073053695,1073741823,1073741823,1073741823,1073741823,1073741823:g10
