1073741823,1073741823,1073741823,1073741823,1072693247,1073741823,1073594367,1073643519,1073151999,1073217535,1073741823,1073741823,1073741823,1073741823,1073741823:i11
1073741823,1073741823,1073741823,1073741823,1072693247,1073741823,1073594367,1073643519,1073151999,1073217535,1073610751,1073741823,1073737727,1073741823,1073741823:g9
1073741823,1073741823,1073741823,1073741823,1072693247,1073741823,1073594367,1073643519,1073151999,1073217535,1073610751,1073741823,1072693247,1073741823,1073741823:g9
1073741823,1073741823,1073741823,1073741823,1072693247,1073741823,1073594367,1073643519,1073151999,1073217535,1073610751,1073741823,1073676287,1073741823,1073741823:g9
1073741823,1073741823,1073741823,1073741823,1072693247,1073741823,1073594367,1073643519,1073151999,1073217535,1073610751,1073676287,1073741823,1073741823,1073741823:g9
1073741823,1073741823,1073676287,1073741823,1072693247,1073741823,1073594367,1073643519,1073151999,1073217535,1073610751,1073741823,1073741823,1073741823,1073741823:g9
1073741823,1073741823,1073741823,1073479679,1072693247,1073741823,1073594367,1073643519,1073151999,1073217535,1073610751,1073741823,1073741823,1073741823,1073741823:g9
1073741823,1073741823,1072693247,1073741823,1072693247,1073741823,1073594367,1073643519,1073151999,1073217535,1073610751,1073741823,1073741823,1073741823,1073741823:g9
1073741823,1073741823,1073741823,1072693247,1072693247,1073741823,1073594367,1073643519,1073151999,1073217535,1073610751,1073741823,1073741823,1073741823,1073741823:g9
1073741823,1073741823,1056964607,1073741823,1072693247,1073741823,1073594367,1073643519,1073151999,1073217535,1073610751,1073741823,1073741823,1073741823,1073741823:g9
1073741823,1073741823,1073741823,1069547519,1072693247,1073741823,1073594367,1073643519,1073151999,1073217535,1073610751,1073741823,1073741823,1073741823,1073741823:g9
1073741823,1073741823,1073741823,1073741823,1055916031,1073741823,1073594367,1073643519,1073151999,1073217535,1073610751,1073741823,1073741823,1073741823,1073741823:g9
1073741823,1073741823,1073741823,1073741823,1068498943,1073741823,1073594367,1073643519,1073151999,1073217535,1073610751,1073741823,1073741823,1073741823,1073741823:g9
1073741823,1073741823,1073741823,1073741823,1072693247,1073741823,1056817151,1073643519,1073151999,1073217535,1073610751,1073741823,1073741823,1073741823,1073741823:g9
1073741823,1073741823,1073741823,1073741823,1072693247,1069547519,1073594367,1073643519,1073151999,1073217535,1073610751,1073741823,1073741823,1073741823,1073741823:g9
1073741823,1073741823,1073741823,1073741823,1072693247,1073741823,1073594367,1073643519,1073151999,1073217535,1073610751,1073725439,1073741823,1073741823,1073741823:g9
1073741823,1073741823,1073741823,1073741823,1072693247,1073741823,1073594367,1069449215,1073151999,1073217535,1073610751,1073741823,1073741823,1073741823,1073741823:g9
1073741823,1073741823,1073741823,1073741823,1072693247,1073741823,1073594367,1073643519,1073151999,1069023231,1073610751,1073741823,1073741823,1073741823,1073741823:g9
1073741823,1073741823,1073741823,1073741823,1072693247,1073741823,1073594367,1073643519,1073151999,1073217535,1073610751,1069547519,1073741823,1073741823,1073741823:g9
1073741823,1073741823,1073741823,1073741823,1072693247,1073741823,1073594367,1073643519,1073151999,1073217535,1073610751,1073479679,1073741823,1073741823,1073741823:j8
1073741823,1073741823,1073741823,1073741823,1072693247,1073741823,1073594367,1073643519,1073151999,1073217535,1073606655,1073741823,1073741823,1073741823,1073741823:g9
1073741823,1073741823,1073741823,1073741823,1072693247,1073741823,1073594367,1073643519,1073151999,1073217535,1072562175,1073741823,1073741823,1073741823,1073741823:g9
1073741823,1073741823,1073741823,1073741823,1072693247,1073741823,1073594367,1073643519,1073151999,1073217535,1073594367,1073741823,1073741823,1073741823,1073741823:g9
1073741823,1073741823,1073741823,1073741823,1072693247,1073741823,1069400063,1073643519,1073151999,1073217535,1073610751,1073741823,1073741823,1073741823,1073741823:g9
1073741823,1073741823,1073741823,1073741823,1072693247,1073741823,1073594367,1073643519,1068957695,1073217535,1073610751,1073741823,1073741823,1073741823,1073741823:g9
1073741823,1073741823,1073741823,1073741823,1072693247,1073741823,1073594367,1073643519,1073151999,1073217535,1069416447,1073741823,1073741823,1073741823,1073741823:g9
1073741823,1073741823,1073741823,1073741823,1072693247,1073741823,1073594367,1073643519,1073151999,1073217535,1073348607,1073741823,1073741823,1073741823,1073741823:g9
1073741823,1073741823,1073741823,1073741823,1072693247,1073741823,1073594367,1073643519,1073151999,1073213439,1073610751,1073741823,1073741823,1073741823,1073741823:g9
1073741823,1073741823,1073741823,1073741823,1072693247,1072693247,1073594367,1073643519,1073151999,1073217535,1073610751,1073741823,1073741823,1073741823,1073741823:g9
1073741823,1073741823,1073741823,1073741823,1072693247,1073741823,1073594367,1072594943,1073151999,1073217535,1073610751,1073741823,1073741823,1073741823,1073741823:g9
1073741823,1073741823,1073741823,1073741823,1072693247,1073741823,1073594367,1073643519,1073151999,1072168959,1073610751,1073741823,1073741823,1073741823,1073741823:g9
1073741823,1073741823,1073741823,1073741823,1072693247,1073741823,1073594367,1073643519,1073151999,1073151999,1073610751,1073741823,1073741823,1073741823,1073741823:g9
1073741823,1073741823,1073741823,1073741823,1072689151,1073741823,1073594367,1073643519,1073151999,1073217535,1073610751,1073741823,1073741823,1073741823,1073741823:g9
1073741823,1073741823,1073741823,1073741823,1072627711,1073741823,1073594367,1073643519,1073151999,1073217535,1073610751,1073741823,1073741823,1073741823,1073741823:g9
1073741823,1073741823,1073741823,1073741823,1072693247,1073741823,1072545791,1073643519,1073151999,1073217535,1073610751,1073741823,1073741823,1073741823,1073741823:g9
1073741823,1073741823,1073741823,1073741823,1072693247,1073741823,1073594367,1073643519,1072103423,1073217535,1073610751,1073741823,1073741823,1073741823,1073741823:g9
1073741823,1073741823,1073741823,1073741823,1072693247,1073741823,1073594367,1073643519,1073150975,1073217535,1073610751,1073741823,1073741823,1073741823,1073741823:g9
1073741823,1073741823,1073741823,1073741823,1072693247,1073741823,1073593343,1073643519,1073151999,1073217535,1073610751,1073741823,1073741823,1073741823,1073741823:g9
1073741823,1073741823,1073741823,1073741823,1072692223,1073741823,1073594367,1073643519,1073151999,1073217535,1073610751,1073741823,1073741823,1073741823,1073741823:j8
1073741823,1073741823,1073741823,1073741823,1072693247,1073737727,1073594367,1073643519,1073151999,1073217535,1073610751,1073741823,1073741823,1073741823,1073741823:g9
1073741823,1073741823,1073741823,1073741823,1072676863,1073741823,1073594367,1073643519,1073151999,1073217535,1073610751,1073741823,1073741823,1073741823,1073741823:g9
1073741823,1073741823,1073741823,1073741823,1072431103,1073741823,1073594367,1073643519,1073151999,1073217535,1073610751,1073741823,1073741823,1073741823,1073741823:g9
1073741823,1073741823,1073741823,1073741823,1072693247,1073676287,1073594367,1073643519,1073151999,1073217535,1073610751,1073741823,1073741823,1073741823,1073741823:g9
1073741823,1073741823,1073741823,1073741823,1072693247,1073741823,1073332223,1073643519,1073151999,1073217535,1073610751,1073741823,1073741823,1073741823,1073741823:g9
1073741823,1073741823,1073741823,1073741823,1072693247,1073741823,1073594367,1073643519,1073151999,1073216511,1073610751,1073741823,1073741823,1073741823,1073741823:j8
1073741823,1073741823,1073741823,1073741823,1072693247,1073741823,1073594367,1073643519,1073147903,1073217535,1073610751,1073741823,1073741823,1073741823,1073741823:j8
1073741823,1073741823,1073741823,1073741823,1072693247,1073741823,1073594367,1073642495,1073151999,1073217535,1073610751,1073741823,1073741823,1073741823,1073741823:j8
1073741823,1073741823,1073741823,1073741823,1072693247,1073741823,1073594367,1073639423,1073151999,1073217535,1073610751,1073741823,1073741823,1073741823,1073741823:g9
1073741823,1073741823,1073741823,1073741823,1072693247,1073740799,1073594367,1073643519,1073151999,1073217535,1073610751,1073741823,1073741823,1073741823,1073741823:g9
1073741823,1073741823,1073741823,1073741823,1072693247,1073741823,1073590271,1073643519,1073151999,1073217535,1073610751,1073741823,1073741823,1073741823,1073741823:g9
1073741823,1073741823,1073741823,1073741823,1072693247,1073725439,1073594367,1073643519,1073151999,1073217535,1073610751,1073741823,1073741823,1073741823,1073741823:g9
1073741823,1073741823,1073741823,1073741823,1072693247,1073479679,1073594367,1073643519,1073151999,1073217535,1073610751,1073741823,1073741823,1073741823,1073741823:j8
1073741823,1073741823,1073741823,1073741823,1072693247,1073741823,1073594367,1073381375,1073151999,1073217535,1073610751,1073741823,1073741823,1073741823,1073741823:g9
1073741823,1073741823,1073741823,1073741823,1072693247,1073741823,1073594367,1073643519,1073151999,1073201151,1073610751,1073741823,1073741823,1073741823,1073741823:j8
1073741823,1073741823,1073741823,1073741823,1072693247,1073741823,1073594367,1073643519,1073135615,1073217535,1073610751,1073741823,1073741823,1073741823,1073741823:g9
