1073741823,1073741823,1073741823,1073741567,1073741823,1073741823,1073741823,1073709055,1073610751,1073741759,1073741823,1073741823,1073741823,1073741823,1073741823:g7
1073741823,1073741823,1073741823,1073741567,1073741823,1073741823,1073733375,1073709055,1073610751,1073741759,1073741823,1073741823,1073741823,1073741823,1073741823:f6
1073741823,1073741823,1073741823,1073741567,1073741823,1073741823,1073732607,1073709055,1073610751,1073741759,1073741823,1073741823,1073741823,1073741823,1073741823:f6
1073741823,1073741823,1073741823,1073741567,1073737727,1073741823,1073733631,1073709055,1073610751,1073741759,1073741823,1073741823,1073741823,1073741823,1073741823:f6
1073741823,1073741823,1073741823,1073741567,1073676287,1073741823,1073733631,1073709055,1073610751,1073741759,1073741823,1073741823,1073741823,1073741823,1073741823:f6
1073741823,1073741823,1073741823,1073741567,1073741823,1073741823,1073733631,1073709055,1073610751,1073741759,1073741823,1073741819,1073741823,1073741823,1073741823:f6
1073741823,1073741823,1073741823,1073741567,1073741823,1073741823,1073733631,1073709055,1073610751,1073741759,1073741807,1073741823,1073741823,1073741823,1073741823:f6
1073741823,1073741823,1073741823,1073741567,1073741823,1073741823,1073733631,1073709055,1073610751,1073741755,1073741823,1073741823,1073741823,1073741823,1073741823:f6
1073741823,1073741823,1073741823,1073741567,1073741823,1073741823,1073733631,1073709055,1073610751,1073741743,1073741823,1073741823,1073741823,1073741823,1073741823:f6
1073741823,1073741823,1073741823,1073741567,1073741823,1073741823,1073733631,1073709051,1073610751,1073741759,1073741823,1073741823,1073741823,1073741823,1073741823:f6
1073741823,1073741823,1073741823,1073741567,1073741823,1073741823,1073733631,1073709055,1073610735,1073741759,1073741823,1073741823,1073741823,1073741823,1073741823:f6
1073741823,1073741823,1073741823,1073741567,1073741823,1073741823,1073733631,1073708991,1073610751,1073741759,1073741823,1073741823,1073741823,1073741823,1073741823:f6
1073741823,1073741823,1073741823,1073741567,1073741823,1073741823,1073733631,1073709055,1073610687,1073741759,1073741823,1073741823,1073741823,1073741823,1073741823:f6
1073741823,1073741823,1073741823,1073741567,1073741823,1073741823,1073733631,1073709055,1073610495,1073741759,1073741823,1073741823,1073741823,1073741823,1073741823:f6
1073741823,1073741823,1073741823,1073741567,1073741823,1073741823,1073733631,1073709055,1073610751,1073741503,1073741823,1073741823,1073741823,1073741823,1073741823:f6
1073741823,1073741823,1073741823,1073741567,1073741823,1073741823,1073733631,1073709055,1073610751,1073741759,1073741823,1073740799,1073741823,1073741823,1073741823:f6
1073741823,1073741823,1073741823,1073741567,1073741823,1073741823,1073733631,1073709055,1073610751,1073741759,1073741567,1073741823,1073741823,1073741823,1073741823:f6
1073741823,1073741823,1073741823,1073741567,1073741823,1073741823,1073733631,1073709055,1073610751,1073741759,1073741823,1073741759,1073741823,1073741823,1073741823:f6
1073741823,1073741823,1073741823,1073741567,1073741823,1073741823,1073733631,1073709055,1073610751,1073741759,1073741759,1073741823,1073741823,1073741823,1073741823:f6
1073741823,1073741823,1073741823,1073741567,1073741823,1073741823,1073733631,1073709055,1073610751,1073741759,1073737727,1073741823,1073741823,1073741823,1073741823:f6
1073741823,1073741823,1073741823,1073741567,1073741823,1073741823,1072685055,1073709055,1073610751,1073741759,1073741823,1073741823,1073741823,1073741823,1073741823:f6
1073741823,1073741823,1073741823,1073741567,1073741823,1073741823,1073733631,1073709055,1072562175,1073741759,1073741823,1073741823,1073741823,1073741823,1073741823:f6
1073741823,1073741823,1073741823,1073741567,1073741823,1073741823,1073733631,1073709055,1073348607,1073741759,1073741823,1073741823,1073741823,1073741823,1073741823:f6
1073741823,1073741823,1073741823,1073741567,1073741823,1073741823,1073733631,1073709055,1073610751,1073741759,1072693247,1073741823,1073741823,1073741823,1073741823:f6
1073741823,1073741823,1073741823,1073741567,1073741823,1073741823,1073733631,1073709055,1073610751,1073741759,1073676287,1073741823,1073741823,1073741823,1073741823:f6
1073741823,1073741823,1073741823,1073741567,1073741823,1073741823,1073733631,1073709055,1073610751,1073676223,1073741823,1073741823,1073741823,1073741823,1073741823:f6
1073741823,1073741823,1073741823,1073741567,1073741823,1073741807,1073733631,1073709055,1073610751,1073741759,1073741823,1073741823,1073741823,1073741823,1073741823:f6
1073741823,1073741823,1073741823,1073741567,1073741759,1073741823,1073733631,1073709055,1073610751,1073741759,1073741823,1073741823,1073741823,1073741823,1073741823:f6
1073741823,1073741823,1073741823,1073741551,1073741823,1073741823,1073733631,1073709055,1073610751,1073741759,1073741823,1073741823,1073741823,1073741823,1073741823:f6
1073741823,1073741823,1073741823,1073741503,1073741823,1073741823,1073733631,1073709055,1073610751,1073741759,1073741823,1073741823,1073741823,1073741823,1073741823:f6
1073741823,1073741807,1073741823,1073741567,1073741823,1073741823,1073733631,1073709055,1073610751,1073741759,1073741823,1073741823,1073741823,1073741823,1073741823:f6
1073741823,1073741823,1073741759,1073741567,1073741823,1073741823,1073733631,1073709055,1073610751,1073741759,1073741823,1073741823,1073741823,1073741823,1073741823:f6
1073741823,1073741567,1073741823,1073741567,1073741823,1073741823,1073733631,1073709055,1073610751,1073741759,1073741823,1073741823,1073741823,1073741823,1073741823:f6
1073741823,1073741823,1073741567,1073741567,1073741823,1073741823,1073733631,1073709055,1073610751,1073741759,1073741823,1073741823,1073741823,1073741823,1073741823:f6
1073741823,1073737727,1073741823,1073741567,1073741823,1073741823,1073733631,1073709055,1073610751,1073741759,1073741823,1073741823,1073741823,1073741823,1073741823:f6
1073741823,1073741823,1073740799,1073741567,1073741823,1073741823,1073733631,1073709055,1073610751,1073741759,1073741823,1073741823,1073741823,1073741823,1073741823:f6
1073741823,1073741823,1073741823,1073737471,1073741823,1073741823,1073733631,1073709055,1073610751,1073741759,1073741823,1073741823,1073741823,1073741823,1073741823:f6
1073741823,1073741823,1073741823,1073740543,1073741823,1073741823,1073733631,1073709055,1073610751,1073741759,1073741823,1073741823,1073741823,1073741823,1073741823:f6
1073741823,1073741823,1073741823,1073741567,1073741823,1073737727,1073733631,1073709055,1073610751,1073741759,1073741823,1073741823,1073741823,1073741823,1073741823:f6
1073741823,1073741823,1073741823,1073741567,1073740799,1073741823,1073733631,1073709055,1073610751,1073741759,1073741823,1073741823,1073741823,1073741823,1073741823:f6
1073741823,1073741823,1073741823,1073741567,1073741823,1073741567,1073733631,1073709055,1073610751,1073741759,1073741823,1073741823,1073741823,1073741823,1073741823:f6
1073741823,1073741823,1073741823,1073741567,1073741567,1073741823,1073733631,1073709055,1073610751,1073741759,1073741823,1073741823,1073741823,1073741823,1073741823:j10
1073741823,1073741823,1073741823,1073741567,1073741823,1073741823,1073733631,1073709055,1073610751,1073740735,1073741823,1073741823,1073741823,1073741823,1073741823:f6
1073741823,1073741823,1073741823,1073741567,1073741823,1073741823,1073733631,1073709055,1073606655,1073741759,1073741823,1073741823,1073741823,1073741823,1073741823:f6
1073741823,1073741823,1073741823,1073741567,1073741823,1073741823,1073733631,1073708031,1073610751,1073741759,1073741823,1073741823,1073741823,1073741823,1073741823:f6
1073741823,1073741823,1073741823,1073741567,1073741823,1073741823,1073733631,1073704959,1073610751,1073741759,1073741823,1073741823,1073741823,1073741823,1073741823:f6
1073741823,1073741823,1073741823,1073741567,1073741823,1073740799,1073733631,1073709055,1073610751,1073741759,1073741823,1073741823,1073741823,1073741823,1073741823:j10
1073741823,1073741823,1073741823,1073741567,1073741823,1073740799,1073733631,1073709055,1073610751,1073217471,1073741823,1073725439,1073741823,1073741823,1073741823:k11
1073741823,1073741823,1073741823,1073741567,1073741823,1073740799,1073733631,1069514751,1073610751,1073217471,1073741823,1073741823,1073741823,1073741823,1073741823:k11
1073741823,1073741823,1073741823,1073741567,1073741823,1073740799,1073733631,1073709055,1073610751,1069023167,1073741823,1073741823,1073741823,1073741823,1073741823:k11
1073741823,1073741823,1073741823,1073741567,1073741823,1073740799,1073733631,1073709055,1073610751,1072168895,1073741823,1073741823,1073741823,1073741823,1073741823:k11
1073741823,1073741823,1073741823,1073741567,1073741823,1073740799,1073733631,1073709055,1073610751,1073217471,1073741823,1069547519,1073741823,1073741823,1073741823:k11
1073741823,1073741823,1073741823,1073741567,1073741823,1073740799,1073733631,1073709055,1073610751,1073217471,1073741823,1073479679,1073741823,1073741823,1073741823:k11
1073741823,1073741823,1073741823,1073741567,1073741823,1073740799,1073733631,1073709055,1073610751,1073217471,1073479679,1073741823,1073741823,1073741823,1073741823:k11
1073741823,1073741823,1073741823,1073741567,1073741823,1073740735,1073733631,1073709055,1073610751,1073217471,1073741823,1073741823,1073741823,1073741823,1073741823:k11
1073741823,1073741823,1073741823,1073725183,1073741823,1073740799,1073733631,1073709055,1073610751,1073217471,1073741823,1073741823,1073741823,1073741823,1073741823:k11
1073741823,1073741823,1073741823,1073741567,1073741823,1073740799,1073733375,1073709055,1073610751,1073217471,1073741823,1073741823,1073741823,1073741823,1073741823:k11
1073741823,1073741823,1073741823,1073741567,1073741823,1073740799,1073732607,1073709055,1073610751,1073217471,1073741823,1073741823,1073741823,1073741823,1073741823:k11
1073741823,1073741823,1073741823,1073741567,1073737727,1073740799,1073733631,1073709055,1073610751,1073217471,1073741823,1073741823,1073741823,1073741823,1073741823:k11
1073741823,1073741823,1073741823,1073741567,1073676287,1073740799,1073733631,1073709055,1073610751,1073217471,1073741823,1073741823,1073741823,1073741823,1073741823:k11
1073741823,1073741823,1073741823,1073741567,1073741823,1073740799,1073733631,1073709055,1073610751,1073217471,1073741823,1073741819,1073741823,1073741823,1073741823:k11
1073741823,1073741823,1073741823,1073741567,1073741823,1073740799,1073733631,1073709055,1073610751,1073217471,1073741807,1073741823,1073741823,1073741823,1073741823:k11
1073741823,1073741823,1073741823,1073741567,1073741823,1073740799,1073733631,1073709055,1073610751,1073217467,1073741823,1073741823,1073741823,1073741823,1073741823:k11
1073741823,1073741823,1073741823,1073741567,1073741823,1073740799,1073733631,1073709055,1073610751,1073217455,1073741823,1073741823,1073741823,1073741823,1073741823:k11
1073741823,1073741823,1073741823,1073741567,1073741823,1073740799,1073733631,1073709051,1073610751,1073217471,1073741823,1073741823,1073741823,1073741823,1073741823:k11
1073741823,1073741823,1073741823,1073741567,1073741823,1073740799,1073733631,1073709055,1073610735,1073217471,1073741823,1073741823,1073741823,1073741823,1073741823:k11
1073741823,1073741823,1073741823,1073741567,1073741823,1073740799,1073733631,1073708991,1073610751,1073217471,1073741823,1073741823,1073741823,1073741823,1073741823:k11
1073741823,1073741823,1073741823,1073741567,1073741823,1073740799,1073733631,1073709055,1073610687,1073217471,1073741823,1073741823,1073741823,1073741823,1073741823:k11
1073741823,1073741823,1073741823,1073741567,1073741823,1073740799,1073733631,1073709055,1073610495,1073217471,1073741823,1073741823,1073741823,1073741823,1073741823:k11
1073741823,1073741823,1073741823,1073741567,1073741823,1073740799,1073733631,1073709055,1073610751,1073217215,1073741823,1073741823,1073741823,1073741823,1073741823:k11
1073741823,1073741823,1073741823,1073741567,1073741823,1073740799,1073733631,1073709055,1073610751,1073217471,1073741823,1073740799,1073741823,1073741823,1073741823:k11
1073741823,1073741823,1073741823,1073741567,1073741823,1073740799,1073733631,1073709055,1073610751,1073217471,1073741567,1073741823,1073741823,1073741823,1073741823:k11
1073741823,1073741823,1073741823,1073741567,1073741823,1073740799,1073733631,1073709055,1073610751,1073217471,1073741823,1073741759,1073741823,1073741823,1073741823:k11
1073741823,1073741823,1073741823,1073741567,1073741823,1073740799,1073733631,1073709055,1073610751,1073217471,1073741759,1073741823,1073741823,1073741823,1073741823:k11
1073741823,1073741823,1073741823,1073741567,1073741823,1073740799,1073733631,1073709055,1073610751,1073217471,1073737727,1073741823,1073741823,1073741823,1073741823:k11
1073741823,1073741823,1073741823,1073741567,1073741823,1073740799,1072685055,1073709055,1073610751,1073217471,1073741823,1073741823,1073741823,1073741823,1073741823:k11
1073741823,1073741823,1073741823,1073741567,1073741823,1073740799,1073733631,1073709055,1072562175,1073217471,1073741823,1073741823,1073741823,1073741823,1073741823:k11
1073741823,1073741823,1073741823,1073741567,1073741823,1073740799,1073733631,1073709055,1073348607,1073217471,1073741823,1073741823,1073741823,1073741823,1073741823:k11
1073741823,1073741823,1073741823,1073741567,1073741823,1073740799,1073733631,1073709055,1073610751,1073217471,1072693247,1073741823,1073741823,1073741823,1073741823:i8
1073741823,1073741823,1073741823,1073741567,1073741823,1073740799,1073733631,1073577983,1073610751,1073213375,1072693247,1073741823,1073741823,1073741823,1073741823:f8
1073741823,1073741823,1073741823,1073741567,1073741823,1073675263,1073733631,1073577983,1073610751,1073217471,1072693247,1073741823,1073741823,1073741823,1073741823:i10
1073741823,1073741823,1073741823,1073741567,1073741823,1072692223,1073733631,1073577983,1073610751,1073217471,1072693247,1073741823,1073741823,1073741823,1073741823:f8
1073741823,1073741823,1073741823,1073741567,1073741823,1073740799,1073471487,1073577983,1073610751,1073217471,1072693247,1073741823,1073741823,1073741823,1073741823:g8
1073741823,1073741823,1073741823,1073741567,1073741823,1073740799,1073733631,1072529407,1073610751,1073217471,1072693247,1073741823,1073741823,1073741823,1073741823:f8
1073741823,1073741823,1073741823,1073741567,1073741823,1073740799,1073733631,1073577983,1073610751,1073217471,1072693247,1073741823,1073676287,1073741823,1073741823:f8
1073741823,1073741823,1073741823,1073741567,1073741823,1073740799,1073733631,1073577983,1056833535,1073217471,1072693247,1073741823,1073741823,1073741823,1073741823:f8
1073741823,1073741823,1073741823,1073741567,1073741823,1073740799,1073733631,1073577983,1073610751,1073217471,1055916031,1073741823,1073741823,1073741823,1073741823:f8
1073741823,1073741823,1073741823,1073741567,1073741823,1073740799,1073733631,1073577983,1073610751,1073217471,1068498943,1073741823,1073741823,1073741823,1073741823:f8
1073741823,1073741823,1073741823,1073741567,1073741823,1073740799,1073733631,1073577983,1073610751,1073217471,1072693247,1073741823,1056964607,1073741823,1073741823:f8
1073741823,1073741823,1073741823,1073741567,1073741823,1073740799,1073733631,1073577983,1073610751,1073217471,1072693247,1073741823,1072693247,1073741823,1073741823:f8
1073741823,1073741823,1073741823,1073741567,1073741823,1073740799,1073733631,1073577983,1073610751,1073217471,1072693247,1072693247,1073741823,1073741823,1073741823:f8
1073741823,1073741823,1073741823,1073741567,1073741823,1073740799,1073733631,1073577983,1073610751,1073217471,1072693247,1073725439,1073741823,1073741823,1073741823:f8
1073741823,1073741823,1073741823,1073741567,1073741823,1073740799,1073733631,1069383679,1073610751,1073217471,1072693247,1073741823,1073741823,1073741823,1073741823:f8
1073741823,1073741823,1073741823,1073741567,1073741823,1073740799,1073733631,1073577983,1073610751,1069023167,1072693247,1073741823,1073741823,1073741823,1073741823:f8
1073741823,1073741823,1073741823,1073741567,1073741823,1073740799,1073733631,1073577983,1073610751,1072168895,1072693247,1073741823,1073741823,1073741823,1073741823:f8
1073741823,1073741823,1073741823,1073741567,1073741823,1073740799,1073733631,1073577983,1073610751,1073217471,1072693247,1069547519,1073741823,1073741823,1073741823:f8
1073741823,1073741823,1073741823,1073741567,1073741823,1073740799,1073733631,1073577983,1073610751,1073217471,1072693247,1073479679,1073741823,1073741823,1073741823:f8
1073741823,1073741823,1073741823,1073741567,1073741823,1073740799,1073733631,1073577983,1073610751,1073217471,1072431103,1073741823,1073741823,1073741823,1073741823:f8
1073741823,1073741823,1073741823,1073741567,1073741823,1073740735,1073733631,1073577983,1073610751,1073217471,1072693247,1073741823,1073741823,1073741823,1073741823:f8
1073741823,1073741823,1073741823,1073725183,1073741823,1073740799,1073733631,1073577983,1073610751,1073217471,1072693247,1073741823,1073741823,1073741823,1073741823:f8
1073741823,1073741823,1073741823,1073741567,1073741823,1073740799,1073733375,1073577983,1073610751,1073217471,1072693247,1073741823,1073741823,1073741823,1073741823:g8
1073741823,1073741823,1073741823,1073741567,1073741823,1073740799,1073732607,1073577983,1073610751,1073217471,1072693247,1073741823,1073741823,1073741823,1073741823:j8
1073741823,1073741823,1073741823,1073741567,1073737727,1073740799,1073733631,1073577983,1073610751,1073217471,1072693247,1073741823,1073741823,1073741823,1073741823:g8
1073741823,1073741823,1073741823,1073741567,1073676287,1073740799,1073733631,1073577983,1073610751,1073217471,1072693247,1073741823,1073741823,1073741823,1073741823:g8
1073741823,1073741823,1073741823,1073741567,1073741823,1073740799,1073733631,1073577983,1073610751,1073217471,1072693247,1073741819,1073741823,1073741823,1073741823:f8
1073741823,1073741823,1073741823,1073741567,1073741823,1073740799,1073733631,1073577983,1073610751,1073217471,1072693231,1073741823,1073741823,1073741823,1073741823:f8
1073741823,1073741823,1073741823,1073741567,1073741823,1073740799,1073733631,1073577983,1073610751,1073217467,1072693247,1073741823,1073741823,1073741823,1073741823:f8
1073741823,1073741823,1073741823,1073741567,1073741823,1073740799,1073733631,1073577983,1073610751,1073217455,1072693247,1073741823,1073741823,1073741823,1073741823:f8
1073741823,1073741823,1073741823,1073741567,1073741823,1073740799,1073733631,1073577979,1073610751,1073217471,1072693247,1073741823,1073741823,1073741823,1073741823:f8
1073741823,1073741823,1073741823,1073741567,1073741823,1073740799,1073733631,1073577983,1073610735,1073217471,1072693247,1073741823,1073741823,1073741823,1073741823:f8
1073741823,1073741823,1073741823,1073741567,1073741823,1073740799,1073733631,1073577919,1073610751,1073217471,1072693247,1073741823,1073741823,1073741823,1073741823:f8
1073741823,1073741823,1073741823,1073741567,1073741823,1073740799,1073733631,1073577983,1073610687,1073217471,1072693247,1073741823,1073741823,1073741823,1073741823:g8
1073741823,1073741823,1073741823,1073741567,1073741823,1073740799,1073733631,1073577983,1073610495,1073217471,1072693247,1073741823,1073741823,1073741823,1073741823:g8
1073741823,1073741823,1073741823,1073741567,1073741823,1073740799,1073733631,1073577983,1073610751,1073217215,1072693247,1073741823,1073741823,1073741823,1073741823:g8
1073741823,1073741823,1073741823,1073741567,1073741823,1073740799,1073733631,1073577983,1073610751,1073217471,1072693247,1073740799,1073741823,1073741823,1073741823:f8
1073741823,1073741823,1073741823,1073741567,1073741823,1073740799,1073733631,1073577983,1073610751,1073217471,1072692991,1073741823,1073741823,1073741823,1073741823:g8
1073741823,1073741823,1073741823,1073741567,1073741823,1073740799,1073733631,1073577983,1073610751,1073217471,1072693247,1073741759,1073741823,1073741823,1073741823:f8
1073741823,1073741823,1073741823,1073741567,1073741823,1073740799,1073733631,1073577983,1073610751,1073217471,1072693183,1073741823,1073741823,1073741823,1073741823:f8
1073741823,1073741823,1073741823,1073741567,1073741823,1073740799,1073733631,1073577983,1073610751,1073217471,1072689151,1073741823,1073741823,1073741823,1073741823:f8
1073741823,1073741823,1073741823,1073741567,1073741823,1073740799,1072685055,1073577983,1073610751,1073217471,1072693247,1073741823,1073741823,1073741823,1073741823:f8
1073741823,1073741823,1073741823,1073741567,1073741823,1073740799,1073733631,1073577983,1072562175,1073217471,1072693247,1073741823,1073741823,1073741823,1073741823:f8
1073741823,1073741823,1073741823,1073741567,1073741823,1073740799,1073733631,1073577983,1073348607,1073217471,1072693247,1073741823,1073741823,1073741823,1073741823:f8
1073741823,1073741823,1073741823,1073741567,1073741823,1073740799,1073733631,1073577983,1073610751,1073217471,1072627711,1073741823,1073741823,1073741823,1073741823:g8
1073741823,1073741823,1073741823,1073741567,1073741823,1073740799,1073733631,1073577983,1073610751,1073151935,1072693247,1073741823,1073741823,1073741823,1073741823:g8
1073741823,1073741823,1073741823,1073741567,1073741823,1073740783,1073733631,1073577983,1073610751,1073217471,1072693247,1073741823,1073741823,1073741823,1073741823:f8
1073741823,1073741823,1073741823,1073741567,1073741759,1073740799,1073733631,1073577983,1073610751,1073217471,1072693247,1073741823,1073741823,1073741823,1073741823:f8
1073741823,1073741823,1073741823,1073741551,1073741823,1073740799,1073733631,1073577983,1073610751,1073217471,1072693247,1073741823,1073741823,1073741823,1073741823:f8
1073741823,1073741823,1073741823,1073741503,1073741823,1073740799,1073733631,1073577983,1073610751,1073217471,1072693247,1073741823,1073741823,1073741823,1073741823:f8
1073741823,1073741807,1073741823,1073741567,1073741823,1073740799,1073733631,1073577983,1073610751,1073217471,1072693247,1073741823,1073741823,1073741823,1073741823:f8
1073741823,1073741823,1073741759,1073741567,1073741823,1073740799,1073733631,1073577983,1073610751,1073217471,1072693247,1073741823,1073741823,1073741823,1073741823:f8
1073741823,1073741567,1073741823,1073741567,1073741823,1073740799,1073733631,1073577983,1073610751,1073217471,1072693247,1073741823,1073741823,1073741823,1073741823:f8
1073741823,1073741823,1073741567,1073741567,1073741823,1073740799,1073733631,1073577983,1073610751,1073217471,1072693247,1073741823,1073741823,1073741823,1073741823:f8
1073741823,1073737727,1073741823,1073741567,1073741823,1073740799,1073733631,1073577983,1073610751,1073217471,1072693247,1073741823,1073741823,1073741823,1073741823:f8
1073741823,1073741823,1073740799,1073741567,1073741823,1073740799,1073733631,1073577983,1073610751,1073217471,1072693247,1073741823,1073741823,1073741823,1073741823:f8
1073741823,1073741823,1073741823,1073737471,1073741823,1073740799,1073733631,1073577983,1073610751,1073217471,1072693247,1073741823,1073741823,1073741823,1073741823:f8
1073741823,1073741823,1073741823,1073740543,1073741823,1073740799,1073733631,1073577983,1073610751,1073217471,1072693247,1073741823,1073741823,1073741823,1073741823:f8
1073741823,1073741823,1073741823,1073741567,1073741823,1073736703,1073733631,1073577983,1073610751,1073217471,1072693247,1073741823,1073741823,1073741823,1073741823:i10
1073741823,1073741823,1073741823,1073741567,1073740799,1073740799,1073733631,1073577983,1073610751,1073217471,1072693247,1073741823,1073741823,1073741823,1073741823:j8
1073741823,1073741823,1073741823,1073741567,1073741823,1073740543,1073733631,1073577983,1073610751,1073217471,1072693247,1073741823,1073741823,1073741823,1073741823:j8
1073741823,1073741823,1073741823,1073741567,1073741567,1073740799,1073733631,1073577983,1073610751,1073217471,1072693247,1073741823,1073741823,1073741823,1073741823:g8
1073741823,1073741823,1073741823,1073741567,1073741823,1073740799,1073733631,1073577983,1073610751,1073216447,1072693247,1073741823,1073741823,1073741823,1073741823:f8
1073741823,1073741823,1073741823,1073741567,1073741823,1073740799,1073733631,1073577983,1073606655,1073217471,1072693247,1073741823,1073741823,1073741823,1073741823:j8
1073741823,1073741823,1073741823,1073741567,1073741823,1073740799,1073733631,1073576959,1073610751,1073217471,1072693247,1073741823,1073741823,1073741823,1073741823:j8
1073741823,1073741823,1073741823,1073741567,1073741823,1073740799,1073733631,1073573887,1073610751,1073217471,1072693247,1073741823,1073741823,1073741823,1073741823:i10
1073741823,1073741823,1073741823,1073741567,1073741823,1073724415,1073733631,1073577983,1073610751,1073217471,1072693247,1073741823,1073741823,1073741823,1073741823:i10
1073741823,1073741823,1073741823,1073741567,1073741823,1073740799,1073717247,1073577983,1073610751,1073217471,1072693247,1073741823,1073741823,1073741823,1073741823:j8
1073741823,1073741823,1073741823,1073741567,1073741823,1073478655,1073733631,1073577983,1073610751,1073217471,1072693247,1073741823,1073741823,1073741823,1073741823:i10
1073741823,1073741823,1073741823,1073741567,1073741823,1073740799,1073668095,1073577983,1073610751,1073217471,1072693247,1073741823,1073741823,1073741823,1073741823:g8
1073741823,1073741823,1073741823,1073741567,1073741823,1073740799,1073733631,1073315839,1073610751,1073217471,1072693247,1073741823,1073741823,1073741823,1073741823:i7
1073741823,1073741823,1073741823,1073741567,1073741823,1073740799,1073733631,1073577983,1073610751,1073201087,1072693247,1073741823,1073741823,1073741823,1073741823:f8
1073741823,1073741823,1073741823,1073741567,1073741823,1073740799,1073733631,1073577983,1073594367,1073217471,1072693247,1073741823,1073741823,1073741823,1073741823:g8
1073741823,1073741823,1073741823,1073741567,1073741823,1073740799,1073733631,1073709055,1073610751,1073217471,1073676287,1073741823,1073741823,1073741823,1073741823:k11
1073741823,1073741823,1073741823,1073741567,1073741823,1073740799,1073733631,1073709055,1073610751,1073151935,1073741823,1073741823,1073741823,1073741823,1073741823:k11
1073741823,1073741823,1073741823,1073741567,1073741823,1073740783,1073733631,1073709055,1073610751,1073217471,1073741823,1073741823,1073741823,1073741823,1073741823:k11
1073741823,1073741823,1073741823,1073741567,1073741759,1073740799,1073733631,1073709055,1073610751,1073217471,1073741823,1073741823,1073741823,1073741823,1073741823:k11
1073741823,1073741823,1073741823,1073741551,1073741823,1073740799,1073733631,1073709055,1073610751,1073217471,1073741823,1073741823,1073741823,1073741823,1073741823:k11
1073741823,1073741823,1073741823,1073741503,1073741823,1073740799,1073733631,1073709055,1073610751,1073217471,1073741823,1073741823,1073741823,1073741823,1073741823:k11
1073741823,1073741807,1073741823,1073741567,1073741823,1073740799,1073733631,1073709055,1073610751,1073217471,1073741823,1073741823,1073741823,1073741823,1073741823:k11
1073741823,1073741823,1073741759,1073741567,1073741823,1073740799,1073733631,1073709055,1073610751,1073217471,1073741823,1073741823,1073741823,1073741823,1073741823:k11
1073741823,1073741567,1073741823,1073741567,1073741823,1073740799,1073733631,1073709055,1073610751,1073217471,1073741823,1073741823,1073741823,1073741823,1073741823:k11
1073741823,1073741823,1073741567,1073741567,1073741823,1073740799,1073733631,1073709055,1073610751,1073217471,1073741823,1073741823,1073741823,1073741823,1073741823:k11
1073741823,1073737727,1073741823,1073741567,1073741823,1073740799,1073733631,1073709055,1073610751,1073217471,1073741823,1073741823,1073741823,1073741823,1073741823:k11
1073741823,1073741823,1073740799,1073741567,1073741823,1073740799,1073733631,1073709055,1073610751,1073217471,1073741823,1073741823,1073741823,1073741823,1073741823:k11
1073741823,1073741823,1073741823,1073737471,1073741823,1073740799,1073733631,1073709055,1073610751,1073217471,1073741823,1073741823,1073741823,1073741823,1073741823:k11
1073741823,1073741823,1073741823,1073740543,1073741823,1073740799,1073733631,1073709055,1073610751,1073217471,1073741823,1073741823,1073741823,1073741823,1073741823:k11
1073741823,1073741823,1073741823,1073741567,1073741823,1073736703,1073733631,1073709055,1073610751,1073217471,1073741823,1073741823,1073741823,1073741823,1073741823:k11
1073741823,1073741823,1073741823,1073741567,1073740799,1073740799,1073733631,1073709055,1073610751,1073217471,1073741823,1073741823,1073741823,1073741823,1073741823:k11
1073741823,1073741823,1073741823,1073741567,1073741823,1073740543,1073733631,1073709055,1073610751,1073217471,1073741823,1073741823,1073741823,1073741823,1073741823:k11
1073741823,1073741823,1073741823,1073741567,1073741567,1073740799,1073733631,1073709055,1073610751,1073217471,1073741823,1073741823,1073741823,1073741823,1073741823:k11
1073741823,1073741823,1073741823,1073741567,1073741823,1073740799,1073733631,1073709055,1073610751,1073216447,1073741823,1073741823,1073741823,1073741823,1073741823:k11
1073741823,1073741823,1073741823,1073741567,1073741823,1073740799,1073733631,1073709055,1073606655,1073217471,1073741823,1073741823,1073741823,1073741823,1073741823:k11
1073741823,1073741823,1073741823,1073741567,1073741823,1073740799,1073733631,1073708031,1073610751,1073217471,1073741823,1073741823,1073741823,1073741823,1073741823:k11
1073741823,1073741823,1073741823,1073741567,1073741823,1073740799,1073733631,1073704959,1073610751,1073217471,1073741823,1073741823,1073741823,1073741823,1073741823:k11
1073741823,1073741823,1073741823,1073741567,1073741823,1073724415,1073733631,1073709055,1073610751,1073217471,1073741823,1073741823,1073741823,1073741823,1073741823:k11
1073741823,1073741823,1073741823,1073741567,1073741823,1073740799,1073717247,1073709055,1073610751,1073217471,1073741823,1073741823,1073741823,1073741823,1073741823:k11
1073741823,1073741823,1073741823,1073741567,1073741823,1073478655,1073733631,1073709055,1073610751,1073217471,1073741823,1073741823,1073741823,1073741823,1073741823:k11
1073741823,1073741823,1073741823,1073741567,1073741823,1073740799,1073668095,1073709055,1073610751,1073217471,1073741823,1073741823,1073741823,1073741823,1073741823:k11
1073741823,1073741823,1073741823,1073741567,1073741823,1073740799,1073733631,1073446911,1073610751,1073217471,1073741823,1073741823,1073741823,1073741823,1073741823:k11
1073741823,1073741823,1073741823,1073741567,1073741823,1073740799,1073733631,1073643519,1073610751,1073217471,1073741823,1073741823,1073741823,1073741823,1073741823:k11
1073741823,1073741823,1073741823,1073741567,1073741823,1073740799,1073733631,1073709055,1073610751,1073201087,1073741823,1073741823,1073741823,1073741823,1073741823:k11
1073741823,1073741823,1073741823,1073741567,1073741823,1073740799,1073733631,1073709055,1073594367,1073217471,1073741823,1073741823,1073741823,1073741823,1073741823:k11
1073741823,1073741823,1073741823,1073741567,1073741823,1073725439,1073733631,1073709055,1073610751,1073741759,1073741823,1073741823,1073741823,1073741823,1073741823:f6
1073741823,1073741823,1073741823,1073741567,1073741823,1073741823,1073717247,1073709055,1073610751,1073741759,1073741823,1073741823,1073741823,1073741823,1073741823:f6
1073741823,1073741823,1073741823,1073741567,1073741823,1073479679,1073733631,1073709055,1073610751,1073741759,1073741823,1073741823,1073741823,1073741823,1073741823:f6
1073741823,1073741823,1073741823,1073741567,1073741823,1073741823,1073668095,1073709055,1073610751,1073741759,1073741823,1073741823,1073741823,1073741823,1073741823:f6
1073741823,1073741823,1073741823,1073741567,1073741823,1073741823,1073733631,1073446911,1073610751,1073741759,1073741823,1073741823,1073741823,1073741823,1073741823:f6
1073741823,1073741823,1073741823,1073741567,1073741823,1073741823,1073733631,1073643519,1073610751,1073741759,1073741823,1073741823,1073741823,1073741823,1073741823:f6
1073741823,1073741823,1073741823,1073741567,1073741823,1073741823,1073733631,1073709055,1073610751,1073479615,1073741823,1073741823,1073741823,1073741823,1073741823:h7
1073741823,1073741823,1073741823,1073741567,1073741823,1073741823,1073700863,1073709055,1073609727,1073479615,1073741823,1073741823,1073741823,1073741823,1073741823:h10
1073741823,1073741823,1073741823,1073741567,1073725439,1073741823,1073700863,1073709055,1073610751,1073479615,1073741823,1073741823,1073741823,1073741823,1073741823:h9
1073741823,1073741823,1073741823,1073741567,1073479679,1073741823,1073700863,1073709055,1073610751,1073479615,1073741823,1073741823,1073741823,1073741823,1073741823:h9
1073741823,1073741823,1073741823,1073741567,1073741823,1073676287,1073700863,1073709055,1073610751,1073479615,1073741823,1073741823,1073741823,1073741823,1073741823:h9
1073741823,1073741823,1073741823,1073741567,1073741823,1073741823,1073438719,1073709055,1073610751,1073479615,1073741823,1073741823,1073741823,1073741823,1073741823:f7
1073741823,1073741823,1073741823,1073741567,1073741823,1073741823,1073436671,1073708799,1073610751,1073479615,1073741823,1073741823,1073741823,1073741823,1073741823:e7
1073741823,1073741823,1073741823,1073741567,1073741823,1073741823,1073436607,1073709055,1073610751,1073479615,1073741823,1073741823,1073741823,1073741823,1073741823:i7
1073741823,1073741823,1073741823,1073741567,1069547519,1073741823,1073436671,1073709055,1073610751,1073479615,1073741823,1073741823,1073741823,1073741823,1073741823:e7
1073741823,1073741823,1073741823,1073741567,1073741823,1072693247,1073436671,1073709055,1073610751,1073479615,1073741823,1073741823,1073741823,1073741823,1073741823:e7
1073741823,1073741823,1073741823,1073741567,1073741823,1073741823,1069242367,1073709055,1073610751,1073479615,1073741823,1073741823,1073741823,1073741823,1073741823:e7
1073741823,1073741823,1073741823,1073741567,1073741823,1073741823,1073436671,1073709055,1069416447,1073479615,1073741823,1073741823,1073741823,1073741823,1073741823:e7
1073741823,1073741823,1073741823,1073741567,1073741823,1073741823,1073436671,1072660479,1073610751,1073479615,1073741823,1073741823,1073741823,1073741823,1073741823:e7
1073741823,1073741823,1073741823,1073741567,1073741823,1073741823,1073436671,1073709055,1073609727,1073479615,1073741823,1073741823,1073741823,1073741823,1073741823:e7
1073741823,1073741823,1073741823,1073741567,1073725439,1073741823,1073436671,1073709055,1073610751,1073479615,1073741823,1073741823,1073741823,1073741823,1073741823:e7
1073741823,1073741823,1073741823,1073741567,1073479679,1073741823,1073436671,1073709055,1073610751,1073479615,1073741823,1073741823,1073741823,1073741823,1073741823:e7
1073741823,1073741823,1073741823,1073741567,1073741823,1073676287,1073436671,1073709055,1073610751,1073479615,1073741823,1073741823,1073741823,1073741823,1073741823:e7
1073741823,1073741823,1073741823,1073741567,1073741823,1073741823,1073436671,1073709055,1073610751,1073479615,1073741823,1073725439,1073741823,1073741823,1073741823:e7
1073741823,1073741823,1073741823,1073741567,1073741823,1073741823,1073436671,1069514751,1073610751,1073479615,1073741823,1073741823,1073741823,1073741823,1073741823:e7
1073741823,1073741823,1073741823,1073741567,1073741823,1073741823,1073436671,1073709055,1073610751,1069285311,1073741823,1073741823,1073741823,1073741823,1073741823:e7
1073741823,1073741823,1073741823,1073741567,1073741823,1073741823,1073436671,1073709055,1073610751,1072431039,1073741823,1073741823,1073741823,1073741823,1073741823:e7
1073741823,1073741823,1073741823,1073741567,1073741823,1073741823,1073436671,1073709055,1073610751,1073479615,1073741823,1069547519,1073741823,1073741823,1073741823:e7
1073741823,1073741823,1073741823,1073741567,1073741823,1073741823,1073436671,1073709055,1073610751,1073479615,1073741823,1073479679,1073741823,1073741823,1073741823:e7
1073741823,1073741823,1073741823,1073741567,1073741823,1073741823,1073436671,1073709055,1073610751,1073479615,1073479679,1073741823,1073741823,1073741823,1073741823:e7
1073741823,1073741823,1073741823,1073741567,1073741823,1073741823,1073436415,1073709055,1073610751,1073479615,1073741823,1073741823,1073741823,1073741823,1073741823:h6
1073741823,1073741823,1073741823,1073741567,1073737727,1073741823,1073436671,1073709055,1073610751,1073479615,1073741823,1073741823,1073741823,1073741823,1073741823:e7
1073741823,1073741823,1073741823,1073741567,1073676287,1073741823,1073436671,1073709055,1073610751,1073479615,1073741823,1073741823,1073741823,1073741823,1073741823:e7
1073741823,1073741823,1073741823,1073741567,1073741823,1073741823,1073436671,1073709055,1073610751,1073479615,1073741823,1073741819,1073741823,1073741823,1073741823:e7
1073741823,1073741823,1073741823,1073741567,1073741823,1073741823,1073436671,1073709055,1073610751,1073479615,1073741807,1073741823,1073741823,1073741823,1073741823:e7
1073741823,1073741823,1073741823,1073741567,1073741823,1073741823,1073436671,1073709055,1073610751,1073479611,1073741823,1073741823,1073741823,1073741823,1073741823:e7
1073741823,1073741823,1073741823,1073741567,1073741823,1073741823,1073436671,1073709055,1073610751,1073479599,1073741823,1073741823,1073741823,1073741823,1073741823:e7
1073741823,1073741823,1073741823,1073741567,1073741823,1073741823,1073436671,1073709051,1073610751,1073479615,1073741823,1073741823,1073741823,1073741823,1073741823:e7
1073741823,1073741823,1073741823,1073741567,1073741823,1073741823,1073436671,1073709055,1073610735,1073479615,1073741823,1073741823,1073741823,1073741823,1073741823:e7
1073741823,1073741823,1073741823,1073741567,1073741823,1073741823,1073436671,1073708991,1073610751,1073479615,1073741823,1073741823,1073741823,1073741823,1073741823:e7
1073741823,1073741823,1073741823,1073741567,1073741823,1073741823,1073436671,1073709055,1073610687,1073479615,1073741823,1073741823,1073741823,1073741823,1073741823:e7
1073741823,1073741823,1073741823,1073741567,1073741823,1073741823,1073436671,1073709055,1073610495,1073479615,1073741823,1073741823,1073741823,1073741823,1073741823:e7
1073741823,1073741823,1073741823,1073741567,1073741823,1073741823,1073436671,1073709055,1073610751,1073479359,1073741823,1073741823,1073741823,1073741823,1073741823:e7
1073741823,1073741823,1073741823,1073741567,1073741823,1073741823,1073436671,1073709055,1073610751,1073479615,1073741823,1073740799,1073741823,1073741823,1073741823:e7
1073741823,1073741823,1073741823,1073741567,1073741823,1073741823,1073436671,1073709055,1073610751,1073479615,1073741567,1073741823,1073741823,1073741823,1073741823:e7
1073741823,1073741823,1073741823,1073741567,1073741823,1073741823,1073436671,1073709055,1073610751,1073479615,1073741823,1073741759,1073741823,1073741823,1073741823:e7
1073741823,1073741823,1073741823,1073741567,1073741823,1073741823,1073436671,1073709055,1073610751,1073479615,1073741759,1073741823,1073741823,1073741823,1073741823:e7
1073741823,1073741823,1073741823,1073741567,1073741823,1073741823,1073436671,1073709055,1073610751,1073479615,1073737727,1073741823,1073741823,1073741823,1073741823:e7
1073741823,1073741823,1073741823,1073741567,1073741823,1073741823,1072388095,1073709055,1073610751,1073479615,1073741823,1073741823,1073741823,1073741823,1073741823:e7
1073741823,1073741823,1073741823,1073741567,1073741823,1073741823,1073436671,1073709055,1072562175,1073479615,1073741823,1073741823,1073741823,1073741823,1073741823:e7
1073741823,1073741823,1073741823,1073741567,1073741823,1073741823,1073436671,1073709055,1073348607,1073479615,1073741823,1073741823,1073741823,1073741823,1073741823:e7
1073741823,1073741823,1073741823,1073741567,1073741823,1073741823,1073436671,1073709055,1073610751,1073479615,1072693247,1073741823,1073741823,1073741823,1073741823:e7
1073741823,1073741823,1073741823,1073741567,1073741823,1073741823,1073436671,1073709055,1073610751,1073479615,1073676287,1073741823,1073741823,1073741823,1073741823:e7
1073741823,1073741823,1073741823,1073741567,1073741823,1073741823,1073436671,1073709055,1073610751,1073414079,1073741823,1073741823,1073741823,1073741823,1073741823:e7
1073741823,1073741823,1073741823,1073741567,1073741823,1073741807,1073436671,1073709055,1073610751,1073479615,1073741823,1073741823,1073741823,1073741823,1073741823:e7
1073741823,1073741823,1073741823,1073741567,1073741759,1073741823,1073436671,1073709055,1073610751,1073479615,1073741823,1073741823,1073741823,1073741823,1073741823:e7
1073741823,1073741823,1073741823,1073741551,1073741823,1073741823,1073436671,1073709055,1073610751,1073479615,1073741823,1073741823,1073741823,1073741823,1073741823:e7
1073741823,1073741823,1073741823,1073741503,1073741823,1073741823,1073436671,1073709055,1073610751,1073479615,1073741823,1073741823,1073741823,1073741823,1073741823:e7
1073741823,1073741807,1073741823,1073741567,1073741823,1073741823,1073436671,1073709055,1073610751,1073479615,1073741823,1073741823,1073741823,1073741823,1073741823:e7
1073741823,1073741823,1073741759,1073741567,1073741823,1073741823,1073436671,1073709055,1073610751,1073479615,1073741823,1073741823,1073741823,1073741823,1073741823:e7
1073741823,1073741567,1073741823,1073741567,1073741823,1073741823,1073436671,1073709055,1073610751,1073479615,1073741823,1073741823,1073741823,1073741823,1073741823:e7
1073741823,1073741823,1073741567,1073741567,1073741823,1073741823,1073436671,1073709055,1073610751,1073479615,1073741823,1073741823,1073741823,1073741823,1073741823:e7
1073741823,1073737727,1073741823,1073741567,1073741823,1073741823,1073436671,1073709055,1073610751,1073479615,1073741823,1073741823,1073741823,1073741823,1073741823:e7
1073741823,1073741823,1073740799,1073741567,1073741823,1073741823,1073436671,1073709055,1073610751,1073479615,1073741823,1073741823,1073741823,1073741823,1073741823:e7
1073741823,1073741823,1073741823,1073737471,1073741823,1073741823,1073436671,1073709055,1073610751,1073479615,1073741823,1073741823,1073741823,1073741823,1073741823:e7
1073741823,1073741823,1073741823,1073740543,1073741823,1073741823,1073436671,1073709055,1073610751,1073479615,1073741823,1073741823,1073741823,1073741823,1073741823:e7
1073741823,1073741823,1073741823,1073741567,1073741823,1073737727,1073436671,1073709055,1073610751,1073479615,1073741823,1073741823,1073741823,1073741823,1073741823:e7
1073741823,1073741823,1073741823,1073741567,1073740799,1073741823,1073436671,1073709055,1073610751,1073479615,1073741823,1073741823,1073741823,1073741823,1073741823:e7
1073741823,1073741823,1073741823,1073741567,1073741823,1073741567,1073436671,1073709055,1073610751,1073479615,1073741823,1073741823,1073741823,1073741823,1073741823:e7
1073741823,1073741823,1073741823,1073741567,1073741567,1073741823,1073436671,1073709055,1073610751,1073479615,1073741823,1073741823,1073741823,1073741823,1073741823:e7
1073741823,1073741823,1073741823,1073741567,1073741823,1073741823,1073436671,1073709055,1073610751,1073478591,1073741823,1073741823,1073741823,1073741823,1073741823:e7
1073741823,1073741823,1073741823,1073741567,1073741823,1073741823,1073436671,1073709055,1073606655,1073479615,1073741823,1073741823,1073741823,1073741823,1073741823:e7
1073741823,1073741823,1073741823,1073741567,1073741823,1073741823,1073436671,1073708031,1073610751,1073479615,1073741823,1073741823,1073741823,1073741823,1073741823:e7
1073741823,1073741823,1073741823,1073741567,1073741823,1073741823,1073436671,1073704959,1073610751,1073479615,1073741823,1073741823,1073741823,1073741823,1073741823:e7
1073741823,1073741823,1073741823,1073741567,1073741823,1073740799,1073436671,1073709055,1073610751,1073479615,1073741823,1073741823,1073741823,1073741823,1073741823:e7
1073741823,1073741823,1073741823,1073741567,1073741823,1073725439,1073436671,1073709055,1073610751,1073479615,1073741823,1073741823,1073741823,1073741823,1073741823:e7
1073741823,1073741823,1073741823,1073741567,1073741823,1073479679,1073436671,1073709055,1073610751,1073479615,1073741823,1073741823,1073741823,1073741823,1073741823:e7
1073741823,1073741823,1073741823,1073741567,1073741823,1073741823,1073371135,1073709055,1073610751,1073479615,1073741823,1073741823,1073741823,1073741823,1073741823:f6
1073741823,1073741823,1073741823,1073741567,1073741823,1073741823,1073436671,1073446911,1073610751,1073479615,1073741823,1073741823,1073741823,1073741823,1073741823:e7
1073741823,1073741823,1073741823,1073741567,1073741823,1073741823,1073436671,1073643519,1073610751,1073479615,1073741823,1073741823,1073741823,1073741823,1073741823:e7
1073741823,1073741823,1073741823,1073741567,1073741823,1073741823,1073436671,1073709055,1073610751,1073463231,1073741823,1073741823,1073741823,1073741823,1073741823:e7
1073741823,1073741823,1073741823,1073741567,1073741823,1073741823,1073436671,1073709055,1073594367,1073479615,1073741823,1073741823,1073741823,1073741823,1073741823:e7
1073741823,1073741823,1073741823,1073741567,1073741823,1073741823,1073700863,1073709055,1073610751,1073479615,1073741823,1073725439,1073741823,1073741823,1073741823:i7
1073741823,1073741823,1073741823,1073741567,1073741823,1073741823,1073700863,1069514751,1073610751,1073479615,1073741823,1073741823,1073741823,1073741823,1073741823:i7
1073741823,1073741823,1073741823,1073741567,1073741823,1073741823,1073700863,1073709055,1073610751,1069285311,1073741823,1073741823,1073741823,1073741823,1073741823:h6
1073741823,1073741823,1073741823,1073741567,1073741823,1073741823,1073700863,1073709055,1073610751,1072431039,1073741823,1073741823,1073741823,1073741823,1073741823:h6
1073741823,1073741823,1073741823,1073741567,1073741823,1073741823,1073700863,1073709055,1073610751,1073479615,1073741823,1069547519,1073741823,1073741823,1073741823:i7
1073741823,1073741823,1073741823,1073741567,1073741823,1073741823,1073700863,1073709055,1073610751,1073479615,1073741823,1073479679,1073741823,1073741823,1073741823:i7
1073741823,1073741823,1073741823,1073741567,1073741823,1073741823,1073700863,1073709055,1073610751,1073479615,1073479679,1073741823,1073741823,1073741823,1073741823:h6
1073741823,1073741823,1073741823,1073741567,1073741823,1073741823,1073700607,1073709055,1073610751,1073479615,1073741823,1073741823,1073741823,1073741823,1073741823:i7
1073741823,1073741823,1073741823,1073741567,1073741823,1073741823,1073699839,1073709055,1073610751,1073479615,1073741823,1073741823,1073741823,1073741823,1073741823:h9
1073741823,1073741823,1073741823,1073741567,1073737727,1073741823,1073700863,1073709055,1073610751,1073479615,1073741823,1073741823,1073741823,1073741823,1073741823:h9
1073741823,1073741823,1073741823,1073741567,1073676287,1073741823,1073700863,1073709055,1073610751,1073479615,1073741823,1073741823,1073741823,1073741823,1073741823:h9
1073741823,1073741823,1073741823,1073741567,1073741823,1073741823,1073700863,1073709055,1073610751,1073479615,1073741823,1073741819,1073741823,1073741823,1073741823:i7
1073741823,1073741823,1073741823,1073741567,1073741823,1073741823,1073700863,1073709055,1073610751,1073479615,1073741807,1073741823,1073741823,1073741823,1073741823:i7
1073741823,1073741823,1073741823,1073741567,1073741823,1073741823,1073700863,1073709055,1073610751,1073479611,1073741823,1073741823,1073741823,1073741823,1073741823:i7
1073741823,1073741823,1073741823,1073741567,1073741823,1073741823,1073700863,1073709055,1073610751,1073479599,1073741823,1073741823,1073741823,1073741823,1073741823:i7
1073741823,1073741823,1073741823,1073741567,1073741823,1073741823,1073700863,1073709051,1073610751,1073479615,1073741823,1073741823,1073741823,1073741823,1073741823:i7
1073741823,1073741823,1073741823,1073741567,1073741823,1073741823,1073700863,1073709055,1073610735,1073479615,1073741823,1073741823,1073741823,1073741823,1073741823:i7
1073741823,1073741823,1073741823,1073741567,1073741823,1073741823,1073700863,1073708991,1073610751,1073479615,1073741823,1073741823,1073741823,1073741823,1073741823:i7
1073741823,1073741823,1073741823,1073741567,1073741823,1073741823,1073700863,1073709055,1073610687,1073479615,1073741823,1073741823,1073741823,1073741823,1073741823:i7
1073741823,1073741823,1073741823,1073741567,1073741823,1073741823,1073700863,1073709055,1073610495,1073479615,1073741823,1073741823,1073741823,1073741823,1073741823:i7
1073741823,1073741823,1073741823,1073741567,1073741823,1073741823,1073700863,1073709055,1073610751,1073479359,1073741823,1073741823,1073741823,1073741823,1073741823:i7
1073741823,1073741823,1073741823,1073741567,1073741823,1073741823,1073700863,1073709055,1073610751,1073479615,1073741823,1073740799,1073741823,1073741823,1073741823:i7
1073741823,1073741823,1073741823,1073741567,1073741823,1073741823,1073700863,1073709055,1073610751,1073479615,1073741567,1073741823,1073741823,1073741823,1073741823:i7
1073741823,1073741823,1073741823,1073741567,1073741823,1073741823,1073700863,1073709055,1073610751,1073479615,1073741823,1073741759,1073741823,1073741823,1073741823:i7
1073741823,1073741823,1073741823,1073741567,1073741823,1073741823,1073700863,1073709055,1073610751,1073479615,1073741759,1073741823,1073741823,1073741823,1073741823:i7
1073741823,1073741823,1073741823,1073741567,1073741823,1073741823,1073700863,1073709055,1073610751,1073479615,1073737727,1073741823,1073741823,1073741823,1073741823:i7
1073741823,1073741823,1073741823,1073741567,1073741823,1073741823,1072652287,1073709055,1073610751,1073479615,1073741823,1073741823,1073741823,1073741823,1073741823:i7
1073741823,1073741823,1073741823,1073741567,1073741823,1073741823,1073700863,1073709055,1072562175,1073479615,1073741823,1073741823,1073741823,1073741823,1073741823:i7
1073741823,1073741823,1073741823,1073741567,1073741823,1073741823,1073700863,1073709055,1073348607,1073479615,1073741823,1073741823,1073741823,1073741823,1073741823:h6
1073741823,1073741823,1073741823,1073741567,1073741823,1073741823,1073700863,1073709055,1073610751,1073479615,1072693247,1073741823,1073741823,1073741823,1073741823:i7
1073741823,1073741823,1073741823,1073741567,1073741823,1073741823,1073700863,1073709055,1073610751,1073479615,1073676287,1073741823,1073741823,1073741823,1073741823:i7
1073741823,1073741823,1073741823,1073741567,1073741823,1073741823,1073700863,1073709055,1073610751,1073414079,1073741823,1073741823,1073741823,1073741823,1073741823:h6
1073741823,1073741823,1073741823,1073741567,1073741823,1073741807,1073700863,1073709055,1073610751,1073479615,1073741823,1073741823,1073741823,1073741823,1073741823:i7
1073741823,1073741823,1073741823,1073741567,1073741759,1073741823,1073700863,1073709055,1073610751,1073479615,1073741823,1073741823,1073741823,1073741823,1073741823:i7
1073741823,1073741823,1073741823,1073741551,1073741823,1073741823,1073700863,1073709055,1073610751,1073479615,1073741823,1073741823,1073741823,1073741823,1073741823:i7
1073741823,1073741823,1073741823,1073741503,1073741823,1073741823,1073700863,1073709055,1073610751,1073479615,1073741823,1073741823,1073741823,1073741823,1073741823:i7
1073741823,1073741807,1073741823,1073741567,1073741823,1073741823,1073700863,1073709055,1073610751,1073479615,1073741823,1073741823,1073741823,1073741823,1073741823:i7
1073741823,1073741823,1073741759,1073741567,1073741823,1073741823,1073700863,1073709055,1073610751,1073479615,1073741823,1073741823,1073741823,1073741823,1073741823:i7
1073741823,1073741567,1073741823,1073741567,1073741823,1073741823,1073700863,1073709055,1073610751,1073479615,1073741823,1073741823,1073741823,1073741823,1073741823:i7
1073741823,1073741823,1073741567,1073741567,1073741823,1073741823,1073700863,1073709055,1073610751,1073479615,1073741823,1073741823,1073741823,1073741823,1073741823:i7
1073741823,1073737727,1073741823,1073741567,1073741823,1073741823,1073700863,1073709055,1073610751,1073479615,1073741823,1073741823,1073741823,1073741823,1073741823:i7
1073741823,1073741823,1073740799,1073741567,1073741823,1073741823,1073700863,1073709055,1073610751,1073479615,1073741823,1073741823,1073741823,1073741823,1073741823:i7
1073741823,1073741823,1073741823,1073737471,1073741823,1073741823,1073700863,1073709055,1073610751,1073479615,1073741823,1073741823,1073741823,1073741823,1073741823:i7
1073741823,1073741823,1073741823,1073740543,1073741823,1073741823,1073700863,1073709055,1073610751,1073479615,1073741823,1073741823,1073741823,1073741823,1073741823:i7
1073741823,1073741823,1073741823,1073741567,1073741823,1073737727,1073700863,1073709055,1073610751,1073479615,1073741823,1073741823,1073741823,1073741823,1073741823:i7
1073741823,1073741823,1073741823,1073741567,1073740799,1073741823,1073700863,1073709055,1073610751,1073479615,1073741823,1073741823,1073741823,1073741823,1073741823:h9
1073741823,1073741823,1073741823,1073741567,1073741823,1073741567,1073700863,1073709055,1073610751,1073479615,1073741823,1073741823,1073741823,1073741823,1073741823:i7
1073741823,1073741823,1073741823,1073741567,1073741567,1073741823,1073700863,1073709055,1073610751,1073479615,1073741823,1073741823,1073741823,1073741823,1073741823:i7
1073741823,1073741823,1073741823,1073741567,1073741823,1073741823,1073700863,1073709055,1073610751,1073478591,1073741823,1073741823,1073741823,1073741823,1073741823:h6
1073741823,1073741823,1073741823,1073741567,1073741823,1073741823,1073700863,1073709055,1073606655,1073479615,1073741823,1073741823,1073741823,1073741823,1073741823:i7
1073741823,1073741823,1073741823,1073741567,1072693247,1073741823,1073569791,1073709055,1073606655,1073479615,1073741823,1073741823,1073741823,1073741823,1073741823:f7
1073741823,1073741823,1073741823,1073741567,1073741823,1073741823,1073569791,1073709055,1073606655,1073475519,1073741823,1073741823,1073741823,1073741823,1073741823:f7
1073741823,1073741823,1073741823,1073741567,1073741823,1073741823,1073569791,1073709055,1073605631,1073479615,1073741823,1073741823,1073741823,1073741823,1073741823:f7
1073741823,1073741823,1073741823,1073741567,1073725439,1073741823,1073569791,1073709055,1073606655,1073479615,1073741823,1073741823,1073741823,1073741823,1073741823:f7
1073741823,1073741823,1073741823,1073741567,1073479679,1073741823,1073569791,1073709055,1073606655,1073479615,1073741823,1073741823,1073741823,1073741823,1073741823:f7
1073741823,1073741823,1073741823,1073741567,1073741823,1073676287,1073569791,1073709055,1073606655,1073479615,1073741823,1073741823,1073741823,1073741823,1073741823:f7
1073741823,1073741823,1073741823,1073741567,1073741823,1073741823,1073307647,1073709055,1073606655,1073479615,1073741823,1073741823,1073741823,1073741823,1073741823:h6
1073741823,1073741823,1073741823,1073741567,1073741823,1073741823,1073569791,1073709055,1073606655,1073479615,1073741823,1073725439,1073741823,1073741823,1073741823:f7
1073741823,1073741823,1073741823,1073741567,1073741823,1073741823,1073569791,1069514751,1073606655,1073479615,1073741823,1073741823,1073741823,1073741823,1073741823:f7
1073741823,1073741823,1073741823,1073741567,1073741823,1073741823,1073569791,1073709055,1073606655,1069285311,1073741823,1073741823,1073741823,1073741823,1073741823:f7
1073741823,1073741823,1073741823,1073741567,1073741823,1073741823,1073569791,1073709055,1073606655,1072431039,1073741823,1073741823,1073741823,1073741823,1073741823:f7
1073741823,1073741823,1073741823,1073741567,1073741823,1073741823,1073569791,1073709055,1073606655,1073479615,1073741823,1069547519,1073741823,1073741823,1073741823:f7
1073741823,1073741823,1073741823,1073741567,1073741823,1073741823,1073569791,1073709055,1073606655,1073479615,1073741823,1073479679,1073741823,1073741823,1073741823:f7
1073741823,1073741823,1073741823,1073741567,1073741823,1073741823,1073569791,1073709055,1073606655,1073479615,1073479679,1073741823,1073741823,1073741823,1073741823:f7
1073741823,1073741823,1073741823,1073741567,1073741823,1073741823,1073569535,1073709055,1073606655,1073479615,1073741823,1073741823,1073741823,1073741823,1073741823:j7
1073741823,1073741823,1073741823,1073741567,1073741823,1073741823,1073568767,1073709055,1073606655,1073479615,1073741823,1073741823,1073741823,1073741823,1073741823:k7
1073741823,1073741823,1073741823,1073741567,1073737727,1073741823,1073569791,1073709055,1073606655,1073479615,1073741823,1073741823,1073741823,1073741823,1073741823:f7
1073741823,1073741823,1073741823,1073741567,1073676287,1073741823,1073569791,1073709055,1073606655,1073479615,1073741823,1073741823,1073741823,1073741823,1073741823:f7
1073741823,1073741823,1073741823,1073741567,1073741823,1073741823,1073569791,1073709055,1073606655,1073479615,1073741823,1073741819,1073741823,1073741823,1073741823:f7
1073741823,1073741823,1073741823,1073741567,1073741823,1073741823,1073569791,1073709055,1073606655,1073479615,1073741807,1073741823,1073741823,1073741823,1073741823:f7
1073741823,1073741823,1073741823,1073741567,1073741823,1073741823,1073569791,1073709055,1073606655,1073479611,1073741823,1073741823,1073741823,1073741823,1073741823:f7
1073741823,1073741823,1073741823,1073741567,1073741823,1073741823,1073569791,1073709055,1073606655,1073479599,1073741823,1073741823,1073741823,1073741823,1073741823:f7
1073741823,1073741823,1073741823,1073741567,1073741823,1073741823,1073569791,1073709051,1073606655,1073479615,1073741823,1073741823,1073741823,1073741823,1073741823:f7
1073741823,1073741823,1073741823,1073741567,1073741823,1073741823,1073569791,1073709055,1073606639,1073479615,1073741823,1073741823,1073741823,1073741823,1073741823:f7
1073741823,1073741823,1073741823,1073741567,1073741823,1073741823,1073569791,1073708991,1073606655,1073479615,1073741823,1073741823,1073741823,1073741823,1073741823:f7
1073741823,1073741823,1073741823,1073741567,1073741823,1073741823,1073569791,1073709055,1073606591,1073479615,1073741823,1073741823,1073741823,1073741823,1073741823:f7
1073741823,1073741823,1073741823,1073741567,1073741823,1073741823,1073569791,1073709055,1073606399,1073479615,1073741823,1073741823,1073741823,1073741823,1073741823:f7
1073741823,1073741823,1073741823,1073741567,1073741823,1073741823,1073569791,1073709055,1073606655,1073479359,1073741823,1073741823,1073741823,1073741823,1073741823:f7
1073741823,1073741823,1073741823,1073741567,1073741823,1073741823,1073569791,1073709055,1073606655,1073479615,1073741823,1073740799,1073741823,1073741823,1073741823:f7
1073741823,1073741823,1073741823,1073741567,1073741823,1073741823,1073569791,1073709055,1073606655,1073479615,1073741567,1073741823,1073741823,1073741823,1073741823:f7
1073741823,1073741823,1073741823,1073741567,1073741823,1073741823,1073569791,1073709055,1073606655,1073479615,1073741823,1073741759,1073741823,1073741823,1073741823:f7
1073741823,1073741823,1073741823,1073741567,1073741823,1073741823,1073569791,1073709055,1073606655,1073479615,1073741759,1073741823,1073741823,1073741823,1073741823:f7
1073741823,1073741823,1073741823,1073741567,1073741823,1073741823,1073569791,1073709055,1073606655,1073479615,1073737727,1073741823,1073741823,1073741823,1073741823:f7
1073741823,1073741823,1073741823,1073741567,1073741823,1073741823,1072521215,1073709055,1073606655,1073479615,1073741823,1073741823,1073741823,1073741823,1073741823:f7
1073741823,1073741823,1073741823,1073741567,1073741823,1073741823,1073569791,1073709055,1072558079,1073479615,1073741823,1073741823,1073741823,1073741823,1073741823:f7
1073741823,1073741823,1073741823,1073741567,1073741823,1073741823,1073569791,1073709055,1073344511,1073479615,1073741823,1073741823,1073741823,1073741823,1073741823:f7
1073741823,1073741823,1073741823,1073741567,1073741823,1073741823,1073569791,1073709055,1073606655,1073479615,1072693247,1073741823,1073741823,1073741823,1073741823:f7
1073741823,1073741823,1073741823,1073741567,1073741823,1073741823,1073569791,1073709055,1073606655,1073479615,1073676287,1073741823,1073741823,1073741823,1073741823:f7
1073741823,1073741823,1073741823,1073741567,1073741823,1073741823,1073569791,1073709055,1073606655,1073414079,1073741823,1073741823,1073741823,1073741823,1073741823:f7
1073741823,1073741823,1073741823,1073741567,1073741823,1073741807,1073569791,1073709055,1073606655,1073479615,1073741823,1073741823,1073741823,1073741823,1073741823:f7
1073741823,1073741823,1073741823,1073741567,1073741759,1073741823,1073569791,1073709055,1073606655,1073479615,1073741823,1073741823,1073741823,1073741823,1073741823:f7
1073741823,1073741823,1073741823,1073741551,1073741823,1073741823,1073569791,1073709055,1073606655,1073479615,1073741823,1073741823,1073741823,1073741823,1073741823:f7
1073741823,1073741823,1073741823,1073741503,1073741823,1073741823,1073569791,1073709055,1073606655,1073479615,1073741823,1073741823,1073741823,1073741823,1073741823:f7
1073741823,1073741807,1073741823,1073741567,1073741823,1073741823,1073569791,1073709055,1073606655,1073479615,1073741823,1073741823,1073741823,1073741823,1073741823:f7
1073741823,1073741823,1073741759,1073741567,1073741823,1073741823,1073569791,1073709055,1073606655,1073479615,1073741823,1073741823,1073741823,1073741823,1073741823:f7
1073741823,1073741567,1073741823,1073741567,1073741823,1073741823,1073569791,1073709055,1073606655,1073479615,1073741823,1073741823,1073741823,1073741823,1073741823:f7
1073741823,1073741823,1073741567,1073741567,1073741823,1073741823,1073569791,1073709055,1073606655,1073479615,1073741823,1073741823,1073741823,1073741823,1073741823:f7
1073741823,1073737727,1073741823,1073741567,1073741823,1073741823,1073569791,1073709055,1073606655,1073479615,1073741823,1073741823,1073741823,1073741823,1073741823:f7
1073741823,1073741823,1073740799,1073741567,1073741823,1073741823,1073569791,1073709055,1073606655,1073479615,1073741823,1073741823,1073741823,1073741823,1073741823:f7
1073741823,1073741823,1073741823,1073737471,1073741823,1073741823,1073569791,1073709055,1073606655,1073479615,1073741823,1073741823,1073741823,1073741823,1073741823:f7
1073741823,1073741823,1073741823,1073740543,1073741823,1073741823,1073569791,1073709055,1073606655,1073479615,1073741823,1073741823,1073741823,1073741823,1073741823:f7
1073741823,1073741823,1073741823,1073741567,1073741823,1073737727,1073569791,1073709055,1073606655,1073479615,1073741823,1073741823,1073741823,1073741823,1073741823:f7
1073741823,1073741823,1073741823,1073741567,1073740799,1073741823,1073569791,1073709055,1073606655,1073479615,1073741823,1073741823,1073741823,1073741823,1073741823:f7
1073741823,1073741823,1073741823,1073741567,1073741823,1073741567,1073569791,1073709055,1073606655,1073479615,1073741823,1073741823,1073741823,1073741823,1073741823:f7
1073741823,1073741823,1073741823,1073741567,1073741567,1073741823,1073569791,1073709055,1073606655,1073479615,1073741823,1073741823,1073741823,1073741823,1073741823:f7
1073741823,1073741823,1073741823,1073741567,1073741823,1073741823,1073569791,1073709055,1073606655,1073478591,1073741823,1073741823,1073741823,1073741823,1073741823:f7
1073741823,1073741823,1073741823,1073741567,1073741823,1073741823,1073569791,1073708031,1073606655,1073479615,1073741823,1073741823,1073741823,1073741823,1073741823:f7
1073741823,1073741823,1073741823,1073741567,1073741823,1073741823,1073569791,1073704959,1073606655,1073479615,1073741823,1073741823,1073741823,1073741823,1073741823:f7
1073741823,1073741823,1073741823,1073741567,1073741823,1073740799,1073569791,1073709055,1073606655,1073479615,1073741823,1073741823,1073741823,1073741823,1073741823:f7
1073741823,1073741823,1073741823,1073741567,1073741823,1073725439,1073569791,1073709055,1073606655,1073479615,1073741823,1073741823,1073741823,1073741823,1073741823:f7
1073741823,1073741823,1073741823,1073741567,1073741823,1073479679,1073569791,1073709055,1073606655,1073479615,1073741823,1073741823,1073741823,1073741823,1073741823:f7
1073741823,1073741823,1073741823,1073741567,1073741823,1073741823,1073569791,1073446911,1073606655,1073479615,1073741823,1073741823,1073741823,1073741823,1073741823:f7
1073741823,1073741823,1073741823,1073741567,1073741823,1073741823,1073569791,1073643519,1073606655,1073479615,1073741823,1073741823,1073741823,1073741823,1073741823:f7
1073741823,1073741823,1073741823,1073741567,1073741823,1073741823,1073569791,1073709055,1073606655,1073463231,1073741823,1073741823,1073741823,1073741823,1073741823:f7
1073741823,1073741823,1073741823,1073741567,1073741823,1073741823,1073569791,1073709055,1073590271,1073479615,1073741823,1073741823,1073741823,1073741823,1073741823:f7
1073741823,1073741823,1073741823,1073741567,1073741823,1073741823,1073700863,1073708031,1073610751,1073479615,1073741823,1073741823,1073741823,1073741823,1073741823:i7
1073741823,1073741823,1073741823,1073741567,1073741823,1073741823,1073700863,1073704959,1073610751,1073479615,1073741823,1073741823,1073741823,1073741823,1073741823:h9
1073741823,1073741823,1073741823,1073741567,1073741823,1073740799,1073700863,1073709055,1073610751,1073479615,1073741823,1073741823,1073741823,1073741823,1073741823:i7
1073741823,1073741823,1073741823,1073741567,1073741823,1073725439,1073700863,1073709055,1073610751,1073479615,1073741823,1073741823,1073741823,1073741823,1073741823:i7
1073741823,1073741823,1073741823,1073741567,1073741823,1073479679,1073700863,1073709055,1073610751,1073479615,1073741823,1073741823,1073741823,1073741823,1073741823:h6
1073741823,1073741823,1073741823,1073741567,1073741823,1073741823,1073635327,1073709055,1073610751,1073479615,1073741823,1073741823,1073741823,1073741823,1073741823:h6
1073741823,1073741823,1073741823,1073741567,1073741823,1073741823,1073700863,1073446911,1073610751,1073479615,1073741823,1073741823,1073741823,1073741823,1073741823:h6
1073741823,1073741823,1073741823,1073741567,1073741823,1073741823,1073700863,1073643519,1073610751,1073479615,1073741823,1073741823,1073741823,1073741823,1073741823:h9
1073741823,1073741823,1073741823,1073741567,1073741823,1073741823,1073700863,1073709055,1073610751,1073463231,1073741823,1073741823,1073741823,1073741823,1073741823:h6
1073741823,1073741823,1073741823,1073741567,1073741823,1073741823,1073700863,1073709055,1073594367,1073479615,1073741823,1073741823,1073741823,1073741823,1073741823:g8
1073741823,1073741823,1073741823,1073741567,1073741823,1073741823,1073700863,1073700607,1073594367,1073479615,1073741823,1073741823,1073741823,1073741823,1073741823:i7
1073741823,1073741823,1073741823,1073741567,1073741823,1073741823,1073700863,1073700863,1073594367,1073479615,1073740799,1073741823,1073741823,1073741823,1073741823:i7
1073741823,1073741823,1073741823,1073741567,1073741823,1073741823,1073700863,1073700863,1073594367,1073475519,1073741823,1073741823,1073741823,1073741823,1073741823:i7
1073741823,1073741823,1073741823,1073741567,1073741823,1073741823,1073700863,1073700863,1073594367,1073479615,1073725439,1073741823,1073741823,1073741823,1073741823:i7
1073741823,1073741823,1073741823,1073741567,1073741823,1073741823,1073700863,1073700863,1073593343,1073479615,1073741823,1073741823,1073741823,1073741823,1073741823:i7
1073741823,1073741823,1073741823,1073741567,1073725439,1073741823,1073700863,1073700863,1073594367,1073479615,1073741823,1073741823,1073741823,1073741823,1073741823:i7
1073741823,1073741823,1073741823,1073741567,1073479679,1073741823,1073700863,1073700863,1073594367,1073479615,1073741823,1073741823,1073741823,1073741823,1073741823:i7
1073741823,1073741823,1073741823,1073741567,1073741823,1073676287,1073700863,1073700863,1073594367,1073479615,1073741823,1073741823,1073741823,1073741823,1073741823:i7
1073741823,1073741823,1073741823,1073741567,1073741823,1073741823,1073438719,1073700863,1073594367,1073479615,1073741823,1073741823,1073741823,1073741823,1073741823:g6
1073741823,1073741823,1073741823,1073741567,1073741823,1073741823,1073700863,1073700863,1073594367,1073479615,1073741823,1073725439,1073741823,1073741823,1073741823:i7
1073741823,1073741823,1073741823,1073741567,1073741823,1073741823,1073700863,1069506559,1073594367,1073479615,1073741823,1073741823,1073741823,1073741823,1073741823:i7
1073741823,1073741823,1073741823,1073741567,1073741823,1073741823,1073700863,1073700863,1073594367,1069285311,1073741823,1073741823,1073741823,1073741823,1073741823:i7
1073741823,1073741823,1073741823,1073741567,1073741823,1073741823,1073700863,1073700863,1073594367,1072431039,1073741823,1073741823,1073741823,1073741823,1073741823:i7
1073741823,1073741823,1073741823,1073741567,1073741823,1073741823,1073700863,1073700863,1073594367,1073479615,1073741823,1069547519,1073741823,1073741823,1073741823:i7
1073741823,1073741823,1073741823,1073741567,1073741823,1073741823,1073700863,1073700863,1073594367,1073479615,1073741823,1073479679,1073741823,1073741823,1073741823:i7
1073741823,1073741823,1073741823,1073741567,1073741823,1073741823,1073700863,1073700863,1073594367,1073479615,1073479679,1073741823,1073741823,1073741823,1073741823:i7
1073741823,1073741823,1073741823,1073741567,1073741823,1073741823,1073700607,1073700863,1073594367,1073479615,1073741823,1073741823,1073741823,1073741823,1073741823:i7
1073741823,1073741823,1073741823,1073741567,1073741823,1073741823,1073699839,1073700863,1073594367,1073479615,1073741823,1073741823,1073741823,1073741823,1073741823:g6
1073741823,1073741823,1073741823,1073741567,1073737727,1073741823,1073700863,1073700863,1073594367,1073479615,1073741823,1073741823,1073741823,1073741823,1073741823:i7
1073741823,1073741823,1073741823,1073741567,1073676287,1073741823,1073700863,1073700863,1073594367,1073479615,1073741823,1073741823,1073741823,1073741823,1073741823:i7
1073741823,1073741823,1073741823,1073741567,1073741823,1073741823,1073700863,1073700863,1073594367,1073479615,1073741823,1073741819,1073741823,1073741823,1073741823:i7
1073741823,1073741823,1073741823,1073741567,1073741823,1073741823,1073700863,1073700863,1073594367,1073479615,1073741807,1073741823,1073741823,1073741823,1073741823:i7
1073741823,1073741823,1073741823,1073741567,1073741823,1073741823,1073700863,1073700863,1073594367,1073479611,1073741823,1073741823,1073741823,1073741823,1073741823:i7
1073741823,1073741823,1073741823,1073741567,1073741823,1073741823,1073700863,1073700863,1073594367,1073479599,1073741823,1073741823,1073741823,1073741823,1073741823:i7
1073741823,1073741823,1073741823,1073741567,1073741823,1073741823,1073700863,1073700859,1073594367,1073479615,1073741823,1073741823,1073741823,1073741823,1073741823:i7
1073741823,1073741823,1073741823,1073741567,1073741823,1073741823,1073700863,1073700863,1073594351,1073479615,1073741823,1073741823,1073741823,1073741823,1073741823:i7
1073741823,1073741823,1073741823,1073741567,1073741823,1073741823,1073700863,1073700799,1073594367,1073479615,1073741823,1073741823,1073741823,1073741823,1073741823:i7
1073741823,1073741823,1073741823,1073741567,1073741823,1073741823,1073700863,1073700863,1073594303,1073479615,1073741823,1073741823,1073741823,1073741823,1073741823:i7
1073741823,1073741823,1073741823,1073741567,1073741823,1073741823,1073700863,1073700863,1073594111,1073479615,1073741823,1073741823,1073741823,1073741823,1073741823:i7
1073741823,1073741823,1073741823,1073741567,1073741823,1073741823,1073700863,1073700863,1073594367,1073479359,1073741823,1073741823,1073741823,1073741823,1073741823:i7
1073741823,1073741823,1073741823,1073741567,1073741823,1073741823,1073700863,1073700863,1073594367,1073479615,1073741823,1073740799,1073741823,1073741823,1073741823:i7
1073741823,1073741823,1073741823,1073741567,1073741823,1073741823,1073700863,1073700863,1073594367,1073479615,1073741567,1073741823,1073741823,1073741823,1073741823:i7
1073741823,1073741823,1073741823,1073741567,1073741823,1073741823,1073700863,1073700863,1073594367,1073479615,1073741823,1073741759,1073741823,1073741823,1073741823:i7
1073741823,1073741823,1073741823,1073741567,1073741823,1073741823,1073700863,1073700863,1073594367,1073479615,1073741759,1073741823,1073741823,1073741823,1073741823:i7
1073741823,1073741823,1073741823,1073741567,1073741823,1073741823,1073700863,1073700863,1073594367,1073479615,1073737727,1073741823,1073741823,1073741823,1073741823:i7
1073741823,1073741823,1073741823,1073741567,1073741823,1073741823,1072652287,1073700863,1073594367,1073479615,1073741823,1073741823,1073741823,1073741823,1073741823:i7
1073741823,1073741823,1073741823,1073741567,1073741823,1073741823,1073700863,1073700863,1072545791,1073479615,1073741823,1073741823,1073741823,1073741823,1073741823:i7
1073741823,1073741823,1073741823,1073741567,1073741823,1073741823,1073700863,1073700863,1073332223,1073479615,1073741823,1073741823,1073741823,1073741823,1073741823:g9
1073741823,1073741823,1073741823,1073741567,1073741823,1073741823,1073700863,1073700863,1073594367,1073479615,1072693247,1073741823,1073741823,1073741823,1073741823:i7
1073741823,1073741823,1073741823,1073741567,1073741823,1073741823,1073700863,1073700863,1073594367,1073479615,1073676287,1073741823,1073741823,1073741823,1073741823:i7
1073741823,1073741823,1073741823,1073741567,1073741823,1073741823,1073700863,1073700863,1073594367,1073414079,1073741823,1073741823,1073741823,1073741823,1073741823:i7
1073741823,1073741823,1073741823,1073741567,1073741823,1073741807,1073700863,1073700863,1073594367,1073479615,1073741823,1073741823,1073741823,1073741823,1073741823:i7
1073741823,1073741823,1073741823,1073741567,1073741759,1073741823,1073700863,1073700863,1073594367,1073479615,1073741823,1073741823,1073741823,1073741823,1073741823:i7
1073741823,1073741823,1073741823,1073741551,1073741823,1073741823,1073700863,1073700863,1073594367,1073479615,1073741823,1073741823,1073741823,1073741823,1073741823:i7
1073741823,1073741823,1073741823,1073741503,1073741823,1073741823,1073700863,1073700863,1073594367,1073479615,1073741823,1073741823,1073741823,1073741823,1073741823:i7
1073741823,1073741807,1073741823,1073741567,1073741823,1073741823,1073700863,1073700863,1073594367,1073479615,1073741823,1073741823,1073741823,1073741823,1073741823:i7
1073741823,1073741823,1073741759,1073741567,1073741823,1073741823,1073700863,1073700863,1073594367,1073479615,1073741823,1073741823,1073741823,1073741823,1073741823:i7
1073741823,1073741567,1073741823,1073741567,1073741823,1073741823,1073700863,1073700863,1073594367,1073479615,1073741823,1073741823,1073741823,1073741823,1073741823:i7
1073741823,1073741823,1073741567,1073741567,1073741823,1073741823,1073700863,1073700863,1073594367,1073479615,1073741823,1073741823,1073741823,1073741823,1073741823:i7
1073741823,1073737727,1073741823,1073741567,1073741823,1073741823,1073700863,1073700863,1073594367,1073479615,1073741823,1073741823,1073741823,1073741823,1073741823:i7
1073741823,1073741823,1073740799,1073741567,1073741823,1073741823,1073700863,1073700863,1073594367,1073479615,1073741823,1073741823,1073741823,1073741823,1073741823:i7
1073741823,1073741823,1073741823,1073737471,1073741823,1073741823,1073700863,1073700863,1073594367,1073479615,1073741823,1073741823,1073741823,1073741823,1073741823:i7
1073741823,1073741823,1073741823,1073740543,1073741823,1073741823,1073700863,1073700863,1073594367,1073479615,1073741823,1073741823,1073741823,1073741823,1073741823:i7
1073741823,1073741823,1073741823,1073741567,1073741823,1073737727,1073700863,1073700863,1073594367,1073479615,1073741823,1073741823,1073741823,1073741823,1073741823:i7
1073741823,1073741823,1073741823,1073741567,1073740799,1073741823,1073700863,1073700863,1073594367,1073479615,1073741823,1073741823,1073741823,1073741823,1073741823:i7
1073741823,1073741823,1073741823,1073741567,1073741823,1073741567,1073700863,1073700863,1073594367,1073479615,1073741823,1073741823,1073741823,1073741823,1073741823:i7
1073741823,1073741823,1073741823,1073741567,1073741567,1073741823,1073700863,1073700863,1073594367,1073479615,1073741823,1073741823,1073741823,1073741823,1073741823:i7
1073741823,1073741823,1073741823,1073741567,1073741823,1073741823,1073700863,1073700863,1073594367,1073478591,1073741823,1073741823,1073741823,1073741823,1073741823:i7
1073741823,1073741823,1073741823,1073741567,1073741823,1073741823,1073700863,1073700863,1073590271,1073479615,1073741823,1073741823,1073741823,1073741823,1073741823:i7
1073741823,1073741823,1073741823,1073741567,1073741823,1073741823,1073700863,1073699839,1073594367,1073479615,1073741823,1073741823,1073741823,1073741823,1073741823:i7
1073741823,1073741823,1073741823,1073741567,1073741823,1073740799,1073700863,1073700863,1073594367,1073479615,1073741823,1073741823,1073741823,1073741823,1073741823:i7
1073741823,1073741823,1073741823,1073741567,1073741823,1073725439,1073700863,1073700863,1073594367,1073479615,1073741823,1073741823,1073741823,1073741823,1073741823:i7
1073741823,1073741823,1073741823,1073741567,1073741823,1073479679,1073700863,1073700863,1073594367,1073479615,1073741823,1073741823,1073741823,1073741823,1073741823:g6
1073741823,1073741823,1073741823,1073741567,1073741823,1073741823,1073635327,1073700863,1073594367,1073479615,1073741823,1073741823,1073741823,1073741823,1073741823:g6
1073741823,1073741823,1073741823,1073741567,1073741823,1073741823,1073700863,1073438719,1073594367,1073479615,1073741823,1073741823,1073741823,1073741823,1073741823:g9
1073741823,1073741823,1073741823,1073741567,1073741823,1073741823,1073700863,1073635327,1073594367,1073479615,1073741823,1073741823,1073741823,1073741823,1073741823:e7
1073741823,1073741823,1073741823,1073741567,1073741823,1073741823,1073700863,1073700863,1073594367,1073463231,1073741823,1073741823,1073741823,1073741823,1073741823:i7
1073741823,1073741823,1073741823,1073741567,1073741823,1073741823,1073733631,1073709055,1073610751,1073725375,1073741823,1073741823,1073741823,1073741823,1073741823:f6
1073741823,1073741823,1073741823,1073741567,1073741823,1073741823,1073733631,1073709055,1073594367,1073741759,1073741823,1073741823,1073741823,1073741823,1073741823:f6
