1073741823,1073741823,1073741823,1073741823,1073725439,1073741823,1073741823,1073709055,1073610750,1073741823,1073741823,1073741823,1073741823,1073741823,1073741823:j10
1073741823,1073741823,1073741823,1073741823,1073725439,1073741823,1073741823,1073709055,1073610750,1073217535,1073741823,1073725439,1073741823,1073741823,1073741823:g7
1073741823,1073741823,1073741823,1073741823,1073725439,1073741823,1073741823,1069514751,1073610750,1073217535,1073741823,1073741823,1073741823,1073741823,1073741823:g7
1073741823,1073741823,1073741823,1073741823,1073725439,1073741823,1073741823,1073709055,1073610750,1069023231,1073741823,1073741823,1073741823,1073741823,1073741823:g7
1073741823,1073741823,1073741823,1073741823,1073725439,1073741823,1073741823,1073709055,1073610750,1072168959,1073741823,1073741823,1073741823,1073741823,1073741823:g7
1073741823,1073741823,1073741823,1073741823,1073725439,1073741823,1073741823,1073709055,1073610750,1073217535,1073741823,1069547519,1073741823,1073741823,1073741823:g7
1073741823,1073741823,1073741823,1073741823,1073725439,1073741823,1073741823,1073709055,1073610750,1073217535,1073741823,1073479679,1073741823,1073741823,1073741823:g7
1073741823,1073741823,1073741823,1073741823,1073725439,1073741823,1073741823,1073709055,1073610750,1073217535,1073479679,1073741823,1073741823,1073741823,1073741823:g7
1073741823,1073741823,1073741823,1073741823,1073725439,1073741823,1073741822,1073709055,1073610750,1073217535,1073741823,1073741823,1073741823,1073741823,1073741823:g7
1073741823,1073741823,1073741823,1073741823,1073725439,1073741823,1073741823,1073709054,1073610750,1073217535,1073741823,1073741823,1073741823,1073741823,1073741823:g7
1073741823,1073741823,1073741823,1073741823,1073725439,1073741823,1073741807,1073709055,1073610750,1073217535,1073741823,1073741823,1073741823,1073741823,1073741823:g7
1073741823,1073741823,1073741823,1073741823,1073725439,1073741823,1073741823,1073709051,1073610750,1073217535,1073741823,1073741823,1073741823,1073741823,1073741823:g7
1073741823,1073741823,1073741823,1073741823,1073725439,1073741823,1073741823,1073709055,1073610734,1073217535,1073741823,1073741823,1073741823,1073741823,1073741823:g7
1073741823,1073741823,1073741823,1073741823,1073725439,1073741823,1073741823,1073709055,1073610746,1073217535,1073741823,1073741823,1073741823,1073741823,1073741823:g7
1073741823,1073741823,1073741823,1073741823,1073725439,1073741823,1073741823,1073709055,1073610750,1073217535,1073741807,1073741823,1073741823,1073741823,1073741823:g7
1073741823,1073741823,1073741823,1073741823,1073725439,1073741823,1073741823,1073709055,1073610750,1073217531,1073741823,1073741823,1073741823,1073741823,1073741823:g7
1073741823,1073741823,1073741823,1073741823,1073725439,1073741823,1073741823,1073709055,1073610750,1073217535,1073741822,1073741823,1073741823,1073741823,1073741823:g7
1073741823,1073741823,1073741823,1073741823,1073725439,1073741823,1073741823,1073709055,1073610750,1073217534,1073741823,1073741823,1073741823,1073741823,1073741823:g7
1073741823,1073741823,1073741823,1073741823,1073725439,1073741823,1073741823,1073709055,1073610750,1073217535,1073737727,1073741823,1073741823,1073741823,1073741823:g7
1073741823,1073741823,1073741823,1073741823,1073725439,1073741823,1072693247,1073709055,1073610750,1073217535,1073741823,1073741823,1073741823,1073741823,1073741823:g7
1073741823,1073741823,1073741823,1073741823,1073725439,1073741823,1073741823,1073709055,1072562174,1073217535,1073741823,1073741823,1073741823,1073741823,1073741823:g7
1073741823,1073741823,1073741823,1073741823,1073725439,1073741823,1073741823,1073709055,1073348606,1073217535,1073741823,1073741823,1073741823,1073741823,1073741823:g7
1073741823,1073741823,1073741823,1073741823,1073725439,1073741823,1073741823,1073709055,1073610750,1073217535,1072693247,1073741823,1073741823,1073741823,1073741823:i8
1073741823,1073741823,1073741823,1073741823,1073725439,1073741823,1073741823,1073577983,1073610750,1073213439,1072693247,1073741823,1073741823,1073741823,1073741823:i11
1073741823,1073741823,1073741823,1073741823,1073725439,1072693247,1073741823,1073577983,1073610750,1073217535,1072693247,1073741823,1073741823,1073741823,1073741823:i10
1073741823,1073741823,1073741823,1073741823,1073725439,1073741823,1073741823,1072529407,1073610750,1073217535,1072693247,1073741823,1073741823,1073741823,1073741823:i6
1073741823,1073741823,1073741823,1072693247,1073725439,1073610751,1073741823,1072529407,1073610750,1073217535,1072693247,1073741823,1073741823,1073741823,1073741823:i7
1073741823,1073741823,1073741823,1073741823,1073725439,1056833535,1073741823,1072529407,1073610750,1073217535,1072693247,1073741823,1073741823,1073741823,1073741823:i7
1073741823,1073741823,1073741823,1073741823,1073725439,1073610751,1069547519,1072529407,1073610750,1073217535,1072693247,1073741823,1073741823,1073741823,1073741823:i7
1073741823,1073741823,1073741823,1073741823,1073725439,1073610751,1073741823,1055752191,1073610750,1073217535,1072693247,1073741823,1073741823,1073741823,1073741823:i7
1073741823,1073741823,1073741823,1073741823,1073725439,1073610751,1073741823,1072529407,1073610750,1056440319,1072693247,1073741823,1073741823,1073741823,1073741823:i7
1073741823,1073741823,1073741823,1073741823,1073725439,1073610751,1073741823,1072529407,1069416446,1073217535,1072693247,1073741823,1073741823,1073741823,1073741823:i7
1073741823,1073741823,1073741823,1073741823,1073725439,1073610751,1073741823,1072529407,1073610750,1073213439,1072693247,1073741823,1073741823,1073741823,1073741823:i7
1073741823,1073741823,1073741823,1073741823,1073725439,1072562175,1073741823,1072529407,1073610750,1073217535,1072693247,1073741823,1073741823,1073741823,1073741823:i7
1073741823,1073741823,1073741823,1073741823,1073725439,1073610751,1073741823,1072529407,1073610750,1073217535,1072693247,1073741823,1073676287,1073741823,1073741823:i7
1073741823,1073741823,1073741823,1073741823,1073725439,1073610751,1073741823,1072529407,1056833534,1073217535,1072693247,1073741823,1073741823,1073741823,1073741823:i7
1073741823,1073741823,1073741823,1073741823,1073725439,1073610751,1073741823,1072529407,1073610750,1073217535,1055916031,1073741823,1073741823,1073741823,1073741823:i7
1073741823,1073741823,1073741823,1073741823,1073725439,1073610751,1073741823,1072529407,1073610750,1073217535,1068498943,1073741823,1073741823,1073741823,1073741823:i7
1073741823,1073741823,1073741823,1073741823,1073725439,1073610751,1073741823,1072529407,1073610750,1073217535,1072693247,1073741823,1056964607,1073741823,1073741823:i7
1073741823,1073741823,1073741823,1073741823,1073725439,1073610751,1073741823,1072529407,1073610750,1073217535,1072693247,1073741823,1072693247,1073741823,1073741823:i7
1073741823,1073741823,1073741823,1073741823,1073725439,1073610751,1073741823,1072529407,1073610750,1073217535,1072693247,1072693247,1073741823,1073741823,1073741823:i7
1073741823,1073741823,1073741823,1073741823,1073725439,1073610751,1073741823,1072529407,1073610750,1073217535,1072693247,1073725439,1073741823,1073741823,1073741823:i7
1073741823,1073741823,1073741823,1073741823,1073725439,1073610751,1073741823,1068335103,1073610750,1073217535,1072693247,1073741823,1073741823,1073741823,1073741823:i7
1073741823,1073741823,1073741823,1073741823,1073725439,1073610751,1073741823,1072529407,1073610750,1069023231,1072693247,1073741823,1073741823,1073741823,1073741823:i7
1073741823,1073741823,1073741823,1073741823,1073725439,1073610751,1073741823,1072529407,1073610750,1072168959,1072693247,1073741823,1073741823,1073741823,1073741823:i7
1073741823,1073741823,1073741823,1073741823,1073725439,1073610751,1073741823,1072529407,1073610750,1073217535,1072693247,1069547519,1073741823,1073741823,1073741823:i7
1073741823,1073741823,1073741823,1073741823,1073725439,1073610751,1073741823,1072529407,1073610750,1073217535,1072693247,1073479679,1073741823,1073741823,1073741823:i7
1073741823,1073741823,1073741823,1073741823,1073725439,1073610751,1073741823,1072529407,1073610750,1073217535,1072431103,1073741823,1073741823,1073741823,1073741823:i7
1073741823,1073741823,1073741823,1073741823,1073725439,1073610751,1073741822,1072529407,1073610750,1073217535,1072693247,1073741823,1073741823,1073741823,1073741823:i7
1073741823,1073741823,1073741823,1073741823,1073725439,1073610751,1073741823,1072529406,1073610750,1073217535,1072693247,1073741823,1073741823,1073741823,1073741823:i7
1073741823,1073741823,1073741823,1073741823,1073725439,1073610751,1073741807,1072529407,1073610750,1073217535,1072693247,1073741823,1073741823,1073741823,1073741823:i7
1073741823,1073741823,1073741823,1073741823,1073725439,1073610751,1073741823,1072529403,1073610750,1073217535,1072693247,1073741823,1073741823,1073741823,1073741823:i7
1073741823,1073741823,1073741823,1073741823,1073725439,1073610751,1073741823,1072529407,1073610734,1073217535,1072693247,1073741823,1073741823,1073741823,1073741823:i7
1073741823,1073741823,1073741823,1073741823,1073725439,1073610751,1073741823,1072529407,1073610746,1073217535,1072693247,1073741823,1073741823,1073741823,1073741823:i7
1073741823,1073741823,1073741823,1073741823,1073725439,1073610751,1073741823,1072529407,1073610750,1073217535,1072693231,1073741823,1073741823,1073741823,1073741823:i7
1073741823,1073741823,1073741823,1073741823,1073725439,1073610751,1073741823,1072529407,1073610750,1073217531,1072693247,1073741823,1073741823,1073741823,1073741823:i7
1073741823,1073741823,1073741823,1073741823,1073725439,1073610751,1073741823,1072529407,1073610750,1073217535,1072693246,1073741823,1073741823,1073741823,1073741823:i7
1073741823,1073741823,1073741823,1073741823,1073725439,1073610751,1073741823,1072529407,1073610750,1073217534,1072693247,1073741823,1073741823,1073741823,1073741823:i7
1073741823,1073741823,1073741823,1073741823,1073725439,1073610751,1073741823,1072529407,1073610750,1073217535,1072689151,1073741823,1073741823,1073741823,1073741823:i7
1073741823,1073741823,1073741823,1073741823,1073725439,1073610751,1072693247,1072529407,1073610750,1073217535,1072693247,1073741823,1073741823,1073741823,1073741823:i7
1073741823,1073741823,1073741823,1073741823,1073725439,1073610751,1073741823,1072529407,1072562174,1073217535,1072693247,1073741823,1073741823,1073741823,1073741823:i7
1073741823,1073741823,1073741823,1073741823,1073725439,1073610751,1073741823,1072529407,1073348606,1073217535,1072693247,1073741823,1073741823,1073741823,1073741823:i7
1073741823,1073741823,1073741823,1073741823,1073725439,1073610751,1073741823,1072529407,1073610750,1073217535,1072627711,1073741823,1073741823,1073741823,1073741823:i7
1073741823,1073741823,1073741823,1073741823,1073725439,1073610751,1073741823,1072529407,1073610750,1073151999,1072693247,1073741823,1073741823,1073741823,1073741823:g8
1073741823,1073741823,1073741823,1073741823,1073725439,1073610751,1073740799,1072529407,1073610750,1073217535,1072693247,1073741823,1073741823,1073741823,1073741823:i7
1073741823,1073741823,1073741823,1073741823,1073725439,1073606655,1073741823,1072529407,1073610750,1073217535,1072693247,1073741823,1073741823,1073741823,1073741823:i7
1073741823,1073741823,1073741823,1073741823,1073724415,1073610751,1073741823,1072529407,1073610750,1073217535,1072693247,1073741823,1073741823,1073741823,1073741823:i7
1073741823,1073741823,1073741823,1073741823,1073721343,1073610751,1073741823,1072529407,1073610750,1073217535,1072693247,1073741823,1073741823,1073741823,1073741823:i7
1073741823,1073741823,1073740799,1073741823,1073725439,1073610751,1073741823,1072529407,1073610750,1073217535,1072693247,1073741823,1073741823,1073741823,1073741823:i7
1073741823,1073741823,1073741823,1073737727,1073725439,1073610751,1073741823,1072529407,1073610750,1073217535,1072693247,1073741823,1073741823,1073741823,1073741823:i7
1073741823,1073741823,1073725439,1073741823,1073725439,1073610751,1073741823,1072529407,1073610750,1073217535,1072693247,1073741823,1073741823,1073741823,1073741823:i7
1073741823,1073741823,1073741823,1073725439,1073725439,1073610751,1073741823,1072529407,1073610750,1073217535,1072693247,1073741823,1073741823,1073741823,1073741823:i7
1073741823,1073741823,1073479679,1073741823,1073725439,1073610751,1073741823,1072529407,1073610750,1073217535,1072693247,1073741823,1073741823,1073741823,1073741823:i7
1073741823,1073741823,1073741823,1073676287,1073725439,1073610751,1073741823,1072529407,1073610750,1073217535,1072693247,1073741823,1073741823,1073741823,1073741823:i7
1073741823,1073741823,1073741823,1073741823,1073463295,1073610751,1073741823,1072529407,1073610750,1073217535,1072693247,1073741823,1073741823,1073741823,1073741823:i7
1073741823,1073741823,1073741823,1073741823,1073659903,1073610751,1073741823,1072529407,1073610750,1073217535,1072693247,1073741823,1073741823,1073741823,1073741823:i10
1073741823,1073741823,1073741823,1073741823,1073725439,1073610751,1073479679,1072529407,1073610750,1073217535,1072693247,1073741823,1073741823,1073741823,1073741823:i7
1073741823,1073741823,1073741823,1073741823,1073725439,1073610751,1073741823,1072529407,1073610750,1073216511,1072693247,1073741823,1073741823,1073741823,1073741823:i7
1073741823,1073741823,1073741823,1073741823,1073725439,1073610751,1073741823,1072529407,1073606654,1073217535,1072693247,1073741823,1073741823,1073741823,1073741823:i7
1073741823,1073741823,1073741823,1073741823,1073725439,1073610751,1073741823,1072528383,1073610750,1073217535,1072693247,1073741823,1073741823,1073741823,1073741823:i7
1073741823,1073741823,1073741823,1073741823,1073725439,1073610751,1073741823,1072525311,1073610750,1073217535,1072693247,1073741823,1073741823,1073741823,1073741823:i7
1073741823,1073741823,1073741823,1073741823,1073725439,1073609727,1073741823,1072529407,1073610750,1073217535,1072693247,1073741823,1073741823,1073741823,1073741823:i7
1073741823,1073741823,1073741823,1073741823,1073725439,1073610751,1073737727,1072529407,1073610750,1073217535,1072693247,1073741823,1073741823,1073741823,1073741823:i7
1073741823,1073741823,1073741823,1073741823,1073725439,1073594367,1073741823,1072529407,1073610750,1073217535,1072693247,1073741823,1073741823,1073741823,1073741823:i7
1073741823,1073741823,1073741823,1073741823,1073725439,1073610751,1073725439,1072529407,1073610750,1073217535,1072693247,1073741823,1073741823,1073741823,1073741823:i7
1073741823,1073741823,1073741823,1073741823,1073725439,1073348607,1073741823,1072529407,1073610750,1073217535,1072693247,1073741823,1073741823,1073741823,1073741823:i7
1073741823,1073741823,1073741823,1073741823,1073725439,1073610751,1073676287,1072529407,1073610750,1073217535,1072693247,1073741823,1073741823,1073741823,1073741823:g8
1073741823,1073741823,1073741823,1073741823,1073725439,1073610751,1073741823,1072267263,1073610750,1073217535,1072693247,1073741823,1073741823,1073741823,1073741823:i7
1073741823,1073741823,1073741823,1073741823,1073725439,1073610751,1073741823,1072529407,1073610750,1073201151,1072693247,1073741823,1073741823,1073741823,1073741823:i7
1073741823,1073741823,1073741823,1073741823,1073725439,1073610751,1073741823,1072529407,1073594366,1073217535,1072693247,1073741823,1073741823,1073741823,1073741823:i7
1073741823,1073741823,1073741823,1073741823,1073725439,1073741823,1073741823,1073577983,1073610750,1073217535,1072693247,1073741823,1073676287,1073741823,1073741823:j8
1073741823,1073741823,1073741823,1073741823,1073725439,1073741823,1073741823,1073577983,1056833534,1073217535,1072693247,1073741823,1073741823,1073741823,1073741823:j8
1073741823,1073741823,1073741823,1073741823,1073725439,1073741823,1073741823,1073577983,1073610750,1073217535,1055916031,1073741823,1073741823,1073741823,1073741823:i7
1073741823,1073741823,1073741823,1073741823,1073725439,1073741823,1073741823,1073577983,1073610750,1073217535,1068498943,1073741823,1073741823,1073741823,1073741823:i7
1073741823,1073741823,1073741823,1073741823,1073725439,1073741823,1073741823,1073577983,1073610750,1073217535,1072693247,1073741823,1056964607,1073741823,1073741823:j8
1073741823,1073741823,1073741823,1073741823,1073725439,1073741823,1073741823,1073577983,1073610750,1073217535,1072693247,1073741823,1072693247,1073741823,1073741823:j8
1073741823,1073741823,1073741823,1073741823,1073725439,1073741823,1073741823,1073577983,1073610750,1073217535,1072693247,1072693247,1073741823,1073741823,1073741823:i7
1073741823,1073741823,1073741823,1073741823,1073725439,1073741823,1073741823,1073577983,1073610750,1073217535,1072693247,1073725439,1073741823,1073741823,1073741823:j8
1073741823,1073741823,1073741823,1073741823,1073725439,1073741823,1073741823,1069383679,1073610750,1073217535,1072693247,1073741823,1073741823,1073741823,1073741823:j8
1073741823,1073741823,1073741823,1073741823,1073725439,1073741823,1073741823,1073577983,1073610750,1069023231,1072693247,1073741823,1073741823,1073741823,1073741823:j8
1073741823,1073741823,1073741823,1073741823,1073725439,1073741823,1073741823,1073577983,1073610750,1072168959,1072693247,1073741823,1073741823,1073741823,1073741823:i7
1073741823,1073741823,1073741823,1073741823,1073725439,1073741823,1073741823,1073577983,1073610750,1073217535,1072693247,1069547519,1073741823,1073741823,1073741823:j8
1073741823,1073741823,1073741823,1073741823,1073725439,1073741823,1073741823,1073577983,1073610750,1073217535,1072693247,1073479679,1073741823,1073741823,1073741823:j8
1073741823,1073741823,1073741823,1073741823,1073725439,1073741823,1073741823,1073577983,1073610750,1073217535,1072431103,1073741823,1073741823,1073741823,1073741823:i7
1073741823,1073741823,1073741823,1073741823,1073725439,1073741823,1073741822,1073577983,1073610750,1073217535,1072693247,1073741823,1073741823,1073741823,1073741823:j8
1073741823,1073741823,1073741823,1073741823,1073725439,1073741823,1073741823,1073577982,1073610750,1073217535,1072693247,1073741823,1073741823,1073741823,1073741823:j8
1073741823,1073741823,1073741823,1073741823,1073725439,1073741823,1073741807,1073577983,1073610750,1073217535,1072693247,1073741823,1073741823,1073741823,1073741823:j8
1073741823,1073741823,1073741823,1073741823,1073725439,1073741823,1073741823,1073577979,1073610750,1073217535,1072693247,1073741823,1073741823,1073741823,1073741823:j8
1073741823,1073741823,1073741823,1073741823,1073725439,1073741823,1073741823,1073577983,1073610734,1073217535,1072693247,1073741823,1073741823,1073741823,1073741823:j8
1073741823,1073741823,1073741823,1073741823,1073725439,1073741823,1073741823,1073577983,1073610746,1073217535,1072693247,1073741823,1073741823,1073741823,1073741823:j8
1073741823,1073741823,1073741823,1073741823,1073725439,1073741823,1073741823,1073577983,1073610750,1073217535,1072693231,1073741823,1073741823,1073741823,1073741823:j8
1073741823,1073741823,1073741823,1073741823,1073725439,1073741823,1073741823,1073577983,1073610750,1073217531,1072693247,1073741823,1073741823,1073741823,1073741823:j8
1073741823,1073741823,1073741823,1073741823,1073725439,1073741823,1073741823,1073577983,1073610750,1073217535,1072693246,1073741823,1073741823,1073741823,1073741823:j8
1073741823,1073741823,1073741823,1073741823,1073725439,1073741823,1073741823,1073577983,1073610750,1073217534,1072693247,1073741823,1073741823,1073741823,1073741823:j8
1073741823,1073741823,1073741823,1073741823,1073725439,1073741823,1073741823,1073577983,1073610750,1073217535,1072689151,1073741823,1073741823,1073741823,1073741823:i7
1073741823,1073741823,1073741823,1073741823,1073725439,1073741823,1072693247,1073577983,1073610750,1073217535,1072693247,1073741823,1073741823,1073741823,1073741823:i7
1073741823,1073741823,1073741823,1073741823,1073725439,1073741823,1073741823,1073577983,1072562174,1073217535,1072693247,1073741823,1073741823,1073741823,1073741823:i7
1073741823,1073741823,1073741823,1073741823,1073725439,1073741823,1073741823,1073577983,1073348606,1073217535,1072693247,1073741823,1073741823,1073741823,1073741823:i10
1073741823,1073741823,1073741823,1073741823,1073725439,1073741823,1073741823,1073577983,1073610750,1073217535,1072627711,1073741823,1073741823,1073741823,1073741823:i7
1073741823,1073741823,1073741823,1073741823,1073725439,1073741823,1073741823,1073577983,1073610750,1073151999,1072693247,1073741823,1073741823,1073741823,1073741823:h7
1073741823,1073741823,1073741823,1073741823,1073725439,1073741823,1073709055,1073577983,1073609726,1073151999,1072693247,1073741823,1073741823,1073741823,1073741823:h9
1073741823,1073741823,1073741823,1073741823,1073725439,1073741823,1073709055,1073577983,1073610750,1073151999,1072693247,1073737727,1073741823,1073741823,1073741823:h9
1073741823,1073741823,1073741823,1073741823,1073725439,1073741823,1073709055,1073577983,1073610750,1073151999,1072676863,1073741823,1073741823,1073741823,1073741823:j9
1073741823,1073741823,1073741823,1073741823,1073725439,1073741823,1073709055,1073577983,1073610750,1073151999,1072693247,1073676287,1073741823,1073741823,1073741823:h9
1073741823,1073741823,1073741823,1073741823,1073725439,1073741823,1073709055,1073577983,1073610750,1073147903,1072693247,1073741823,1073741823,1073741823,1073741823:h9
1073741823,1073741823,1073741823,1073741823,1073725439,1072693247,1073709055,1073577983,1073610750,1073151999,1072693247,1073741823,1073741823,1073741823,1073741823:h9
1073741823,1073741823,1073741823,1073741823,1073725439,1073741823,1073709055,1072529407,1073610750,1073151999,1072693247,1073741823,1073741823,1073741823,1073741823:h9
1073741823,1073741823,1073741823,1073741823,1073725439,1073741823,1073709055,1073577983,1073610750,1073151999,1072693247,1073741823,1073676287,1073741823,1073741823:h9
1073741823,1073741823,1073741823,1073741823,1073725439,1073741823,1073709055,1073577983,1056833534,1073151999,1072693247,1073741823,1073741823,1073741823,1073741823:h9
1073741823,1073741823,1073741823,1073741823,1073725439,1073741823,1073709055,1073577983,1073610750,1073151999,1055916031,1073741823,1073741823,1073741823,1073741823:h9
1073741823,1073741823,1073741823,1073741823,1073725439,1073741823,1073709055,1073577983,1073610750,1073151999,1068498943,1073741823,1073741823,1073741823,1073741823:j9
1073741823,1073741823,1073741823,1073741823,1073725439,1073741823,1073709055,1073577983,1073610750,1073151999,1072693247,1073741823,1056964607,1073741823,1073741823:h9
1073741823,1073741823,1073741823,1073741823,1073725439,1073741823,1073709055,1073577983,1073610750,1073151999,1072693247,1073741823,1072693247,1073741823,1073741823:h9
1073741823,1073741823,1073741823,1073741823,1073725439,1073741823,1073709055,1073577983,1073610750,1073151999,1072693247,1072693247,1073741823,1073741823,1073741823:h9
1073741823,1073741823,1073741823,1073741823,1073725439,1073741823,1073709055,1073577983,1073610750,1073151999,1072693247,1073725439,1073741823,1073741823,1073741823:h10
1073741823,1073741823,1073741823,1073741823,1073725439,1073741823,1073709055,1069383679,1073610750,1073151999,1072693247,1073741823,1073741823,1073741823,1073741823:h9
1073741823,1073741823,1073741823,1073741823,1073725439,1073741823,1073709055,1073577983,1073610750,1068957695,1072693247,1073741823,1073741823,1073741823,1073741823:h9
1073741823,1073741823,1073741823,1073741823,1073725439,1073741823,1073709055,1073577983,1073610750,1072103423,1072693247,1073741823,1073741823,1073741823,1073741823:h9
1073741823,1073741823,1073741823,1073741823,1073725439,1073741823,1073709055,1073577983,1073610750,1073151999,1072693247,1069547519,1073741823,1073741823,1073741823:h9
1073741823,1073741823,1073741823,1073741823,1073725439,1073741823,1073709055,1073577983,1073610750,1073151999,1072693247,1073479679,1073741823,1073741823,1073741823:h9
1073741823,1073741823,1073741823,1073741823,1073725439,1073741823,1073709055,1073577983,1073610750,1073151999,1072431103,1073741823,1073741823,1073741823,1073741823:j9
1073741823,1073741823,1073741823,1073741823,1073725439,1073741823,1073709054,1073577983,1073610750,1073151999,1072693247,1073741823,1073741823,1073741823,1073741823:h9
1073741823,1073741823,1073741823,1073741823,1073725439,1073741823,1073709055,1073577982,1073610750,1073151999,1072693247,1073741823,1073741823,1073741823,1073741823:h9
1073741823,1073741823,1073741823,1073741823,1073725439,1073741823,1073709039,1073577983,1073610750,1073151999,1072693247,1073741823,1073741823,1073741823,1073741823:h9
1073741823,1073741823,1073741823,1073741823,1073725439,1073741823,1073709055,1073577979,1073610750,1073151999,1072693247,1073741823,1073741823,1073741823,1073741823:h9
1073741823,1073741823,1073741823,1073741823,1073725439,1073741823,1073709055,1073577983,1073610734,1073151999,1072693247,1073741823,1073741823,1073741823,1073741823:h9
1073741823,1073741823,1073741823,1073741823,1073725439,1073741823,1073709055,1073577983,1073610746,1073151999,1072693247,1073741823,1073741823,1073741823,1073741823:h9
1073741823,1073741823,1073741823,1073741823,1073725439,1073741823,1073709055,1073577983,1073610750,1073151999,1072693231,1073741823,1073741823,1073741823,1073741823:h9
1073741823,1073741823,1073741823,1073741823,1073725439,1073741823,1073709055,1073577983,1073610750,1073151995,1072693247,1073741823,1073741823,1073741823,1073741823:h9
1073741823,1073741823,1073741823,1073741823,1073725439,1073741823,1073709055,1073577983,1073610750,1073151999,1072693246,1073741823,1073741823,1073741823,1073741823:h9
1073741823,1073741823,1073741823,1073741823,1073725439,1073741823,1073709055,1073577983,1073610750,1073151998,1072693247,1073741823,1073741823,1073741823,1073741823:h9
1073741823,1073741823,1073741823,1073741823,1073725439,1073741823,1073709055,1073577983,1073610750,1073151999,1072689151,1073741823,1073741823,1073741823,1073741823:j9
1073741823,1073741823,1073741823,1073741823,1073725439,1073741823,1072660479,1073577983,1073610750,1073151999,1072693247,1073741823,1073741823,1073741823,1073741823:h9
1073741823,1073741823,1073741823,1073741823,1073725439,1073741823,1073709055,1073577983,1072562174,1073151999,1072693247,1073741823,1073741823,1073741823,1073741823:h9
1073741823,1073741823,1073741823,1073741823,1073725439,1073741823,1073709055,1073577983,1073348606,1073151999,1072693247,1073741823,1073741823,1073741823,1073741823:g8
1073741823,1073741823,1073741823,1073741823,1073725439,1073741823,1073709055,1073577983,1073610750,1073151999,1072627711,1073741823,1073741823,1073741823,1073741823:j9
1073741823,1073741823,1073741823,1073741823,1073725439,1073741823,1073708031,1073577983,1073610750,1073151999,1072693247,1073741823,1073741823,1073741823,1073741823:h9
1073741823,1073741823,1073741823,1073741823,1073725439,1073737727,1073709055,1073577983,1073610750,1073151999,1072693247,1073741823,1073741823,1073741823,1073741823:h9
1073741823,1073741823,1073741823,1073741823,1073724415,1073741823,1073709055,1073577983,1073610750,1073151999,1072693247,1073741823,1073741823,1073741823,1073741823:h9
1073741823,1073741823,1073741823,1073741823,1073721343,1073741823,1073709055,1073577983,1073610750,1073151999,1072693247,1073741823,1073741823,1073741823,1073741823:h9
1073741823,1073741823,1073740799,1073741823,1073725439,1073741823,1073709055,1073577983,1073610750,1073151999,1072693247,1073741823,1073741823,1073741823,1073741823:h9
1073741823,1073741823,1073741823,1073737727,1073725439,1073741823,1073709055,1073577983,1073610750,1073151999,1072693247,1073741823,1073741823,1073741823,1073741823:h9
1073741823,1073741823,1073725439,1073741823,1073725439,1073741823,1073709055,1073577983,1073610750,1073151999,1072693247,1073741823,1073741823,1073741823,1073741823:h9
1073741823,1073741823,1073741823,1073725439,1073725439,1073741823,1073709055,1073577983,1073610750,1073151999,1072693247,1073741823,1073741823,1073741823,1073741823:h9
1073741823,1073741823,1073479679,1073741823,1073725439,1073741823,1073709055,1073577983,1073610750,1073151999,1072693247,1073741823,1073741823,1073741823,1073741823:h9
1073741823,1073741823,1073741823,1073676287,1073725439,1073741823,1073709055,1073577983,1073610750,1073151999,1072693247,1073741823,1073741823,1073741823,1073741823:h9
1073741823,1073741823,1073741823,1073741823,1073463295,1073741823,1073709055,1073577983,1073610750,1073151999,1072693247,1073741823,1073741823,1073741823,1073741823:h9
1073741823,1073741823,1073741823,1073741823,1073659903,1073741823,1073709055,1073577983,1073610750,1073151999,1072693247,1073741823,1073741823,1073741823,1073741823:h9
1073741823,1073741823,1073741823,1073741823,1073725439,1073741823,1073446911,1073577983,1073610750,1073151999,1072693247,1073741823,1073741823,1073741823,1073741823:h9
1073741823,1073741823,1073741823,1073741823,1073725439,1073676287,1073709055,1073577983,1073610750,1073151999,1072693247,1073741823,1073741823,1073741823,1073741823:h9
1073741823,1073741823,1073741823,1073741823,1073725439,1073741823,1073709055,1073577983,1073610750,1073150975,1072693247,1073741823,1073741823,1073741823,1073741823:h10
1073741823,1073741823,1073741823,1073741823,1073725439,1073741823,1073709055,1073577983,1073606654,1073151999,1072693247,1073741823,1073741823,1073741823,1073741823:h9
1073741823,1073741823,1073741823,1073741823,1073725439,1073741823,1073709055,1073576959,1073610750,1073151999,1072693247,1073741823,1073741823,1073741823,1073741823:h9
1073741823,1073741823,1073741823,1073741823,1073725439,1073741823,1073709055,1073573887,1073610750,1073151999,1072693247,1073741823,1073741823,1073741823,1073741823:h9
1073741823,1073741823,1073741823,1073741823,1073725439,1073740799,1073709055,1073577983,1073610750,1073151999,1072693247,1073741823,1073741823,1073741823,1073741823:h9
1073741823,1073741823,1073741823,1073741823,1073725439,1073741823,1073704959,1073577983,1073610750,1073151999,1072693247,1073741823,1073741823,1073741823,1073741823:h9
1073741823,1073741823,1073741823,1073741823,1073725439,1073725439,1073709055,1073577983,1073610750,1073151999,1072693247,1073741823,1073741823,1073741823,1073741823:j9
1073741823,1073741823,1073741823,1073741823,1073725439,1073479679,1073709055,1073577983,1073610750,1073151999,1072693247,1073741823,1073741823,1073741823,1073741823:h9
1073741823,1073741823,1073741823,1073741823,1073725439,1073741823,1073643519,1073577983,1073610750,1073151999,1072693247,1073741823,1073741823,1073741823,1073741823:h9
1073741823,1073741823,1073741823,1073741823,1073725439,1073741823,1073709055,1073315839,1073610750,1073151999,1072693247,1073741823,1073741823,1073741823,1073741823:h9
1073741823,1073741823,1073741823,1073741823,1073725439,1073741823,1073709055,1073577983,1073610750,1073135615,1072693247,1073741823,1073741823,1073741823,1073741823:j9
1073741823,1073741823,1073741823,1073741823,1073725439,1073741823,1073709055,1073577983,1073594366,1073151999,1072693247,1073741823,1073741823,1073741823,1073741823:j9
1073741823,1073741823,1073741823,1073741823,1073725439,1073741823,1073740799,1073577983,1073610750,1073217535,1072693247,1073741823,1073741823,1073741823,1073741823:j8
1073741823,1073741823,1073741823,1073741823,1073725439,1073737727,1073741823,1073577983,1073610750,1073217535,1072693247,1073741823,1073741823,1073741823,1073741823:i10
1073741823,1073741823,1073741823,1073741823,1073724415,1073741823,1073741823,1073577983,1073610750,1073217535,1072693247,1073741823,1073741823,1073741823,1073741823:j8
1073741823,1073741823,1073741823,1073741823,1073721343,1073741823,1073741823,1073577983,1073610750,1073217535,1072693247,1073741823,1073741823,1073741823,1073741823:j8
1073741823,1073741823,1073740799,1073741823,1073725439,1073741823,1073741823,1073577983,1073610750,1073217535,1072693247,1073741823,1073741823,1073741823,1073741823:j8
1073741823,1073741823,1073741823,1073737727,1073725439,1073741823,1073741823,1073577983,1073610750,1073217535,1072693247,1073741823,1073741823,1073741823,1073741823:j8
1073741823,1073741823,1073725439,1073741823,1073725439,1073741823,1073741823,1073577983,1073610750,1073217535,1072693247,1073741823,1073741823,1073741823,1073741823:j8
1073741823,1073741823,1073741823,1073725439,1073725439,1073741823,1073741823,1073577983,1073610750,1073217535,1072693247,1073741823,1073741823,1073741823,1073741823:j8
1073741823,1073741823,1073479679,1073741823,1073725439,1073741823,1073741823,1073577983,1073610750,1073217535,1072693247,1073741823,1073741823,1073741823,1073741823:j8
1073741823,1073741823,1073741823,1073676287,1073725439,1073741823,1073741823,1073577983,1073610750,1073217535,1072693247,1073741823,1073741823,1073741823,1073741823:j8
1073741823,1073741823,1073741823,1073741823,1073463295,1073741823,1073741823,1073577983,1073610750,1073217535,1072693247,1073741823,1073741823,1073741823,1073741823:j8
1073741823,1073741823,1073741823,1073741823,1073659903,1073741823,1073741823,1073577983,1073610750,1073217535,1072693247,1073741823,1073741823,1073741823,1073741823:j8
1073741823,1073741823,1073741823,1073741823,1073725439,1073741823,1073479679,1073577983,1073610750,1073217535,1072693247,1073741823,1073741823,1073741823,1073741823:i10
1073741823,1073741823,1073741823,1073741823,1073725439,1073676287,1073741823,1073577983,1073610750,1073217535,1072693247,1073741823,1073741823,1073741823,1073741823:i10
1073741823,1073741823,1073741823,1073741823,1073725439,1073741823,1073741823,1073577983,1073610750,1073216511,1072693247,1073741823,1073741823,1073741823,1073741823:j8
1073741823,1073741823,1073741823,1073741823,1073725439,1073741823,1073741823,1073577983,1073606654,1073217535,1072693247,1073741823,1073741823,1073741823,1073741823:j8
1073741823,1073741823,1073741823,1073741823,1073725439,1073741823,1073741823,1073576959,1073610750,1073217535,1072693247,1073741823,1073741823,1073741823,1073741823:j8
1073741823,1073741823,1073741823,1073741823,1073725439,1073741823,1073741823,1073573887,1073610750,1073217535,1072693247,1073741823,1073741823,1073741823,1073741823:i10
1073741823,1073741823,1073741823,1073741823,1073725439,1073740799,1073741823,1073577983,1073610750,1073217535,1072693247,1073741823,1073741823,1073741823,1073741823:j8
1073741823,1073741823,1073741823,1073741823,1073725439,1073741823,1073737727,1073577983,1073610750,1073217535,1072693247,1073741823,1073741823,1073741823,1073741823:j8
1073741823,1073741823,1073741823,1073741823,1073725439,1073725439,1073741823,1073577983,1073610750,1073217535,1072693247,1073741823,1073741823,1073741823,1073741823:i10
1073741823,1073741823,1073741823,1073741823,1073725439,1073741823,1073725439,1073577983,1073610750,1073217535,1072693247,1073741823,1073741823,1073741823,1073741823:j8
1073741823,1073741823,1073741823,1073741823,1073725439,1073479679,1073741823,1073577983,1073610750,1073217535,1072693247,1073741823,1073741823,1073741823,1073741823:i10
1073741823,1073741823,1073741823,1073741823,1073725439,1073741823,1073676287,1073577983,1073610750,1073217535,1072693247,1073741823,1073741823,1073741823,1073741823:j8
1073741823,1073741823,1073741823,1073741823,1073725439,1073741823,1073741823,1073315839,1073610750,1073217535,1072693247,1073741823,1073741823,1073741823,1073741823:i7
1073741823,1073741823,1073741823,1073741823,1073725439,1073741823,1073741823,1073577983,1073610750,1073201151,1072693247,1073741823,1073741823,1073741823,1073741823:j8
1073741823,1073741823,1073741823,1073741823,1073725439,1069547519,1073741823,1073053695,1073610750,1073201151,1072693247,1073741823,1073741823,1073741823,1073741823:g8
1073741823,1073741823,1073741823,1073741823,1073725439,1073741823,1073741823,1073053695,1073610750,1073201151,1072693247,1073740799,1073741823,1073741823,1073741823:g8
1073741823,1073741823,1073741823,1073741823,1073725439,1073741823,1073741823,1073053695,1073610750,1073201151,1072676863,1073741823,1073741823,1073741823,1073741823:g8
1073741823,1073741823,1073741823,1073741823,1073725439,1073741823,1073741823,1073053695,1073610750,1073197055,1072693247,1073741823,1073741823,1073741823,1073741823:g8
1073741823,1073741823,1073741823,1073741823,1073725439,1072693247,1073741823,1073053695,1073610750,1073201151,1072693247,1073741823,1073741823,1073741823,1073741823:g8
1073741823,1073741823,1073741823,1073741823,1073725439,1073741823,1073741823,1072005119,1073610750,1073201151,1072693247,1073741823,1073741823,1073741823,1073741823:i11
1073741823,1073741823,1073741823,1073741823,1073725439,1073741823,1073741823,1073053695,1073610750,1073201151,1072693247,1073741823,1073676287,1073741823,1073741823:g8
1073741823,1073741823,1073741823,1073741823,1073725439,1073741823,1073741823,1073053695,1056833534,1073201151,1072693247,1073741823,1073741823,1073741823,1073741823:g8
1073741823,1073741823,1073741823,1073741823,1073725439,1073741823,1073741823,1073053695,1073610750,1073201151,1055916031,1073741823,1073741823,1073741823,1073741823:g8
1073741823,1073741823,1073741823,1073741823,1073725439,1073741823,1073741823,1073053695,1073610750,1073201151,1068498943,1073741823,1073741823,1073741823,1073741823:g8
1073741823,1073741823,1073741823,1073741823,1073725439,1073741823,1073741823,1073053695,1073610750,1073201151,1072693247,1073741823,1056964607,1073741823,1073741823:g8
1073741823,1073741823,1073741823,1073741823,1073725439,1073741823,1073741823,1073053695,1073610750,1073201151,1072693247,1073741823,1072693247,1073741823,1073741823:g8
1073741823,1073741823,1073741823,1073741823,1073725439,1073741823,1073741823,1073053695,1073610750,1073201151,1072693247,1072693247,1073741823,1073741823,1073741823:g8
1073741823,1073741823,1073741823,1073741823,1073725439,1073741823,1073741823,1073053695,1073610750,1073201151,1072693247,1073725439,1073741823,1073741823,1073741823:g8
1073741823,1073741823,1073741823,1073741823,1073725439,1073741823,1073741823,1068859391,1073610750,1073201151,1072693247,1073741823,1073741823,1073741823,1073741823:g8
1073741823,1073741823,1073741823,1073741823,1073725439,1073741823,1073741823,1073053695,1073610750,1069006847,1072693247,1073741823,1073741823,1073741823,1073741823:g8
1073741823,1073741823,1073741823,1073741823,1073725439,1073741823,1073741823,1073053695,1073610750,1072152575,1072693247,1073741823,1073741823,1073741823,1073741823:g8
1073741823,1073741823,1073741823,1073741823,1073725439,1073741823,1073741823,1073053695,1073610750,1073201151,1072693247,1069547519,1073741823,1073741823,1073741823:g8
1073741823,1073741823,1073741823,1073741823,1073725439,1073741823,1073741823,1073053695,1073610750,1073201151,1072693247,1073479679,1073741823,1073741823,1073741823:g8
1073741823,1073741823,1073741823,1073741823,1073725439,1073741823,1073741823,1073053695,1073610750,1073201151,1072431103,1073741823,1073741823,1073741823,1073741823:g8
1073741823,1073741823,1073741823,1073741823,1073725439,1073741823,1073741822,1073053695,1073610750,1073201151,1072693247,1073741823,1073741823,1073741823,1073741823:g8
1073741823,1073741823,1073741823,1073741823,1073725439,1073741823,1073741823,1073053694,1073610750,1073201151,1072693247,1073741823,1073741823,1073741823,1073741823:g8
1073741823,1073741823,1073741823,1073741823,1073725439,1073741823,1073741807,1073053695,1073610750,1073201151,1072693247,1073741823,1073741823,1073741823,1073741823:g8
1073741823,1073741823,1073741823,1073741823,1073725439,1073741823,1073741823,1073053691,1073610750,1073201151,1072693247,1073741823,1073741823,1073741823,1073741823:g8
1073741823,1073741823,1073741823,1073741823,1073725439,1073741823,1073741823,1073053695,1073610734,1073201151,1072693247,1073741823,1073741823,1073741823,1073741823:g8
1073741823,1073741823,1073741823,1073741823,1073725439,1073741823,1073741823,1073053695,1073610746,1073201151,1072693247,1073741823,1073741823,1073741823,1073741823:g8
1073741823,1073741823,1073741823,1073741823,1073725439,1073741823,1073741823,1073053695,1073610750,1073201151,1072693231,1073741823,1073741823,1073741823,1073741823:g8
1073741823,1073741823,1073741823,1073741823,1073725439,1073741823,1073741823,1073053695,1073610750,1073201147,1072693247,1073741823,1073741823,1073741823,1073741823:g8
1073741823,1073741823,1073741823,1073741823,1073725439,1073741823,1073741823,1073053695,1073610750,1073201151,1072693246,1073741823,1073741823,1073741823,1073741823:g8
1073741823,1073741823,1073741823,1073741823,1073725439,1073741823,1073741823,1073053695,1073610750,1073201150,1072693247,1073741823,1073741823,1073741823,1073741823:g8
1073741823,1073741823,1073741823,1073741823,1073725439,1073741823,1073741823,1073053695,1073610750,1073201151,1072689151,1073741823,1073741823,1073741823,1073741823:g8
1073741823,1073741823,1073741823,1073741823,1073725439,1073741823,1072693247,1073053695,1073610750,1073201151,1072693247,1073741823,1073741823,1073741823,1073741823:g8
1073741823,1073741823,1073741823,1073741823,1073725439,1073741823,1073741823,1073053695,1072562174,1073201151,1072693247,1073741823,1073741823,1073741823,1073741823:g8
1073741823,1073741823,1073741823,1073741823,1073725439,1073741823,1073741823,1073053695,1073348606,1073201151,1072693247,1073741823,1073741823,1073741823,1073741823:g8
1073741823,1073741823,1073741823,1073741823,1073725439,1073741823,1073741823,1073053695,1073610750,1073201151,1072627711,1073741823,1073741823,1073741823,1073741823:g8
1073741823,1073741823,1073741823,1073741823,1073725439,1073741823,1073741823,1073053695,1073610750,1073135615,1072693247,1073741823,1073741823,1073741823,1073741823:g8
1073741823,1073741823,1073741823,1073741823,1073725439,1073741823,1073740799,1073053695,1073610750,1073201151,1072693247,1073741823,1073741823,1073741823,1073741823:g8
1073741823,1073741823,1073741823,1073741823,1073725439,1073737727,1073741823,1073053695,1073610750,1073201151,1072693247,1073741823,1073741823,1073741823,1073741823:g8
1073741823,1073741823,1073741823,1073741823,1073724415,1073741823,1073741823,1073053695,1073610750,1073201151,1072693247,1073741823,1073741823,1073741823,1073741823:g8
1073741823,1073741823,1073741823,1073741823,1073721343,1073741823,1073741823,1073053695,1073610750,1073201151,1072693247,1073741823,1073741823,1073741823,1073741823:g8
1073741823,1073741823,1073740799,1073741823,1073725439,1073741823,1073741823,1073053695,1073610750,1073201151,1072693247,1073741823,1073741823,1073741823,1073741823:g8
1073741823,1073741823,1073741823,1073737727,1073725439,1073741823,1073741823,1073053695,1073610750,1073201151,1072693247,1073741823,1073741823,1073741823,1073741823:g8
1073741823,1073741823,1073725439,1073741823,1073725439,1073741823,1073741823,1073053695,1073610750,1073201151,1072693247,1073741823,1073741823,1073741823,1073741823:g8
1073741823,1073741823,1073741823,1073725439,1073725439,1073741823,1073741823,1073053695,1073610750,1073201151,1072693247,1073741823,1073741823,1073741823,1073741823:g8
1073741823,1073741823,1073479679,1073741823,1073725439,1073741823,1073741823,1073053695,1073610750,1073201151,1072693247,1073741823,1073741823,1073741823,1073741823:g8
1073741823,1073741823,1073741823,1073676287,1073725439,1073741823,1073741823,1073053695,1073610750,1073201151,1072693247,1073741823,1073741823,1073741823,1073741823:g8
1073741823,1073741823,1073741823,1073741823,1073463295,1073741823,1073741823,1073053695,1073610750,1073201151,1072693247,1073741823,1073741823,1073741823,1073741823:g8
1073741823,1073741823,1073741823,1073741823,1073659903,1073741823,1073741823,1073053695,1073610750,1073201151,1072693247,1073741823,1073741823,1073741823,1073741823:g8
1073741823,1073741823,1073741823,1073741823,1073725439,1073741823,1073479679,1073053695,1073610750,1073201151,1072693247,1073741823,1073741823,1073741823,1073741823:g8
1073741823,1073741823,1073741823,1073741823,1073725439,1073676287,1073741823,1073053695,1073610750,1073201151,1072693247,1073741823,1073741823,1073741823,1073741823:g8
1073741823,1073741823,1073741823,1073741823,1073725439,1073741823,1073741823,1073053695,1073610750,1073200127,1072693247,1073741823,1073741823,1073741823,1073741823:g8
1073741823,1073741823,1073741823,1073741823,1073725439,1073741823,1073741823,1073053695,1073606654,1073201151,1072693247,1073741823,1073741823,1073741823,1073741823:g8
1073741823,1073741823,1073741823,1073741823,1073725439,1073741823,1073741823,1073052671,1073610750,1073201151,1072693247,1073741823,1073741823,1073741823,1073741823:k8
1073741823,1073741823,1073741823,1073741823,1073725439,1073741823,1073741823,1073049599,1073610750,1073201151,1072693247,1073741823,1073741823,1073741823,1073741823:l8
1073741823,1073741823,1073741823,1073741823,1073725439,1073740799,1073741823,1073053695,1073610750,1073201151,1072693247,1073741823,1073741823,1073741823,1073741823:g8
1073741823,1073741823,1073741823,1073741823,1073725439,1073741823,1073737727,1073053695,1073610750,1073201151,1072693247,1073741823,1073741823,1073741823,1073741823:g8
1073741823,1073741823,1073741823,1073741823,1073725439,1073725439,1073741823,1073053695,1073610750,1073201151,1072693247,1073741823,1073741823,1073741823,1073741823:g8
1073741823,1073741823,1073741823,1073741823,1073725439,1073741823,1073725439,1073053695,1073610750,1073201151,1072693247,1073741823,1073741823,1073741823,1073741823:g8
1073741823,1073741823,1073741823,1073741823,1073725439,1073479679,1073741823,1073053695,1073610750,1073201151,1072693247,1073741823,1073741823,1073741823,1073741823:g8
1073741823,1073741823,1073741823,1073741823,1073725439,1073741823,1073676287,1073053695,1073610750,1073201151,1072693247,1073741823,1073741823,1073741823,1073741823:g8
1073741823,1073741823,1073741823,1073741823,1073725439,1073741823,1073741823,1073053695,1073594366,1073201151,1072693247,1073741823,1073741823,1073741823,1073741823:g8
1073741823,1073741823,1073741823,1073741823,1073725439,1073741823,1073741823,1073577983,1073594366,1073217535,1072693247,1073741823,1073741823,1073741823,1073741823:i10
1073741823,1073741823,1073741823,1073741823,1073725439,1073741823,1073741823,1073709055,1073610750,1073217535,1073676287,1073741823,1073741823,1073741823,1073741823:g7
1073741823,1073741823,1073741823,1073741823,1073725439,1073741823,1073741823,1073709055,1073610750,1073151999,1073741823,1073741823,1073741823,1073741823,1073741823:g7
1073741823,1073741823,1073741823,1073741823,1073725439,1073741823,1073740799,1073709055,1073610750,1073217535,1073741823,1073741823,1073741823,1073741823,1073741823:g7
1073741823,1073741823,1073741823,1073741823,1073725439,1073737727,1073741823,1073709055,1073610750,1073217535,1073741823,1073741823,1073741823,1073741823,1073741823:g7
1073741823,1073741823,1073741823,1073741823,1073724415,1073741823,1073741823,1073709055,1073610750,1073217535,1073741823,1073741823,1073741823,1073741823,1073741823:g7
1073741823,1073741823,1073741823,1073741823,1073721343,1073741823,1073741823,1073709055,1073610750,1073217535,1073741823,1073741823,1073741823,1073741823,1073741823:g7
1073741823,1073741823,1073740799,1073741823,1073725439,1073741823,1073741823,1073709055,1073610750,1073217535,1073741823,1073741823,1073741823,1073741823,1073741823:g7
1073741823,1073741823,1073741823,1073737727,1073725439,1073741823,1073741823,1073709055,1073610750,1073217535,1073741823,1073741823,1073741823,1073741823,1073741823:g7
1073741823,1073741823,1073725439,1073741823,1073725439,1073741823,1073741823,1073709055,1073610750,1073217535,1073741823,1073741823,1073741823,1073741823,1073741823:g7
1073741823,1073741823,1073741823,1073725439,1073725439,1073741823,1073741823,1073709055,1073610750,1073217535,1073741823,1073741823,1073741823,1073741823,1073741823:g7
1073741823,1073741823,1073479679,1073741823,1073725439,1073741823,1073741823,1073709055,1073610750,1073217535,1073741823,1073741823,1073741823,1073741823,1073741823:g7
1073741823,1073741823,1073741823,1073676287,1073725439,1073741823,1073741823,1073709055,1073610750,1073217535,1073741823,1073741823,1073741823,1073741823,1073741823:g7
1073741823,1073741823,1073741823,1073741823,1073463295,1073741823,1073741823,1073709055,1073610750,1073217535,1073741823,1073741823,1073741823,1073741823,1073741823:g7
1073741823,1073741823,1073741823,1073741823,1073659903,1073741823,1073741823,1073709055,1073610750,1073217535,1073741823,1073741823,1073741823,1073741823,1073741823:g7
1073741823,1073741823,1073741823,1073741823,1073725439,1073741823,1073479679,1073709055,1073610750,1073217535,1073741823,1073741823,1073741823,1073741823,1073741823:g7
1073741823,1073741823,1073741823,1073741823,1073725439,1073676287,1073741823,1073709055,1073610750,1073217535,1073741823,1073741823,1073741823,1073741823,1073741823:g7
1073741823,1073741823,1073741823,1073741823,1073725439,1073741823,1073741823,1073709055,1073610750,1073216511,1073741823,1073741823,1073741823,1073741823,1073741823:g7
1073741823,1073741823,1073741823,1073741823,1073725439,1073741823,1073741823,1073709055,1073606654,1073217535,1073741823,1073741823,1073741823,1073741823,1073741823:g7
1073741823,1073741823,1073741823,1073741823,1073725439,1073741823,1073741823,1073708031,1073610750,1073217535,1073741823,1073741823,1073741823,1073741823,1073741823:g7
1073741823,1073741823,1073741823,1073741823,1073725439,1073741823,1073741823,1073704959,1073610750,1073217535,1073741823,1073741823,1073741823,1073741823,1073741823:g7
1073741823,1073741823,1073741823,1073741823,1073725439,1073740799,1073741823,1073709055,1073610750,1073217535,1073741823,1073741823,1073741823,1073741823,1073741823:k11
1073741823,1073741823,1073741823,1073741823,1073725439,1073741823,1073737727,1073709055,1073610750,1073217535,1073741823,1073741823,1073741823,1073741823,1073741823:j11
1073741823,1073741823,1073741823,1073741823,1073725439,1073741823,1073737727,1073709055,1073610750,1073217535,1073217535,1073741823,1073725439,1073741823,1073741823:k11
1073741823,1073741823,1073741823,1073741823,1073725439,1073741823,1073737727,1073709055,1073610750,1073217535,1073217535,1073676287,1073741823,1073741823,1073741823:j9
1073741823,1073741823,1073741823,1073741823,1073725439,1073741823,1073737727,1073709055,1073610750,1073217535,1073201151,1073741823,1073741823,1073741823,1073741823:j9
1073741823,1073741823,1073741823,1073741823,1073725439,1073741823,1073737727,1073709055,1069416446,1073217535,1073217535,1073741823,1073741823,1073741823,1073741823:j9
1073741823,1073741823,1073741823,1073741823,1073725439,1073741823,1073737727,1073709055,1073610750,1073217535,1069023231,1073741823,1073741823,1073741823,1073741823:j9
1073741823,1073741823,1073741823,1073741823,1073725439,1073741823,1073737727,1073709055,1073610750,1073217535,1073217535,1073741823,1069547519,1073741823,1073741823:j9
1073741823,1073741823,1073741823,1073741823,1073725439,1073741823,1073737727,1073709055,1073610750,1073217535,1073217535,1072693247,1073741823,1073741823,1073741823:k11
1073741823,1073741823,1073741823,1073741823,1073725439,1073741823,1073737727,1073709055,1073610750,1073217535,1073217535,1073741823,1073479679,1073741823,1073741823:k11
1073741823,1073741823,1073741823,1073741823,1073725439,1073741823,1073737727,1073709055,1073610494,1073217535,1073217535,1073741823,1073741823,1073741823,1073741823:k11
1073741823,1073741823,1073741823,1073741823,1073725439,1073741823,1073737471,1073709055,1073610750,1073217535,1073217535,1073741823,1073741823,1073741823,1073741823:k11
1073741823,1073741823,1073741823,1073741823,1073725183,1073741823,1073737727,1073709055,1073610750,1073217535,1073217535,1073741823,1073741823,1073741823,1073741823:k11
1073741823,1073741823,1073741823,1073741823,1073725439,1073741823,1073737727,1073709055,1073610750,1073217535,1073217535,1073725439,1073741823,1073741823,1073741823:j9
1073741823,1073741823,1073741823,1073741823,1073725439,1073741823,1073737727,1069514751,1073610750,1073217535,1073217535,1073741823,1073741823,1073741823,1073741823:k11
1073741823,1073741823,1073741823,1073741823,1073725439,1073741823,1073737727,1073709055,1073610750,1069023231,1073217535,1073741823,1073741823,1073741823,1073741823:j9
1073741823,1073741823,1073741823,1073741823,1073725439,1073741823,1073737727,1073709055,1073610750,1072168959,1073217535,1073741823,1073741823,1073741823,1073741823:k11
1073741823,1073741823,1073741823,1073741823,1073725439,1073741823,1073737727,1073709055,1073610750,1073217535,1073217535,1069547519,1073741823,1073741823,1073741823:j9
1073741823,1073741823,1073741823,1073741823,1073725439,1073741823,1073737727,1073709055,1073610750,1073217535,1073217535,1073479679,1073741823,1073741823,1073741823:i7
1073741823,1073741823,1073741823,1073741823,1072676863,1073741823,1073606655,1073709055,1073610750,1073217535,1073217535,1073479679,1073741823,1073741823,1073741823:i10
1073741823,1073741823,1073741823,1073741823,1073725439,1073741823,1073606655,1073709055,1073610750,1073217535,1073217535,1073479679,1073741823,1073725439,1073741823:i10
1073741823,1073741823,1073741823,1073741823,1073725439,1073741823,1073606655,1073709055,1073610750,1073217535,1073217535,1073479679,1073676287,1073741823,1073741823:i10
1073741823,1073741823,1073741823,1073741823,1073725439,1073741823,1073606655,1073709055,1073610750,1073217535,1073217535,1073479679,1073741823,1069547519,1073741823:g9
1073741823,1073741823,1073741823,1073741823,1073725439,1073741823,1073606655,1073709055,1073610750,1073217535,1073217535,1073479679,1072693247,1073741823,1073741823:i10
1073741823,1073741823,1073741823,1073741823,1073725439,1073741823,1073606655,1073709055,1073610750,1073217535,1073217535,1073479679,1073741823,1073479679,1073741823:i10
1073741823,1073741823,1073741823,1073741823,1073725439,1073741823,1073606655,1073709055,1073610750,1073217535,1073217535,1073479679,1073725439,1073741823,1073741823:i10
1073741823,1073741823,1073741823,1073741823,1073725439,1073741823,1073606655,1073709055,1073610750,1073217535,1073217535,1073414143,1073741823,1073741823,1073741823:i10
1073741823,1073741823,1073741823,1073741823,1073725439,1073741823,1073606655,1073709055,1073610750,1073217535,1073201151,1073479679,1073741823,1073741823,1073741823:i10
1073741823,1073741823,1073741823,1073741823,1073725439,1073741823,1073606655,1073709055,1069416446,1073217535,1073217535,1073479679,1073741823,1073741823,1073741823:g9
1073741823,1073741823,1073741823,1073741823,1073725439,1073741823,1073606655,1073709055,1073610750,1073217535,1069023231,1073479679,1073741823,1073741823,1073741823:i10
1073741823,1073741823,1073741823,1073741823,1073725439,1073741823,1073606655,1073709055,1073610750,1073217535,1073217535,1073479679,1069547519,1073741823,1073741823:i10
1073741823,1073741823,1073741823,1073741823,1073725439,1073741823,1073606655,1073709055,1073610750,1073217535,1073217535,1072431103,1073741823,1073741823,1073741823:i10
1073741823,1073741823,1073741823,1073741823,1073725439,1073741823,1073606655,1073709055,1073610750,1073217535,1073217535,1073479679,1073479679,1073741823,1073741823:i10
1073741823,1073741823,1073741823,1073741823,1073725439,1073741823,1073606655,1073709055,1073610494,1073217535,1073217535,1073479679,1073741823,1073741823,1073741823:i10
1073741823,1073741823,1073741823,1073741823,1073725439,1073741823,1073606399,1073709055,1073610750,1073217535,1073217535,1073479679,1073741823,1073741823,1073741823:i10
1073741823,1073741823,1073741823,1073741823,1073725183,1073741823,1073606655,1073709055,1073610750,1073217535,1073217535,1073479679,1073741823,1073741823,1073741823:i10
1073741823,1073741823,1073741823,1073741823,1073725439,1073741823,1073606655,1073709055,1073610750,1073217535,1073217535,1073463295,1073741823,1073741823,1073741823:i10
1073741823,1073741823,1073741823,1073741823,1073725439,1073741823,1073606655,1069514751,1073610750,1073217535,1073217535,1073479679,1073741823,1073741823,1073741823:i10
1073741823,1073741823,1073741823,1073741823,1073725439,1073741823,1073606655,1073709055,1073610750,1069023231,1073217535,1073479679,1073741823,1073741823,1073741823:i10
1073741823,1073741823,1073741823,1073741823,1073725439,1073741823,1073606655,1073709055,1073610750,1072168959,1073217535,1073479679,1073741823,1073741823,1073741823:i10
1073741823,1073741823,1073741823,1073741823,1073725439,1073741823,1073606655,1073709055,1073610750,1073217535,1073217535,1069285375,1073741823,1073741823,1073741823:i10
1073741823,1073741823,1073741823,1073741823,1073725439,1073741823,1073606654,1073709055,1073610750,1073217535,1073217535,1073479679,1073741823,1073741823,1073741823:i10
1073741823,1073741823,1073741823,1073741823,1073725439,1073741823,1073606655,1073709054,1073610750,1073217535,1073217535,1073479679,1073741823,1073741823,1073741823:i10
1073741823,1073741823,1073741823,1073741823,1073725439,1073741823,1073606639,1073709055,1073610750,1073217535,1073217535,1073479679,1073741823,1073741823,1073741823:i10
1073741823,1073741823,1073741823,1073741823,1073725439,1073741823,1073606655,1073709051,1073610750,1073217535,1073217535,1073479679,1073741823,1073741823,1073741823:i10
1073741823,1073741823,1073741823,1073741823,1073725439,1073741823,1073606655,1073709055,1073610734,1073217535,1073217535,1073479679,1073741823,1073741823,1073741823:i10
1073741823,1073741823,1073741823,1073741823,1073725439,1073741823,1073606655,1073709055,1073610746,1073217535,1073217535,1073479679,1073741823,1073741823,1073741823:i10
1073741823,1073741823,1073741823,1073741823,1073725439,1073741823,1073606655,1073709055,1073610750,1073217535,1073217519,1073479679,1073741823,1073741823,1073741823:i10
1073741823,1073741823,1073741823,1073741823,1073725439,1073741823,1073606655,1073709055,1073610750,1073217531,1073217535,1073479679,1073741823,1073741823,1073741823:i10
1073741823,1073741823,1073741823,1073741823,1073725439,1073741823,1073606655,1073709055,1073610750,1073217535,1073217534,1073479679,1073741823,1073741823,1073741823:i10
1073741823,1073741823,1073741823,1073741823,1073725439,1073741823,1073606655,1073709055,1073610750,1073217534,1073217535,1073479679,1073741823,1073741823,1073741823:i10
1073741823,1073741823,1073741823,1073741823,1073725439,1073741823,1073606655,1073709055,1073610750,1073217535,1073213439,1073479679,1073741823,1073741823,1073741823:i10
1073741823,1073741823,1073741823,1073741823,1073725439,1073741823,1072558079,1073709055,1073610750,1073217535,1073217535,1073479679,1073741823,1073741823,1073741823:i10
1073741823,1073741823,1073741823,1073741823,1073725439,1073741823,1073606655,1073709055,1072562174,1073217535,1073217535,1073479679,1073741823,1073741823,1073741823:i10
1073741823,1073741823,1073741823,1073741823,1073725439,1073741823,1073606655,1073709055,1073348606,1073217535,1073217535,1073479679,1073741823,1073741823,1073741823:i10
1073741823,1073741823,1073741823,1073741823,1073725439,1073741823,1073606655,1073709055,1073610750,1073217535,1072168959,1073479679,1073741823,1073741823,1073741823:i10
1073741823,1073741823,1073741823,1073741823,1073725439,1073741823,1073606655,1073709055,1073610750,1073217535,1073151999,1073479679,1073741823,1073741823,1073741823:g9
1073741823,1073741823,1073741823,1073741823,1073725439,1073741823,1073606655,1073709055,1073610750,1073151999,1073217535,1073479679,1073741823,1073741823,1073741823:g9
1073741823,1073741823,1073741823,1073741823,1073725439,1073741823,1073605631,1073709055,1073610750,1073217535,1073217535,1073479679,1073741823,1073741823,1073741823:i10
1073741823,1073741823,1073741823,1073741823,1073725439,1073737727,1073606655,1073709055,1073610750,1073217535,1073217535,1073479679,1073741823,1073741823,1073741823:g9
1073741823,1073741823,1073741823,1073741823,1073724415,1073741823,1073606655,1073709055,1073610750,1073217535,1073217535,1073479679,1073741823,1073741823,1073741823:i10
1073741823,1073741823,1073741823,1073741823,1073721343,1073741823,1073606655,1073709055,1073610750,1073217535,1073217535,1073479679,1073741823,1073741823,1073741823:i10
1073741823,1073741823,1073740799,1073741823,1073725439,1073741823,1073606655,1073709055,1073610750,1073217535,1073217535,1073479679,1073741823,1073741823,1073741823:g9
1073741823,1073741823,1073741823,1073737727,1073725439,1073741823,1073606655,1073709055,1073610750,1073217535,1073217535,1073479679,1073741823,1073741823,1073741823:g9
1073741823,1073741823,1073725439,1073741823,1073725439,1073741823,1073606655,1073709055,1073610750,1073217535,1073217535,1073479679,1073741823,1073741823,1073741823:i10
1073741823,1073741823,1073741823,1073725439,1073725439,1073741823,1073606655,1073709055,1073610750,1073217535,1073217535,1073479679,1073741823,1073741823,1073741823:i10
1073741823,1073741823,1073479679,1073741823,1073725439,1073741823,1073606655,1073709055,1073610750,1073217535,1073217535,1073479679,1073741823,1073741823,1073741823:i10
1073741823,1073741823,1073741823,1073676287,1073725439,1073741823,1073606655,1073709055,1073610750,1073217535,1073217535,1073479679,1073741823,1073741823,1073741823:i10
1073741823,1073741823,1073741823,1073741823,1073463295,1073741823,1073606655,1073709055,1073610750,1073217535,1073217535,1073479679,1073741823,1073741823,1073741823:i10
1073741823,1073741823,1073741823,1073741823,1073659903,1073741823,1073606655,1073709055,1073610750,1073217535,1073217535,1073479679,1073741823,1073741823,1073741823:i10
1073741823,1073741823,1073741823,1073741823,1073725439,1073741823,1073344511,1073709055,1073610750,1073217535,1073217535,1073479679,1073741823,1073741823,1073741823:k11
1073741823,1073741823,1073741823,1073741823,1073725439,1073676287,1073606655,1073709055,1073610750,1073217535,1073217535,1073479679,1073741823,1073741823,1073741823:g9
1073741823,1073741823,1073741823,1073741823,1073725439,1073741823,1073606655,1073709055,1073610750,1073216511,1073217535,1073479679,1073741823,1073741823,1073741823:i10
1073741823,1073741823,1073741823,1073741823,1073725439,1073741823,1073606655,1073709055,1073606654,1073217535,1073217535,1073479679,1073741823,1073741823,1073741823:k11
1073741823,1073741823,1073741823,1073741823,1073725439,1073741823,1073606655,1073708031,1073610750,1073217535,1073217535,1073479679,1073741823,1073741823,1073741823:i10
1073741823,1073741823,1073741823,1073741823,1073725439,1073741823,1073606655,1073704959,1073610750,1073217535,1073217535,1073479679,1073741823,1073741823,1073741823:g9
1073741823,1073741823,1073741823,1073741823,1073725439,1073740799,1073606655,1073709055,1073610750,1073217535,1073217535,1073479679,1073741823,1073741823,1073741823:i10
1073741823,1073741823,1073741823,1073741823,1073725439,1073725439,1073606655,1073709055,1073610750,1073217535,1073217535,1073479679,1073741823,1073741823,1073741823:i10
1073741823,1073741823,1073741823,1073741823,1073725439,1073741823,1073590271,1073709055,1073610750,1073217535,1073217535,1073479679,1073741823,1073741823,1073741823:g9
1073741823,1073741823,1073741823,1073741823,1073725439,1073479679,1073606655,1073709055,1073610750,1073217535,1073217535,1073479679,1073741823,1073741823,1073741823:i10
1073741823,1073741823,1073741823,1073741823,1073725439,1073741823,1073606655,1073446911,1073610750,1073217535,1073217535,1073479679,1073741823,1073741823,1073741823:i10
1073741823,1073741823,1073741823,1073741823,1073725439,1073741823,1073606655,1073643519,1073610750,1073217535,1073217535,1073479679,1073741823,1073741823,1073741823:g9
1073741823,1073741823,1073741823,1073741823,1073725439,1073741823,1073606655,1073709055,1073610750,1073201151,1073217535,1073479679,1073741823,1073741823,1073741823:g9
1073741823,1073741823,1073741823,1073741823,1073725439,1073741823,1073606655,1073709055,1073594366,1073217535,1073217535,1073479679,1073741823,1073741823,1073741823:k11
1073741823,1073741823,1073741823,1073741823,1073725439,1073741823,1073737726,1073709055,1073610750,1073217535,1073217535,1073741823,1073741823,1073741823,1073741823:k11
1073741823,1073741823,1073741823,1073741823,1073725439,1073741823,1073737727,1073709054,1073610750,1073217535,1073217535,1073741823,1073741823,1073741823,1073741823:k11
1073741823,1073741823,1073741823,1073741823,1073725439,1073741823,1073737711,1073709055,1073610750,1073217535,1073217535,1073741823,1073741823,1073741823,1073741823:k11
1073741823,1073741823,1073741823,1073741823,1073725439,1073741823,1073737727,1073709051,1073610750,1073217535,1073217535,1073741823,1073741823,1073741823,1073741823:k11
1073741823,1073741823,1073741823,1073741823,1073725439,1073741823,1073737727,1073709055,1073610734,1073217535,1073217535,1073741823,1073741823,1073741823,1073741823:k11
1073741823,1073741823,1073741823,1073741823,1073725439,1073741823,1073737727,1073709055,1073610746,1073217535,1073217535,1073741823,1073741823,1073741823,1073741823:k11
1073741823,1073741823,1073741823,1073741823,1073725439,1073741823,1073737727,1073709055,1073610750,1073217535,1073217519,1073741823,1073741823,1073741823,1073741823:k11
1073741823,1073741823,1073741823,1073741823,1073725439,1073741823,1073737727,1073709055,1073610750,1073217531,1073217535,1073741823,1073741823,1073741823,1073741823:k11
1073741823,1073741823,1073741823,1073741823,1073725439,1073741823,1073737727,1073709055,1073610750,1073217535,1073217534,1073741823,1073741823,1073741823,1073741823:k11
1073741823,1073741823,1073741823,1073741823,1073725439,1073741823,1073737727,1073709055,1073610750,1073217534,1073217535,1073741823,1073741823,1073741823,1073741823:k11
1073741823,1073741823,1073741823,1073741823,1073725439,1073741823,1073737727,1073709055,1073610750,1073217535,1073213439,1073741823,1073741823,1073741823,1073741823:k11
1073741823,1073741823,1073741823,1073741823,1073725439,1073741823,1072689151,1073709055,1073610750,1073217535,1073217535,1073741823,1073741823,1073741823,1073741823:k11
1073741823,1073741823,1073741823,1073741823,1073725439,1073741823,1073737727,1073709055,1072562174,1073217535,1073217535,1073741823,1073741823,1073741823,1073741823:k11
1073741823,1073741823,1073741823,1073741823,1073725439,1073741823,1073737727,1073709055,1073348606,1073217535,1073217535,1073741823,1073741823,1073741823,1073741823:h10
1073741823,1073741823,1073741823,1073741823,1073725439,1073741823,1073737727,1073709055,1073348606,1073184767,1073217535,1073740799,1073741823,1073741823,1073741823:h9
1073741823,1073741823,1073741823,1073741823,1073725439,1073741823,1073737727,1073709055,1073348606,1073180671,1073217535,1073741823,1073741823,1073741823,1073741823:h11
1073741823,1073741823,1073741823,1073741823,1073725439,1073741823,1069543423,1073709055,1073348606,1073184767,1073217535,1073741823,1073741823,1073741823,1073741823:h9
1073741823,1073741823,1073741823,1073741823,1073725439,1073741823,1073737727,1072660479,1073348606,1073184767,1073217535,1073741823,1073741823,1073741823,1073741823:h9
1073741823,1073741823,1073741823,1073741823,1073725439,1073741823,1073737727,1073709055,1073348606,1073184767,1073217535,1073741823,1073725439,1073741823,1073741823:h9
1073741823,1073741823,1073741823,1073741823,1073725439,1073741823,1073737727,1073709055,1073348606,1073184767,1073217535,1073676287,1073741823,1073741823,1073741823:h9
1073741823,1073741823,1073741823,1073741823,1073725439,1073741823,1073737727,1073709055,1073348606,1073184767,1073201151,1073741823,1073741823,1073741823,1073741823:j8
1073741823,1073741823,1073741823,1073741823,1073725439,1073741823,1073737727,1073709055,1069154302,1073184767,1073217535,1073741823,1073741823,1073741823,1073741823:h9
1073741823,1073741823,1073741823,1073741823,1073725439,1073741823,1073737727,1073709055,1073348606,1073184767,1069023231,1073741823,1073741823,1073741823,1073741823:g11
1073741823,1073741823,1073741823,1073741823,1073725439,1073741823,1073737727,1073709055,1073348606,1073184767,1073217535,1073741823,1069547519,1073741823,1073741823:h9
1073741823,1073741823,1073741823,1073741823,1073725439,1073741823,1073737727,1073709055,1073348606,1073184767,1073217535,1072693247,1073741823,1073741823,1073741823:h11
1073741823,1073741823,1073741823,1073741823,1073725439,1073741823,1073737727,1073709055,1073348606,1073184767,1073217535,1073741823,1073479679,1073741823,1073741823:h9
1073741823,1073741823,1073741823,1073741823,1073725439,1073741823,1073737727,1073709055,1073348350,1073184767,1073217535,1073741823,1073741823,1073741823,1073741823:h9
1073741823,1073741823,1073741823,1073741823,1073725439,1073741823,1073737471,1073709055,1073348606,1073184767,1073217535,1073741823,1073741823,1073741823,1073741823:h11
1073741823,1073741823,1073741823,1073741823,1073725183,1073741823,1073737727,1073709055,1073348606,1073184767,1073217535,1073741823,1073741823,1073741823,1073741823:h9
1073741823,1073741823,1073741823,1073741823,1073725439,1073741823,1073737727,1073709055,1073348606,1073184767,1073217535,1073725439,1073741823,1073741823,1073741823:h9
1073741823,1073741823,1073741823,1073741823,1073725439,1073741823,1073737727,1069514751,1073348606,1073184767,1073217535,1073741823,1073741823,1073741823,1073741823:h9
1073741823,1073741823,1073741823,1073741823,1073725439,1073741823,1073737727,1073709055,1073348606,1068990463,1073217535,1073741823,1073741823,1073741823,1073741823:h9
1073741823,1073741823,1073741823,1073741823,1073725439,1073741823,1073737727,1073709055,1073348606,1072136191,1073217535,1073741823,1073741823,1073741823,1073741823:h11
1073741823,1073741823,1073741823,1073741823,1073725439,1073741823,1073737727,1073709055,1073348606,1073184767,1073217535,1069547519,1073741823,1073741823,1073741823:h9
1073741823,1073741823,1073741823,1073741823,1073725439,1073741823,1073737727,1073709055,1073348606,1073184767,1073217535,1073479679,1073741823,1073741823,1073741823:h9
1073741823,1073741823,1073741823,1073741823,1073725439,1073741823,1073737726,1073709055,1073348606,1073184767,1073217535,1073741823,1073741823,1073741823,1073741823:h9
1073741823,1073741823,1073741823,1073741823,1073725439,1073741823,1073737727,1073709054,1073348606,1073184767,1073217535,1073741823,1073741823,1073741823,1073741823:h9
1073741823,1073741823,1073741823,1073741823,1073725439,1073741823,1073737711,1073709055,1073348606,1073184767,1073217535,1073741823,1073741823,1073741823,1073741823:h9
1073741823,1073741823,1073741823,1073741823,1073725439,1073741823,1073737727,1073709051,1073348606,1073184767,1073217535,1073741823,1073741823,1073741823,1073741823:h9
1073741823,1073741823,1073741823,1073741823,1073725439,1073741823,1073737727,1073709055,1073348590,1073184767,1073217535,1073741823,1073741823,1073741823,1073741823:h9
1073741823,1073741823,1073741823,1073741823,1073725439,1073741823,1073737727,1073709055,1073348602,1073184767,1073217535,1073741823,1073741823,1073741823,1073741823:h9
1073741823,1073741823,1073741823,1073741823,1073725439,1073741823,1073737727,1073709055,1073348606,1073184767,1073217519,1073741823,1073741823,1073741823,1073741823:h9
1073741823,1073741823,1073741823,1073741823,1073725439,1073741823,1073737727,1073709055,1073348606,1073184763,1073217535,1073741823,1073741823,1073741823,1073741823:h9
1073741823,1073741823,1073741823,1073741823,1073725439,1073741823,1073737727,1073709055,1073348606,1073184767,1073217534,1073741823,1073741823,1073741823,1073741823:h9
1073741823,1073741823,1073741823,1073741823,1073725439,1073741823,1073737727,1073709055,1073348606,1073184766,1073217535,1073741823,1073741823,1073741823,1073741823:h9
1073741823,1073741823,1073741823,1073741823,1073725439,1073741823,1073737727,1073709055,1073348606,1073184767,1073213439,1073741823,1073741823,1073741823,1073741823:h9
1073741823,1073741823,1073741823,1073741823,1073725439,1073741823,1072689151,1073709055,1073348606,1073184767,1073217535,1073741823,1073741823,1073741823,1073741823:h11
1073741823,1073741823,1073741823,1073741823,1073725439,1073741823,1073737727,1073709055,1072300030,1073184767,1073217535,1073741823,1073741823,1073741823,1073741823:h9
1073741823,1073741823,1073741823,1073741823,1073725439,1073741823,1073737727,1073709055,1073348606,1073184767,1072168959,1073741823,1073741823,1073741823,1073741823:h9
1073741823,1073741823,1073741823,1073741823,1073725439,1073741823,1073737727,1073709055,1073348606,1073184767,1073151999,1073741823,1073741823,1073741823,1073741823:h9
1073741823,1073741823,1073741823,1073741823,1073725439,1073741823,1073737727,1073709055,1073348606,1073119231,1073217535,1073741823,1073741823,1073741823,1073741823:h11
1073741823,1073741823,1073741823,1073741823,1073725439,1073741823,1073736703,1073709055,1073348606,1073184767,1073217535,1073741823,1073741823,1073741823,1073741823:h11
1073741823,1073741823,1073741823,1073741823,1073725439,1073737727,1073737727,1073709055,1073348606,1073184767,1073217535,1073741823,1073741823,1073741823,1073741823:h11
1073741823,1073741823,1073741823,1073741823,1073724415,1073741823,1073737727,1073709055,1073348606,1073184767,1073217535,1073741823,1073741823,1073741823,1073741823:h11
1073741823,1073741823,1073741823,1073741823,1073721343,1073741823,1073737727,1073709055,1073348606,1073184767,1073217535,1073741823,1073741823,1073741823,1073741823:h9
1073741823,1073741823,1073740799,1073741823,1073725439,1073741823,1073737727,1073709055,1073348606,1073184767,1073217535,1073741823,1073741823,1073741823,1073741823:h9
1073741823,1073741823,1073741823,1073737727,1073725439,1073741823,1073737727,1073709055,1073348606,1073184767,1073217535,1073741823,1073741823,1073741823,1073741823:h9
1073741823,1073741823,1073725439,1073741823,1073725439,1073741823,1073737727,1073709055,1073348606,1073184767,1073217535,1073741823,1073741823,1073741823,1073741823:h11
1073741823,1073741823,1073741823,1073725439,1073725439,1073741823,1073737727,1073709055,1073348606,1073184767,1073217535,1073741823,1073741823,1073741823,1073741823:h11
1073741823,1073741823,1073479679,1073741823,1073725439,1073741823,1073737727,1073709055,1073348606,1073184767,1073217535,1073741823,1073741823,1073741823,1073741823:h9
1073741823,1073741823,1073741823,1073676287,1073725439,1073741823,1073737727,1073709055,1073348606,1073184767,1073217535,1073741823,1073741823,1073741823,1073741823:h9
1073741823,1073741823,1073741823,1073741823,1073463295,1073741823,1073737727,1073709055,1073348606,1073184767,1073217535,1073741823,1073741823,1073741823,1073741823:h9
1073741823,1073741823,1073741823,1073741823,1073659903,1073741823,1073737727,1073709055,1073348606,1073184767,1073217535,1073741823,1073741823,1073741823,1073741823:h9
1073741823,1073741823,1073741823,1073741823,1073725439,1073741823,1073475583,1073709055,1073348606,1073184767,1073217535,1073741823,1073741823,1073741823,1073741823:h11
1073741823,1073741823,1073741823,1073741823,1073725439,1073676287,1073737727,1073709055,1073348606,1073184767,1073217535,1073741823,1073741823,1073741823,1073741823:h9
1073741823,1073741823,1073741823,1073741823,1073725439,1073741823,1073737727,1073709055,1073348606,1073183743,1073217535,1073741823,1073741823,1073741823,1073741823:h9
1073741823,1073741823,1073741823,1073741823,1073725439,1073741823,1073737727,1073709055,1073344510,1073184767,1073217535,1073741823,1073741823,1073741823,1073741823:h9
1073741823,1073741823,1073741823,1073741823,1073725439,1073741823,1073737727,1073708031,1073348606,1073184767,1073217535,1073741823,1073741823,1073741823,1073741823:h9
1073741823,1073741823,1073741823,1073741823,1073725439,1073741823,1073737727,1073704959,1073348606,1073184767,1073217535,1073741823,1073741823,1073741823,1073741823:h11
1073741823,1073741823,1073741823,1073741823,1073725439,1073740799,1073737727,1073709055,1073348606,1073184767,1073217535,1073741823,1073741823,1073741823,1073741823:h9
1073741823,1073741823,1073741823,1073741823,1073725439,1073725439,1073737727,1073709055,1073348606,1073184767,1073217535,1073741823,1073741823,1073741823,1073741823:h9
1073741823,1073741823,1073741823,1073741823,1073725439,1073741823,1073721343,1073709055,1073348606,1073184767,1073217535,1073741823,1073741823,1073741823,1073741823:k11
1073741823,1073741823,1073741823,1073741823,1073725439,1073479679,1073737727,1073709055,1073348606,1073184767,1073217535,1073741823,1073741823,1073741823,1073741823:h9
1073741823,1073741823,1073741823,1073741823,1073725439,1073741823,1073672191,1073709055,1073348606,1073184767,1073217535,1073741823,1073741823,1073741823,1073741823:h11
1073741823,1073741823,1073741823,1073741823,1073725439,1073741823,1073737727,1073446911,1073348606,1073184767,1073217535,1073741823,1073741823,1073741823,1073741823:h9
1073741823,1073741823,1073741823,1073741823,1073725439,1073741823,1073737727,1073643519,1073348606,1073184767,1073217535,1073741823,1073741823,1073741823,1073741823:h11
1073741823,1073741823,1073741823,1073741823,1073725439,1073741823,1073737727,1073709055,1073332222,1073184767,1073217535,1073741823,1073741823,1073741823,1073741823:k11
1073741823,1073741823,1073741823,1073741823,1073725439,1073741823,1073737727,1073709055,1073610750,1073217535,1072168959,1073741823,1073741823,1073741823,1073741823:j9
1073741823,1073741823,1073741823,1073741823,1073725439,1073741823,1073737727,1073709055,1073610750,1073217535,1073151999,1073741823,1073741823,1073741823,1073741823:j9
1073741823,1073741823,1073741823,1073741823,1073725439,1073741823,1073737727,1073709055,1073610750,1073151999,1073217535,1073741823,1073741823,1073741823,1073741823:k11
1073741823,1073741823,1073741823,1073741823,1073725439,1073741823,1073736703,1073709055,1073610750,1073217535,1073217535,1073741823,1073741823,1073741823,1073741823:k11
1073741823,1073741823,1073741823,1073741823,1073725439,1073737727,1073737727,1073709055,1073610750,1073217535,1073217535,1073741823,1073741823,1073741823,1073741823:k11
1073741823,1073741823,1073741823,1073741823,1073724415,1073741823,1073737727,1073709055,1073610750,1073217535,1073217535,1073741823,1073741823,1073741823,1073741823:k11
1073741823,1073741823,1073741823,1073741823,1073721343,1073741823,1073737727,1073709055,1073610750,1073217535,1073217535,1073741823,1073741823,1073741823,1073741823:k11
1073741823,1073741823,1073740799,1073741823,1073725439,1073741823,1073737727,1073709055,1073610750,1073217535,1073217535,1073741823,1073741823,1073741823,1073741823:k11
1073741823,1073741823,1073741823,1073737727,1073725439,1073741823,1073737727,1073709055,1073610750,1073217535,1073217535,1073741823,1073741823,1073741823,1073741823:k11
1073741823,1073741823,1073725439,1073741823,1073725439,1073741823,1073737727,1073709055,1073610750,1073217535,1073217535,1073741823,1073741823,1073741823,1073741823:k11
1073741823,1073741823,1073741823,1073725439,1073725439,1073741823,1073737727,1073709055,1073610750,1073217535,1073217535,1073741823,1073741823,1073741823,1073741823:k11
1073741823,1073741823,1073479679,1073741823,1073725439,1073741823,1073737727,1073709055,1073610750,1073217535,1073217535,1073741823,1073741823,1073741823,1073741823:k11
1073741823,1073741823,1073741823,1073676287,1073725439,1073741823,1073737727,1073709055,1073610750,1073217535,1073217535,1073741823,1073741823,1073741823,1073741823:k11
1073741823,1073741823,1073741823,1073741823,1073463295,1073741823,1073737727,1073709055,1073610750,1073217535,1073217535,1073741823,1073741823,1073741823,1073741823:k11
1073741823,1073741823,1073741823,1073741823,1073659903,1073741823,1073737727,1073709055,1073610750,1073217535,1073217535,1073741823,1073741823,1073741823,1073741823:k11
1073741823,1073741823,1073741823,1073741823,1073725439,1073741823,1073475583,1073709055,1073610750,1073217535,1073217535,1073741823,1073741823,1073741823,1073741823:k11
1073741823,1073741823,1073741823,1073741823,1073725439,1073676287,1073737727,1073709055,1073610750,1073217535,1073217535,1073741823,1073741823,1073741823,1073741823:k11
1073741823,1073741823,1073741823,1073741823,1073725439,1073741823,1073737727,1073709055,1073610750,1073216511,1073217535,1073741823,1073741823,1073741823,1073741823:k11
1073741823,1073741823,1073741823,1073741823,1073725439,1073741823,1073737727,1073709055,1073606654,1073217535,1073217535,1073741823,1073741823,1073741823,1073741823:k11
1073741823,1073741823,1073741823,1073741823,1073725439,1073741823,1073737727,1073708031,1073610750,1073217535,1073217535,1073741823,1073741823,1073741823,1073741823:k11
1073741823,1073741823,1073741823,1073741823,1073725439,1073741823,1073737727,1073704959,1073610750,1073217535,1073217535,1073741823,1073741823,1073741823,1073741823:k11
1073741823,1073741823,1073741823,1073741823,1073725439,1073740799,1073737727,1073709055,1073610750,1073217535,1073217535,1073741823,1073741823,1073741823,1073741823:k11
1073741823,1073741823,1073741823,1073741823,1073725439,1073725439,1073737727,1073709055,1073610750,1073217535,1073217535,1073741823,1073741823,1073741823,1073741823:k11
1073741823,1073741823,1073741823,1073741823,1073725439,1073741823,1073721343,1073709055,1073610750,1073217535,1073217535,1073741823,1073741823,1073741823,1073741823:k11
1073741823,1073741823,1073741823,1073741823,1073725439,1073479679,1073737727,1073709055,1073610750,1073217535,1073217535,1073741823,1073741823,1073741823,1073741823:k11
1073741823,1073741823,1073741823,1073741823,1073725439,1073741823,1073672191,1073709055,1073610750,1073217535,1073217535,1073741823,1073741823,1073741823,1073741823:k11
1073741823,1073741823,1073741823,1073741823,1073725439,1073741823,1073737727,1073446911,1073610750,1073217535,1073217535,1073741823,1073741823,1073741823,1073741823:k11
1073741823,1073741823,1073741823,1073741823,1073725439,1073741823,1073737727,1073643519,1073610750,1073217535,1073217535,1073741823,1073741823,1073741823,1073741823:k11
1073741823,1073741823,1073741823,1073741823,1073725439,1073741823,1073737727,1073709055,1073610750,1073201151,1073217535,1073741823,1073741823,1073741823,1073741823:k11
1073741823,1073741823,1073741823,1073741823,1073725439,1073741823,1073737727,1073709055,1073594366,1073217535,1073217535,1073741823,1073741823,1073741823,1073741823:k11
1073741823,1073741823,1073741823,1073741823,1073725439,1073725439,1073741823,1073709055,1073610750,1073217535,1073741823,1073741823,1073741823,1073741823,1073741823:g7
1073741823,1073741823,1073741823,1073741823,1073725439,1073741823,1073725439,1073709055,1073610750,1073217535,1073741823,1073741823,1073741823,1073741823,1073741823:g7
1073741823,1073741823,1073741823,1073741823,1073725439,1073479679,1073741823,1073709055,1073610750,1073217535,1073741823,1073741823,1073741823,1073741823,1073741823:g7
1073741823,1073741823,1073741823,1073741823,1073725439,1073741823,1073676287,1073709055,1073610750,1073217535,1073741823,1073741823,1073741823,1073741823,1073741823:g7
1073741823,1073741823,1073741823,1073741823,1073725439,1073741823,1073741823,1073446911,1073610750,1073217535,1073741823,1073741823,1073741823,1073741823,1073741823:g7
1073741823,1073741823,1073741823,1073741823,1073725439,1073741823,1073741823,1073643519,1073610750,1073217535,1073741823,1073741823,1073741823,1073741823,1073741823:g7
1073741823,1073741823,1073741823,1073741823,1073725439,1073741823,1073741823,1073709055,1073610750,1073201151,1073741823,1073741823,1073741823,1073741823,1073741823:g7
1073741823,1073741823,1073741823,1073741823,1073725439,1073741823,1073741823,1073709055,1073594366,1073217535,1073741823,1073741823,1073741823,1073741823,1073741823:g7
