1073741823,1073741823,1073741823,1073741823,1073725439,1073741823,805306367,1073709055,1073610751,1073741823,1073741823,1073741823,1073741823,1073741823,1073741823:j10
1073741823,1073741823,1073741823,1073741823,1073725439,1073741823,805306367,1073709055,1073610751,1073217535,1073741823,1073725439,1073741823,1073741823,1073741823:g7
1073741823,1073741823,1073741823,1073741823,1073725439,1073741823,805306367,1069514751,1073610751,1073217535,1073741823,1073741823,1073741823,1073741823,1073741823:g7
1073741823,1073741823,1073741823,1073741823,1073725439,1073741823,805306367,1073709055,1073610751,1069023231,1073741823,1073741823,1073741823,1073741823,1073741823:g7
1073741823,1073741823,1073741823,1073741823,1073725439,1073741823,805306367,1073709055,1073610751,1072168959,1073741823,1073741823,1073741823,1073741823,1073741823:g7
1073741823,1073741823,1073741823,1073741823,1073725439,1073741823,805306367,1073709055,1073610751,1073217535,1073741823,1069547519,1073741823,1073741823,1073741823:g7
1073741823,1073741823,1073741823,1073741823,1073725439,1073741823,805306367,1073709055,1073610751,1073217535,1073741823,1073479679,1073741823,1073741823,1073741823:g7
1073741823,1073741823,1073741823,1073741823,1073725439,1073741823,805306367,1073709055,1073610751,1073217535,1073479679,1073741823,1073741823,1073741823,1073741823:g7
1073741823,1073741823,1073741823,1073741823,1073725439,1073741823,805306367,1073709055,1056833535,1073217535,1073741823,1073741823,1073741823,1073741823,1073741823:g7
1073741823,1073741823,1073741823,1073741823,1073725439,1073741823,805306367,1006600191,1073610751,1073217535,1073741823,1073741823,1073741823,1073741823,1073741823:g7
1073741823,1073741823,1073741823,1073741823,1073725439,1073741823,788529151,1073709055,1073610751,1073217535,1073741823,1073741823,1073741823,1073741823,1073741823:g7
1073741823,1073741823,1073741823,1073741823,1073725439,1073741823,738197503,1073709055,1073610751,1073217535,1073741823,1073741823,1073741823,1073741823,1073741823:g7
1073741823,1073741823,1073741823,1073741823,1056948223,1073741823,805306367,1073709055,1073610751,1073217535,1073741823,1073741823,1073741823,1073741823,1073741823:g7
1073741823,1073741823,1073741823,1073741823,1073725439,1006632959,805306367,1073709055,1073610751,1073217535,1073741823,1073741823,1073741823,1073741823,1073741823:g7
1073741823,1073741823,1073741823,1073741823,805289983,1073741823,805306367,1073709055,1073610751,1073217535,1073741823,1073741823,1073741823,1073741823,1073741823:g7
1073741823,1073741823,1073741823,1073741823,1073725439,805306367,805306367,1073709055,1073610751,1073217535,1073741823,1073741823,1073741823,1073741823,1073741823:g7
1073741823,1073741823,1073741823,1073741823,1073725439,1073741823,805306367,1073709055,805175295,1073217535,1073741823,1073741823,1073741823,1073741823,1073741823:g7
1073741823,1073741823,1073741823,1073741823,1073725439,1073741823,805306367,805273599,1073610751,1073217535,1073741823,1073741823,1073741823,1073741823,1073741823:g7
1073741823,1073741823,1073741823,1073741823,1073725439,1073741823,805306367,1073709055,1073610751,1073217535,1073737727,1073741823,1073741823,1073741823,1073741823:g7
1073741823,1073741823,1073741823,1073741823,1073725439,1073741823,804257791,1073709055,1073610751,1073217535,1073741823,1073741823,1073741823,1073741823,1073741823:g7
1073741823,1073741823,1073741823,1073741823,1073725439,1073741823,805306367,1073709055,1072562175,1073217535,1073741823,1073741823,1073741823,1073741823,1073741823:g7
1073741823,1073741823,1073741823,1073741823,1073725439,1073741823,805306367,1073709055,1073348607,1073217535,1073741823,1073741823,1073741823,1073741823,1073741823:g7
1073741823,1073741823,1073741823,1073741823,1073725439,1073741823,805306367,1073709055,1073610751,1073217535,1072693247,1073741823,1073741823,1073741823,1073741823:g8
1073741823,1073741823,1073741823,1073741823,1073725439,1073741823,805306367,1073700863,1073610751,1073217279,1072693247,1073741823,1073741823,1073741823,1073741823:i8
1073741823,1073741823,1073741823,1073741823,1073725439,1073741823,805306367,1073700863,1073609727,1073217535,1072693247,1073741823,1073741823,1073741823,1073741823:i8
1073741823,1073741823,1073741823,1073741823,1073725439,1073741823,805306367,1073700607,1073610751,1073217535,1072693247,1073741823,1073741823,1073741823,1073741823:i8
1073741823,1073741823,1073741823,1073741823,1073725439,1073741567,805306367,1073700863,1073610751,1073217535,1072693247,1073741823,1073741823,1073741823,1073741823:i8
1073741823,1073741823,1073741823,1073741823,1073725439,1073741823,805306367,1073700863,1073610751,1073213439,1072693247,1073741823,1073741823,1073741823,1073741823:i8
1073741823,1073741823,1073741823,1073741823,1073725439,1073741823,805306367,1073700863,1073610751,1073217535,1072693247,1073741823,1073676287,1073741823,1073741823:i8
1073741823,1073741823,1073741823,1073741823,1073725439,1073741823,805306367,1073700863,1073610751,1073217535,1055916031,1073741823,1073741823,1073741823,1073741823:i8
1073741823,1073741823,1073741823,1073741823,1073725439,1073741823,805306367,1073700863,1073610751,1073217535,1068498943,1073741823,1073741823,1073741823,1073741823:i8
1073741823,1073741823,1073741823,1073741823,1073725439,1073741823,805306367,1073700863,1073610751,1073217535,1072693247,1073741823,1056964607,1073741823,1073741823:i8
1073741823,1073741823,1073741823,1073741823,1073725439,1073741823,805306367,1073700863,1073610751,1073217535,1072693247,1073741823,1072693247,1073741823,1073741823:i8
1073741823,1073741823,1073741823,1073741823,1073725439,1073741823,805306367,1073700863,1073610751,1073217535,1072693247,1072693247,1073741823,1073741823,1073741823:i8
1073741823,1073741823,1073741823,1073741823,1073725439,1073741823,805306367,1073700863,1073610751,1073217535,1072693247,1073725439,1073741823,1073741823,1073741823:i8
1073741823,1073741823,1073741823,1073741823,1073725439,1073741823,805306367,1069506559,1073610751,1073217535,1072693247,1073741823,1073741823,1073741823,1073741823:i8
1073741823,1073741823,1073741823,1073741823,1073725439,1073741823,805306367,1073700863,1073610751,1069023231,1072693247,1073741823,1073741823,1073741823,1073741823:i8
1073741823,1073741823,1073741823,1073741823,1073725439,1073741823,805306367,1073700863,1073610751,1072168959,1072693247,1073741823,1073741823,1073741823,1073741823:i8
1073741823,1073741823,1073741823,1073741823,1073725439,1073741823,805306367,1073700863,1073610751,1073217535,1072693247,1069547519,1073741823,1073741823,1073741823:i8
1073741823,1073741823,1073741823,1073741823,1073725439,1073741823,805306367,1073700863,1073610751,1073217535,1072693247,1073479679,1073741823,1073741823,1073741823:i8
1073741823,1073741823,1073741823,1073741823,1073725439,1073741823,805306367,1073700863,1073610751,1073217535,1072431103,1073741823,1073741823,1073741823,1073741823:i8
1073741823,1073741823,1073741823,1073741823,1073725439,1073741823,805306367,1073700863,1056833535,1073217535,1072693247,1073741823,1073741823,1073741823,1073741823:i8
1073741823,1073741823,1073741823,1073741823,1073725439,1073741823,805306367,1006591999,1073610751,1073217535,1072693247,1073741823,1073741823,1073741823,1073741823:i8
1073741823,1073741823,1073741823,1073741823,1073725439,1073741823,788529151,1073700863,1073610751,1073217535,1072693247,1073741823,1073741823,1073741823,1073741823:i8
1073741823,1073741823,1073741823,1073741823,1073725439,1073741823,738197503,1073700863,1073610751,1073217535,1072693247,1073741823,1073741823,1073741823,1073741823:i8
1073741823,1073741823,1073741823,1073741823,1056948223,1073741823,805306367,1073700863,1073610751,1073217535,1072693247,1073741823,1073741823,1073741823,1073741823:i8
1073741823,1073741823,1073741823,1073741823,1073725439,1006632959,805306367,1073700863,1073610751,1073217535,1072693247,1073741823,1073741823,1073741823,1073741823:i8
1073741823,1073741823,1073741823,1073741823,805289983,1073741823,805306367,1073700863,1073610751,1073217535,1072693247,1073741823,1073741823,1073741823,1073741823:i8
1073741823,1073741823,1073741823,1073741823,1073725439,805306367,805306367,1073700863,1073610751,1073217535,1072693247,1073741823,1073741823,1073741823,1073741823:i8
1073741823,1073741823,1073741823,1073741823,1073725439,1073741823,805306367,1073700863,805175295,1073217535,1072693247,1073741823,1073741823,1073741823,1073741823:i8
1073741823,1073741823,1073741823,1073741823,1073725439,1073741823,805306367,805265407,1073610751,1073217535,1072693247,1073741823,1073741823,1073741823,1073741823:i8
1073741823,1073741823,1073741823,1073741823,1073725439,1073741823,805306367,1073700863,1073610751,1073217535,1072689151,1073741823,1073741823,1073741823,1073741823:i8
1073741823,1073741823,1073741823,1073741823,1073725439,1073741823,804257791,1073700863,1073610751,1073217535,1072693247,1073741823,1073741823,1073741823,1073741823:i8
1073741823,1073741823,1073741823,1073741823,1073725439,1073741823,805306367,1073700863,1072562175,1073217535,1072693247,1073741823,1073741823,1073741823,1073741823:i8
1073741823,1073741823,1073741823,1073741823,1073725439,1073741823,805306367,1073700863,1073348607,1073217535,1072693247,1073741823,1073741823,1073741823,1073741823:i8
1073741823,1073741823,1073741823,1073741823,1073725439,1073741823,805306367,1073700863,1073610751,1073217535,1072627711,1073741823,1073741823,1073741823,1073741823:i8
1073741823,1073741823,1073741823,1073741823,1073725439,1073741823,805306367,1073700863,1073610751,1073151999,1072693247,1073741823,1073741823,1073741823,1073741823:g7
1073741823,1073741823,1073741823,1073741823,1073725439,1073741823,805305343,1073700863,1073610751,1073217535,1072693247,1073741823,1073741823,1073741823,1073741823:i8
1073741823,1073741823,1073741823,1073741823,1073725439,1072693247,805305343,1073569791,1073610751,1073217535,1072693247,1073741823,1073741823,1073741823,1073741823:f8
1073741823,1073741823,1073741823,1073741823,1073725439,1073741823,805305343,1072521215,1073610751,1073217535,1072693247,1073741823,1073741823,1073741823,1073741823:f8
1073741823,1073741823,1073741823,1073741823,1073725439,1073741823,805305343,1073569791,1073610687,1073217535,1072693247,1073741823,1073741823,1073741823,1073741823:f8
1073741823,1073741823,1073741823,1073741823,1073725439,1073741823,805305279,1073569791,1073610751,1073217535,1072693247,1073741823,1073741823,1073741823,1073741823:f8
1073741823,1073741823,1073741823,1073741823,1073725439,1073741823,805305087,1073569791,1073610751,1073217535,1072693247,1073741823,1073741823,1073741823,1073741823:f8
1073741823,1073741823,1073741823,1073741823,1073725375,1073741823,805305343,1073569791,1073610751,1073217535,1072693247,1073741823,1073741823,1073741823,1073741823:f8
1073741823,1073741823,1073741823,1073741823,1073725439,1073741823,805305343,1073569791,1073610751,1073217279,1072693247,1073741823,1073741823,1073741823,1073741823:f8
1073741823,1073741823,1073741823,1073741823,1073725439,1073741823,805305343,1073569791,1073609727,1073217535,1072693247,1073741823,1073741823,1073741823,1073741823:f8
1073741823,1073741823,1073741823,1073741823,1073725439,1073741823,805305343,1073569535,1073610751,1073217535,1072693247,1073741823,1073741823,1073741823,1073741823:j8
1073741823,1073741823,1073741823,1073741823,1073725439,1073741567,805305343,1073569791,1073610751,1073217535,1072693247,1073741823,1073741823,1073741823,1073741823:f8
1073741823,1073741823,1073741823,1073741823,1073725439,1073741823,805305343,1073569791,1073610751,1073213439,1072693247,1073741823,1073741823,1073741823,1073741823:f8
1073741823,1073741823,1073741823,1073741823,1073725439,1073741823,805305343,1073569791,1073610751,1073217535,1072693247,1073741823,1073676287,1073741823,1073741823:f8
1073741823,1073741823,1073741823,1073741823,1073725439,1073741823,805305343,1073569791,1073610751,1073217535,1055916031,1073741823,1073741823,1073741823,1073741823:f8
1073741823,1073741823,1073741823,1073741823,1073725439,1073741823,805305343,1073569791,1073610751,1073217535,1068498943,1073741823,1073741823,1073741823,1073741823:f8
1073741823,1073741823,1073741823,1073741823,1073725439,1073741823,805305343,1073569791,1073610751,1073217535,1072693247,1073741823,1056964607,1073741823,1073741823:f8
1073741823,1073741823,1073741823,1073741823,1073725439,1073741823,805305343,1073569791,1073610751,1073217535,1072693247,1073741823,1072693247,1073741823,1073741823:f8
1073741823,1073741823,1073741823,1073741823,1073725439,1073741823,805305343,1073569791,1073610751,1073217535,1072693247,1072693247,1073741823,1073741823,1073741823:f8
1073741823,1073741823,1073741823,1073741823,1073725439,1073741823,805305343,1073569791,1073610751,1073217535,1072693247,1073725439,1073741823,1073741823,1073741823:f8
1073741823,1073741823,1073741823,1073741823,1073725439,1073741823,805305343,1069375487,1073610751,1073217535,1072693247,1073741823,1073741823,1073741823,1073741823:f8
1073741823,1073741823,1073741823,1073741823,1073725439,1073741823,805305343,1073569791,1073610751,1069023231,1072693247,1073741823,1073741823,1073741823,1073741823:f8
1073741823,1073741823,1073741823,1073741823,1073725439,1073741823,805305343,1073569791,1073610751,1072168959,1072693247,1073741823,1073741823,1073741823,1073741823:f8
1073741823,1073741823,1073741823,1073741823,1073725439,1073741823,805305343,1073569791,1073610751,1073217535,1072693247,1069547519,1073741823,1073741823,1073741823:f8
1073741823,1073741823,1073741823,1073741823,1073725439,1073741823,805305343,1073569791,1073610751,1073217535,1072693247,1073479679,1073741823,1073741823,1073741823:f8
1073741823,1073741823,1073741823,1073741823,1073725439,1073741823,805305343,1073569791,1073610751,1073217535,1072431103,1073741823,1073741823,1073741823,1073741823:f8
1073741823,1073741823,1073741823,1073741823,1073725439,1073741823,805305343,1073569791,1056833535,1073217535,1072693247,1073741823,1073741823,1073741823,1073741823:f8
1073741823,1073741823,1073741823,1073741823,1073725439,1073741823,805305343,1006460927,1073610751,1073217535,1072693247,1073741823,1073741823,1073741823,1073741823:f8
1073741823,1073741823,1073741823,1073741823,1073725439,1073741823,788528127,1073569791,1073610751,1073217535,1072693247,1073741823,1073741823,1073741823,1073741823:f8
1073741823,1073741823,1073741823,1073741823,1073725439,1073741823,738196479,1073569791,1073610751,1073217535,1072693247,1073741823,1073741823,1073741823,1073741823:f8
1073741823,1073741823,1073741823,1073741823,1056948223,1073741823,805305343,1073569791,1073610751,1073217535,1072693247,1073741823,1073741823,1073741823,1073741823:f8
1073741823,1073741823,1073741823,1073741823,1073725439,1006632959,805305343,1073569791,1073610751,1073217535,1072693247,1073741823,1073741823,1073741823,1073741823:f8
1073741823,1073741823,1073741823,1073741823,805289983,1073741823,805305343,1073569791,1073610751,1073217535,1072693247,1073741823,1073741823,1073741823,1073741823:f8
1073741823,1073741823,1073741823,1073741823,1073725439,805306367,805305343,1073569791,1073610751,1073217535,1072693247,1073741823,1073741823,1073741823,1073741823:f8
1073741823,1073741823,1073741823,1073741823,1073725439,1073741823,805305343,1073569791,805175295,1073217535,1072693247,1073741823,1073741823,1073741823,1073741823:f8
1073741823,1073741823,1073741823,1073741823,1073725439,1073741823,805305343,805134335,1073610751,1073217535,1072693247,1073741823,1073741823,1073741823,1073741823:f8
1073741823,1073741823,1073741823,1073741823,1073725439,1073741823,805305343,1073569791,1073610751,1073217535,1072689151,1073741823,1073741823,1073741823,1073741823:f8
1073741823,1073741823,1073741823,1073741823,1073725439,1073741823,804256767,1073569791,1073610751,1073217535,1072693247,1073741823,1073741823,1073741823,1073741823:f8
1073741823,1073741823,1073741823,1073741823,1073725439,1073741823,805305343,1073569791,1072562175,1073217535,1072693247,1073741823,1073741823,1073741823,1073741823:f8
1073741823,1073741823,1073741823,1073741823,1073725439,1073741823,805305343,1073569791,1073348607,1073217535,1072693247,1073741823,1073741823,1073741823,1073741823:f8
1073741823,1073741823,1073741823,1073741823,1073725439,1073741823,805305343,1073569791,1073610751,1073217535,1072627711,1073741823,1073741823,1073741823,1073741823:f8
1073741823,1073741823,1073741823,1073741823,1073725439,1073741823,805305343,1073569791,1073610751,1073151999,1072693247,1073741823,1073741823,1073741823,1073741823:f8
1073741823,1073741823,1073741823,1073741823,1073725439,1073737727,805305343,1073569791,1073610751,1073217535,1072693247,1073741823,1073741823,1073741823,1073741823:f8
1073741823,1073741823,1073741823,1073741823,1073724415,1073741823,805305343,1073569791,1073610751,1073217535,1072693247,1073741823,1073741823,1073741823,1073741823:f8
1073741823,1073741823,1073741823,1073741823,1073721343,1073741823,805305343,1073569791,1073610751,1073217535,1072693247,1073741823,1073741823,1073741823,1073741823:f8
1073741823,1073741823,1073740799,1073741823,1073725439,1073741823,805305343,1073569791,1073610751,1073217535,1072693247,1073741823,1073741823,1073741823,1073741823:f8
1073741823,1073741823,1073741823,1073737727,1073725439,1073741823,805305343,1073569791,1073610751,1073217535,1072693247,1073741823,1073741823,1073741823,1073741823:f8
1073741823,1073741823,1073725439,1073741823,1073725439,1073741823,805305343,1073569791,1073610751,1073217535,1072693247,1073741823,1073741823,1073741823,1073741823:f8
1073741823,1073741823,1073741823,1073725439,1073725439,1073741823,805305343,1073569791,1073610751,1073217535,1072693247,1073741823,1073741823,1073741823,1073741823:f8
1073741823,1073741823,1073479679,1073741823,1073725439,1073741823,805305343,1073569791,1073610751,1073217535,1072693247,1073741823,1073741823,1073741823,1073741823:f8
1073741823,1073741823,1073741823,1073676287,1073725439,1073741823,805305343,1073569791,1073610751,1073217535,1072693247,1073741823,1073741823,1073741823,1073741823:f8
1073741823,1073741823,1073741823,1073741823,1073463295,1073741823,805305343,1073569791,1073610751,1073217535,1072693247,1073741823,1073741823,1073741823,1073741823:f8
1073741823,1073741823,1073741823,1073741823,1073659903,1073741823,805305343,1073569791,1073610751,1073217535,1072693247,1073741823,1073741823,1073741823,1073741823:f8
1073741823,1073741823,1073741823,1073741823,1073725439,1073741823,805043199,1073569791,1073610751,1073217535,1072693247,1073741823,1073741823,1073741823,1073741823:f8
1073741823,1073741823,1073741823,1073741823,1073725439,1073676287,805305343,1073569791,1073610751,1073217535,1072693247,1073741823,1073741823,1073741823,1073741823:f8
1073741823,1073741823,1073741823,1073741823,1073725439,1073741823,805305343,1073569791,1073610751,1073216511,1072693247,1073741823,1073741823,1073741823,1073741823:f8
1073741823,1073741823,1073741823,1073741823,1073725439,1073741823,805305343,1073569791,1073606655,1073217535,1072693247,1073741823,1073741823,1073741823,1073741823:f8
1073741823,1073741823,1073741823,1073741823,1073725439,1073741823,805305343,1073568767,1073610751,1073217535,1072693247,1073741823,1073741823,1073741823,1073741823:j8
1073741823,1073741823,1073741823,1073741823,1073725439,1073740799,805305343,1073569791,1073610751,1073217535,1072693247,1073741823,1073741823,1073741823,1073741823:f8
1073741823,1073741823,1073741823,1073741823,1073725439,1073741823,805301247,1073569791,1073610751,1073217535,1072693247,1073741823,1073741823,1073741823,1073741823:f8
1073741823,1073741823,1073741823,1073741823,1073725439,1073725439,805305343,1073569791,1073610751,1073217535,1072693247,1073741823,1073741823,1073741823,1073741823:f8
1073741823,1073741823,1073741823,1073741823,1073725439,1073741823,805288959,1073569791,1073610751,1073217535,1072693247,1073741823,1073741823,1073741823,1073741823:f8
1073741823,1073741823,1073741823,1073741823,1073725439,1073479679,805305343,1073569791,1073610751,1073217535,1072693247,1073741823,1073741823,1073741823,1073741823:f8
1073741823,1073741823,1073741823,1073741823,1073725439,1073741823,805239807,1073569791,1073610751,1073217535,1072693247,1073741823,1073741823,1073741823,1073741823:f8
1073741823,1073741823,1073741823,1073741823,1073725439,1073741823,805305343,1073307647,1073610751,1073217535,1072693247,1073741823,1073741823,1073741823,1073741823:i7
1073741823,1073741823,1073741823,1073741823,1073725439,1073741823,805305343,1073569791,1073610751,1073201151,1072693247,1073741823,1073741823,1073741823,1073741823:f8
1073741823,1073741823,1073741823,1073741823,1073725439,1073741823,805305343,1073569791,1073594367,1073217535,1072693247,1073741823,1073741823,1073741823,1073741823:f8
1073741823,1073741823,1073741823,1073741823,1073725439,1073737727,805306367,1073700863,1073610751,1073217535,1072693247,1073741823,1073741823,1073741823,1073741823:i8
1073741823,1073741823,1073741823,1073741823,1073724415,1073741823,805306367,1073700863,1073610751,1073217535,1072693247,1073741823,1073741823,1073741823,1073741823:i8
1073741823,1073741823,1073741823,1073741823,1073721343,1073741823,805306367,1073700863,1073610751,1073217535,1072693247,1073741823,1073741823,1073741823,1073741823:i8
1073741823,1073741823,1073740799,1073741823,1073725439,1073741823,805306367,1073700863,1073610751,1073217535,1072693247,1073741823,1073741823,1073741823,1073741823:i8
1073741823,1073741823,1073741823,1073737727,1073725439,1073741823,805306367,1073700863,1073610751,1073217535,1072693247,1073741823,1073741823,1073741823,1073741823:i8
1073741823,1073741823,1073725439,1073741823,1073725439,1073741823,805306367,1073700863,1073610751,1073217535,1072693247,1073741823,1073741823,1073741823,1073741823:i8
1073741823,1073741823,1073741823,1073725439,1073725439,1073741823,805306367,1073700863,1073610751,1073217535,1072693247,1073741823,1073741823,1073741823,1073741823:i8
1073741823,1073741823,1073479679,1073741823,1073725439,1073741823,805306367,1073700863,1073610751,1073217535,1072693247,1073741823,1073741823,1073741823,1073741823:i8
1073741823,1073741823,1073741823,1073676287,1073725439,1073741823,805306367,1073700863,1073610751,1073217535,1072693247,1073741823,1073741823,1073741823,1073741823:i8
1073741823,1073741823,1073741823,1073741823,1073463295,1073741823,805306367,1073700863,1073610751,1073217535,1072693247,1073741823,1073741823,1073741823,1073741823:i8
1073741823,1073741823,1073741823,1073741823,1073659903,1073741823,805306367,1073700863,1073610751,1073217535,1072693247,1073741823,1073741823,1073741823,1073741823:i8
1073741823,1073741823,1073741823,1073741823,1073725439,1073741823,805044223,1073700863,1073610751,1073217535,1072693247,1073741823,1073741823,1073741823,1073741823:i8
1073741823,1073741823,1073741823,1073741823,1073725439,1073676287,805306367,1073700863,1073610751,1073217535,1072693247,1073741823,1073741823,1073741823,1073741823:i8
1073741823,1073741823,1073741823,1073741823,1073725439,1073741823,805306367,1073700863,1073610751,1073216511,1072693247,1073741823,1073741823,1073741823,1073741823:i8
1073741823,1073741823,1073741823,1073741823,1073725439,1073741823,805306367,1073700863,1073606655,1073217535,1072693247,1073741823,1073741823,1073741823,1073741823:i8
1073741823,1073741823,1073741823,1073741823,1073725439,1073741823,805306367,1073699839,1073610751,1073217535,1072693247,1073741823,1073741823,1073741823,1073741823:h7
1073741823,1073741823,1073741823,1073741823,1073725439,1073741823,805273599,1073699839,1073610751,1073217471,1072693247,1073741823,1073741823,1073741823,1073741823:i6
1073741823,1073741823,1073741823,1073741823,1073725439,1073741823,805273599,1073699839,1073610495,1073217535,1072693247,1073741823,1073741823,1073741823,1073741823:i6
1073741823,1073741823,1073741823,1073741823,1073725439,1073741823,805273599,1073699775,1073610751,1073217535,1072693247,1073741823,1073741823,1073741823,1073741823:h9
1073741823,1073741823,1073741823,1073741823,1073725439,1073741759,805273599,1073699839,1073610751,1073217535,1072693247,1073741823,1073741823,1073741823,1073741823:h9
1073741823,1073741823,1073741823,1073741823,1073725439,1073741823,805273343,1073699839,1073610751,1073217535,1072693247,1073741823,1073741823,1073741823,1073741823:h9
1073741823,1073741823,1073741823,1073741823,1073725439,1073741823,805273599,1073699839,1073610751,1073217279,1072693247,1073741823,1073741823,1073741823,1073741823:h9
1073741823,1073741823,1073741823,1073741823,1073725439,1073741823,805273599,1073699839,1073609727,1073217535,1072693247,1073741823,1073741823,1073741823,1073741823:h9
1073741823,1073741823,1073741823,1073741823,1073725439,1073741823,805273599,1073699583,1073610751,1073217535,1072693247,1073741823,1073741823,1073741823,1073741823:h9
1073741823,1073741823,1073741823,1073741823,1073725439,1073741567,805273599,1073699839,1073610751,1073217535,1072693247,1073741823,1073741823,1073741823,1073741823:h9
1073741823,1073741823,1073741823,1073741823,1073725439,1073741823,805273599,1073699839,1073610751,1073213439,1072693247,1073741823,1073741823,1073741823,1073741823:h9
1073741823,1073741823,1073741823,1073741823,1073725439,1073741823,805273599,1073699839,1073610751,1073217535,1072693247,1073741823,1073676287,1073741823,1073741823:h9
1073741823,1073741823,1073741823,1073741823,1073725439,1073741823,805273599,1073699839,1073610751,1073217535,1055916031,1073741823,1073741823,1073741823,1073741823:h9
1073741823,1073741823,1073741823,1073741823,1073725439,1073741823,805273599,1073699839,1073610751,1073217535,1068498943,1073741823,1073741823,1073741823,1073741823:h9
1073741823,1073741823,1073741823,1073741823,1073725439,1073741823,805273599,1073699839,1073610751,1073217535,1072693247,1073741823,1056964607,1073741823,1073741823:h9
1073741823,1073741823,1073741823,1073741823,1073725439,1073741823,805273599,1073699839,1073610751,1073217535,1072693247,1073741823,1072693247,1073741823,1073741823:h9
1073741823,1073741823,1073741823,1073741823,1073725439,1073741823,805273599,1073699839,1073610751,1073217535,1072693247,1072693247,1073741823,1073741823,1073741823:h9
1073741823,1073741823,1073741823,1073741823,1073725439,1073741823,805273599,1073699839,1073610751,1073217535,1072693247,1073725439,1073741823,1073741823,1073741823:h10
1073741823,1073741823,1073741823,1073741823,1073725439,1073741823,805273599,1069505535,1073610751,1073217535,1072693247,1073741823,1073741823,1073741823,1073741823:h9
1073741823,1073741823,1073741823,1073741823,1073725439,1073741823,805273599,1073699839,1073610751,1069023231,1072693247,1073741823,1073741823,1073741823,1073741823:h9
1073741823,1073741823,1073741823,1073741823,1073725439,1073741823,805273599,1073699839,1073610751,1072168959,1072693247,1073741823,1073741823,1073741823,1073741823:h9
1073741823,1073741823,1073741823,1073741823,1073725439,1073741823,805273599,1073699839,1073610751,1073217535,1072693247,1069547519,1073741823,1073741823,1073741823:h9
1073741823,1073741823,1073741823,1073741823,1073725439,1073741823,805273599,1073699839,1073610751,1073217535,1072693247,1073479679,1073741823,1073741823,1073741823:h9
1073741823,1073741823,1073741823,1073741823,1073725439,1073741823,805273599,1073699839,1073610751,1073217535,1072431103,1073741823,1073741823,1073741823,1073741823:i6
1073741823,1073741823,1073741823,1073741823,1073725439,1073741823,805273599,1073699839,1056833535,1073217535,1072693247,1073741823,1073741823,1073741823,1073741823:h9
1073741823,1073741823,1073741823,1073741823,1073725439,1073741823,805273599,1006590975,1073610751,1073217535,1072693247,1073741823,1073741823,1073741823,1073741823:h9
1073741823,1073741823,1073741823,1073741823,1073725439,1073741823,788496383,1073699839,1073610751,1073217535,1072693247,1073741823,1073741823,1073741823,1073741823:h9
1073741823,1073741823,1073741823,1073741823,1073725439,1073741823,738164735,1073699839,1073610751,1073217535,1072693247,1073741823,1073741823,1073741823,1073741823:h9
1073741823,1073741823,1073741823,1073741823,1056948223,1073741823,805273599,1073699839,1073610751,1073217535,1072693247,1073741823,1073741823,1073741823,1073741823:h9
1073741823,1073741823,1073741823,1073741823,1073725439,1006632959,805273599,1073699839,1073610751,1073217535,1072693247,1073741823,1073741823,1073741823,1073741823:h9
1073741823,1073741823,1073741823,1073741823,805289983,1073741823,805273599,1073699839,1073610751,1073217535,1072693247,1073741823,1073741823,1073741823,1073741823:h9
1073741823,1073741823,1073741823,1073741823,1073725439,805306367,805273599,1073699839,1073610751,1073217535,1072693247,1073741823,1073741823,1073741823,1073741823:h9
1073741823,1073741823,1073741823,1073741823,1073725439,1073741823,805273599,1073699839,805175295,1073217535,1072693247,1073741823,1073741823,1073741823,1073741823:h9
1073741823,1073741823,1073741823,1073741823,1073725439,1073741823,805273599,805264383,1073610751,1073217535,1072693247,1073741823,1073741823,1073741823,1073741823:h9
1073741823,1073741823,1073741823,1073741823,1073725439,1073741823,805273599,1073699839,1073610751,1073217535,1072689151,1073741823,1073741823,1073741823,1073741823:h9
1073741823,1073741823,1073741823,1073741823,1073725439,1073741823,804225023,1073699839,1073610751,1073217535,1072693247,1073741823,1073741823,1073741823,1073741823:h9
1073741823,1073741823,1073741823,1073741823,1073725439,1073741823,805273599,1073699839,1072562175,1073217535,1072693247,1073741823,1073741823,1073741823,1073741823:h9
1073741823,1073741823,1073741823,1073741823,1073725439,1073741823,805273599,1073699839,1073348607,1073217535,1072693247,1073741823,1073741823,1073741823,1073741823:h9
1073741823,1073741823,1073741823,1073741823,1073725439,1073741823,805273599,1073699839,1073610751,1073217535,1072627711,1073741823,1073741823,1073741823,1073741823:h10
1073741823,1073741823,1073741823,1073741823,1073725439,1073741823,805273599,1073699839,1073610751,1073151999,1072693247,1073741823,1073741823,1073741823,1073741823:h9
1073741823,1073741823,1073741823,1073741823,1073725439,1073741823,805272575,1073699839,1073610751,1073217535,1072693247,1073741823,1073741823,1073741823,1073741823:h9
1073741823,1073741823,1073741823,1073741823,1073725439,1073737727,805273599,1073699839,1073610751,1073217535,1072693247,1073741823,1073741823,1073741823,1073741823:h9
1073741823,1073741823,1073741823,1073741823,1073724415,1073741823,805273599,1073699839,1073610751,1073217535,1072693247,1073741823,1073741823,1073741823,1073741823:h9
1073741823,1073741823,1073741823,1073741823,1073721343,1073741823,805273599,1073699839,1073610751,1073217535,1072693247,1073741823,1073741823,1073741823,1073741823:h9
1073741823,1073741823,1073740799,1073741823,1073725439,1073741823,805273599,1073699839,1073610751,1073217535,1072693247,1073741823,1073741823,1073741823,1073741823:h9
1073741823,1073741823,1073741823,1073737727,1073725439,1073741823,805273599,1073699839,1073610751,1073217535,1072693247,1073741823,1073741823,1073741823,1073741823:h9
1073741823,1073741823,1073725439,1073741823,1073725439,1073741823,805273599,1073699839,1073610751,1073217535,1072693247,1073741823,1073741823,1073741823,1073741823:h9
1073741823,1073741823,1073741823,1073725439,1073725439,1073741823,805273599,1073699839,1073610751,1073217535,1072693247,1073741823,1073741823,1073741823,1073741823:h9
1073741823,1073741823,1073479679,1073741823,1073725439,1073741823,805273599,1073699839,1073610751,1073217535,1072693247,1073741823,1073741823,1073741823,1073741823:h9
1073741823,1073741823,1073741823,1073676287,1073725439,1073741823,805273599,1073699839,1073610751,1073217535,1072693247,1073741823,1073741823,1073741823,1073741823:h9
1073741823,1073741823,1073741823,1073741823,1073463295,1073741823,805273599,1073699839,1073610751,1073217535,1072693247,1073741823,1073741823,1073741823,1073741823:h9
1073741823,1073741823,1073741823,1073741823,1073659903,1073741823,805273599,1073699839,1073610751,1073217535,1072693247,1073741823,1073741823,1073741823,1073741823:f9
1073741823,1073741823,1073741823,1073741823,1073725439,1073741823,805011455,1073699839,1073610751,1073217535,1072693247,1073741823,1073741823,1073741823,1073741823:h9
1073741823,1073741823,1073741823,1073741823,1073725439,1073676287,805273599,1073699839,1073610751,1073217535,1072693247,1073741823,1073741823,1073741823,1073741823:h9
1073741823,1073741823,1073741823,1073741823,1073725439,1073741823,805273599,1073699839,1073610751,1073216511,1072693247,1073741823,1073741823,1073741823,1073741823:h9
1073741823,1073741823,1073741823,1073741823,1073725439,1073741823,805273599,1073699839,1073606655,1073217535,1072693247,1073741823,1073741823,1073741823,1073741823:h10
1073741823,1073741823,1073741823,1073741823,1073725439,1073740799,805273599,1073699839,1073610751,1073217535,1072693247,1073741823,1073741823,1073741823,1073741823:h9
1073741823,1073741823,1073741823,1073741823,1073725439,1073741823,805269503,1073699839,1073610751,1073217535,1072693247,1073741823,1073741823,1073741823,1073741823:f9
1073741823,1073741823,1073741823,1073741823,1073725439,1073725439,805273599,1073699839,1073610751,1073217535,1072693247,1073741823,1073741823,1073741823,1073741823:i6
1073741823,1073741823,1073741823,1073741823,1073725439,1073479679,805273599,1073699839,1073610751,1073217535,1072693247,1073741823,1073741823,1073741823,1073741823:h9
1073741823,1073741823,1073741823,1073741823,1073725439,1073741823,805208063,1073699839,1073610751,1073217535,1072693247,1073741823,1073741823,1073741823,1073741823:h9
1073741823,1073741823,1073741823,1073741823,1073725439,1073741823,805273599,1073437695,1073610751,1073217535,1072693247,1073741823,1073741823,1073741823,1073741823:h9
1073741823,1073741823,1073741823,1073741823,1073725439,1073741823,805273599,1073634303,1073610751,1073217535,1072693247,1073741823,1073741823,1073741823,1073741823:h9
1073741823,1073741823,1073741823,1073741823,1073725439,1073741823,805273599,1073699839,1073610751,1073201151,1072693247,1073741823,1073741823,1073741823,1073741823:i6
1073741823,1073741823,1073741823,1073741823,1073725439,1073741823,805273599,1073699839,1073594367,1073217535,1072693247,1073741823,1073741823,1073741823,1073741823:i6
1073741823,1073741823,1073741823,1073741823,1073725439,1073740799,805306367,1073700863,1073610751,1073217535,1072693247,1073741823,1073741823,1073741823,1073741823:i8
1073741823,1073741823,1073741823,1073741823,1073725439,1073741823,805302271,1073700863,1073610751,1073217535,1072693247,1073741823,1073741823,1073741823,1073741823:i8
1073741823,1073741823,1073741823,1073741823,1073725439,1073725439,805306367,1073700863,1073610751,1073217535,1072693247,1073741823,1073741823,1073741823,1073741823:i8
1073741823,1073741823,1073741823,1073741823,1073725439,1073741823,805289983,1073700863,1073610751,1073217535,1072693247,1073741823,1073741823,1073741823,1073741823:i8
1073741823,1073741823,1073741823,1073741823,1073725439,1073479679,805306367,1073700863,1073610751,1073217535,1072693247,1073741823,1073741823,1073741823,1073741823:i8
1073741823,1073741823,1073741823,1073741823,1073725439,1073741823,805240831,1073700863,1073610751,1073217535,1072693247,1073741823,1073741823,1073741823,1073741823:g7
1073741823,1073741823,1073741823,1073741823,1073725439,1073741823,805306367,1073438719,1073610751,1073217535,1072693247,1073741823,1073741823,1073741823,1073741823:g7
1073741823,1073741823,1073741823,1073741823,1073725439,1073741823,805306367,1073635327,1073610751,1073217535,1072693247,1073741823,1073741823,1073741823,1073741823:h9
1073741823,1073741823,1073741823,1073741823,1073725439,1073741823,805306367,1073635327,1073577983,1073217535,1072692223,1073741823,1073741823,1073741823,1073741823:i10
1073741823,1073741823,1073741823,1073741823,1073725439,1073741823,805306367,1073635327,1073577983,1073217535,1072676863,1073741823,1073741823,1073741823,1073741823:j11
1073741823,1073741823,1073741823,1073741823,1073725439,1072693247,805306367,1073635327,1073577983,1073217535,1072693247,1073741823,1073741823,1073741823,1073741823:i10
1073741823,1073741823,1073741823,1073741823,1073725439,1073741823,805306367,1072586751,1073577983,1073217535,1072693247,1073741823,1073741823,1073741823,1073741823:i10
1073741823,1073741823,1073741823,1073741823,1073725439,1073741823,805306367,1073635327,1073577983,1073217279,1072693247,1073741823,1073741823,1073741823,1073741823:i10
1073741823,1073741823,1073741823,1073741823,1073725439,1073741823,805306367,1073635327,1073576959,1073217535,1072693247,1073741823,1073741823,1073741823,1073741823:i10
1073741823,1073741823,1073741823,1073741823,1073725439,1073741823,805306367,1073635071,1073577983,1073217535,1072693247,1073741823,1073741823,1073741823,1073741823:h7
1073741823,1073741823,1073741823,1073741823,1073725439,1073741567,805306367,1073635327,1073577983,1073217535,1072693247,1073741823,1073741823,1073741823,1073741823:i10
1073741823,1073741823,1073741823,1073741823,1073725439,1073741823,805306367,1073635327,1073577983,1073213439,1072693247,1073741823,1073741823,1073741823,1073741823:j11
1073741823,1073741823,1073741823,1073741823,1073725439,1073741823,805306367,1073635327,1073577983,1073217535,1072693247,1073741823,1073676287,1073741823,1073741823:i10
1073741823,1073741823,1073741823,1073741823,1073725439,1073741823,805306367,1073635327,1073577983,1073217535,1055916031,1073741823,1073741823,1073741823,1073741823:j11
1073741823,1073741823,1073741823,1073741823,1073725439,1073741823,805306367,1073635327,1073577983,1073217535,1068498943,1073741823,1073741823,1073741823,1073741823:j11
1073741823,1073741823,1073741823,1073741823,1073725439,1073741823,805306367,1073635327,1073577983,1073217535,1072693247,1073741823,1056964607,1073741823,1073741823:i10
1073741823,1073741823,1073741823,1073741823,1073725439,1073741823,805306367,1073635327,1073577983,1073217535,1072693247,1073741823,1072693247,1073741823,1073741823:i10
1073741823,1073741823,1073741823,1073741823,1073725439,1073741823,805306367,1073635327,1073577983,1073217535,1072693247,1072693247,1073741823,1073741823,1073741823:i10
1073741823,1073741823,1073741823,1073741823,1073725439,1073741823,805306367,1073635327,1073577983,1073217535,1072693247,1073725439,1073741823,1073741823,1073741823:i10
1073741823,1073741823,1073741823,1073741823,1073725439,1073741823,805306367,1069441023,1073577983,1073217535,1072693247,1073741823,1073741823,1073741823,1073741823:i10
1073741823,1073741823,1073741823,1073741823,1073725439,1073741823,805306367,1073635327,1073577983,1069023231,1072693247,1073741823,1073741823,1073741823,1073741823:i10
1073741823,1073741823,1073741823,1073741823,1073725439,1073741823,805306367,1073635327,1073577983,1072168959,1072693247,1073741823,1073741823,1073741823,1073741823:h7
1073741823,1073741823,1073741823,1073741823,1073725439,1073741823,805306367,1073635327,1073577983,1073217535,1072693247,1069547519,1073741823,1073741823,1073741823:i10
1073741823,1073741823,1073741823,1073741823,1073725439,1073741823,805306367,1073635327,1073577983,1073217535,1072693247,1073479679,1073741823,1073741823,1073741823:i10
1073741823,1073741823,1073741823,1073741823,1073725439,1073741823,805306367,1073635327,1073577983,1073217535,1072431103,1073741823,1073741823,1073741823,1073741823:g7
1073741823,1073741823,1073741823,1073741823,1073725439,1073741823,805306367,1073635327,1056800767,1073217535,1072693247,1073741823,1073741823,1073741823,1073741823:i10
1073741823,1073741823,1073741823,1073741823,1073725439,1073741823,805306367,1006526463,1073577983,1073217535,1072693247,1073741823,1073741823,1073741823,1073741823:i10
1073741823,1073741823,1073741823,1073741823,1073725439,1073741823,788529151,1073635327,1073577983,1073217535,1072693247,1073741823,1073741823,1073741823,1073741823:i10
1073741823,1073741823,1073741823,1073741823,1073725439,1073741823,738197503,1073635327,1073577983,1073217535,1072693247,1073741823,1073741823,1073741823,1073741823:i10
1073741823,1073741823,1073741823,1073741823,1056948223,1073741823,805306367,1073635327,1073577983,1073217535,1072693247,1073741823,1073741823,1073741823,1073741823:i10
1073741823,1073741823,1073741823,1073741823,1073725439,1006632959,805306367,1073635327,1073577983,1073217535,1072693247,1073741823,1073741823,1073741823,1073741823:i10
1073741823,1073741823,1073741823,1073741823,805289983,1073741823,805306367,1073635327,1073577983,1073217535,1072693247,1073741823,1073741823,1073741823,1073741823:i10
1073741823,1073741823,1073741823,1073741823,1073725439,805306367,805306367,1073635327,1073577983,1073217535,1072693247,1073741823,1073741823,1073741823,1073741823:i10
1073741823,1073741823,1073741823,1073741823,1073725439,1073741823,805306367,1073635327,805142527,1073217535,1072693247,1073741823,1073741823,1073741823,1073741823:i10
1073741823,1073741823,1073741823,1073741823,1073725439,1073741823,805306367,805199871,1073577983,1073217535,1072693247,1073741823,1073741823,1073741823,1073741823:i10
1073741823,1073741823,1073741823,1073741823,1073725439,1073741823,805306367,1073635327,1073577983,1073217535,1072689151,1073741823,1073741823,1073741823,1073741823:j11
1073741823,1073741823,1073741823,1073741823,1073725439,1073741823,804257791,1073635327,1073577983,1073217535,1072693247,1073741823,1073741823,1073741823,1073741823:i10
1073741823,1073741823,1073741823,1073741823,1073725439,1073741823,805306367,1073635327,1072529407,1073217535,1072693247,1073741823,1073741823,1073741823,1073741823:i10
1073741823,1073741823,1073741823,1073741823,1073725439,1073741823,805306367,1073635327,1073315839,1073217535,1072693247,1073741823,1073741823,1073741823,1073741823:i10
1073741823,1073741823,1073741823,1073741823,1073725439,1073741823,805306367,1073635327,1073577983,1073217535,1072627711,1073741823,1073741823,1073741823,1073741823:j11
1073741823,1073741823,1073741823,1073741823,1073725439,1073741823,805306367,1073635327,1073577983,1073151999,1072693247,1073741823,1073741823,1073741823,1073741823:h7
1073741823,1073741823,1073741823,1073741823,1073725439,1073741823,805305343,1073635327,1073577983,1073217535,1072693247,1073741823,1073741823,1073741823,1073741823:h7
1073741823,1073741823,1073741823,1073741823,1073725439,1073737727,805306367,1073635327,1073577983,1073217535,1072693247,1073741823,1073741823,1073741823,1073741823:h7
1073741823,1073741823,1073741823,1073741823,1073724415,1073741823,805306367,1073635327,1073577983,1073217535,1072693247,1073741823,1073741823,1073741823,1073741823:i10
1073741823,1073741823,1073741823,1073741823,1073721343,1073741823,805306367,1073635327,1073577983,1073217535,1072693247,1073741823,1073741823,1073741823,1073741823:i10
1073741823,1073741823,1073740799,1073741823,1073725439,1073741823,805306367,1073635327,1073577983,1073217535,1072693247,1073741823,1073741823,1073741823,1073741823:i10
1073741823,1073741823,1073741823,1073737727,1073725439,1073741823,805306367,1073635327,1073577983,1073217535,1072693247,1073741823,1073741823,1073741823,1073741823:i10
1073741823,1073741823,1073725439,1073741823,1073725439,1073741823,805306367,1073635327,1073577983,1073217535,1072693247,1073741823,1073741823,1073741823,1073741823:i10
1073741823,1073741823,1073741823,1073725439,1073725439,1073741823,805306367,1073635327,1073577983,1073217535,1072693247,1073741823,1073741823,1073741823,1073741823:i10
1073741823,1073741823,1073479679,1073741823,1073725439,1073741823,805306367,1073635327,1073577983,1073217535,1072693247,1073741823,1073741823,1073741823,1073741823:j11
1073741823,1073741823,1073741823,1073676287,1073725439,1073741823,805306367,1073635327,1073577983,1073217535,1072693247,1073741823,1073741823,1073741823,1073741823:h7
1073741823,1073741823,1073741823,1073741823,1073463295,1073741823,805306367,1073635327,1073577983,1073217535,1072693247,1073741823,1073741823,1073741823,1073741823:i10
1073741823,1073741823,1073741823,1073741823,1073659903,1073741823,805306367,1073635327,1073577983,1073217535,1072693247,1073741823,1073741823,1073741823,1073741823:i10
1073741823,1073741823,1073741823,1073741823,1073725439,1073741823,805044223,1073635327,1073577983,1073217535,1072693247,1073741823,1073741823,1073741823,1073741823:i10
1073741823,1073741823,1073741823,1073741823,1073725439,1073676287,805306367,1073635327,1073577983,1073217535,1072693247,1073741823,1073741823,1073741823,1073741823:i10
1073741823,1073741823,1073741823,1073741823,1073725439,1073741823,805306367,1073635327,1073577983,1073216511,1072693247,1073741823,1073741823,1073741823,1073741823:i10
1073741823,1073741823,1073741823,1073741823,1073725439,1073741823,805306367,1073635327,1073573887,1073217535,1072693247,1073741823,1073741823,1073741823,1073741823:i10
1073741823,1073741823,1073741823,1073741823,1073725439,1073741823,805306367,1073634303,1073577983,1073217535,1072693247,1073741823,1073741823,1073741823,1073741823:i10
1073741823,1073741823,1073741823,1073741823,1073725439,1073740799,805306367,1073635327,1073577983,1073217535,1072693247,1073741823,1073741823,1073741823,1073741823:i10
1073741823,1073741823,1073741823,1073741823,1073725439,1073741823,805302271,1073635327,1073577983,1073217535,1072693247,1073741823,1073741823,1073741823,1073741823:i10
1073741823,1073741823,1073741823,1073741823,1073725439,1073725439,805306367,1073635327,1073577983,1073217535,1072693247,1073741823,1073741823,1073741823,1073741823:i10
1073741823,1073741823,1073741823,1073741823,1073725439,1073741823,805289983,1073635327,1073577983,1073217535,1072693247,1073741823,1073741823,1073741823,1073741823:i10
1073741823,1073741823,1073741823,1073741823,1073725439,1073479679,805306367,1073635327,1073577983,1073217535,1072693247,1073741823,1073741823,1073741823,1073741823:i10
1073741823,1073741823,1073741823,1073741823,1073725439,1073741823,805240831,1073635327,1073577983,1073217535,1072693247,1073741823,1073741823,1073741823,1073741823:i10
1073741823,1073741823,1073741823,1073741823,1073725439,1073741823,805306367,1073373183,1073577983,1073217535,1072693247,1073741823,1073741823,1073741823,1073741823:i10
1073741823,1073741823,1073741823,1073741823,1073725439,1073741823,805306367,1073635327,1073577983,1073201151,1072693247,1073741823,1073741823,1073741823,1073741823:j11
1073741823,1073741823,1073741823,1073741823,1073725439,1073741823,805306367,1073700863,1073610751,1073201151,1072693247,1073741823,1073741823,1073741823,1073741823:i8
1073741823,1073741823,1073741823,1073741823,1073725439,1073741823,805306367,1073700863,1073594367,1073217535,1072693247,1073741823,1073741823,1073741823,1073741823:i8
1073741823,1073741823,1073741823,1073741823,1073725439,1073741823,805306367,1073709055,1073610751,1073217535,1073676287,1073741823,1073741823,1073741823,1073741823:g7
1073741823,1073741823,1073741823,1073741823,1073725439,1073741823,805306367,1073709055,1073610751,1073151999,1073741823,1073741823,1073741823,1073741823,1073741823:g7
1073741823,1073741823,1073741823,1073741823,1073725439,1073741823,805305343,1073709055,1073610751,1073217535,1073741823,1073741823,1073741823,1073741823,1073741823:g7
1073741823,1073741823,1073741823,1073741823,1073725439,1073737727,805306367,1073709055,1073610751,1073217535,1073741823,1073741823,1073741823,1073741823,1073741823:g7
1073741823,1073741823,1073741823,1073741823,1073724415,1073741823,805306367,1073709055,1073610751,1073217535,1073741823,1073741823,1073741823,1073741823,1073741823:g7
1073741823,1073741823,1073741823,1073741823,1073721343,1073741823,805306367,1073709055,1073610751,1073217535,1073741823,1073741823,1073741823,1073741823,1073741823:g7
1073741823,1073741823,1073740799,1073741823,1073725439,1073741823,805306367,1073709055,1073610751,1073217535,1073741823,1073741823,1073741823,1073741823,1073741823:g7
1073741823,1073741823,1073741823,1073737727,1073725439,1073741823,805306367,1073709055,1073610751,1073217535,1073741823,1073741823,1073741823,1073741823,1073741823:g7
1073741823,1073741823,1073725439,1073741823,1073725439,1073741823,805306367,1073709055,1073610751,1073217535,1073741823,1073741823,1073741823,1073741823,1073741823:g7
1073741823,1073741823,1073741823,1073725439,1073725439,1073741823,805306367,1073709055,1073610751,1073217535,1073741823,1073741823,1073741823,1073741823,1073741823:g7
1073741823,1073741823,1073479679,1073741823,1073725439,1073741823,805306367,1073709055,1073610751,1073217535,1073741823,1073741823,1073741823,1073741823,1073741823:g7
1073741823,1073741823,1073741823,1073676287,1073725439,1073741823,805306367,1073709055,1073610751,1073217535,1073741823,1073741823,1073741823,1073741823,1073741823:g7
1073741823,1073741823,1073741823,1073741823,1073463295,1073741823,805306367,1073709055,1073610751,1073217535,1073741823,1073741823,1073741823,1073741823,1073741823:g7
1073741823,1073741823,1073741823,1073741823,1073659903,1073741823,805306367,1073709055,1073610751,1073217535,1073741823,1073741823,1073741823,1073741823,1073741823:g7
1073741823,1073741823,1073741823,1073741823,1073725439,1073741823,805044223,1073709055,1073610751,1073217535,1073741823,1073741823,1073741823,1073741823,1073741823:g7
1073741823,1073741823,1073741823,1073741823,1073725439,1073676287,805306367,1073709055,1073610751,1073217535,1073741823,1073741823,1073741823,1073741823,1073741823:g7
1073741823,1073741823,1073741823,1073741823,1073725439,1073741823,805306367,1073709055,1073610751,1073216511,1073741823,1073741823,1073741823,1073741823,1073741823:g7
1073741823,1073741823,1073741823,1073741823,1073725439,1073741823,805306367,1073709055,1073606655,1073217535,1073741823,1073741823,1073741823,1073741823,1073741823:g7
1073741823,1073741823,1073741823,1073741823,1073725439,1073741823,805306367,1073708031,1073610751,1073217535,1073741823,1073741823,1073741823,1073741823,1073741823:g7
1073741823,1073741823,1073741823,1073741823,1073725439,1073741823,805306367,1073704959,1073610751,1073217535,1073741823,1073741823,1073741823,1073741823,1073741823:g7
1073741823,1073741823,1073741823,1073741823,1073725439,1073740799,805306367,1073709055,1073610751,1073217535,1073741823,1073741823,1073741823,1073741823,1073741823:k11
1073741823,1073741823,1073741823,1073741823,1073725439,1073741823,805302271,1073709055,1073610751,1073217535,1073741823,1073741823,1073741823,1073741823,1073741823:j11
1073741823,1073741823,1073741823,1073741823,1073725439,1073741823,805302271,1073709055,1073610751,1073217535,1073217535,1073741823,1073725439,1073741823,1073741823:k11
1073741823,1073741823,1073741823,1073741823,1073725439,1073741823,805302271,1073709055,1073610751,1073217535,1073217535,1073676287,1073741823,1073741823,1073741823:j9
1073741823,1073741823,1073741823,1073741823,1073725439,1073741823,805302271,1073709055,1073610751,1073217535,1073201151,1073741823,1073741823,1073741823,1073741823:j9
1073741823,1073741823,1073741823,1073741823,1073725439,1073741823,805302271,1073709055,1069416447,1073217535,1073217535,1073741823,1073741823,1073741823,1073741823:j9
1073741823,1073741823,1073741823,1073741823,1073725439,1073741823,805302271,1073709055,1073610751,1073217535,1069023231,1073741823,1073741823,1073741823,1073741823:j9
1073741823,1073741823,1073741823,1073741823,1073725439,1073741823,805302271,1073709055,1073610751,1073217535,1073217535,1073741823,1069547519,1073741823,1073741823:j9
1073741823,1073741823,1073741823,1073741823,1073725439,1073741823,805302271,1073709055,1073610751,1073217535,1073217535,1072693247,1073741823,1073741823,1073741823:k11
1073741823,1073741823,1073741823,1073741823,1073725439,1073741823,805302271,1073709055,1073610751,1073217535,1073217535,1073741823,1073479679,1073741823,1073741823:k11
1073741823,1073741823,1073741823,1073741823,1073725439,1073741823,805302271,1073709055,1073610495,1073217535,1073217535,1073741823,1073741823,1073741823,1073741823:k11
1073741823,1073741823,1073741823,1073741823,1073725439,1073741823,805302015,1073709055,1073610751,1073217535,1073217535,1073741823,1073741823,1073741823,1073741823:k11
1073741823,1073741823,1073741823,1073741823,1073725183,1073741823,805302271,1073709055,1073610751,1073217535,1073217535,1073741823,1073741823,1073741823,1073741823:k11
1073741823,1073741823,1073741823,1073741823,1073725439,1073741823,805302271,1073709055,1073610751,1073217535,1073217535,1073725439,1073741823,1073741823,1073741823:j9
1073741823,1073741823,1073741823,1073741823,1073725439,1073741823,805302271,1069514751,1073610751,1073217535,1073217535,1073741823,1073741823,1073741823,1073741823:k11
1073741823,1073741823,1073741823,1073741823,1073725439,1073741823,805302271,1073709055,1073610751,1069023231,1073217535,1073741823,1073741823,1073741823,1073741823:j9
1073741823,1073741823,1073741823,1073741823,1073725439,1073741823,805302271,1073709055,1073610751,1072168959,1073217535,1073741823,1073741823,1073741823,1073741823:k11
1073741823,1073741823,1073741823,1073741823,1073725439,1073741823,805302271,1073709055,1073610751,1073217535,1073217535,1069547519,1073741823,1073741823,1073741823:j9
1073741823,1073741823,1073741823,1073741823,1073725439,1073741823,805302271,1073709055,1073610751,1073217535,1073217535,1073479679,1073741823,1073741823,1073741823:i7
1073741823,1073741823,1073741823,1073741823,1072676863,1073741823,805171199,1073709055,1073610751,1073217535,1073217535,1073479679,1073741823,1073741823,1073741823:i10
1073741823,1073741823,1073741823,1073741823,1073725439,1073741823,805171199,1073709055,1073610751,1073217535,1073217535,1073479679,1073741823,1073725439,1073741823:i10
1073741823,1073741823,1073741823,1073741823,1073725439,1073741823,805171199,1073709055,1073610751,1073217535,1073217535,1073479679,1073676287,1073741823,1073741823:i10
1073741823,1073741823,1073741823,1073741823,1073725439,1073741823,805171199,1073709055,1073610751,1073217535,1073217535,1073479679,1073741823,1069547519,1073741823:g9
1073741823,1073741823,1073741823,1073741823,1073725439,1073741823,805171199,1073709055,1073610751,1073217535,1073217535,1073479679,1072693247,1073741823,1073741823:i10
1073741823,1073741823,1073741823,1073741823,1073725439,1073741823,805171199,1073709055,1073610751,1073217535,1073217535,1073479679,1073741823,1073479679,1073741823:i10
1073741823,1073741823,1073741823,1073741823,1073725439,1073741823,805171199,1073709055,1073610751,1073217535,1073217535,1073479679,1073725439,1073741823,1073741823:i10
1073741823,1073741823,1073741823,1073741823,1073725439,1073741823,805171199,1073709055,1073610751,1073217535,1073217535,1073414143,1073741823,1073741823,1073741823:i10
1073741823,1073741823,1073741823,1073741823,1073725439,1073741823,805171199,1073709055,1073610751,1073217535,1073201151,1073479679,1073741823,1073741823,1073741823:i10
1073741823,1073741823,1073741823,1073741823,1073725439,1073741823,805171199,1073709055,1069416447,1073217535,1073217535,1073479679,1073741823,1073741823,1073741823:g9
1073741823,1073741823,1073741823,1073741823,1073725439,1073741823,805171199,1073709055,1073610751,1073217535,1069023231,1073479679,1073741823,1073741823,1073741823:i10
1073741823,1073741823,1073741823,1073741823,1073725439,1073741823,805171199,1073709055,1073610751,1073217535,1073217535,1073479679,1069547519,1073741823,1073741823:i10
1073741823,1073741823,1073741823,1073741823,1073725439,1073741823,805171199,1073709055,1073610751,1073217535,1073217535,1072431103,1073741823,1073741823,1073741823:i10
1073741823,1073741823,1073741823,1073741823,1073725439,1073741823,805171199,1073709055,1073610751,1073217535,1073217535,1073479679,1073479679,1073741823,1073741823:i10
1073741823,1073741823,1073741823,1073741823,1073725439,1073741823,805171199,1073709055,1073610495,1073217535,1073217535,1073479679,1073741823,1073741823,1073741823:i10
1073741823,1073741823,1073741823,1073741823,1073725439,1073741823,805170943,1073709055,1073610751,1073217535,1073217535,1073479679,1073741823,1073741823,1073741823:i10
1073741823,1073741823,1073741823,1073741823,1073725183,1073741823,805171199,1073709055,1073610751,1073217535,1073217535,1073479679,1073741823,1073741823,1073741823:i10
1073741823,1073741823,1073741823,1073741823,1073725439,1073741823,805171199,1073709055,1073610751,1073217535,1073217535,1073463295,1073741823,1073741823,1073741823:i10
1073741823,1073741823,1073741823,1073741823,1073725439,1073741823,805171199,1069514751,1073610751,1073217535,1073217535,1073479679,1073741823,1073741823,1073741823:i10
1073741823,1073741823,1073741823,1073741823,1073725439,1073741823,805171199,1073709055,1073610751,1069023231,1073217535,1073479679,1073741823,1073741823,1073741823:i10
1073741823,1073741823,1073741823,1073741823,1073725439,1073741823,805171199,1073709055,1073610751,1072168959,1073217535,1073479679,1073741823,1073741823,1073741823:i10
1073741823,1073741823,1073741823,1073741823,1073725439,1073741823,805171199,1073709055,1073610751,1073217535,1073217535,1069285375,1073741823,1073741823,1073741823:i10
1073741823,1073741823,1073741823,1073741823,1073725439,1073741823,805171199,1073709055,1056833535,1073217535,1073217535,1073479679,1073741823,1073741823,1073741823:i10
1073741823,1073741823,1073741823,1073741823,1073725439,1073741823,805171199,1006600191,1073610751,1073217535,1073217535,1073479679,1073741823,1073741823,1073741823:i10
1073741823,1073741823,1073741823,1073741823,1073725439,1073741823,788393983,1073709055,1073610751,1073217535,1073217535,1073479679,1073741823,1073741823,1073741823:i10
1073741823,1073741823,1073741823,1073741823,1073725439,1073741823,738062335,1073709055,1073610751,1073217535,1073217535,1073479679,1073741823,1073741823,1073741823:i10
1073741823,1073741823,1073741823,1073741823,1056948223,1073741823,805171199,1073709055,1073610751,1073217535,1073217535,1073479679,1073741823,1073741823,1073741823:i10
1073741823,1073741823,1073741823,1073741823,1073725439,1006632959,805171199,1073709055,1073610751,1073217535,1073217535,1073479679,1073741823,1073741823,1073741823:i10
1073741823,1073741823,1073741823,1073741823,805289983,1073741823,805171199,1073709055,1073610751,1073217535,1073217535,1073479679,1073741823,1073741823,1073741823:i10
1073741823,1073741823,1073741823,1073741823,1073725439,805306367,805171199,1073709055,1073610751,1073217535,1073217535,1073479679,1073741823,1073741823,1073741823:i10
1073741823,1073741823,1073741823,1073741823,1073725439,1073741823,805171199,1073709055,805175295,1073217535,1073217535,1073479679,1073741823,1073741823,1073741823:i10
1073741823,1073741823,1073741823,1073741823,1073725439,1073741823,805171199,805273599,1073610751,1073217535,1073217535,1073479679,1073741823,1073741823,1073741823:i10
1073741823,1073741823,1073741823,1073741823,1073725439,1073741823,805171199,1073709055,1073610751,1073217535,1073213439,1073479679,1073741823,1073741823,1073741823:i10
1073741823,1073741823,1073741823,1073741823,1073725439,1073741823,804122623,1073709055,1073610751,1073217535,1073217535,1073479679,1073741823,1073741823,1073741823:i10
1073741823,1073741823,1073741823,1073741823,1073725439,1073741823,805171199,1073709055,1072562175,1073217535,1073217535,1073479679,1073741823,1073741823,1073741823:i10
1073741823,1073741823,1073741823,1073741823,1073725439,1073741823,805171199,1073709055,1073348607,1073217535,1073217535,1073479679,1073741823,1073741823,1073741823:i10
1073741823,1073741823,1073741823,1073741823,1073725439,1073741823,805171199,1073709055,1073610751,1073217535,1072168959,1073479679,1073741823,1073741823,1073741823:i10
1073741823,1073741823,1073741823,1073741823,1073725439,1073741823,805171199,1073709055,1073610751,1073217535,1073151999,1073479679,1073741823,1073741823,1073741823:g9
1073741823,1073741823,1073741823,1073741823,1073725439,1073741823,805171199,1073709055,1073610751,1073151999,1073217535,1073479679,1073741823,1073741823,1073741823:g9
1073741823,1073741823,1073741823,1073741823,1073725439,1073741823,805170175,1073709055,1073610751,1073217535,1073217535,1073479679,1073741823,1073741823,1073741823:i10
1073741823,1073741823,1073741823,1073741823,1073725439,1073737727,805171199,1073709055,1073610751,1073217535,1073217535,1073479679,1073741823,1073741823,1073741823:g9
1073741823,1073741823,1073741823,1073741823,1073724415,1073741823,805171199,1073709055,1073610751,1073217535,1073217535,1073479679,1073741823,1073741823,1073741823:i10
1073741823,1073741823,1073741823,1073741823,1073721343,1073741823,805171199,1073709055,1073610751,1073217535,1073217535,1073479679,1073741823,1073741823,1073741823:i10
1073741823,1073741823,1073740799,1073741823,1073725439,1073741823,805171199,1073709055,1073610751,1073217535,1073217535,1073479679,1073741823,1073741823,1073741823:g9
1073741823,1073741823,1073741823,1073737727,1073725439,1073741823,805171199,1073709055,1073610751,1073217535,1073217535,1073479679,1073741823,1073741823,1073741823:g9
1073741823,1073741823,1073725439,1073741823,1073725439,1073741823,805171199,1073709055,1073610751,1073217535,1073217535,1073479679,1073741823,1073741823,1073741823:i10
1073741823,1073741823,1073741823,1073725439,1073725439,1073741823,805171199,1073709055,1073610751,1073217535,1073217535,1073479679,1073741823,1073741823,1073741823:i10
1073741823,1073741823,1073479679,1073741823,1073725439,1073741823,805171199,1073709055,1073610751,1073217535,1073217535,1073479679,1073741823,1073741823,1073741823:i10
1073741823,1073741823,1073741823,1073676287,1073725439,1073741823,805171199,1073709055,1073610751,1073217535,1073217535,1073479679,1073741823,1073741823,1073741823:i10
1073741823,1073741823,1073741823,1073741823,1073463295,1073741823,805171199,1073709055,1073610751,1073217535,1073217535,1073479679,1073741823,1073741823,1073741823:i10
1073741823,1073741823,1073741823,1073741823,1073659903,1073741823,805171199,1073709055,1073610751,1073217535,1073217535,1073479679,1073741823,1073741823,1073741823:i10
1073741823,1073741823,1073741823,1073741823,1073725439,1073741823,804909055,1073709055,1073610751,1073217535,1073217535,1073479679,1073741823,1073741823,1073741823:k11
1073741823,1073741823,1073741823,1073741823,1073725439,1073676287,805171199,1073709055,1073610751,1073217535,1073217535,1073479679,1073741823,1073741823,1073741823:g9
1073741823,1073741823,1073741823,1073741823,1073725439,1073741823,805171199,1073709055,1073610751,1073216511,1073217535,1073479679,1073741823,1073741823,1073741823:i10
1073741823,1073741823,1073741823,1073741823,1073725439,1073741823,805171199,1073709055,1073606655,1073217535,1073217535,1073479679,1073741823,1073741823,1073741823:k11
1073741823,1073741823,1073741823,1073741823,1073725439,1073741823,805171199,1073708031,1073610751,1073217535,1073217535,1073479679,1073741823,1073741823,1073741823:i10
1073741823,1073741823,1073741823,1073741823,1073725439,1073741823,805171199,1073704959,1073610751,1073217535,1073217535,1073479679,1073741823,1073741823,1073741823:g9
1073741823,1073741823,1073741823,1073741823,1073725439,1073740799,805171199,1073709055,1073610751,1073217535,1073217535,1073479679,1073741823,1073741823,1073741823:i10
1073741823,1073741823,1073741823,1073741823,1073725439,1073725439,805171199,1073709055,1073610751,1073217535,1073217535,1073479679,1073741823,1073741823,1073741823:i10
1073741823,1073741823,1073741823,1073741823,1073725439,1073741823,805154815,1073709055,1073610751,1073217535,1073217535,1073479679,1073741823,1073741823,1073741823:g9
1073741823,1073741823,1073741823,1073741823,1073725439,1073479679,805171199,1073709055,1073610751,1073217535,1073217535,1073479679,1073741823,1073741823,1073741823:i10
1073741823,1073741823,1073741823,1073741823,1073725439,1073741823,805171199,1073446911,1073610751,1073217535,1073217535,1073479679,1073741823,1073741823,1073741823:i10
1073741823,1073741823,1073741823,1073741823,1073725439,1073741823,805171199,1073643519,1073610751,1073217535,1073217535,1073479679,1073741823,1073741823,1073741823:g9
1073741823,1073741823,1073741823,1073741823,1073725439,1073741823,805171199,1073709055,1073610751,1073201151,1073217535,1073479679,1073741823,1073741823,1073741823:g9
1073741823,1073741823,1073741823,1073741823,1073725439,1073741823,805171199,1073709055,1073594367,1073217535,1073217535,1073479679,1073741823,1073741823,1073741823:k11
1073741823,1073741823,1073741823,1073741823,1073725439,1073741823,805302271,1073709055,1056833535,1073217535,1073217535,1073741823,1073741823,1073741823,1073741823:k11
1073741823,1073741823,1073741823,1073741823,1073725439,1073741823,805302271,1006600191,1073610751,1073217535,1073217535,1073741823,1073741823,1073741823,1073741823:k11
1073741823,1073741823,1073741823,1073741823,1073725439,1073741823,788525055,1073709055,1073610751,1073217535,1073217535,1073741823,1073741823,1073741823,1073741823:k11
1073741823,1073741823,1073741823,1073741823,1073725439,1073741823,738193407,1073709055,1073610751,1073217535,1073217535,1073741823,1073741823,1073741823,1073741823:k11
1073741823,1073741823,1073741823,1073741823,1056948223,1073741823,805302271,1073709055,1073610751,1073217535,1073217535,1073741823,1073741823,1073741823,1073741823:k11
1073741823,1073741823,1073741823,1073741823,1073725439,1006632959,805302271,1073709055,1073610751,1073217535,1073217535,1073741823,1073741823,1073741823,1073741823:k11
1073741823,1073741823,1073741823,1073741823,805289983,1073741823,805302271,1073709055,1073610751,1073217535,1073217535,1073741823,1073741823,1073741823,1073741823:k11
1073741823,1073741823,1073741823,1073741823,1073725439,805306367,805302271,1073709055,1073610751,1073217535,1073217535,1073741823,1073741823,1073741823,1073741823:k11
1073741823,1073741823,1073741823,1073741823,1073725439,1073741823,805302271,1073709055,805175295,1073217535,1073217535,1073741823,1073741823,1073741823,1073741823:k11
1073741823,1073741823,1073741823,1073741823,1073725439,1073741823,805302271,805273599,1073610751,1073217535,1073217535,1073741823,1073741823,1073741823,1073741823:k11
1073741823,1073741823,1073741823,1073741823,1073725439,1073741823,805302271,1073709055,1073610751,1073217535,1073213439,1073741823,1073741823,1073741823,1073741823:k11
1073741823,1073741823,1073741823,1073741823,1073725439,1073741823,804253695,1073709055,1073610751,1073217535,1073217535,1073741823,1073741823,1073741823,1073741823:k11
1073741823,1073741823,1073741823,1073741823,1073725439,1073741823,805302271,1073709055,1072562175,1073217535,1073217535,1073741823,1073741823,1073741823,1073741823:k11
1073741823,1073741823,1073741823,1073741823,1073725439,1073741823,805302271,1073709055,1073348607,1073217535,1073217535,1073741823,1073741823,1073741823,1073741823:h10
1073741823,1073741823,1073741823,1073741823,1073725439,1073741823,805302271,1073709055,1073348607,1073184767,1073217535,1073740799,1073741823,1073741823,1073741823:h9
1073741823,1073741823,1073741823,1073741823,1073725439,1073741823,805302271,1073709055,1073348607,1073180671,1073217535,1073741823,1073741823,1073741823,1073741823:h11
1073741823,1073741823,1073741823,1073741823,1073725439,1073741823,801107967,1073709055,1073348607,1073184767,1073217535,1073741823,1073741823,1073741823,1073741823:h9
1073741823,1073741823,1073741823,1073741823,1073725439,1073741823,805302271,1072660479,1073348607,1073184767,1073217535,1073741823,1073741823,1073741823,1073741823:h9
1073741823,1073741823,1073741823,1073741823,1073725439,1073741823,805302271,1073709055,1073348607,1073184767,1073217535,1073741823,1073725439,1073741823,1073741823:h9
1073741823,1073741823,1073741823,1073741823,1073725439,1073741823,805302271,1073709055,1073348607,1073184767,1073217535,1073676287,1073741823,1073741823,1073741823:h9
1073741823,1073741823,1073741823,1073741823,1073725439,1073741823,805302271,1073709055,1073348607,1073184767,1073201151,1073741823,1073741823,1073741823,1073741823:j8
1073741823,1073741823,1073741823,1073741823,1073725439,1073741823,805302271,1073709055,1069154303,1073184767,1073217535,1073741823,1073741823,1073741823,1073741823:h9
1073741823,1073741823,1073741823,1073741823,1073725439,1073741823,805302271,1073709055,1073348607,1073184767,1069023231,1073741823,1073741823,1073741823,1073741823:g11
1073741823,1073741823,1073741823,1073741823,1073725439,1073741823,805302271,1073709055,1073348607,1073184767,1073217535,1073741823,1069547519,1073741823,1073741823:h9
1073741823,1073741823,1073741823,1073741823,1073725439,1073741823,805302271,1073709055,1073348607,1073184767,1073217535,1072693247,1073741823,1073741823,1073741823:h11
1073741823,1073741823,1073741823,1073741823,1073725439,1073741823,805302271,1073709055,1073348607,1073184767,1073217535,1073741823,1073479679,1073741823,1073741823:h9
1073741823,1073741823,1073741823,1073741823,1073725439,1073741823,805302271,1073709055,1073348351,1073184767,1073217535,1073741823,1073741823,1073741823,1073741823:h9
1073741823,1073741823,1073741823,1073741823,1073725439,1073741823,805302015,1073709055,1073348607,1073184767,1073217535,1073741823,1073741823,1073741823,1073741823:h11
1073741823,1073741823,1073741823,1073741823,1073725183,1073741823,805302271,1073709055,1073348607,1073184767,1073217535,1073741823,1073741823,1073741823,1073741823:h9
1073741823,1073741823,1073741823,1073741823,1073725439,1073741823,805302271,1073709055,1073348607,1073184767,1073217535,1073725439,1073741823,1073741823,1073741823:h9
1073741823,1073741823,1073741823,1073741823,1073725439,1073741823,805302271,1069514751,1073348607,1073184767,1073217535,1073741823,1073741823,1073741823,1073741823:h9
1073741823,1073741823,1073741823,1073741823,1073725439,1073741823,805302271,1073709055,1073348607,1068990463,1073217535,1073741823,1073741823,1073741823,1073741823:h9
1073741823,1073741823,1073741823,1073741823,1073725439,1073741823,805302271,1073709055,1073348607,1072136191,1073217535,1073741823,1073741823,1073741823,1073741823:h11
1073741823,1073741823,1073741823,1073741823,1073725439,1073741823,805302271,1073709055,1073348607,1073184767,1073217535,1069547519,1073741823,1073741823,1073741823:h9
1073741823,1073741823,1073741823,1073741823,1073725439,1073741823,805302271,1073709055,1073348607,1073184767,1073217535,1073479679,1073741823,1073741823,1073741823:h9
1073741823,1073741823,1073741823,1073741823,1073725439,1073741823,805302271,1073709055,1056571391,1073184767,1073217535,1073741823,1073741823,1073741823,1073741823:h9
1073741823,1073741823,1073741823,1073741823,1073725439,1073741823,805302271,1006600191,1073348607,1073184767,1073217535,1073741823,1073741823,1073741823,1073741823:h9
1073741823,1073741823,1073741823,1073741823,1073725439,1073741823,788525055,1073709055,1073348607,1073184767,1073217535,1073741823,1073741823,1073741823,1073741823:h9
1073741823,1073741823,1073741823,1073741823,1073725439,1073741823,738193407,1073709055,1073348607,1073184767,1073217535,1073741823,1073741823,1073741823,1073741823:h9
1073741823,1073741823,1073741823,1073741823,1056948223,1073741823,805302271,1073709055,1073348607,1073184767,1073217535,1073741823,1073741823,1073741823,1073741823:h9
1073741823,1073741823,1073741823,1073741823,1073725439,1006632959,805302271,1073709055,1073348607,1073184767,1073217535,1073741823,1073741823,1073741823,1073741823:h9
1073741823,1073741823,1073741823,1073741823,805289983,1073741823,805302271,1073709055,1073348607,1073184767,1073217535,1073741823,1073741823,1073741823,1073741823:h9
1073741823,1073741823,1073741823,1073741823,1073725439,805306367,805302271,1073709055,1073348607,1073184767,1073217535,1073741823,1073741823,1073741823,1073741823:h9
1073741823,1073741823,1073741823,1073741823,1073725439,1073741823,805302271,1073709055,804913151,1073184767,1073217535,1073741823,1073741823,1073741823,1073741823:h9
1073741823,1073741823,1073741823,1073741823,1073725439,1073741823,805302271,805273599,1073348607,1073184767,1073217535,1073741823,1073741823,1073741823,1073741823:h9
1073741823,1073741823,1073741823,1073741823,1073725439,1073741823,805302271,1073709055,1073348607,1073184767,1073213439,1073741823,1073741823,1073741823,1073741823:h9
1073741823,1073741823,1073741823,1073741823,1073725439,1073741823,804253695,1073709055,1073348607,1073184767,1073217535,1073741823,1073741823,1073741823,1073741823:h11
1073741823,1073741823,1073741823,1073741823,1073725439,1073741823,805302271,1073709055,1072300031,1073184767,1073217535,1073741823,1073741823,1073741823,1073741823:h9
1073741823,1073741823,1073741823,1073741823,1073725439,1073741823,805302271,1073709055,1073348607,1073184767,1072168959,1073741823,1073741823,1073741823,1073741823:h9
1073741823,1073741823,1073741823,1073741823,1073725439,1073741823,805302271,1073709055,1073348607,1073184767,1073151999,1073741823,1073741823,1073741823,1073741823:h9
1073741823,1073741823,1073741823,1073741823,1073725439,1073741823,805302271,1073709055,1073348607,1073119231,1073217535,1073741823,1073741823,1073741823,1073741823:h11
1073741823,1073741823,1073741823,1073741823,1073725439,1073741823,805301247,1073709055,1073348607,1073184767,1073217535,1073741823,1073741823,1073741823,1073741823:h11
1073741823,1073741823,1073741823,1073741823,1073725439,1073737727,805302271,1073709055,1073348607,1073184767,1073217535,1073741823,1073741823,1073741823,1073741823:h11
1073741823,1073741823,1073741823,1073741823,1073724415,1073741823,805302271,1073709055,1073348607,1073184767,1073217535,1073741823,1073741823,1073741823,1073741823:h11
1073741823,1073741823,1073741823,1073741823,1073721343,1073741823,805302271,1073709055,1073348607,1073184767,1073217535,1073741823,1073741823,1073741823,1073741823:h9
1073741823,1073741823,1073740799,1073741823,1073725439,1073741823,805302271,1073709055,1073348607,1073184767,1073217535,1073741823,1073741823,1073741823,1073741823:h9
1073741823,1073741823,1073741823,1073737727,1073725439,1073741823,805302271,1073709055,1073348607,1073184767,1073217535,1073741823,1073741823,1073741823,1073741823:h9
1073741823,1073741823,1073725439,1073741823,1073725439,1073741823,805302271,1073709055,1073348607,1073184767,1073217535,1073741823,1073741823,1073741823,1073741823:h11
1073741823,1073741823,1073741823,1073725439,1073725439,1073741823,805302271,1073709055,1073348607,1073184767,1073217535,1073741823,1073741823,1073741823,1073741823:h11
1073741823,1073741823,1073479679,1073741823,1073725439,1073741823,805302271,1073709055,1073348607,1073184767,1073217535,1073741823,1073741823,1073741823,1073741823:h9
1073741823,1073741823,1073741823,1073676287,1073725439,1073741823,805302271,1073709055,1073348607,1073184767,1073217535,1073741823,1073741823,1073741823,1073741823:h9
1073741823,1073741823,1073741823,1073741823,1073463295,1073741823,805302271,1073709055,1073348607,1073184767,1073217535,1073741823,1073741823,1073741823,1073741823:h9
1073741823,1073741823,1073741823,1073741823,1073659903,1073741823,805302271,1073709055,1073348607,1073184767,1073217535,1073741823,1073741823,1073741823,1073741823:h9
1073741823,1073741823,1073741823,1073741823,1073725439,1073741823,805040127,1073709055,1073348607,1073184767,1073217535,1073741823,1073741823,1073741823,1073741823:h11
1073741823,1073741823,1073741823,1073741823,1073725439,1073676287,805302271,1073709055,1073348607,1073184767,1073217535,1073741823,1073741823,1073741823,1073741823:h9
1073741823,1073741823,1073741823,1073741823,1073725439,1073741823,805302271,1073709055,1073348607,1073183743,1073217535,1073741823,1073741823,1073741823,1073741823:h9
1073741823,1073741823,1073741823,1073741823,1073725439,1073741823,805302271,1073709055,1073344511,1073184767,1073217535,1073741823,1073741823,1073741823,1073741823:h9
1073741823,1073741823,1073741823,1073741823,1073725439,1073741823,805302271,1073708031,1073348607,1073184767,1073217535,1073741823,1073741823,1073741823,1073741823:h9
1073741823,1073741823,1073741823,1073741823,1073725439,1073741823,805302271,1073704959,1073348607,1073184767,1073217535,1073741823,1073741823,1073741823,1073741823:h11
1073741823,1073741823,1073741823,1073741823,1073725439,1073740799,805302271,1073709055,1073348607,1073184767,1073217535,1073741823,1073741823,1073741823,1073741823:h9
1073741823,1073741823,1073741823,1073741823,1073725439,1073725439,805302271,1073709055,1073348607,1073184767,1073217535,1073741823,1073741823,1073741823,1073741823:h9
1073741823,1073741823,1073741823,1073741823,1073725439,1073741823,805285887,1073709055,1073348607,1073184767,1073217535,1073741823,1073741823,1073741823,1073741823:k11
1073741823,1073741823,1073741823,1073741823,1073725439,1073479679,805302271,1073709055,1073348607,1073184767,1073217535,1073741823,1073741823,1073741823,1073741823:h9
1073741823,1073741823,1073741823,1073741823,1073725439,1073741823,805236735,1073709055,1073348607,1073184767,1073217535,1073741823,1073741823,1073741823,1073741823:h11
1073741823,1073741823,1073741823,1073741823,1073725439,1073741823,805302271,1073446911,1073348607,1073184767,1073217535,1073741823,1073741823,1073741823,1073741823:h9
1073741823,1073741823,1073741823,1073741823,1073725439,1073741823,805302271,1073643519,1073348607,1073184767,1073217535,1073741823,1073741823,1073741823,1073741823:h11
1073741823,1073741823,1073741823,1073741823,1073725439,1073741823,805302271,1073709055,1073332223,1073184767,1073217535,1073741823,1073741823,1073741823,1073741823:k11
1073741823,1073741823,1073741823,1073741823,1073725439,1073741823,805302271,1073709055,1073610751,1073217535,1072168959,1073741823,1073741823,1073741823,1073741823:j9
1073741823,1073741823,1073741823,1073741823,1073725439,1073741823,805302271,1073709055,1073610751,1073217535,1073151999,1073741823,1073741823,1073741823,1073741823:j9
1073741823,1073741823,1073741823,1073741823,1073725439,1073741823,805302271,1073709055,1073610751,1073151999,1073217535,1073741823,1073741823,1073741823,1073741823:k11
1073741823,1073741823,1073741823,1073741823,1073725439,1073741823,805301247,1073709055,1073610751,1073217535,1073217535,1073741823,1073741823,1073741823,1073741823:k11
1073741823,1073741823,1073741823,1073741823,1073725439,1073737727,805302271,1073709055,1073610751,1073217535,1073217535,1073741823,1073741823,1073741823,1073741823:k11
1073741823,1073741823,1073741823,1073741823,1073724415,1073741823,805302271,1073709055,1073610751,1073217535,1073217535,1073741823,1073741823,1073741823,1073741823:k11
1073741823,1073741823,1073741823,1073741823,1073721343,1073741823,805302271,1073709055,1073610751,1073217535,1073217535,1073741823,1073741823,1073741823,1073741823:k11
1073741823,1073741823,1073740799,1073741823,1073725439,1073741823,805302271,1073709055,1073610751,1073217535,1073217535,1073741823,1073741823,1073741823,1073741823:k11
1073741823,1073741823,1073741823,1073737727,1073725439,1073741823,805302271,1073709055,1073610751,1073217535,1073217535,1073741823,1073741823,1073741823,1073741823:k11
1073741823,1073741823,1073725439,1073741823,1073725439,1073741823,805302271,1073709055,1073610751,1073217535,1073217535,1073741823,1073741823,1073741823,1073741823:k11
1073741823,1073741823,1073741823,1073725439,1073725439,1073741823,805302271,1073709055,1073610751,1073217535,1073217535,1073741823,1073741823,1073741823,1073741823:k11
1073741823,1073741823,1073479679,1073741823,1073725439,1073741823,805302271,1073709055,1073610751,1073217535,1073217535,1073741823,1073741823,1073741823,1073741823:k11
1073741823,1073741823,1073741823,1073676287,1073725439,1073741823,805302271,1073709055,1073610751,1073217535,1073217535,1073741823,1073741823,1073741823,1073741823:k11
1073741823,1073741823,1073741823,1073741823,1073463295,1073741823,805302271,1073709055,1073610751,1073217535,1073217535,1073741823,1073741823,1073741823,1073741823:k11
1073741823,1073741823,1073741823,1073741823,1073659903,1073741823,805302271,1073709055,1073610751,1073217535,1073217535,1073741823,1073741823,1073741823,1073741823:k11
1073741823,1073741823,1073741823,1073741823,1073725439,1073741823,805040127,1073709055,1073610751,1073217535,1073217535,1073741823,1073741823,1073741823,1073741823:k11
1073741823,1073741823,1073741823,1073741823,1073725439,1073676287,805302271,1073709055,1073610751,1073217535,1073217535,1073741823,1073741823,1073741823,1073741823:k11
1073741823,1073741823,1073741823,1073741823,1073725439,1073741823,805302271,1073709055,1073610751,1073216511,1073217535,1073741823,1073741823,1073741823,1073741823:k11
1073741823,1073741823,1073741823,1073741823,1073725439,1073741823,805302271,1073709055,1073606655,1073217535,1073217535,1073741823,1073741823,1073741823,1073741823:k11
1073741823,1073741823,1073741823,1073741823,1073725439,1073741823,805302271,1073708031,1073610751,1073217535,1073217535,1073741823,1073741823,1073741823,1073741823:k11
1073741823,1073741823,1073741823,1073741823,1073725439,1073741823,805302271,1073704959,1073610751,1073217535,1073217535,1073741823,1073741823,1073741823,1073741823:k11
1073741823,1073741823,1073741823,1073741823,1073725439,1073740799,805302271,1073709055,1073610751,1073217535,1073217535,1073741823,1073741823,1073741823,1073741823:k11
1073741823,1073741823,1073741823,1073741823,1073725439,1073725439,805302271,1073709055,1073610751,1073217535,1073217535,1073741823,1073741823,1073741823,1073741823:k11
1073741823,1073741823,1073741823,1073741823,1073725439,1073741823,805285887,1073709055,1073610751,1073217535,1073217535,1073741823,1073741823,1073741823,1073741823:k11
1073741823,1073741823,1073741823,1073741823,1073725439,1073479679,805302271,1073709055,1073610751,1073217535,1073217535,1073741823,1073741823,1073741823,1073741823:k11
1073741823,1073741823,1073741823,1073741823,1073725439,1073741823,805236735,1073709055,1073610751,1073217535,1073217535,1073741823,1073741823,1073741823,1073741823:k11
1073741823,1073741823,1073741823,1073741823,1073725439,1073741823,805302271,1073446911,1073610751,1073217535,1073217535,1073741823,1073741823,1073741823,1073741823:k11
1073741823,1073741823,1073741823,1073741823,1073725439,1073741823,805302271,1073643519,1073610751,1073217535,1073217535,1073741823,1073741823,1073741823,1073741823:k11
1073741823,1073741823,1073741823,1073741823,1073725439,1073741823,805302271,1073709055,1073610751,1073201151,1073217535,1073741823,1073741823,1073741823,1073741823:k11
1073741823,1073741823,1073741823,1073741823,1073725439,1073741823,805302271,1073709055,1073594367,1073217535,1073217535,1073741823,1073741823,1073741823,1073741823:k11
1073741823,1073741823,1073741823,1073741823,1073725439,1073725439,805306367,1073709055,1073610751,1073217535,1073741823,1073741823,1073741823,1073741823,1073741823:g7
1073741823,1073741823,1073741823,1073741823,1073725439,1073741823,805289983,1073709055,1073610751,1073217535,1073741823,1073741823,1073741823,1073741823,1073741823:g7
1073741823,1073741823,1073741823,1073741823,1073725439,1073479679,805306367,1073709055,1073610751,1073217535,1073741823,1073741823,1073741823,1073741823,1073741823:g7
1073741823,1073741823,1073741823,1073741823,1073725439,1073741823,805240831,1073709055,1073610751,1073217535,1073741823,1073741823,1073741823,1073741823,1073741823:g7
1073741823,1073741823,1073741823,1073741823,1073725439,1073741823,805306367,1073446911,1073610751,1073217535,1073741823,1073741823,1073741823,1073741823,1073741823:g7
1073741823,1073741823,1073741823,1073741823,1073725439,1073741823,805306367,1073643519,1073610751,1073217535,1073741823,1073741823,1073741823,1073741823,1073741823:g7
1073741823,1073741823,1073741823,1073741823,1073725439,1073741823,805306367,1073709055,1073610751,1073201151,1073741823,1073741823,1073741823,1073741823,1073741823:g7
1073741823,1073741823,1073741823,1073741823,1073725439,1073741823,805306367,1073709055,1073594367,1073217535,1073741823,1073741823,1073741823,1073741823,1073741823:g7
