1073741823,1073741823,1073741823,1073741823,1073725439,1073741823,1073741823,1073709055,805175295,1073741823,1073741823,1073741823,1073741823,1073741823,1073741823:j10
1073741823,1073741823,1073741823,1073741823,1073725439,1073741823,1073741823,1073709055,805175295,1073217535,1073741823,1073725439,1073741823,1073741823,1073741823:g7
1073741823,1073741823,1073741823,1073741823,1073725439,1073741823,1073741823,1069514751,805175295,1073217535,1073741823,1073741823,1073741823,1073741823,1073741823:g7
1073741823,1073741823,1073741823,1073741823,1073725439,1073741823,1073741823,1073709055,805175295,1069023231,1073741823,1073741823,1073741823,1073741823,1073741823:g7
1073741823,1073741823,1073741823,1073741823,1073725439,1073741823,1073741823,1073709055,805175295,1072168959,1073741823,1073741823,1073741823,1073741823,1073741823:g7
1073741823,1073741823,1073741823,1073741823,1073725439,1073741823,1073741823,1073709055,805175295,1073217535,1073741823,1069547519,1073741823,1073741823,1073741823:g7
1073741823,1073741823,1073741823,1073741823,1073725439,1073741823,1073741823,1073709055,805175295,1073217535,1073741823,1073479679,1073741823,1073741823,1073741823:g7
1073741823,1073741823,1073741823,1073741823,1073725439,1073741823,1073741823,1073709055,805175295,1073217535,1073479679,1073741823,1073741823,1073741823,1073741823:g7
1073741823,1073741823,1073741823,1073741823,1073725439,1073741823,1073741823,1073709055,805175295,1073217535,1056964607,1073741823,1073741823,1073741823,1073741823:g7
1073741823,1073741823,1073741823,1073741823,1073725439,1073741823,1073741823,1073709055,805175295,1006108671,1073741823,1073741823,1073741823,1073741823,1073741823:g7
1073741823,1073741823,1073741823,1073741823,1073725439,1073741823,1073741823,1073709055,788398079,1073217535,1073741823,1073741823,1073741823,1073741823,1073741823:g7
1073741823,1073741823,1073741823,1073741823,1073725439,1073741823,1073741823,1073709055,738066431,1073217535,1073741823,1073741823,1073741823,1073741823,1073741823:g7
1073741823,1073741823,1073741823,1073741823,1073725439,1073741823,1056964607,1073709055,805175295,1073217535,1073741823,1073741823,1073741823,1073741823,1073741823:g7
1073741823,1073741823,1073741823,1073741823,1073725439,1073741823,1073741823,1006600191,805175295,1073217535,1073741823,1073741823,1073741823,1073741823,1073741823:g7
1073741823,1073741823,1073741823,1073741823,1073725439,1073741823,805306367,1073709055,805175295,1073217535,1073741823,1073741823,1073741823,1073741823,1073741823:g7
1073741823,1073741823,1073741823,1073741823,1073725439,1073741823,1073741823,805273599,805175295,1073217535,1073741823,1073741823,1073741823,1073741823,1073741823:g7
1073741823,1073741823,1073741823,1073741823,1073725439,1073741823,1073741823,1073709055,805175295,1073217535,805306367,1073741823,1073741823,1073741823,1073741823:g7
1073741823,1073741823,1073741823,1073741823,1073725439,1073741823,1073741823,1073709055,805175295,804782079,1073741823,1073741823,1073741823,1073741823,1073741823:g7
1073741823,1073741823,1073741823,1073741823,1073725439,1073741823,1073741823,1073709055,805175295,1073217535,1073737727,1073741823,1073741823,1073741823,1073741823:g7
1073741823,1073741823,1073741823,1073741823,1073725439,1073741823,1072693247,1073709055,805175295,1073217535,1073741823,1073741823,1073741823,1073741823,1073741823:g7
1073741823,1073741823,1073741823,1073741823,1073725439,1073741823,1073741823,1073709055,804126719,1073217535,1073741823,1073741823,1073741823,1073741823,1073741823:g7
1073741823,1073741823,1073741823,1073741823,1073725439,1073741823,1073741823,1073709055,804913151,1073217535,1073741823,1073741823,1073741823,1073741823,1073741823:g7
1073741823,1073741823,1073741823,1073741823,1073725439,1073741823,1073741823,1073709055,805175295,1073217535,1072693247,1073741823,1073741823,1073741823,1073741823:g8
1073741823,1073741823,1073741823,1073741823,1073725439,1073741823,1073741823,1073700863,805175295,1073217279,1072693247,1073741823,1073741823,1073741823,1073741823:i8
1073741823,1073741823,1073741823,1073741823,1073725439,1073741823,1073741823,1073700863,805174271,1073217535,1072693247,1073741823,1073741823,1073741823,1073741823:i8
1073741823,1073741823,1073741823,1073741823,1073725439,1073741823,1073741823,1073700607,805175295,1073217535,1072693247,1073741823,1073741823,1073741823,1073741823:i8
1073741823,1073741823,1073741823,1073741823,1073725439,1073741567,1073741823,1073700863,805175295,1073217535,1072693247,1073741823,1073741823,1073741823,1073741823:i8
1073741823,1073741823,1073741823,1073741823,1073725439,1073741823,1073741823,1073700863,805175295,1073213439,1072693247,1073741823,1073741823,1073741823,1073741823:i8
1073741823,1073741823,1073741823,1073741823,1073725439,1073741823,1073741823,1073700863,805175295,1073217535,1072693247,1073741823,1073676287,1073741823,1073741823:i8
1073741823,1073741823,1073741823,1073741823,1073725439,1073741823,1073741823,1073700863,805175295,1073217535,1068498943,1073741823,1073741823,1073741823,1073741823:i8
1073741823,1073741823,1073741823,1073741823,1073725439,1073741823,1073741823,1073700863,805175295,1073217535,1072693247,1073741823,1056964607,1073741823,1073741823:i8
1073741823,1073741823,1073741823,1073741823,1073725439,1073741823,1073741823,1073700863,805175295,1073217535,1072693247,1073741823,1072693247,1073741823,1073741823:i8
1073741823,1073741823,1073741823,1073741823,1073725439,1073741823,1073741823,1073700863,805175295,1073217535,1072693247,1072693247,1073741823,1073741823,1073741823:i8
1073741823,1073741823,1073741823,1073741823,1073725439,1073741823,1073741823,1073700863,805175295,1073217535,1072693247,1073725439,1073741823,1073741823,1073741823:i8
1073741823,1073741823,1073741823,1073741823,1073725439,1073741823,1073741823,1069506559,805175295,1073217535,1072693247,1073741823,1073741823,1073741823,1073741823:i8
1073741823,1073741823,1073741823,1073741823,1073725439,1073741823,1073741823,1073700863,805175295,1069023231,1072693247,1073741823,1073741823,1073741823,1073741823:i8
1073741823,1073741823,1073741823,1073741823,1073725439,1073741823,1073741823,1073700863,805175295,1072168959,1072693247,1073741823,1073741823,1073741823,1073741823:i8
1073741823,1073741823,1073741823,1073741823,1073725439,1073741823,1073741823,1073700863,805175295,1073217535,1072693247,1069547519,1073741823,1073741823,1073741823:i8
1073741823,1073741823,1073741823,1073741823,1073725439,1073741823,1073741823,1073700863,805175295,1073217535,1072693247,1073479679,1073741823,1073741823,1073741823:i8
1073741823,1073741823,1073741823,1073741823,1073725439,1073741823,1073741823,1073700863,805175295,1073217535,1072431103,1073741823,1073741823,1073741823,1073741823:i8
1073741823,1073741823,1073741823,1073741823,1073725439,1073741823,1073741823,1073700863,805175295,1073217535,1055916031,1073741823,1073741823,1073741823,1073741823:i8
1073741823,1073741823,1073741823,1073741823,1073725439,1073741823,1073741823,1073700863,805175295,1006108671,1072693247,1073741823,1073741823,1073741823,1073741823:i8
1073741823,1073741823,1073741823,1073741823,1073725439,1073741823,1073741823,1073700863,788398079,1073217535,1072693247,1073741823,1073741823,1073741823,1073741823:i8
1073741823,1073741823,1073741823,1073741823,1073725439,1073741823,1073741823,1073700863,738066431,1073217535,1072693247,1073741823,1073741823,1073741823,1073741823:i8
1073741823,1073741823,1073741823,1073741823,1073725439,1073741823,1056964607,1073700863,805175295,1073217535,1072693247,1073741823,1073741823,1073741823,1073741823:i8
1073741823,1073741823,1073741823,1073741823,1073725439,1073741823,1073741823,1006591999,805175295,1073217535,1072693247,1073741823,1073741823,1073741823,1073741823:i8
1073741823,1073741823,1073741823,1073741823,1073725439,1073741823,805306367,1073700863,805175295,1073217535,1072693247,1073741823,1073741823,1073741823,1073741823:i8
1073741823,1073741823,1073741823,1073741823,1073725439,1073741823,1073741823,805265407,805175295,1073217535,1072693247,1073741823,1073741823,1073741823,1073741823:i8
1073741823,1073741823,1073741823,1073741823,1073725439,1073741823,1073741823,1073700863,805175295,1073217535,804257791,1073741823,1073741823,1073741823,1073741823:i8
1073741823,1073741823,1073741823,1073741823,1073725439,1073741823,1073741823,1073700863,805175295,804782079,1072693247,1073741823,1073741823,1073741823,1073741823:i8
1073741823,1073741823,1073741823,1073741823,1073725439,1073741823,1073741823,1073700863,805175295,1073217535,1072689151,1073741823,1073741823,1073741823,1073741823:i8
1073741823,1073741823,1073741823,1073741823,1073725439,1073741823,1072693247,1073700863,805175295,1073217535,1072693247,1073741823,1073741823,1073741823,1073741823:i8
1073741823,1073741823,1073741823,1073741823,1073725439,1073741823,1073741823,1073700863,804126719,1073217535,1072693247,1073741823,1073741823,1073741823,1073741823:i8
1073741823,1073741823,1073741823,1073741823,1073725439,1073741823,1073741823,1073700863,804913151,1073217535,1072693247,1073741823,1073741823,1073741823,1073741823:i8
1073741823,1073741823,1073741823,1073741823,1073725439,1073741823,1073741823,1073700863,805175295,1073217535,1072627711,1073741823,1073741823,1073741823,1073741823:i8
1073741823,1073741823,1073741823,1073741823,1073725439,1073741823,1073741823,1073700863,805175295,1073151999,1072693247,1073741823,1073741823,1073741823,1073741823:g7
1073741823,1073741823,1073741823,1073741823,1073725439,1073741823,1073740799,1073700863,805175295,1073217535,1072693247,1073741823,1073741823,1073741823,1073741823:i8
1073741823,1073741823,1073741823,1073741823,1073725439,1072693247,1073740799,1073569791,805175295,1073217535,1072693247,1073741823,1073741823,1073741823,1073741823:f8
1073741823,1073741823,1073741823,1073741823,1073725439,1073741823,1073740799,1072521215,805175295,1073217535,1072693247,1073741823,1073741823,1073741823,1073741823:f8
1073741823,1073741823,1073741823,1073741823,1073725439,1073741823,1073740799,1073569791,805175231,1073217535,1072693247,1073741823,1073741823,1073741823,1073741823:f8
1073741823,1073741823,1073741823,1073741823,1073725439,1073741823,1073740735,1073569791,805175295,1073217535,1072693247,1073741823,1073741823,1073741823,1073741823:f8
1073741823,1073741823,1073741823,1073741823,1073725439,1073741823,1073740543,1073569791,805175295,1073217535,1072693247,1073741823,1073741823,1073741823,1073741823:f8
1073741823,1073741823,1073741823,1073741823,1073725375,1073741823,1073740799,1073569791,805175295,1073217535,1072693247,1073741823,1073741823,1073741823,1073741823:f8
1073741823,1073741823,1073741823,1073741823,1073725439,1073741823,1073740799,1073569791,805175295,1073217279,1072693247,1073741823,1073741823,1073741823,1073741823:f8
1073741823,1073741823,1073741823,1073741823,1073725439,1073741823,1073740799,1073569791,805174271,1073217535,1072693247,1073741823,1073741823,1073741823,1073741823:f8
1073741823,1073741823,1073741823,1073741823,1073725439,1073741823,1073740799,1073569535,805175295,1073217535,1072693247,1073741823,1073741823,1073741823,1073741823:j8
1073741823,1073741823,1073741823,1073741823,1073725439,1073741567,1073740799,1073569791,805175295,1073217535,1072693247,1073741823,1073741823,1073741823,1073741823:f8
1073741823,1073741823,1073741823,1073741823,1073725439,1073741823,1073740799,1073569791,805175295,1073213439,1072693247,1073741823,1073741823,1073741823,1073741823:f8
1073741823,1073741823,1073741823,1073741823,1073725439,1073741823,1073740799,1073569791,805175295,1073217535,1072693247,1073741823,1073676287,1073741823,1073741823:f8
1073741823,1073741823,1073741823,1073741823,1073725439,1073741823,1073740799,1073569791,805175295,1073217535,1068498943,1073741823,1073741823,1073741823,1073741823:f8
1073741823,1073741823,1073741823,1073741823,1073725439,1073741823,1073740799,1073569791,805175295,1073217535,1072693247,1073741823,1056964607,1073741823,1073741823:f8
1073741823,1073741823,1073741823,1073741823,1073725439,1073741823,1073740799,1073569791,805175295,1073217535,1072693247,1073741823,1072693247,1073741823,1073741823:f8
1073741823,1073741823,1073741823,1073741823,1073725439,1073741823,1073740799,1073569791,805175295,1073217535,1072693247,1072693247,1073741823,1073741823,1073741823:f8
1073741823,1073741823,1073741823,1073741823,1073725439,1073741823,1073740799,1073569791,805175295,1073217535,1072693247,1073725439,1073741823,1073741823,1073741823:f8
1073741823,1073741823,1073741823,1073741823,1073725439,1073741823,1073740799,1069375487,805175295,1073217535,1072693247,1073741823,1073741823,1073741823,1073741823:f8
1073741823,1073741823,1073741823,1073741823,1073725439,1073741823,1073740799,1073569791,805175295,1069023231,1072693247,1073741823,1073741823,1073741823,1073741823:f8
1073741823,1073741823,1073741823,1073741823,1073725439,1073741823,1073740799,1073569791,805175295,1072168959,1072693247,1073741823,1073741823,1073741823,1073741823:f8
1073741823,1073741823,1073741823,1073741823,1073725439,1073741823,1073740799,1073569791,805175295,1073217535,1072693247,1069547519,1073741823,1073741823,1073741823:f8
1073741823,1073741823,1073741823,1073741823,1073725439,1073741823,1073740799,1073569791,805175295,1073217535,1072693247,1073479679,1073741823,1073741823,1073741823:f8
1073741823,1073741823,1073741823,1073741823,1073725439,1073741823,1073740799,1073569791,805175295,1073217535,1072431103,1073741823,1073741823,1073741823,1073741823:f8
1073741823,1073741823,1073741823,1073741823,1073725439,1073741823,1073740799,1073569791,805175295,1073217535,1055916031,1073741823,1073741823,1073741823,1073741823:f8
1073741823,1073741823,1073741823,1073741823,1073725439,1073741823,1073740799,1073569791,805175295,1006108671,1072693247,1073741823,1073741823,1073741823,1073741823:f8
1073741823,1073741823,1073741823,1073741823,1073725439,1073741823,1073740799,1073569791,788398079,1073217535,1072693247,1073741823,1073741823,1073741823,1073741823:f8
1073741823,1073741823,1073741823,1073741823,1073725439,1073741823,1073740799,1073569791,738066431,1073217535,1072693247,1073741823,1073741823,1073741823,1073741823:f8
1073741823,1073741823,1073741823,1073741823,1073725439,1073741823,1056963583,1073569791,805175295,1073217535,1072693247,1073741823,1073741823,1073741823,1073741823:f8
1073741823,1073741823,1073741823,1073741823,1073725439,1073741823,1073740799,1006460927,805175295,1073217535,1072693247,1073741823,1073741823,1073741823,1073741823:f8
1073741823,1073741823,1073741823,1073741823,1073725439,1073741823,805305343,1073569791,805175295,1073217535,1072693247,1073741823,1073741823,1073741823,1073741823:f8
1073741823,1073741823,1073741823,1073741823,1073725439,1073741823,1073740799,805134335,805175295,1073217535,1072693247,1073741823,1073741823,1073741823,1073741823:f8
1073741823,1073741823,1073741823,1073741823,1073725439,1073741823,1073740799,1073569791,805175295,1073217535,804257791,1073741823,1073741823,1073741823,1073741823:f8
1073741823,1073741823,1073741823,1073741823,1073725439,1073741823,1073740799,1073569791,805175295,804782079,1072693247,1073741823,1073741823,1073741823,1073741823:f8
1073741823,1073741823,1073741823,1073741823,1073725439,1073741823,1073740799,1073569791,805175295,1073217535,1072689151,1073741823,1073741823,1073741823,1073741823:f8
1073741823,1073741823,1073741823,1073741823,1073725439,1073741823,1072692223,1073569791,805175295,1073217535,1072693247,1073741823,1073741823,1073741823,1073741823:f8
1073741823,1073741823,1073741823,1073741823,1073725439,1073741823,1073740799,1073569791,804126719,1073217535,1072693247,1073741823,1073741823,1073741823,1073741823:f8
1073741823,1073741823,1073741823,1073741823,1073725439,1073741823,1073740799,1073569791,804913151,1073217535,1072693247,1073741823,1073741823,1073741823,1073741823:f8
1073741823,1073741823,1073741823,1073741823,1073725439,1073741823,1073740799,1073569791,805175295,1073217535,1072627711,1073741823,1073741823,1073741823,1073741823:f8
1073741823,1073741823,1073741823,1073741823,1073725439,1073741823,1073740799,1073569791,805175295,1073151999,1072693247,1073741823,1073741823,1073741823,1073741823:f8
1073741823,1073741823,1073741823,1073741823,1073725439,1073737727,1073740799,1073569791,805175295,1073217535,1072693247,1073741823,1073741823,1073741823,1073741823:f8
1073741823,1073741823,1073741823,1073741823,1073724415,1073741823,1073740799,1073569791,805175295,1073217535,1072693247,1073741823,1073741823,1073741823,1073741823:f8
1073741823,1073741823,1073741823,1073741823,1073721343,1073741823,1073740799,1073569791,805175295,1073217535,1072693247,1073741823,1073741823,1073741823,1073741823:f8
1073741823,1073741823,1073740799,1073741823,1073725439,1073741823,1073740799,1073569791,805175295,1073217535,1072693247,1073741823,1073741823,1073741823,1073741823:f8
1073741823,1073741823,1073741823,1073737727,1073725439,1073741823,1073740799,1073569791,805175295,1073217535,1072693247,1073741823,1073741823,1073741823,1073741823:f8
1073741823,1073741823,1073725439,1073741823,1073725439,1073741823,1073740799,1073569791,805175295,1073217535,1072693247,1073741823,1073741823,1073741823,1073741823:f8
1073741823,1073741823,1073741823,1073725439,1073725439,1073741823,1073740799,1073569791,805175295,1073217535,1072693247,1073741823,1073741823,1073741823,1073741823:f8
1073741823,1073741823,1073479679,1073741823,1073725439,1073741823,1073740799,1073569791,805175295,1073217535,1072693247,1073741823,1073741823,1073741823,1073741823:f8
1073741823,1073741823,1073741823,1073676287,1073725439,1073741823,1073740799,1073569791,805175295,1073217535,1072693247,1073741823,1073741823,1073741823,1073741823:f8
1073741823,1073741823,1073741823,1073741823,1073463295,1073741823,1073740799,1073569791,805175295,1073217535,1072693247,1073741823,1073741823,1073741823,1073741823:f8
1073741823,1073741823,1073741823,1073741823,1073659903,1073741823,1073740799,1073569791,805175295,1073217535,1072693247,1073741823,1073741823,1073741823,1073741823:f8
1073741823,1073741823,1073741823,1073741823,1073725439,1073741823,1073478655,1073569791,805175295,1073217535,1072693247,1073741823,1073741823,1073741823,1073741823:f8
1073741823,1073741823,1073741823,1073741823,1073725439,1073676287,1073740799,1073569791,805175295,1073217535,1072693247,1073741823,1073741823,1073741823,1073741823:f8
1073741823,1073741823,1073741823,1073741823,1073725439,1073741823,1073740799,1073569791,805175295,1073216511,1072693247,1073741823,1073741823,1073741823,1073741823:f8
1073741823,1073741823,1073741823,1073741823,1073725439,1073741823,1073740799,1073569791,805171199,1073217535,1072693247,1073741823,1073741823,1073741823,1073741823:f8
1073741823,1073741823,1073741823,1073741823,1073725439,1073741823,1073740799,1073568767,805175295,1073217535,1072693247,1073741823,1073741823,1073741823,1073741823:j8
1073741823,1073741823,1073741823,1073741823,1073725439,1073740799,1073740799,1073569791,805175295,1073217535,1072693247,1073741823,1073741823,1073741823,1073741823:f8
1073741823,1073741823,1073741823,1073741823,1073725439,1073741823,1073736703,1073569791,805175295,1073217535,1072693247,1073741823,1073741823,1073741823,1073741823:f8
1073741823,1073741823,1073741823,1073741823,1073725439,1073725439,1073740799,1073569791,805175295,1073217535,1072693247,1073741823,1073741823,1073741823,1073741823:f8
1073741823,1073741823,1073741823,1073741823,1073725439,1073741823,1073724415,1073569791,805175295,1073217535,1072693247,1073741823,1073741823,1073741823,1073741823:f8
1073741823,1073741823,1073741823,1073741823,1073725439,1073479679,1073740799,1073569791,805175295,1073217535,1072693247,1073741823,1073741823,1073741823,1073741823:f8
1073741823,1073741823,1073741823,1073741823,1073725439,1073741823,1073675263,1073569791,805175295,1073217535,1072693247,1073741823,1073741823,1073741823,1073741823:f8
1073741823,1073741823,1073741823,1073741823,1073725439,1073741823,1073740799,1073307647,805175295,1073217535,1072693247,1073741823,1073741823,1073741823,1073741823:i7
1073741823,1073741823,1073741823,1073741823,1073725439,1073741823,1073740799,1073569791,805175295,1073201151,1072693247,1073741823,1073741823,1073741823,1073741823:f8
1073741823,1073741823,1073741823,1073741823,1073725439,1073741823,1073740799,1073569791,805158911,1073217535,1072693247,1073741823,1073741823,1073741823,1073741823:f8
1073741823,1073741823,1073741823,1073741823,1073725439,1073737727,1073741823,1073700863,805175295,1073217535,1072693247,1073741823,1073741823,1073741823,1073741823:i8
1073741823,1073741823,1073741823,1073741823,1073724415,1073741823,1073741823,1073700863,805175295,1073217535,1072693247,1073741823,1073741823,1073741823,1073741823:i8
1073741823,1073741823,1073741823,1073741823,1073721343,1073741823,1073741823,1073700863,805175295,1073217535,1072693247,1073741823,1073741823,1073741823,1073741823:i8
1073741823,1073741823,1073740799,1073741823,1073725439,1073741823,1073741823,1073700863,805175295,1073217535,1072693247,1073741823,1073741823,1073741823,1073741823:i8
1073741823,1073741823,1073741823,1073737727,1073725439,1073741823,1073741823,1073700863,805175295,1073217535,1072693247,1073741823,1073741823,1073741823,1073741823:i8
1073741823,1073741823,1073725439,1073741823,1073725439,1073741823,1073741823,1073700863,805175295,1073217535,1072693247,1073741823,1073741823,1073741823,1073741823:i8
1073741823,1073741823,1073741823,1073725439,1073725439,1073741823,1073741823,1073700863,805175295,1073217535,1072693247,1073741823,1073741823,1073741823,1073741823:i8
1073741823,1073741823,1073479679,1073741823,1073725439,1073741823,1073741823,1073700863,805175295,1073217535,1072693247,1073741823,1073741823,1073741823,1073741823:i8
1073741823,1073741823,1073741823,1073676287,1073725439,1073741823,1073741823,1073700863,805175295,1073217535,1072693247,1073741823,1073741823,1073741823,1073741823:i8
1073741823,1073741823,1073741823,1073741823,1073463295,1073741823,1073741823,1073700863,805175295,1073217535,1072693247,1073741823,1073741823,1073741823,1073741823:i8
1073741823,1073741823,1073741823,1073741823,1073659903,1073741823,1073741823,1073700863,805175295,1073217535,1072693247,1073741823,1073741823,1073741823,1073741823:i8
1073741823,1073741823,1073741823,1073741823,1073725439,1073741823,1073479679,1073700863,805175295,1073217535,1072693247,1073741823,1073741823,1073741823,1073741823:i8
1073741823,1073741823,1073741823,1073741823,1073725439,1073676287,1073741823,1073700863,805175295,1073217535,1072693247,1073741823,1073741823,1073741823,1073741823:i8
1073741823,1073741823,1073741823,1073741823,1073725439,1073741823,1073741823,1073700863,805175295,1073216511,1072693247,1073741823,1073741823,1073741823,1073741823:i8
1073741823,1073741823,1073741823,1073741823,1073725439,1073741823,1073741823,1073700863,805171199,1073217535,1072693247,1073741823,1073741823,1073741823,1073741823:i8
1073741823,1073741823,1073741823,1073741823,1073725439,1073741823,1073741823,1073699839,805175295,1073217535,1072693247,1073741823,1073741823,1073741823,1073741823:h7
1073741823,1073741823,1073741823,1073741823,1073725439,1073741823,1073709055,1073699839,805175295,1073217471,1072693247,1073741823,1073741823,1073741823,1073741823:i6
1073741823,1073741823,1073741823,1073741823,1073725439,1073741823,1073709055,1073699839,805175039,1073217535,1072693247,1073741823,1073741823,1073741823,1073741823:i6
1073741823,1073741823,1073741823,1073741823,1073725439,1073741823,1073709055,1073699775,805175295,1073217535,1072693247,1073741823,1073741823,1073741823,1073741823:h9
1073741823,1073741823,1073741823,1073741823,1073725439,1073741759,1073709055,1073699839,805175295,1073217535,1072693247,1073741823,1073741823,1073741823,1073741823:h9
1073741823,1073741823,1073741823,1073741823,1073725439,1073741823,1073708799,1073699839,805175295,1073217535,1072693247,1073741823,1073741823,1073741823,1073741823:h9
1073741823,1073741823,1073741823,1073741823,1073725439,1073741823,1073709055,1073699839,805175295,1073217279,1072693247,1073741823,1073741823,1073741823,1073741823:h9
1073741823,1073741823,1073741823,1073741823,1073725439,1073741823,1073709055,1073699839,805174271,1073217535,1072693247,1073741823,1073741823,1073741823,1073741823:h9
1073741823,1073741823,1073741823,1073741823,1073725439,1073741823,1073709055,1073699583,805175295,1073217535,1072693247,1073741823,1073741823,1073741823,1073741823:h9
1073741823,1073741823,1073741823,1073741823,1073725439,1073741567,1073709055,1073699839,805175295,1073217535,1072693247,1073741823,1073741823,1073741823,1073741823:h9
1073741823,1073741823,1073741823,1073741823,1073725439,1073741823,1073709055,1073699839,805175295,1073213439,1072693247,1073741823,1073741823,1073741823,1073741823:h9
1073741823,1073741823,1073741823,1073741823,1073725439,1073741823,1073709055,1073699839,805175295,1073217535,1072693247,1073741823,1073676287,1073741823,1073741823:h9
1073741823,1073741823,1073741823,1073741823,1073725439,1073741823,1073709055,1073699839,805175295,1073217535,1068498943,1073741823,1073741823,1073741823,1073741823:h9
1073741823,1073741823,1073741823,1073741823,1073725439,1073741823,1073709055,1073699839,805175295,1073217535,1072693247,1073741823,1056964607,1073741823,1073741823:h9
1073741823,1073741823,1073741823,1073741823,1073725439,1073741823,1073709055,1073699839,805175295,1073217535,1072693247,1073741823,1072693247,1073741823,1073741823:h9
1073741823,1073741823,1073741823,1073741823,1073725439,1073741823,1073709055,1073699839,805175295,1073217535,1072693247,1072693247,1073741823,1073741823,1073741823:h9
1073741823,1073741823,1073741823,1073741823,1073725439,1073741823,1073709055,1073699839,805175295,1073217535,1072693247,1073725439,1073741823,1073741823,1073741823:h10
1073741823,1073741823,1073741823,1073741823,1073725439,1073741823,1073709055,1069505535,805175295,1073217535,1072693247,1073741823,1073741823,1073741823,1073741823:h9
1073741823,1073741823,1073741823,1073741823,1073725439,1073741823,1073709055,1073699839,805175295,1069023231,1072693247,1073741823,1073741823,1073741823,1073741823:h9
1073741823,1073741823,1073741823,1073741823,1073725439,1073741823,1073709055,1073699839,805175295,1072168959,1072693247,1073741823,1073741823,1073741823,1073741823:h9
1073741823,1073741823,1073741823,1073741823,1073725439,1073741823,1073709055,1073699839,805175295,1073217535,1072693247,1069547519,1073741823,1073741823,1073741823:h9
1073741823,1073741823,1073741823,1073741823,1073725439,1073741823,1073709055,1073699839,805175295,1073217535,1072693247,1073479679,1073741823,1073741823,1073741823:h9
1073741823,1073741823,1073741823,1073741823,1073725439,1073741823,1073709055,1073699839,805175295,1073217535,1072431103,1073741823,1073741823,1073741823,1073741823:i6
1073741823,1073741823,1073741823,1073741823,1073725439,1073741823,1073709055,1073699839,805175295,1073217535,1055916031,1073741823,1073741823,1073741823,1073741823:h9
1073741823,1073741823,1073741823,1073741823,1073725439,1073741823,1073709055,1073699839,805175295,1006108671,1072693247,1073741823,1073741823,1073741823,1073741823:h9
1073741823,1073741823,1073741823,1073741823,1073725439,1073741823,1073709055,1073699839,788398079,1073217535,1072693247,1073741823,1073741823,1073741823,1073741823:h9
1073741823,1073741823,1073741823,1073741823,1073725439,1073741823,1073709055,1073699839,738066431,1073217535,1072693247,1073741823,1073741823,1073741823,1073741823:h9
1073741823,1073741823,1073741823,1073741823,1073725439,1073741823,1056931839,1073699839,805175295,1073217535,1072693247,1073741823,1073741823,1073741823,1073741823:h9
1073741823,1073741823,1073741823,1073741823,1073725439,1073741823,1073709055,1006590975,805175295,1073217535,1072693247,1073741823,1073741823,1073741823,1073741823:h9
1073741823,1073741823,1073741823,1073741823,1073725439,1073741823,805273599,1073699839,805175295,1073217535,1072693247,1073741823,1073741823,1073741823,1073741823:h9
1073741823,1073741823,1073741823,1073741823,1073725439,1073741823,1073709055,805264383,805175295,1073217535,1072693247,1073741823,1073741823,1073741823,1073741823:h9
1073741823,1073741823,1073741823,1073741823,1073725439,1073741823,1073709055,1073699839,805175295,1073217535,804257791,1073741823,1073741823,1073741823,1073741823:h9
1073741823,1073741823,1073741823,1073741823,1073725439,1073741823,1073709055,1073699839,805175295,804782079,1072693247,1073741823,1073741823,1073741823,1073741823:h9
1073741823,1073741823,1073741823,1073741823,1073725439,1073741823,1073709055,1073699839,805175295,1073217535,1072689151,1073741823,1073741823,1073741823,1073741823:h9
1073741823,1073741823,1073741823,1073741823,1073725439,1073741823,1072660479,1073699839,805175295,1073217535,1072693247,1073741823,1073741823,1073741823,1073741823:h9
1073741823,1073741823,1073741823,1073741823,1073725439,1073741823,1073709055,1073699839,804126719,1073217535,1072693247,1073741823,1073741823,1073741823,1073741823:h9
1073741823,1073741823,1073741823,1073741823,1073725439,1073741823,1073709055,1073699839,804913151,1073217535,1072693247,1073741823,1073741823,1073741823,1073741823:h9
1073741823,1073741823,1073741823,1073741823,1073725439,1073741823,1073709055,1073699839,805175295,1073217535,1072627711,1073741823,1073741823,1073741823,1073741823:h10
1073741823,1073741823,1073741823,1073741823,1073725439,1073741823,1073709055,1073699839,805175295,1073151999,1072693247,1073741823,1073741823,1073741823,1073741823:h9
1073741823,1073741823,1073741823,1073741823,1073725439,1073741823,1073708031,1073699839,805175295,1073217535,1072693247,1073741823,1073741823,1073741823,1073741823:h9
1073741823,1073741823,1073741823,1073741823,1073725439,1073737727,1073709055,1073699839,805175295,1073217535,1072693247,1073741823,1073741823,1073741823,1073741823:h9
1073741823,1073741823,1073741823,1073741823,1073724415,1073741823,1073709055,1073699839,805175295,1073217535,1072693247,1073741823,1073741823,1073741823,1073741823:h9
1073741823,1073741823,1073741823,1073741823,1073721343,1073741823,1073709055,1073699839,805175295,1073217535,1072693247,1073741823,1073741823,1073741823,1073741823:h9
1073741823,1073741823,1073740799,1073741823,1073725439,1073741823,1073709055,1073699839,805175295,1073217535,1072693247,1073741823,1073741823,1073741823,1073741823:h9
1073741823,1073741823,1073741823,1073737727,1073725439,1073741823,1073709055,1073699839,805175295,1073217535,1072693247,1073741823,1073741823,1073741823,1073741823:h9
1073741823,1073741823,1073725439,1073741823,1073725439,1073741823,1073709055,1073699839,805175295,1073217535,1072693247,1073741823,1073741823,1073741823,1073741823:h9
1073741823,1073741823,1073741823,1073725439,1073725439,1073741823,1073709055,1073699839,805175295,1073217535,1072693247,1073741823,1073741823,1073741823,1073741823:h9
1073741823,1073741823,1073479679,1073741823,1073725439,1073741823,1073709055,1073699839,805175295,1073217535,1072693247,1073741823,1073741823,1073741823,1073741823:h9
1073741823,1073741823,1073741823,1073676287,1073725439,1073741823,1073709055,1073699839,805175295,1073217535,1072693247,1073741823,1073741823,1073741823,1073741823:h9
1073741823,1073741823,1073741823,1073741823,1073463295,1073741823,1073709055,1073699839,805175295,1073217535,1072693247,1073741823,1073741823,1073741823,1073741823:h9
1073741823,1073741823,1073741823,1073741823,1073659903,1073741823,1073709055,1073699839,805175295,1073217535,1072693247,1073741823,1073741823,1073741823,1073741823:f9
1073741823,1073741823,1073741823,1073741823,1073725439,1073741823,1073446911,1073699839,805175295,1073217535,1072693247,1073741823,1073741823,1073741823,1073741823:h9
1073741823,1073741823,1073741823,1073741823,1073725439,1073676287,1073709055,1073699839,805175295,1073217535,1072693247,1073741823,1073741823,1073741823,1073741823:h9
1073741823,1073741823,1073741823,1073741823,1073725439,1073741823,1073709055,1073699839,805175295,1073216511,1072693247,1073741823,1073741823,1073741823,1073741823:h9
1073741823,1073741823,1073741823,1073741823,1073725439,1073741823,1073709055,1073699839,805171199,1073217535,1072693247,1073741823,1073741823,1073741823,1073741823:h10
1073741823,1073741823,1073741823,1073741823,1073725439,1073740799,1073709055,1073699839,805175295,1073217535,1072693247,1073741823,1073741823,1073741823,1073741823:h9
1073741823,1073741823,1073741823,1073741823,1073725439,1073741823,1073704959,1073699839,805175295,1073217535,1072693247,1073741823,1073741823,1073741823,1073741823:f9
1073741823,1073741823,1073741823,1073741823,1073725439,1073725439,1073709055,1073699839,805175295,1073217535,1072693247,1073741823,1073741823,1073741823,1073741823:i6
1073741823,1073741823,1073741823,1073741823,1073725439,1073479679,1073709055,1073699839,805175295,1073217535,1072693247,1073741823,1073741823,1073741823,1073741823:h9
1073741823,1073741823,1073741823,1073741823,1073725439,1073741823,1073643519,1073699839,805175295,1073217535,1072693247,1073741823,1073741823,1073741823,1073741823:h9
1073741823,1073741823,1073741823,1073741823,1073725439,1073741823,1073709055,1073437695,805175295,1073217535,1072693247,1073741823,1073741823,1073741823,1073741823:h9
1073741823,1073741823,1073741823,1073741823,1073725439,1073741823,1073709055,1073634303,805175295,1073217535,1072693247,1073741823,1073741823,1073741823,1073741823:h9
1073741823,1073741823,1073741823,1073741823,1073725439,1073741823,1073709055,1073699839,805175295,1073201151,1072693247,1073741823,1073741823,1073741823,1073741823:i6
1073741823,1073741823,1073741823,1073741823,1073725439,1073741823,1073709055,1073699839,805158911,1073217535,1072693247,1073741823,1073741823,1073741823,1073741823:i6
1073741823,1073741823,1073741823,1073741823,1073725439,1073740799,1073741823,1073700863,805175295,1073217535,1072693247,1073741823,1073741823,1073741823,1073741823:i8
1073741823,1073741823,1073741823,1073741823,1073725439,1073741823,1073737727,1073700863,805175295,1073217535,1072693247,1073741823,1073741823,1073741823,1073741823:i8
1073741823,1073741823,1073741823,1073741823,1073725439,1073725439,1073741823,1073700863,805175295,1073217535,1072693247,1073741823,1073741823,1073741823,1073741823:i8
1073741823,1073741823,1073741823,1073741823,1073725439,1073741823,1073725439,1073700863,805175295,1073217535,1072693247,1073741823,1073741823,1073741823,1073741823:i8
1073741823,1073741823,1073741823,1073741823,1073725439,1073479679,1073741823,1073700863,805175295,1073217535,1072693247,1073741823,1073741823,1073741823,1073741823:i8
1073741823,1073741823,1073741823,1073741823,1073725439,1073741823,1073676287,1073700863,805175295,1073217535,1072693247,1073741823,1073741823,1073741823,1073741823:g7
1073741823,1073741823,1073741823,1073741823,1073725439,1073741823,1073741823,1073438719,805175295,1073217535,1072693247,1073741823,1073741823,1073741823,1073741823:g7
1073741823,1073741823,1073741823,1073741823,1073725439,1073741823,1073741823,1073635327,805175295,1073217535,1072693247,1073741823,1073741823,1073741823,1073741823:h9
1073741823,1073741823,1073741823,1073741823,1073725439,1073741823,1073741823,1073635327,805142527,1073217535,1072692223,1073741823,1073741823,1073741823,1073741823:i10
1073741823,1073741823,1073741823,1073741823,1073725439,1073741823,1073741823,1073635327,805142527,1073217535,1072676863,1073741823,1073741823,1073741823,1073741823:j11
1073741823,1073741823,1073741823,1073741823,1073725439,1072693247,1073741823,1073635327,805142527,1073217535,1072693247,1073741823,1073741823,1073741823,1073741823:i10
1073741823,1073741823,1073741823,1073741823,1073725439,1073741823,1073741823,1072586751,805142527,1073217535,1072693247,1073741823,1073741823,1073741823,1073741823:i10
1073741823,1073741823,1073741823,1073741823,1073725439,1073741823,1073741823,1073635327,805142527,1073217279,1072693247,1073741823,1073741823,1073741823,1073741823:i10
1073741823,1073741823,1073741823,1073741823,1073725439,1073741823,1073741823,1073635327,805141503,1073217535,1072693247,1073741823,1073741823,1073741823,1073741823:i10
1073741823,1073741823,1073741823,1073741823,1073725439,1073741823,1073741823,1073635071,805142527,1073217535,1072693247,1073741823,1073741823,1073741823,1073741823:h7
1073741823,1073741823,1073741823,1073741823,1073725439,1073741567,1073741823,1073635327,805142527,1073217535,1072693247,1073741823,1073741823,1073741823,1073741823:i10
1073741823,1073741823,1073741823,1073741823,1073725439,1073741823,1073741823,1073635327,805142527,1073213439,1072693247,1073741823,1073741823,1073741823,1073741823:j11
1073741823,1073741823,1073741823,1073741823,1073725439,1073741823,1073741823,1073635327,805142527,1073217535,1072693247,1073741823,1073676287,1073741823,1073741823:i10
1073741823,1073741823,1073741823,1073741823,1073725439,1073741823,1073741823,1073635327,805142527,1073217535,1068498943,1073741823,1073741823,1073741823,1073741823:j11
1073741823,1073741823,1073741823,1073741823,1073725439,1073741823,1073741823,1073635327,805142527,1073217535,1072693247,1073741823,1056964607,1073741823,1073741823:i10
1073741823,1073741823,1073741823,1073741823,1073725439,1073741823,1073741823,1073635327,805142527,1073217535,1072693247,1073741823,1072693247,1073741823,1073741823:i10
1073741823,1073741823,1073741823,1073741823,1073725439,1073741823,1073741823,1073635327,805142527,1073217535,1072693247,1072693247,1073741823,1073741823,1073741823:i10
1073741823,1073741823,1073741823,1073741823,1073725439,1073741823,1073741823,1073635327,805142527,1073217535,1072693247,1073725439,1073741823,1073741823,1073741823:i10
1073741823,1073741823,1073741823,1073741823,1073725439,1073741823,1073741823,1069441023,805142527,1073217535,1072693247,1073741823,1073741823,1073741823,1073741823:i10
1073741823,1073741823,1073741823,1073741823,1073725439,1073741823,1073741823,1073635327,805142527,1069023231,1072693247,1073741823,1073741823,1073741823,1073741823:i10
1073741823,1073741823,1073741823,1073741823,1073725439,1073741823,1073741823,1073635327,805142527,1072168959,1072693247,1073741823,1073741823,1073741823,1073741823:h7
1073741823,1073741823,1073741823,1073741823,1073725439,1073741823,1073741823,1073635327,805142527,1073217535,1072693247,1069547519,1073741823,1073741823,1073741823:i10
1073741823,1073741823,1073741823,1073741823,1073725439,1073741823,1073741823,1073635327,805142527,1073217535,1072693247,1073479679,1073741823,1073741823,1073741823:i10
1073741823,1073741823,1073741823,1073741823,1073725439,1073741823,1073741823,1073635327,805142527,1073217535,1072431103,1073741823,1073741823,1073741823,1073741823:g7
1073741823,1073741823,1073741823,1073741823,1073725439,1073741823,1073741823,1073635327,805142527,1073217535,1055916031,1073741823,1073741823,1073741823,1073741823:j11
1073741823,1073741823,1073741823,1073741823,1073725439,1073741823,1073741823,1073635327,805142527,1006108671,1072693247,1073741823,1073741823,1073741823,1073741823:i10
1073741823,1073741823,1073741823,1073741823,1073725439,1073741823,1073741823,1073635327,788365311,1073217535,1072693247,1073741823,1073741823,1073741823,1073741823:i10
1073741823,1073741823,1073741823,1073741823,1073725439,1073741823,1073741823,1073635327,738033663,1073217535,1072693247,1073741823,1073741823,1073741823,1073741823:i10
1073741823,1073741823,1073741823,1073741823,1073725439,1073741823,1056964607,1073635327,805142527,1073217535,1072693247,1073741823,1073741823,1073741823,1073741823:i10
1073741823,1073741823,1073741823,1073741823,1073725439,1073741823,1073741823,1006526463,805142527,1073217535,1072693247,1073741823,1073741823,1073741823,1073741823:i10
1073741823,1073741823,1073741823,1073741823,1073725439,1073741823,805306367,1073635327,805142527,1073217535,1072693247,1073741823,1073741823,1073741823,1073741823:i10
1073741823,1073741823,1073741823,1073741823,1073725439,1073741823,1073741823,805199871,805142527,1073217535,1072693247,1073741823,1073741823,1073741823,1073741823:i10
1073741823,1073741823,1073741823,1073741823,1073725439,1073741823,1073741823,1073635327,805142527,1073217535,804257791,1073741823,1073741823,1073741823,1073741823:i10
1073741823,1073741823,1073741823,1073741823,1073725439,1073741823,1073741823,1073635327,805142527,804782079,1072693247,1073741823,1073741823,1073741823,1073741823:i10
1073741823,1073741823,1073741823,1073741823,1073725439,1073741823,1073741823,1073635327,805142527,1073217535,1072689151,1073741823,1073741823,1073741823,1073741823:j11
1073741823,1073741823,1073741823,1073741823,1073725439,1073741823,1072693247,1073635327,805142527,1073217535,1072693247,1073741823,1073741823,1073741823,1073741823:i10
1073741823,1073741823,1073741823,1073741823,1073725439,1073741823,1073741823,1073635327,804093951,1073217535,1072693247,1073741823,1073741823,1073741823,1073741823:i10
1073741823,1073741823,1073741823,1073741823,1073725439,1073741823,1073741823,1073635327,804880383,1073217535,1072693247,1073741823,1073741823,1073741823,1073741823:i10
1073741823,1073741823,1073741823,1073741823,1073725439,1073741823,1073741823,1073635327,805142527,1073217535,1072627711,1073741823,1073741823,1073741823,1073741823:j11
1073741823,1073741823,1073741823,1073741823,1073725439,1073741823,1073741823,1073635327,805142527,1073151999,1072693247,1073741823,1073741823,1073741823,1073741823:h7
1073741823,1073741823,1073741823,1073741823,1073725439,1073741823,1073740799,1073635327,805142527,1073217535,1072693247,1073741823,1073741823,1073741823,1073741823:h7
1073741823,1073741823,1073741823,1073741823,1073725439,1073737727,1073741823,1073635327,805142527,1073217535,1072693247,1073741823,1073741823,1073741823,1073741823:h7
1073741823,1073741823,1073741823,1073741823,1073724415,1073741823,1073741823,1073635327,805142527,1073217535,1072693247,1073741823,1073741823,1073741823,1073741823:i10
1073741823,1073741823,1073741823,1073741823,1073721343,1073741823,1073741823,1073635327,805142527,1073217535,1072693247,1073741823,1073741823,1073741823,1073741823:i10
1073741823,1073741823,1073740799,1073741823,1073725439,1073741823,1073741823,1073635327,805142527,1073217535,1072693247,1073741823,1073741823,1073741823,1073741823:i10
1073741823,1073741823,1073741823,1073737727,1073725439,1073741823,1073741823,1073635327,805142527,1073217535,1072693247,1073741823,1073741823,1073741823,1073741823:i10
1073741823,1073741823,1073725439,1073741823,1073725439,1073741823,1073741823,1073635327,805142527,1073217535,1072693247,1073741823,1073741823,1073741823,1073741823:i10
1073741823,1073741823,1073741823,1073725439,1073725439,1073741823,1073741823,1073635327,805142527,1073217535,1072693247,1073741823,1073741823,1073741823,1073741823:i10
1073741823,1073741823,1073479679,1073741823,1073725439,1073741823,1073741823,1073635327,805142527,1073217535,1072693247,1073741823,1073741823,1073741823,1073741823:j11
1073741823,1073741823,1073741823,1073676287,1073725439,1073741823,1073741823,1073635327,805142527,1073217535,1072693247,1073741823,1073741823,1073741823,1073741823:h7
1073741823,1073741823,1073741823,1073741823,1073463295,1073741823,1073741823,1073635327,805142527,1073217535,1072693247,1073741823,1073741823,1073741823,1073741823:i10
1073741823,1073741823,1073741823,1073741823,1073659903,1073741823,1073741823,1073635327,805142527,1073217535,1072693247,1073741823,1073741823,1073741823,1073741823:i10
1073741823,1073741823,1073741823,1073741823,1073725439,1073741823,1073479679,1073635327,805142527,1073217535,1072693247,1073741823,1073741823,1073741823,1073741823:i10
1073741823,1073741823,1073741823,1073741823,1073725439,1073676287,1073741823,1073635327,805142527,1073217535,1072693247,1073741823,1073741823,1073741823,1073741823:i10
1073741823,1073741823,1073741823,1073741823,1073725439,1073741823,1073741823,1073635327,805142527,1073216511,1072693247,1073741823,1073741823,1073741823,1073741823:i10
1073741823,1073741823,1073741823,1073741823,1073725439,1073741823,1073741823,1073635327,805138431,1073217535,1072693247,1073741823,1073741823,1073741823,1073741823:i10
1073741823,1073741823,1073741823,1073741823,1073725439,1073741823,1073741823,1073634303,805142527,1073217535,1072693247,1073741823,1073741823,1073741823,1073741823:i10
1073741823,1073741823,1073741823,1073741823,1073725439,1073740799,1073741823,1073635327,805142527,1073217535,1072693247,1073741823,1073741823,1073741823,1073741823:i10
1073741823,1073741823,1073741823,1073741823,1073725439,1073741823,1073737727,1073635327,805142527,1073217535,1072693247,1073741823,1073741823,1073741823,1073741823:i10
1073741823,1073741823,1073741823,1073741823,1073725439,1073725439,1073741823,1073635327,805142527,1073217535,1072693247,1073741823,1073741823,1073741823,1073741823:i10
1073741823,1073741823,1073741823,1073741823,1073725439,1073741823,1073725439,1073635327,805142527,1073217535,1072693247,1073741823,1073741823,1073741823,1073741823:i10
1073741823,1073741823,1073741823,1073741823,1073725439,1073479679,1073741823,1073635327,805142527,1073217535,1072693247,1073741823,1073741823,1073741823,1073741823:i10
1073741823,1073741823,1073741823,1073741823,1073725439,1073741823,1073676287,1073635327,805142527,1073217535,1072693247,1073741823,1073741823,1073741823,1073741823:i10
1073741823,1073741823,1073741823,1073741823,1073725439,1073741823,1073741823,1073373183,805142527,1073217535,1072693247,1073741823,1073741823,1073741823,1073741823:i10
1073741823,1073741823,1073741823,1073741823,1073725439,1073741823,1073741823,1073635327,805142527,1073201151,1072693247,1073741823,1073741823,1073741823,1073741823:j11
1073741823,1073741823,1073741823,1073741823,1073725439,1073741823,1073741823,1073700863,805175295,1073201151,1072693247,1073741823,1073741823,1073741823,1073741823:i8
1073741823,1073741823,1073741823,1073741823,1073725439,1073741823,1073741823,1073700863,805158911,1073217535,1072693247,1073741823,1073741823,1073741823,1073741823:i8
1073741823,1073741823,1073741823,1073741823,1073725439,1073741823,1073741823,1073709055,805175295,1073217535,1073676287,1073741823,1073741823,1073741823,1073741823:g7
1073741823,1073741823,1073741823,1073741823,1073725439,1073741823,1073741823,1073709055,805175295,1073151999,1073741823,1073741823,1073741823,1073741823,1073741823:g7
1073741823,1073741823,1073741823,1073741823,1073725439,1073741823,1073740799,1073709055,805175295,1073217535,1073741823,1073741823,1073741823,1073741823,1073741823:g7
1073741823,1073741823,1073741823,1073741823,1073725439,1073737727,1073741823,1073709055,805175295,1073217535,1073741823,1073741823,1073741823,1073741823,1073741823:g7
1073741823,1073741823,1073741823,1073741823,1073724415,1073741823,1073741823,1073709055,805175295,1073217535,1073741823,1073741823,1073741823,1073741823,1073741823:g7
1073741823,1073741823,1073741823,1073741823,1073721343,1073741823,1073741823,1073709055,805175295,1073217535,1073741823,1073741823,1073741823,1073741823,1073741823:g7
1073741823,1073741823,1073740799,1073741823,1073725439,1073741823,1073741823,1073709055,805175295,1073217535,1073741823,1073741823,1073741823,1073741823,1073741823:g7
1073741823,1073741823,1073741823,1073737727,1073725439,1073741823,1073741823,1073709055,805175295,1073217535,1073741823,1073741823,1073741823,1073741823,1073741823:g7
1073741823,1073741823,1073725439,1073741823,1073725439,1073741823,1073741823,1073709055,805175295,1073217535,1073741823,1073741823,1073741823,1073741823,1073741823:g7
1073741823,1073741823,1073741823,1073725439,1073725439,1073741823,1073741823,1073709055,805175295,1073217535,1073741823,1073741823,1073741823,1073741823,1073741823:g7
1073741823,1073741823,1073479679,1073741823,1073725439,1073741823,1073741823,1073709055,805175295,1073217535,1073741823,1073741823,1073741823,1073741823,1073741823:g7
1073741823,1073741823,1073741823,1073676287,1073725439,1073741823,1073741823,1073709055,805175295,1073217535,1073741823,1073741823,1073741823,1073741823,1073741823:g7
1073741823,1073741823,1073741823,1073741823,1073463295,1073741823,1073741823,1073709055,805175295,1073217535,1073741823,1073741823,1073741823,1073741823,1073741823:g7
1073741823,1073741823,1073741823,1073741823,1073659903,1073741823,1073741823,1073709055,805175295,1073217535,1073741823,1073741823,1073741823,1073741823,1073741823:g7
1073741823,1073741823,1073741823,1073741823,1073725439,1073741823,1073479679,1073709055,805175295,1073217535,1073741823,1073741823,1073741823,1073741823,1073741823:g7
1073741823,1073741823,1073741823,1073741823,1073725439,1073676287,1073741823,1073709055,805175295,1073217535,1073741823,1073741823,1073741823,1073741823,1073741823:g7
1073741823,1073741823,1073741823,1073741823,1073725439,1073741823,1073741823,1073709055,805175295,1073216511,1073741823,1073741823,1073741823,1073741823,1073741823:g7
1073741823,1073741823,1073741823,1073741823,1073725439,1073741823,1073741823,1073709055,805171199,1073217535,1073741823,1073741823,1073741823,1073741823,1073741823:g7
1073741823,1073741823,1073741823,1073741823,1073725439,1073741823,1073741823,1073708031,805175295,1073217535,1073741823,1073741823,1073741823,1073741823,1073741823:g7
1073741823,1073741823,1073741823,1073741823,1073725439,1073741823,1073741823,1073704959,805175295,1073217535,1073741823,1073741823,1073741823,1073741823,1073741823:g7
1073741823,1073741823,1073741823,1073741823,1073725439,1073740799,1073741823,1073709055,805175295,1073217535,1073741823,1073741823,1073741823,1073741823,1073741823:k11
1073741823,1073741823,1073741823,1073741823,1073725439,1073741823,1073737727,1073709055,805175295,1073217535,1073741823,1073741823,1073741823,1073741823,1073741823:j11
1073741823,1073741823,1073741823,1073741823,1073725439,1073741823,1073737727,1073709055,805175295,1073217535,1073217535,1073741823,1073725439,1073741823,1073741823:k11
1073741823,1073741823,1073741823,1073741823,1073725439,1073741823,1073737727,1073709055,805175295,1073217535,1073217535,1073676287,1073741823,1073741823,1073741823:j9
1073741823,1073741823,1073741823,1073741823,1073725439,1073741823,1073737727,1073709055,805175295,1073217535,1073201151,1073741823,1073741823,1073741823,1073741823:j9
1073741823,1073741823,1073741823,1073741823,1073725439,1073741823,1073737727,1073709055,800980991,1073217535,1073217535,1073741823,1073741823,1073741823,1073741823:j9
1073741823,1073741823,1073741823,1073741823,1073725439,1073741823,1073737727,1072660479,800456703,1073217535,1073217535,1073741823,1073741823,1073741823,1073741823:j8
1073741823,1073741823,1073741823,1073741823,1073725439,1073741823,1069543423,1073709055,800456703,1073217535,1073217535,1073741823,1073741823,1073741823,1073741823:j8
1073741823,1073741823,1073741823,1073741823,1073725439,1073741823,1006628863,1073709055,800456703,1073217535,1073217535,1073741823,1073741823,1073741823,1073741823:g9
1073741823,1073741823,1073741823,1073741823,1073725439,1073741823,1073737727,1056931839,800456703,1073217535,1073217535,1073741823,1073741823,1073741823,1073741823:j8
1073741823,1073741823,1073741823,1073741823,1073725439,1073741823,1073737727,1073709055,800456703,1073217535,1006108671,1073741823,1073741823,1073741823,1073741823:j8
1073741823,1073741823,1073741823,1073741823,1073725439,1073741823,1073737727,1073709055,800456703,1056440319,1073217535,1073741823,1073741823,1073741823,1073741823:j8
1073741823,1073741823,1073741823,1073741823,1073725439,1073741823,1073737727,1073709055,800456703,1073217535,1073217535,1073741823,1073725439,1073741823,1073741823:g9
1073741823,1073741823,1073741823,1073741823,1073725439,1073741823,1073737727,1073709055,800456703,1073217535,1073217535,1073676287,1073741823,1073741823,1073741823:g9
1073741823,1073741823,1073741823,1073741823,1073725439,1073741823,1073737727,1073709055,800456703,1073217535,1073201151,1073741823,1073741823,1073741823,1073741823:g9
1073741823,1073741823,1073741823,1073741823,1073725439,1073741823,1073737727,1073709055,800456703,1073217535,1069023231,1073741823,1073741823,1073741823,1073741823:j8
1073741823,1073741823,1073741823,1073741823,1073725439,1073741823,1073737727,1073709055,800456703,1073217535,1073217535,1073741823,1069547519,1073741823,1073741823:g9
1073741823,1073741823,1073741823,1073741823,1073725439,1073741823,1073737727,1073709055,800456703,1073217535,1073217535,1072693247,1073741823,1073741823,1073741823:j8
1073741823,1073741823,1073741823,1073741823,1073725439,1073741823,1073737727,1073709055,800456703,1073217535,1073217535,1073741823,1073479679,1073741823,1073741823:g9
1073741823,1073741823,1073741823,1073741823,1073725439,1073741823,1073737727,1073709055,800456447,1073217535,1073217535,1073741823,1073741823,1073741823,1073741823:g9
1073741823,1073741823,1073741823,1073741823,1073725439,1073741823,1073737471,1073709055,800456703,1073217535,1073217535,1073741823,1073741823,1073741823,1073741823:g9
1073741823,1073741823,1073741823,1073741823,1073725183,1073741823,1073737727,1073709055,800456703,1073217535,1073217535,1073741823,1073741823,1073741823,1073741823:g9
1073741823,1073741823,1073741823,1073741823,1073725439,1073741823,1073737727,1073709055,800456703,1073217535,1073217535,1073725439,1073741823,1073741823,1073741823:g9
1073741823,1073741823,1073741823,1073741823,1073725439,1073741823,1073737727,1069514751,800456703,1073217535,1073217535,1073741823,1073741823,1073741823,1073741823:g9
1073741823,1073741823,1073741823,1073741823,1073725439,1073741823,1073737727,1073709055,800456703,1069023231,1073217535,1073741823,1073741823,1073741823,1073741823:j8
1073741823,1073741823,1073741823,1073741823,1073725439,1073741823,1073737727,1073709055,800456703,1072168959,1073217535,1073741823,1073741823,1073741823,1073741823:g9
1073741823,1073741823,1073741823,1073741823,1073725439,1073741823,1073737727,1073709055,800456703,1073217535,1073217535,1069547519,1073741823,1073741823,1073741823:g9
1073741823,1073741823,1073741823,1073741823,1073725439,1073741823,1073737727,1073709055,800456703,1073217535,1073217535,1073479679,1073741823,1073741823,1073741823:j8
1073741823,1073741823,1073741823,1073741823,1073725439,1073741823,1073737727,1073709055,800456703,1073217535,1056440319,1073741823,1073741823,1073741823,1073741823:j8
1073741823,1073741823,1073741823,1073741823,1073725439,1073741823,1073737727,1073709055,800456703,1006108671,1073217535,1073741823,1073741823,1073741823,1073741823:j8
1073741823,1073741823,1073741823,1073741823,1073725439,1073741823,1073737727,1073709055,783679487,1073217535,1073217535,1073741823,1073741823,1073741823,1073741823:j8
1073741823,1073741823,1073741823,1073741823,1073725439,1073741823,1073737727,1073709055,733347839,1073217535,1073217535,1073741823,1073741823,1073741823,1073741823:j8
1073741823,1073741823,1073741823,1073741823,1073725439,1073741823,1056960511,1073709055,800456703,1073217535,1073217535,1073741823,1073741823,1073741823,1073741823:j8
1073741823,1073741823,1073741823,1073741823,1073725439,1073741823,1073737727,1006600191,800456703,1073217535,1073217535,1073741823,1073741823,1073741823,1073741823:j8
1073741823,1073741823,1073741823,1073741823,1073725439,1073741823,805302271,1073709055,800456703,1073217535,1073217535,1073741823,1073741823,1073741823,1073741823:g9
1073741823,1073741823,1073741823,1073741823,1073725439,1073741823,1073737727,805273599,800456703,1073217535,1073217535,1073741823,1073741823,1073741823,1073741823:g9
1073741823,1073741823,1073741823,1073741823,1073725439,1073741823,1073737727,1073709055,800456703,1073217535,804782079,1073741823,1073741823,1073741823,1073741823:g9
1073741823,1073741823,1073741823,1073741823,1073725439,1073741823,1073737727,1073709055,800456703,804782079,1073217535,1073741823,1073741823,1073741823,1073741823:g9
1073741823,1073741823,1073741823,1073741823,1073725439,1073741823,1073737727,1073709055,800456703,1073217535,1073213439,1073741823,1073741823,1073741823,1073741823:g9
1073741823,1073741823,1073741823,1073741823,1073725439,1073741823,1072689151,1073709055,800456703,1073217535,1073217535,1073741823,1073741823,1073741823,1073741823:g9
1073741823,1073741823,1073741823,1073741823,1073725439,1073741823,1073737727,1073709055,799408127,1073217535,1073217535,1073741823,1073741823,1073741823,1073741823:j8
1073741823,1073741823,1073741823,1073741823,1073725439,1073741823,1073737727,1073709055,800456703,1073217535,1072168959,1073741823,1073741823,1073741823,1073741823:j8
1073741823,1073741823,1073741823,1073741823,1073725439,1073741823,1073737727,1073709055,800456703,1073217535,1073151999,1073741823,1073741823,1073741823,1073741823:g9
1073741823,1073741823,1073741823,1073741823,1073725439,1073741823,1073737727,1073709055,800456703,1073151999,1073217535,1073741823,1073741823,1073741823,1073741823:g9
1073741823,1073741823,1073741823,1073741823,1073725439,1073741823,1073736703,1073709055,800456703,1073217535,1073217535,1073741823,1073741823,1073741823,1073741823:g9
1073741823,1073741823,1073741823,1073741823,1073725439,1073737727,1073737727,1073709055,800456703,1073217535,1073217535,1073741823,1073741823,1073741823,1073741823:g9
1073741823,1073741823,1073741823,1073741823,1073724415,1073741823,1073737727,1073709055,800456703,1073217535,1073217535,1073741823,1073741823,1073741823,1073741823:g9
1073741823,1073741823,1073741823,1073741823,1073721343,1073741823,1073737727,1073709055,800456703,1073217535,1073217535,1073741823,1073741823,1073741823,1073741823:g9
1073741823,1073741823,1073740799,1073741823,1073725439,1073741823,1073737727,1073709055,800456703,1073217535,1073217535,1073741823,1073741823,1073741823,1073741823:g9
1073741823,1073741823,1073741823,1073737727,1073725439,1073741823,1073737727,1073709055,800456703,1073217535,1073217535,1073741823,1073741823,1073741823,1073741823:g9
1073741823,1073741823,1073725439,1073741823,1073725439,1073741823,1073737727,1073709055,800456703,1073217535,1073217535,1073741823,1073741823,1073741823,1073741823:g9
1073741823,1073741823,1073741823,1073725439,1073725439,1073741823,1073737727,1073709055,800456703,1073217535,1073217535,1073741823,1073741823,1073741823,1073741823:g9
1073741823,1073741823,1073479679,1073741823,1073725439,1073741823,1073737727,1073709055,800456703,1073217535,1073217535,1073741823,1073741823,1073741823,1073741823:g9
1073741823,1073741823,1073741823,1073676287,1073725439,1073741823,1073737727,1073709055,800456703,1073217535,1073217535,1073741823,1073741823,1073741823,1073741823:g9
1073741823,1073741823,1073741823,1073741823,1073463295,1073741823,1073737727,1073709055,800456703,1073217535,1073217535,1073741823,1073741823,1073741823,1073741823:g9
1073741823,1073741823,1073741823,1073741823,1073659903,1073741823,1073737727,1073709055,800456703,1073217535,1073217535,1073741823,1073741823,1073741823,1073741823:g9
1073741823,1073741823,1073741823,1073741823,1073725439,1073741823,1073475583,1073709055,800456703,1073217535,1073217535,1073741823,1073741823,1073741823,1073741823:j8
1073741823,1073741823,1073741823,1073741823,1073725439,1073676287,1073737727,1073709055,800456703,1073217535,1073217535,1073741823,1073741823,1073741823,1073741823:j8
1073741823,1073741823,1073741823,1073741823,1073725439,1073741823,1073737727,1073709055,800456703,1073216511,1073217535,1073741823,1073741823,1073741823,1073741823:h9
1073741823,1073741823,1073741823,1073741823,1073725439,1073741823,1073737727,1073709055,800452607,1073217535,1073217535,1073741823,1073741823,1073741823,1073741823:j8
1073741823,1073741823,1073741823,1073741823,1073725439,1073741823,1073737727,1073708031,800456703,1073217535,1073217535,1073741823,1073741823,1073741823,1073741823:g9
1073741823,1073741823,1073741823,1073741823,1073725439,1073741823,1073737727,1073704959,800456703,1073217535,1073217535,1073741823,1073741823,1073741823,1073741823:g9
1073741823,1073741823,1073741823,1073741823,1073725439,1073740799,1073737727,1073709055,800456703,1073217535,1073217535,1073741823,1073741823,1073741823,1073741823:g9
1073741823,1073741823,1073741823,1073741823,1073725439,1073725439,1073737727,1073709055,800456703,1073217535,1073217535,1073741823,1073741823,1073741823,1073741823:g9
1073741823,1073741823,1073741823,1073741823,1073725439,1073741823,1073721343,1073709055,800456703,1073217535,1073217535,1073741823,1073741823,1073741823,1073741823:g9
1073741823,1073741823,1073741823,1073741823,1073725439,1073479679,1073737727,1073709055,800456703,1073217535,1073217535,1073741823,1073741823,1073741823,1073741823:j8
1073741823,1073741823,1073741823,1073741823,1073725439,1073741823,1073672191,1073709055,800456703,1073217535,1073217535,1073741823,1073741823,1073741823,1073741823:h9
1073741823,1073741823,1073741823,1073741823,1073725439,1073741823,1073737727,1073446911,800456703,1073217535,1073217535,1073741823,1073741823,1073741823,1073741823:h9
1073741823,1073741823,1073741823,1073741823,1073725439,1073741823,1073737727,1073643519,800456703,1073217535,1073217535,1073741823,1073741823,1073741823,1073741823:g9
1073741823,1073741823,1073741823,1073741823,1073725439,1073741823,1073737727,1073709055,800456703,1073201151,1073217535,1073741823,1073741823,1073741823,1073741823:g9
1073741823,1073741823,1073741823,1073741823,1073725439,1073741823,1073737727,1073709055,800440319,1073217535,1073217535,1073741823,1073741823,1073741823,1073741823:j8
1073741823,1073741823,1073741823,1073741823,1073725439,1073741823,1073737727,1073709055,805175295,1073217535,1069023231,1073741823,1073741823,1073741823,1073741823:j9
1073741823,1073741823,1073741823,1073741823,1073725439,1073741823,1073737727,1073709055,805175295,1073217535,1073217535,1073741823,1069547519,1073741823,1073741823:j9
1073741823,1073741823,1073741823,1073741823,1073725439,1073741823,1073737727,1073709055,805175295,1073217535,1073217535,1072693247,1073741823,1073741823,1073741823:k11
1073741823,1073741823,1073741823,1073741823,1073725439,1073741823,1073737727,1073709055,805175295,1073217535,1073217535,1073741823,1073479679,1073741823,1073741823:k11
1073741823,1073741823,1073741823,1073741823,1073725439,1073741823,1073737727,1073709055,805175039,1073217535,1073217535,1073741823,1073741823,1073741823,1073741823:k11
1073741823,1073741823,1073741823,1073741823,1073725439,1073741823,1073737471,1073709055,805175295,1073217535,1073217535,1073741823,1073741823,1073741823,1073741823:k11
1073741823,1073741823,1073741823,1073741823,1073725183,1073741823,1073737727,1073709055,805175295,1073217535,1073217535,1073741823,1073741823,1073741823,1073741823:k11
1073741823,1073741823,1073741823,1073741823,1073725439,1073741823,1073737727,1073709055,805175295,1073217535,1073217535,1073725439,1073741823,1073741823,1073741823:j9
1073741823,1073741823,1073741823,1073741823,1073725439,1073741823,1073737727,1069514751,805175295,1073217535,1073217535,1073741823,1073741823,1073741823,1073741823:k11
1073741823,1073741823,1073741823,1073741823,1073725439,1073741823,1073737727,1073709055,805175295,1069023231,1073217535,1073741823,1073741823,1073741823,1073741823:j9
1073741823,1073741823,1073741823,1073741823,1073725439,1073741823,1073737727,1073709055,805175295,1072168959,1073217535,1073741823,1073741823,1073741823,1073741823:k11
1073741823,1073741823,1073741823,1073741823,1073725439,1073741823,1073737727,1073709055,805175295,1073217535,1073217535,1069547519,1073741823,1073741823,1073741823:j9
1073741823,1073741823,1073741823,1073741823,1073725439,1073741823,1073737727,1073709055,805175295,1073217535,1073217535,1073479679,1073741823,1073741823,1073741823:i7
1073741823,1073741823,1073741823,1073741823,1072676863,1073741823,1073606655,1073709055,805175295,1073217535,1073217535,1073479679,1073741823,1073741823,1073741823:i10
1073741823,1073741823,1073741823,1073741823,1073725439,1073741823,1073606655,1073709055,805175295,1073217535,1073217535,1073479679,1073741823,1073725439,1073741823:i10
1073741823,1073741823,1073741823,1073741823,1073725439,1073741823,1073606655,1073709055,805175295,1073217535,1073217535,1073479679,1073676287,1073741823,1073741823:i10
1073741823,1073741823,1073741823,1073741823,1073725439,1073741823,1073606655,1073709055,805175295,1073217535,1073217535,1073479679,1073741823,1069547519,1073741823:g9
1073741823,1073741823,1073741823,1073741823,1073725439,1073741823,1073606655,1073709055,805175295,1073217535,1073217535,1073479679,1072693247,1073741823,1073741823:i10
1073741823,1073741823,1073741823,1073741823,1073725439,1073741823,1073606655,1073709055,805175295,1073217535,1073217535,1073479679,1073741823,1073479679,1073741823:i10
1073741823,1073741823,1073741823,1073741823,1073725439,1073741823,1073606655,1073709055,805175295,1073217535,1073217535,1073479679,1073725439,1073741823,1073741823:i10
1073741823,1073741823,1073741823,1073741823,1073725439,1073741823,1073606655,1073709055,805175295,1073217535,1073217535,1073414143,1073741823,1073741823,1073741823:i10
1073741823,1073741823,1073741823,1073741823,1073725439,1073741823,1073606655,1073709055,805175295,1073217535,1073201151,1073479679,1073741823,1073741823,1073741823:i10
1073741823,1073741823,1073741823,1073741823,1073725439,1073741823,1073606655,1073709055,800980991,1073217535,1073217535,1073479679,1073741823,1073741823,1073741823:g9
1073741823,1073741823,1073741823,1073741823,1073725439,1073741823,1073606655,1073709055,805175295,1073217535,1069023231,1073479679,1073741823,1073741823,1073741823:i10
1073741823,1073741823,1073741823,1073741823,1073725439,1073741823,1073606655,1073709055,805175295,1073217535,1073217535,1073479679,1069547519,1073741823,1073741823:i10
1073741823,1073741823,1073741823,1073741823,1073725439,1073741823,1073606655,1073709055,805175295,1073217535,1073217535,1072431103,1073741823,1073741823,1073741823:i10
1073741823,1073741823,1073741823,1073741823,1073725439,1073741823,1073606655,1073709055,805175295,1073217535,1073217535,1073479679,1073479679,1073741823,1073741823:i10
1073741823,1073741823,1073741823,1073741823,1073725439,1073741823,1073606655,1073709055,805175039,1073217535,1073217535,1073479679,1073741823,1073741823,1073741823:i10
1073741823,1073741823,1073741823,1073741823,1073725439,1073741823,1073606399,1073709055,805175295,1073217535,1073217535,1073479679,1073741823,1073741823,1073741823:i10
1073741823,1073741823,1073741823,1073741823,1073725183,1073741823,1073606655,1073709055,805175295,1073217535,1073217535,1073479679,1073741823,1073741823,1073741823:i10
1073741823,1073741823,1073741823,1073741823,1073725439,1073741823,1073606655,1073709055,805175295,1073217535,1073217535,1073463295,1073741823,1073741823,1073741823:i10
1073741823,1073741823,1073741823,1073741823,1073725439,1073741823,1073606655,1069514751,805175295,1073217535,1073217535,1073479679,1073741823,1073741823,1073741823:i10
1073741823,1073741823,1073741823,1073741823,1073725439,1073741823,1073606655,1073709055,805175295,1069023231,1073217535,1073479679,1073741823,1073741823,1073741823:i10
1073741823,1073741823,1073741823,1073741823,1073725439,1073741823,1073606655,1073709055,805175295,1072168959,1073217535,1073479679,1073741823,1073741823,1073741823:i10
1073741823,1073741823,1073741823,1073741823,1073725439,1073741823,1073606655,1073709055,805175295,1073217535,1073217535,1069285375,1073741823,1073741823,1073741823:i10
1073741823,1073741823,1073741823,1073741823,1073725439,1073741823,1073606655,1073709055,805175295,1073217535,1056440319,1073479679,1073741823,1073741823,1073741823:i10
1073741823,1073741823,1073741823,1073741823,1073725439,1073741823,1073606655,1073709055,805175295,1006108671,1073217535,1073479679,1073741823,1073741823,1073741823:i10
1073741823,1073741823,1073741823,1073741823,1073725439,1073741823,1073606655,1073709055,788398079,1073217535,1073217535,1073479679,1073741823,1073741823,1073741823:i10
1073741823,1073741823,1073741823,1073741823,1073725439,1073741823,1073606655,1073709055,738066431,1073217535,1073217535,1073479679,1073741823,1073741823,1073741823:i10
1073741823,1073741823,1073741823,1073741823,1073725439,1073741823,1056829439,1073709055,805175295,1073217535,1073217535,1073479679,1073741823,1073741823,1073741823:i10
1073741823,1073741823,1073741823,1073741823,1073725439,1073741823,1073606655,1006600191,805175295,1073217535,1073217535,1073479679,1073741823,1073741823,1073741823:i10
1073741823,1073741823,1073741823,1073741823,1073725439,1073741823,805171199,1073709055,805175295,1073217535,1073217535,1073479679,1073741823,1073741823,1073741823:i10
1073741823,1073741823,1073741823,1073741823,1073725439,1073741823,1073606655,805273599,805175295,1073217535,1073217535,1073479679,1073741823,1073741823,1073741823:i10
1073741823,1073741823,1073741823,1073741823,1073725439,1073741823,1073606655,1073709055,805175295,1073217535,804782079,1073479679,1073741823,1073741823,1073741823:i10
1073741823,1073741823,1073741823,1073741823,1073725439,1073741823,1073606655,1073709055,805175295,804782079,1073217535,1073479679,1073741823,1073741823,1073741823:i10
1073741823,1073741823,1073741823,1073741823,1073725439,1073741823,1073606655,1073709055,805175295,1073217535,1073213439,1073479679,1073741823,1073741823,1073741823:i10
1073741823,1073741823,1073741823,1073741823,1073725439,1073741823,1072558079,1073709055,805175295,1073217535,1073217535,1073479679,1073741823,1073741823,1073741823:i10
1073741823,1073741823,1073741823,1073741823,1073725439,1073741823,1073606655,1073709055,804126719,1073217535,1073217535,1073479679,1073741823,1073741823,1073741823:i10
1073741823,1073741823,1073741823,1073741823,1073725439,1073741823,1073606655,1073709055,804913151,1073217535,1073217535,1073479679,1073741823,1073741823,1073741823:i10
1073741823,1073741823,1073741823,1073741823,1073725439,1073741823,1073606655,1073709055,805175295,1073217535,1072168959,1073479679,1073741823,1073741823,1073741823:i10
1073741823,1073741823,1073741823,1073741823,1073725439,1073741823,1073606655,1073709055,805175295,1073217535,1073151999,1073479679,1073741823,1073741823,1073741823:g9
1073741823,1073741823,1073741823,1073741823,1073725439,1073741823,1073606655,1073709055,805175295,1073151999,1073217535,1073479679,1073741823,1073741823,1073741823:g9
1073741823,1073741823,1073741823,1073741823,1073725439,1073741823,1073605631,1073709055,805175295,1073217535,1073217535,1073479679,1073741823,1073741823,1073741823:i10
1073741823,1073741823,1073741823,1073741823,1073725439,1073737727,1073606655,1073709055,805175295,1073217535,1073217535,1073479679,1073741823,1073741823,1073741823:g9
1073741823,1073741823,1073741823,1073741823,1073724415,1073741823,1073606655,1073709055,805175295,1073217535,1073217535,1073479679,1073741823,1073741823,1073741823:i10
1073741823,1073741823,1073741823,1073741823,1073721343,1073741823,1073606655,1073709055,805175295,1073217535,1073217535,1073479679,1073741823,1073741823,1073741823:i10
1073741823,1073741823,1073740799,1073741823,1073725439,1073741823,1073606655,1073709055,805175295,1073217535,1073217535,1073479679,1073741823,1073741823,1073741823:g9
1073741823,1073741823,1073741823,1073737727,1073725439,1073741823,1073606655,1073709055,805175295,1073217535,1073217535,1073479679,1073741823,1073741823,1073741823:g9
1073741823,1073741823,1073725439,1073741823,1073725439,1073741823,1073606655,1073709055,805175295,1073217535,1073217535,1073479679,1073741823,1073741823,1073741823:i10
1073741823,1073741823,1073741823,1073725439,1073725439,1073741823,1073606655,1073709055,805175295,1073217535,1073217535,1073479679,1073741823,1073741823,1073741823:i10
1073741823,1073741823,1073479679,1073741823,1073725439,1073741823,1073606655,1073709055,805175295,1073217535,1073217535,1073479679,1073741823,1073741823,1073741823:i10
1073741823,1073741823,1073741823,1073676287,1073725439,1073741823,1073606655,1073709055,805175295,1073217535,1073217535,1073479679,1073741823,1073741823,1073741823:i10
1073741823,1073741823,1073741823,1073741823,1073463295,1073741823,1073606655,1073709055,805175295,1073217535,1073217535,1073479679,1073741823,1073741823,1073741823:i10
1073741823,1073741823,1073741823,1073741823,1073659903,1073741823,1073606655,1073709055,805175295,1073217535,1073217535,1073479679,1073741823,1073741823,1073741823:i10
1073741823,1073741823,1073741823,1073741823,1073725439,1073741823,1073344511,1073709055,805175295,1073217535,1073217535,1073479679,1073741823,1073741823,1073741823:k11
1073741823,1073741823,1073741823,1073741823,1073725439,1073676287,1073606655,1073709055,805175295,1073217535,1073217535,1073479679,1073741823,1073741823,1073741823:g9
1073741823,1073741823,1073741823,1073741823,1073725439,1073741823,1073606655,1073709055,805175295,1073216511,1073217535,1073479679,1073741823,1073741823,1073741823:i10
1073741823,1073741823,1073741823,1073741823,1073725439,1073741823,1073606655,1073709055,805171199,1073217535,1073217535,1073479679,1073741823,1073741823,1073741823:k11
1073741823,1073741823,1073741823,1073741823,1073725439,1073741823,1073606655,1073708031,805175295,1073217535,1073217535,1073479679,1073741823,1073741823,1073741823:i10
1073741823,1073741823,1073741823,1073741823,1073725439,1073741823,1073606655,1073704959,805175295,1073217535,1073217535,1073479679,1073741823,1073741823,1073741823:g9
1073741823,1073741823,1073741823,1073741823,1073725439,1073740799,1073606655,1073709055,805175295,1073217535,1073217535,1073479679,1073741823,1073741823,1073741823:i10
1073741823,1073741823,1073741823,1073741823,1073725439,1073725439,1073606655,1073709055,805175295,1073217535,1073217535,1073479679,1073741823,1073741823,1073741823:i10
1073741823,1073741823,1073741823,1073741823,1073725439,1073741823,1073590271,1073709055,805175295,1073217535,1073217535,1073479679,1073741823,1073741823,1073741823:g9
1073741823,1073741823,1073741823,1073741823,1073725439,1073479679,1073606655,1073709055,805175295,1073217535,1073217535,1073479679,1073741823,1073741823,1073741823:i10
1073741823,1073741823,1073741823,1073741823,1073725439,1073741823,1073606655,1073446911,805175295,1073217535,1073217535,1073479679,1073741823,1073741823,1073741823:i10
1073741823,1073741823,1073741823,1073741823,1073725439,1073741823,1073606655,1073643519,805175295,1073217535,1073217535,1073479679,1073741823,1073741823,1073741823:g9
1073741823,1073741823,1073741823,1073741823,1073725439,1073741823,1073606655,1073709055,805175295,1073201151,1073217535,1073479679,1073741823,1073741823,1073741823:g9
1073741823,1073741823,1073741823,1073741823,1073725439,1073741823,1073606655,1073709055,805158911,1073217535,1073217535,1073479679,1073741823,1073741823,1073741823:k11
1073741823,1073741823,1073741823,1073741823,1073725439,1073741823,1073737727,1073709055,805175295,1073217535,1056440319,1073741823,1073741823,1073741823,1073741823:j9
1073741823,1073741823,1073741823,1073741823,1073725439,1073741823,1073737727,1073709055,805175295,1006108671,1073217535,1073741823,1073741823,1073741823,1073741823:k11
1073741823,1073741823,1073741823,1073741823,1073725439,1073741823,1073737727,1073709055,788398079,1073217535,1073217535,1073741823,1073741823,1073741823,1073741823:k11
1073741823,1073741823,1073741823,1073741823,1073725439,1073741823,1073737727,1073709055,738066431,1073217535,1073217535,1073741823,1073741823,1073741823,1073741823:k11
1073741823,1073741823,1073741823,1073741823,1073725439,1073741823,1056960511,1073709055,805175295,1073217535,1073217535,1073741823,1073741823,1073741823,1073741823:k11
1073741823,1073741823,1073741823,1073741823,1073725439,1073741823,1073737727,1006600191,805175295,1073217535,1073217535,1073741823,1073741823,1073741823,1073741823:k11
1073741823,1073741823,1073741823,1073741823,1073725439,1073741823,805302271,1073709055,805175295,1073217535,1073217535,1073741823,1073741823,1073741823,1073741823:k11
1073741823,1073741823,1073741823,1073741823,1073725439,1073741823,1073737727,805273599,805175295,1073217535,1073217535,1073741823,1073741823,1073741823,1073741823:k11
1073741823,1073741823,1073741823,1073741823,1073725439,1073741823,1073737727,1073709055,805175295,1073217535,804782079,1073741823,1073741823,1073741823,1073741823:k11
1073741823,1073741823,1073741823,1073741823,1073725439,1073741823,1073737727,1073709055,805175295,804782079,1073217535,1073741823,1073741823,1073741823,1073741823:k11
1073741823,1073741823,1073741823,1073741823,1073725439,1073741823,1073737727,1073709055,805175295,1073217535,1073213439,1073741823,1073741823,1073741823,1073741823:j9
1073741823,1073741823,1073741823,1073741823,1073725439,1073741823,1072689151,1073709055,805175295,1073217535,1073217535,1073741823,1073741823,1073741823,1073741823:k11
1073741823,1073741823,1073741823,1073741823,1073725439,1073741823,1073737727,1073709055,804126719,1073217535,1073217535,1073741823,1073741823,1073741823,1073741823:k11
1073741823,1073741823,1073741823,1073741823,1073725439,1073741823,1073737727,1073709055,804913151,1073217535,1073217535,1073741823,1073741823,1073741823,1073741823:h10
1073741823,1073741823,1073741823,1073741823,1073725439,1073741823,1073737727,1073709055,804913151,1073184767,1073217535,1073740799,1073741823,1073741823,1073741823:h9
1073741823,1073741823,1073741823,1073741823,1073725439,1073741823,1073737727,1073709055,804913151,1073180671,1073217535,1073741823,1073741823,1073741823,1073741823:h11
1073741823,1073741823,1073741823,1073741823,1073725439,1073741823,1069543423,1073709055,804913151,1073184767,1073217535,1073741823,1073741823,1073741823,1073741823:h9
1073741823,1073741823,1073741823,1073741823,1073725439,1073741823,1073737727,1072660479,804913151,1073184767,1073217535,1073741823,1073741823,1073741823,1073741823:h9
1073741823,1073741823,1073741823,1073741823,1073725439,1073741823,1073737727,1073709055,804913151,1073184767,1073217535,1073741823,1073725439,1073741823,1073741823:h9
1073741823,1073741823,1073741823,1073741823,1073725439,1073741823,1073737727,1073709055,804913151,1073184767,1073217535,1073676287,1073741823,1073741823,1073741823:h9
1073741823,1073741823,1073741823,1073741823,1073725439,1073741823,1073737727,1073709055,804913151,1073184767,1073201151,1073741823,1073741823,1073741823,1073741823:j8
1073741823,1073741823,1073741823,1073741823,1073725439,1073741823,1073737727,1073709055,800718847,1073184767,1073217535,1073741823,1073741823,1073741823,1073741823:h9
1073741823,1073741823,1073741823,1073741823,1073725439,1073741823,1073737727,1073709055,804913151,1073184767,1069023231,1073741823,1073741823,1073741823,1073741823:g11
1073741823,1073741823,1073741823,1073741823,1073725439,1073741823,1073737727,1073709055,804913151,1073184767,1073217535,1073741823,1069547519,1073741823,1073741823:h9
1073741823,1073741823,1073741823,1073741823,1073725439,1073741823,1073737727,1073709055,804913151,1073184767,1073217535,1072693247,1073741823,1073741823,1073741823:h11
1073741823,1073741823,1073741823,1073741823,1073725439,1073741823,1073737727,1073709055,804913151,1073184767,1073217535,1073741823,1073479679,1073741823,1073741823:h9
1073741823,1073741823,1073741823,1073741823,1073725439,1073741823,1073737727,1073709055,804912895,1073184767,1073217535,1073741823,1073741823,1073741823,1073741823:h9
1073741823,1073741823,1073741823,1073741823,1073725439,1073741823,1073737471,1073709055,804913151,1073184767,1073217535,1073741823,1073741823,1073741823,1073741823:h11
1073741823,1073741823,1073741823,1073741823,1073725183,1073741823,1073737727,1073709055,804913151,1073184767,1073217535,1073741823,1073741823,1073741823,1073741823:h9
1073741823,1073741823,1073741823,1073741823,1073725439,1073741823,1073737727,1073709055,804913151,1073184767,1073217535,1073725439,1073741823,1073741823,1073741823:h9
1073741823,1073741823,1073741823,1073741823,1073725439,1073741823,1073737727,1069514751,804913151,1073184767,1073217535,1073741823,1073741823,1073741823,1073741823:h9
1073741823,1073741823,1073741823,1073741823,1073725439,1073741823,1073737727,1073709055,804913151,1068990463,1073217535,1073741823,1073741823,1073741823,1073741823:h9
1073741823,1073741823,1073741823,1073741823,1073725439,1073741823,1073737727,1073709055,804913151,1072136191,1073217535,1073741823,1073741823,1073741823,1073741823:h11
1073741823,1073741823,1073741823,1073741823,1073725439,1073741823,1073737727,1073709055,804913151,1073184767,1073217535,1069547519,1073741823,1073741823,1073741823:h9
1073741823,1073741823,1073741823,1073741823,1073725439,1073741823,1073737727,1073709055,804913151,1073184767,1073217535,1073479679,1073741823,1073741823,1073741823:h9
1073741823,1073741823,1073741823,1073741823,1073725439,1073741823,1073737727,1073709055,804913151,1073184767,1056440319,1073741823,1073741823,1073741823,1073741823:h9
1073741823,1073741823,1073741823,1073741823,1073725439,1073741823,1073737727,1073709055,804913151,1006075903,1073217535,1073741823,1073741823,1073741823,1073741823:h9
1073741823,1073741823,1073741823,1073741823,1073725439,1073741823,1073737727,1073709055,788135935,1073184767,1073217535,1073741823,1073741823,1073741823,1073741823:h9
1073741823,1073741823,1073741823,1073741823,1073725439,1073741823,1073737727,1073709055,737804287,1073184767,1073217535,1073741823,1073741823,1073741823,1073741823:h9
1073741823,1073741823,1073741823,1073741823,1073725439,1073741823,1056960511,1073709055,804913151,1073184767,1073217535,1073741823,1073741823,1073741823,1073741823:h9
1073741823,1073741823,1073741823,1073741823,1073725439,1073741823,1073737727,1006600191,804913151,1073184767,1073217535,1073741823,1073741823,1073741823,1073741823:h9
1073741823,1073741823,1073741823,1073741823,1073725439,1073741823,805302271,1073709055,804913151,1073184767,1073217535,1073741823,1073741823,1073741823,1073741823:h9
1073741823,1073741823,1073741823,1073741823,1073725439,1073741823,1073737727,805273599,804913151,1073184767,1073217535,1073741823,1073741823,1073741823,1073741823:h9
1073741823,1073741823,1073741823,1073741823,1073725439,1073741823,1073737727,1073709055,804913151,1073184767,804782079,1073741823,1073741823,1073741823,1073741823:h9
1073741823,1073741823,1073741823,1073741823,1073725439,1073741823,1073737727,1073709055,804913151,804749311,1073217535,1073741823,1073741823,1073741823,1073741823:h9
1073741823,1073741823,1073741823,1073741823,1073725439,1073741823,1073737727,1073709055,804913151,1073184767,1073213439,1073741823,1073741823,1073741823,1073741823:h9
1073741823,1073741823,1073741823,1073741823,1073725439,1073741823,1072689151,1073709055,804913151,1073184767,1073217535,1073741823,1073741823,1073741823,1073741823:h11
1073741823,1073741823,1073741823,1073741823,1073725439,1073741823,1073737727,1073709055,803864575,1073184767,1073217535,1073741823,1073741823,1073741823,1073741823:h9
1073741823,1073741823,1073741823,1073741823,1073725439,1073741823,1073737727,1073709055,804913151,1073184767,1072168959,1073741823,1073741823,1073741823,1073741823:h9
1073741823,1073741823,1073741823,1073741823,1073725439,1073741823,1073737727,1073709055,804913151,1073184767,1073151999,1073741823,1073741823,1073741823,1073741823:h9
1073741823,1073741823,1073741823,1073741823,1073725439,1073741823,1073737727,1073709055,804913151,1073119231,1073217535,1073741823,1073741823,1073741823,1073741823:h11
1073741823,1073741823,1073741823,1073741823,1073725439,1073741823,1073736703,1073709055,804913151,1073184767,1073217535,1073741823,1073741823,1073741823,1073741823:h11
1073741823,1073741823,1073741823,1073741823,1073725439,1073737727,1073737727,1073709055,804913151,1073184767,1073217535,1073741823,1073741823,1073741823,1073741823:h11
1073741823,1073741823,1073741823,1073741823,1073724415,1073741823,1073737727,1073709055,804913151,1073184767,1073217535,1073741823,1073741823,1073741823,1073741823:h11
1073741823,1073741823,1073741823,1073741823,1073721343,1073741823,1073737727,1073709055,804913151,1073184767,1073217535,1073741823,1073741823,1073741823,1073741823:h9
1073741823,1073741823,1073740799,1073741823,1073725439,1073741823,1073737727,1073709055,804913151,1073184767,1073217535,1073741823,1073741823,1073741823,1073741823:h9
1073741823,1073741823,1073741823,1073737727,1073725439,1073741823,1073737727,1073709055,804913151,1073184767,1073217535,1073741823,1073741823,1073741823,1073741823:h9
1073741823,1073741823,1073725439,1073741823,1073725439,1073741823,1073737727,1073709055,804913151,1073184767,1073217535,1073741823,1073741823,1073741823,1073741823:h11
1073741823,1073741823,1073741823,1073725439,1073725439,1073741823,1073737727,1073709055,804913151,1073184767,1073217535,1073741823,1073741823,1073741823,1073741823:h11
1073741823,1073741823,1073479679,1073741823,1073725439,1073741823,1073737727,1073709055,804913151,1073184767,1073217535,1073741823,1073741823,1073741823,1073741823:h9
1073741823,1073741823,1073741823,1073676287,1073725439,1073741823,1073737727,1073709055,804913151,1073184767,1073217535,1073741823,1073741823,1073741823,1073741823:h9
1073741823,1073741823,1073741823,1073741823,1073463295,1073741823,1073737727,1073709055,804913151,1073184767,1073217535,1073741823,1073741823,1073741823,1073741823:h9
1073741823,1073741823,1073741823,1073741823,1073659903,1073741823,1073737727,1073709055,804913151,1073184767,1073217535,1073741823,1073741823,1073741823,1073741823:h9
1073741823,1073741823,1073741823,1073741823,1073725439,1073741823,1073475583,1073709055,804913151,1073184767,1073217535,1073741823,1073741823,1073741823,1073741823:h11
1073741823,1073741823,1073741823,1073741823,1073725439,1073676287,1073737727,1073709055,804913151,1073184767,1073217535,1073741823,1073741823,1073741823,1073741823:h9
1073741823,1073741823,1073741823,1073741823,1073725439,1073741823,1073737727,1073709055,804913151,1073183743,1073217535,1073741823,1073741823,1073741823,1073741823:h9
1073741823,1073741823,1073741823,1073741823,1073725439,1073741823,1073737727,1073709055,804909055,1073184767,1073217535,1073741823,1073741823,1073741823,1073741823:h9
1073741823,1073741823,1073741823,1073741823,1073725439,1073741823,1073737727,1073708031,804913151,1073184767,1073217535,1073741823,1073741823,1073741823,1073741823:h9
1073741823,1073741823,1073741823,1073741823,1073725439,1073741823,1073737727,1073704959,804913151,1073184767,1073217535,1073741823,1073741823,1073741823,1073741823:h11
1073741823,1073741823,1073741823,1073741823,1073725439,1073740799,1073737727,1073709055,804913151,1073184767,1073217535,1073741823,1073741823,1073741823,1073741823:h9
1073741823,1073741823,1073741823,1073741823,1073725439,1073725439,1073737727,1073709055,804913151,1073184767,1073217535,1073741823,1073741823,1073741823,1073741823:h9
1073741823,1073741823,1073741823,1073741823,1073725439,1073741823,1073721343,1073709055,804913151,1073184767,1073217535,1073741823,1073741823,1073741823,1073741823:k11
1073741823,1073741823,1073741823,1073741823,1073725439,1073479679,1073737727,1073709055,804913151,1073184767,1073217535,1073741823,1073741823,1073741823,1073741823:h9
1073741823,1073741823,1073741823,1073741823,1073725439,1073741823,1073672191,1073709055,804913151,1073184767,1073217535,1073741823,1073741823,1073741823,1073741823:h11
1073741823,1073741823,1073741823,1073741823,1073725439,1073741823,1073737727,1073446911,804913151,1073184767,1073217535,1073741823,1073741823,1073741823,1073741823:h9
1073741823,1073741823,1073741823,1073741823,1073725439,1073741823,1073737727,1073643519,804913151,1073184767,1073217535,1073741823,1073741823,1073741823,1073741823:h11
1073741823,1073741823,1073741823,1073741823,1073725439,1073741823,1073737727,1073709055,804896767,1073184767,1073217535,1073741823,1073741823,1073741823,1073741823:k11
1073741823,1073741823,1073741823,1073741823,1073725439,1073741823,1073737727,1073709055,805175295,1073217535,1072168959,1073741823,1073741823,1073741823,1073741823:j9
1073741823,1073741823,1073741823,1073741823,1073725439,1073741823,1073737727,1073709055,805175295,1073217535,1073151999,1073741823,1073741823,1073741823,1073741823:j9
1073741823,1073741823,1073741823,1073741823,1073725439,1073741823,1073737727,1073709055,805175295,1073151999,1073217535,1073741823,1073741823,1073741823,1073741823:k11
1073741823,1073741823,1073741823,1073741823,1073725439,1073741823,1073736703,1073709055,805175295,1073217535,1073217535,1073741823,1073741823,1073741823,1073741823:k11
1073741823,1073741823,1073741823,1073741823,1073725439,1073737727,1073737727,1073709055,805175295,1073217535,1073217535,1073741823,1073741823,1073741823,1073741823:k11
1073741823,1073741823,1073741823,1073741823,1073724415,1073741823,1073737727,1073709055,805175295,1073217535,1073217535,1073741823,1073741823,1073741823,1073741823:k11
1073741823,1073741823,1073741823,1073741823,1073721343,1073741823,1073737727,1073709055,805175295,1073217535,1073217535,1073741823,1073741823,1073741823,1073741823:k11
1073741823,1073741823,1073740799,1073741823,1073725439,1073741823,1073737727,1073709055,805175295,1073217535,1073217535,1073741823,1073741823,1073741823,1073741823:k11
1073741823,1073741823,1073741823,1073737727,1073725439,1073741823,1073737727,1073709055,805175295,1073217535,1073217535,1073741823,1073741823,1073741823,1073741823:k11
1073741823,1073741823,1073725439,1073741823,1073725439,1073741823,1073737727,1073709055,805175295,1073217535,1073217535,1073741823,1073741823,1073741823,1073741823:k11
1073741823,1073741823,1073741823,1073725439,1073725439,1073741823,1073737727,1073709055,805175295,1073217535,1073217535,1073741823,1073741823,1073741823,1073741823:k11
1073741823,1073741823,1073479679,1073741823,1073725439,1073741823,1073737727,1073709055,805175295,1073217535,1073217535,1073741823,1073741823,1073741823,1073741823:k11
1073741823,1073741823,1073741823,1073676287,1073725439,1073741823,1073737727,1073709055,805175295,1073217535,1073217535,1073741823,1073741823,1073741823,1073741823:k11
1073741823,1073741823,1073741823,1073741823,1073463295,1073741823,1073737727,1073709055,805175295,1073217535,1073217535,1073741823,1073741823,1073741823,1073741823:k11
1073741823,1073741823,1073741823,1073741823,1073659903,1073741823,1073737727,1073709055,805175295,1073217535,1073217535,1073741823,1073741823,1073741823,1073741823:k11
1073741823,1073741823,1073741823,1073741823,1073725439,1073741823,1073475583,1073709055,805175295,1073217535,1073217535,1073741823,1073741823,1073741823,1073741823:k11
1073741823,1073741823,1073741823,1073741823,1073725439,1073676287,1073737727,1073709055,805175295,1073217535,1073217535,1073741823,1073741823,1073741823,1073741823:k11
1073741823,1073741823,1073741823,1073741823,1073725439,1073741823,1073737727,1073709055,805175295,1073216511,1073217535,1073741823,1073741823,1073741823,1073741823:k11
1073741823,1073741823,1073741823,1073741823,1073725439,1073741823,1073737727,1073709055,805171199,1073217535,1073217535,1073741823,1073741823,1073741823,1073741823:k11
1073741823,1073741823,1073741823,1073741823,1073725439,1073741823,1073737727,1073708031,805175295,1073217535,1073217535,1073741823,1073741823,1073741823,1073741823:k11
1073741823,1073741823,1073741823,1073741823,1073725439,1073741823,1073737727,1073704959,805175295,1073217535,1073217535,1073741823,1073741823,1073741823,1073741823:k11
1073741823,1073741823,1073741823,1073741823,1073725439,1073740799,1073737727,1073709055,805175295,1073217535,1073217535,1073741823,1073741823,1073741823,1073741823:k11
1073741823,1073741823,1073741823,1073741823,1073725439,1073725439,1073737727,1073709055,805175295,1073217535,1073217535,1073741823,1073741823,1073741823,1073741823:k11
1073741823,1073741823,1073741823,1073741823,1073725439,1073741823,1073721343,1073709055,805175295,1073217535,1073217535,1073741823,1073741823,1073741823,1073741823:k11
1073741823,1073741823,1073741823,1073741823,1073725439,1073479679,1073737727,1073709055,805175295,1073217535,1073217535,1073741823,1073741823,1073741823,1073741823:k11
1073741823,1073741823,1073741823,1073741823,1073725439,1073741823,1073672191,1073709055,805175295,1073217535,1073217535,1073741823,1073741823,1073741823,1073741823:k11
1073741823,1073741823,1073741823,1073741823,1073725439,1073741823,1073737727,1073446911,805175295,1073217535,1073217535,1073741823,1073741823,1073741823,1073741823:k11
1073741823,1073741823,1073741823,1073741823,1073725439,1073741823,1073737727,1073643519,805175295,1073217535,1073217535,1073741823,1073741823,1073741823,1073741823:k11
1073741823,1073741823,1073741823,1073741823,1073725439,1073741823,1073737727,1073709055,805175295,1073201151,1073217535,1073741823,1073741823,1073741823,1073741823:k11
1073741823,1073741823,1073741823,1073741823,1073725439,1073741823,1073737727,1073709055,805158911,1073217535,1073217535,1073741823,1073741823,1073741823,1073741823:k11
1073741823,1073741823,1073741823,1073741823,1073725439,1073725439,1073741823,1073709055,805175295,1073217535,1073741823,1073741823,1073741823,1073741823,1073741823:g7
1073741823,1073741823,1073741823,1073741823,1073725439,1073741823,1073725439,1073709055,805175295,1073217535,1073741823,1073741823,1073741823,1073741823,1073741823:g7
1073741823,1073741823,1073741823,1073741823,1073725439,1073479679,1073741823,1073709055,805175295,1073217535,1073741823,1073741823,1073741823,1073741823,1073741823:g7
1073741823,1073741823,1073741823,1073741823,1073725439,1073741823,1073676287,1073709055,805175295,1073217535,1073741823,1073741823,1073741823,1073741823,1073741823:g7
1073741823,1073741823,1073741823,1073741823,1073725439,1073741823,1073741823,1073446911,805175295,1073217535,1073741823,1073741823,1073741823,1073741823,1073741823:g7
1073741823,1073741823,1073741823,1073741823,1073725439,1073741823,1073741823,1073643519,805175295,1073217535,1073741823,1073741823,1073741823,1073741823,1073741823:g7
1073741823,1073741823,1073741823,1073741823,1073725439,1073741823,1073741823,1073709055,805175295,1073201151,1073741823,1073741823,1073741823,1073741823,1073741823:g7
1073741823,1073741823,1073741823,1073741823,1073725439,1073741823,1073741823,1073709055,805158911,1073217535,1073741823,1073741823,1073741823,1073741823,1073741823:g7
