1073741823,1073741823,1073741823,1073741823,1073740799,1073709055,1073676287,1073438719,1073610751,1073479679,1073741823,1073741823,1073741823,1073741823,1073741823:h7
1073741823,1073741823,1073741823,1073741823,1073478655,1073709055,1073643519,1073438719,1073610751,1073479679,1073741823,1073741823,1073741823,1073741823,1073741823:h5
1073741823,1073741823,1073741823,1073741823,1073740799,1073709055,1073643455,1073438719,1073610751,1073479679,1073741823,1073741823,1073741823,1073741823,1073741823:h5
1073741823,1073741823,1073741823,1073741823,1073740735,1073709055,1073643519,1073438719,1073610751,1073479679,1073741823,1073741823,1073741823,1073741823,1073741823:h5
1073741823,1073741823,1073741823,1073741823,1073740543,1073709055,1073643519,1073438719,1073610751,1073479679,1073741823,1073741823,1073741823,1073741823,1073741823:h5
1073741823,1073741823,1073741759,1073741823,1073740799,1073709055,1073643519,1073438719,1073610751,1073479679,1073741823,1073741823,1073741823,1073741823,1073741823:h5
1073741823,1073741823,1073741823,1073741567,1073740799,1073709055,1073643519,1073438719,1073610751,1073479679,1073741823,1073741823,1073741823,1073741823,1073741823:h5
1073741823,1073741823,1073740799,1073741823,1073740799,1073709055,1073643519,1073438719,1073610751,1073479679,1073741823,1073741823,1073741823,1073741823,1073741823:h5
1073741823,1073741823,1073725439,1073741823,1073740799,1073709055,1073643519,1073438719,1073610751,1073479679,1073741823,1073741823,1073741823,1073741823,1073741823:h5
1073741823,1073741823,1073741823,1073737727,1073740799,1073709055,1073643519,1073438719,1073610751,1073479679,1073741823,1073741823,1073741823,1073741823,1073741823:h5
1073741823,1073741823,1073741823,1073740799,1073740799,1073709055,1073643519,1073438719,1073610751,1073479679,1073741823,1073741823,1073741823,1073741823,1073741823:h5
1073741823,1073741823,1073741823,1073725439,1073740799,1073709055,1073643519,1073438719,1073610751,1073479679,1073741823,1073741823,1073741823,1073741823,1073741823:h9
1073741823,1073741823,1073741823,1073741823,1073724415,1073709055,1073643519,1073438719,1073610751,1073479679,1073741823,1073741823,1073741823,1073741823,1073741823:h9
1073741823,1073741823,1073741823,1073479679,1073740799,1073709055,1073643519,1073438719,1073610751,1073479679,1073741823,1073741823,1073741823,1073741823,1073741823:h5
1073741823,1073741823,1073741823,1073741823,1073740799,1069514751,1073643519,1073438719,1073610751,1073479679,1073741823,1073741823,1073741823,1073741823,1073741823:h5
1073741823,1073741823,1073741823,1073741823,1073740799,1073709055,1073643519,1072390143,1073610751,1073479679,1073741823,1073741823,1073741823,1073741823,1073741823:h5
1073741823,1073741823,1073741823,1073741823,1073740799,1073709055,1073643519,1073438719,1073610751,1073479423,1073741823,1073741823,1073741823,1073741823,1073741823:h5
1073741823,1073741823,1073741823,1073741823,1073740799,1073709055,1073643519,1073438719,1073609727,1073479679,1073741823,1073741823,1073741823,1073741823,1073741823:h5
1073741823,1073741823,1073741823,1073741823,1073740799,1073709055,1073643519,1073438463,1073610751,1073479679,1073741823,1073741823,1073741823,1073741823,1073741823:h5
1073741823,1073741823,1073741823,1073741823,1073740799,1073708799,1073643519,1073438719,1073610751,1073479679,1073741823,1073741823,1073741823,1073741823,1073741823:h5
1073741823,1073741823,1073741823,1073741823,1073740799,1073709055,1073642495,1073438719,1073610751,1073479679,1073741823,1073741823,1073741823,1073741823,1073741823:h5
1073741823,1073741823,1073741823,1073741823,1073740799,1073704959,1073643519,1073438719,1073610751,1073479679,1073741823,1073741823,1073741823,1073741823,1073741823:h5
1073741823,1073741823,1073741823,1073741823,1073740799,1073709055,1073643519,1073438719,1073610751,1073475583,1073741823,1073741823,1073741823,1073741823,1073741823:h5
1073741823,1073741823,1073741823,1073741823,1073740799,1073709055,1073643519,1073438719,1073610751,1073479679,1073741823,1073725439,1073741823,1073741823,1073741823:h5
1073741823,1073741823,1073741823,1073741823,1073740799,1073709055,1073643519,1069244415,1073610751,1073479679,1073741823,1073741823,1073741823,1073741823,1073741823:h5
1073741823,1073741823,1073741823,1073741823,1073740799,1073709055,1073643519,1073438719,1073610751,1069285375,1073741823,1073741823,1073741823,1073741823,1073741823:h5
1073741823,1073741823,1073741823,1073741823,1073740799,1073709055,1073643519,1073438719,1073610751,1072431103,1073741823,1073741823,1073741823,1073741823,1073741823:h5
1073741823,1073741823,1073741823,1073741823,1073740799,1073709055,1073643519,1073438719,1073610751,1073479679,1073741823,1069547519,1073741823,1073741823,1073741823:h5
1073741823,1073741823,1073741823,1073741823,1073740799,1073709055,1073643519,1073438719,1073610751,1073479679,1073741823,1073479679,1073741823,1073741823,1073741823:h5
1073741823,1073741823,1073741823,1073741823,1073740799,1073709055,1073643519,1073438719,1073610751,1073479679,1073479679,1073741823,1073741823,1073741823,1073741823:h5
1073741823,1073741823,1073741823,1073741823,1073740799,1073709055,1073643519,1073438719,1073610751,1073479679,1073737727,1073741823,1073741823,1073741823,1073741823:h5
1073741823,1073741823,1073741823,1073741823,1073740799,1073709055,1073643519,1073438719,1073348607,1073479679,1073741823,1073741823,1073741823,1073741823,1073741823:h5
1073741823,1073741823,1073741823,1073741823,1073740799,1073709055,1073643519,1073438719,1073610751,1073479679,1072693247,1073741823,1073741823,1073741823,1073741823:h5
1073741823,1073741823,1073741823,1073741823,1073740799,1073709055,1073643519,1073438719,1073610751,1073479679,1073676287,1073741823,1073741823,1073741823,1073741823:h5
1073741823,1073741823,1073741823,1073741823,1073740799,1073709055,1073643519,1073438719,1073610751,1073414143,1073741823,1073741823,1073741823,1073741823,1073741823:h5
1073741823,1073741823,1073741823,1073741823,1073736703,1073709055,1073643519,1073438719,1073610751,1073479679,1073741823,1073741823,1073741823,1073741823,1073741823:h5
1073741823,1073741823,1073741823,1073741823,1073675263,1073709055,1073643519,1073438719,1073610751,1073479679,1073741823,1073741823,1073741823,1073741823,1073741823:h5
1073741823,1073741823,1073741823,1073741823,1073740799,1073643519,1073643519,1073438719,1073610751,1073479679,1073741823,1073741823,1073741823,1073741823,1073741823:h5
1073741823,1073741823,1073741823,1073741823,1072692223,1073709055,1073643519,1073438719,1073610751,1073479679,1073741823,1073741823,1073741823,1073741823,1073741823:h5
1073741823,1073741823,1073741823,1073741823,1073740799,1073709055,1072594943,1073438719,1073610751,1073479679,1073741823,1073741823,1073741823,1073741823,1073741823:h5
1073741823,1073741823,1073741823,1073741823,1073740799,1073709055,1073381375,1073438719,1073610751,1073479679,1073741823,1073741823,1073741823,1073741823,1073741823:h5
1073741823,1073741823,1073741823,1073741823,1073740799,1073709055,1073643519,1073438719,1072562175,1073479679,1073741823,1073741823,1073741823,1073741823,1073741823:h5
1073741823,1073741823,1073741823,1073741823,1073740799,1073709055,1073643519,1073438719,1073610751,1073478655,1073741823,1073741823,1073741823,1073741823,1073741823:h5
1073741823,1073741823,1073741823,1073741823,1073740799,1073709055,1073643519,1073438719,1073606655,1073479679,1073741823,1073741823,1073741823,1073741823,1073741823:h5
1073741823,1073741823,1073741823,1073741823,1073740799,1073709055,1073643519,1073437695,1073610751,1073479679,1073741823,1073741823,1073741823,1073741823,1073741823:h5
1073741823,1073741823,1073741823,1073741823,1073740799,1073708031,1073643519,1073438719,1073610751,1073479679,1073741823,1073741823,1073741823,1073741823,1073741823:h5
1073741823,1073741823,1073741823,1073741823,1073740799,1073709055,1073639423,1073438719,1073610751,1073479679,1073741823,1073741823,1073741823,1073741823,1073741823:h5
1073741823,1073741823,1073741823,1073741823,1073740799,1073446911,1073643519,1073438719,1073610751,1073479679,1073741823,1073741823,1073741823,1073741823,1073741823:h5
1073741823,1073741823,1073741823,1073741823,1073740799,1073709055,1073643519,1073373183,1073610751,1073479679,1073741823,1073741823,1073741823,1073741823,1073741823:h5
1073741823,1073741823,1073741823,1073741823,1073740799,1073709055,1073643519,1073438719,1073610751,1073463295,1073741823,1073741823,1073741823,1073741823,1073741823:h5
1073741823,1073741823,1073741823,1073741823,1073740799,1073709055,1073643519,1073438719,1073594367,1073479679,1073741823,1073741823,1073741823,1073741823,1073741823:h5
1073741823,1073741823,1073479679,1073741823,1073708031,1073709055,1073643519,1073438719,1073594367,1073479679,1073741823,1073741823,1073741823,1073741823,1073741823:h4
1073741823,1073741823,1073741823,1073676287,1073708031,1073709055,1073643519,1073438719,1073594367,1073479679,1073741823,1073741823,1073741823,1073741823,1073741823:h4
1073741823,1073741823,1073741823,1073741823,1073708031,1073709055,1073643519,1073438719,1073594367,1073479679,1073740799,1073741823,1073741823,1073741823,1073741823:h4
1073741823,1073741823,1073741823,1073741823,1073708031,1073709055,1073643519,1073438719,1073594367,1073479679,1073725439,1073741823,1073741823,1073741823,1073741823:h4
1073741823,1073741823,1073741823,1073741823,1073445887,1073709055,1073643519,1073438719,1073594367,1073479679,1073741823,1073741823,1073741823,1073741823,1073741823:h4
1073741823,1073741823,1073741823,1073741823,1073708031,1073709055,1073643455,1073438719,1073594367,1073479679,1073741823,1073741823,1073741823,1073741823,1073741823:h4
1073741823,1073741823,1073741823,1073741823,1073707967,1073709055,1073643519,1073438719,1073594367,1073479679,1073741823,1073741823,1073741823,1073741823,1073741823:h4
1073741823,1073741823,1073741823,1073741823,1073707775,1073709055,1073643519,1073438719,1073594367,1073479679,1073741823,1073741823,1073741823,1073741823,1073741823:h4
1073741823,1073741823,1073741759,1073741823,1073708031,1073709055,1073643519,1073438719,1073594367,1073479679,1073741823,1073741823,1073741823,1073741823,1073741823:h4
1073741823,1073741823,1073741823,1073741567,1073708031,1073709055,1073643519,1073438719,1073594367,1073479679,1073741823,1073741823,1073741823,1073741823,1073741823:h4
1073741823,1073741823,1073740799,1073741823,1073708031,1073709055,1073643519,1073438719,1073594367,1073479679,1073741823,1073741823,1073741823,1073741823,1073741823:h4
1073741823,1073741823,1073725439,1073741823,1073708031,1073709055,1073643519,1073438719,1073594367,1073479679,1073741823,1073741823,1073741823,1073741823,1073741823:h4
1073741823,1073741823,1073741823,1073737727,1073708031,1073709055,1073643519,1073438719,1073594367,1073479679,1073741823,1073741823,1073741823,1073741823,1073741823:h4
1073741823,1073741823,1073741823,1073740799,1073708031,1073709055,1073643519,1073438719,1073594367,1073479679,1073741823,1073741823,1073741823,1073741823,1073741823:h4
1073741823,1073741823,1073741823,1073725439,1073708031,1073709055,1073643519,1073438719,1073594367,1073479679,1073741823,1073741823,1073741823,1073741823,1073741823:j5
1073741823,1073741823,1073741823,1073479679,1073708031,1073709055,1073643519,1073438719,1073594367,1073479679,1073741823,1073741823,1073741823,1073741823,1073741823:h4
1073741823,1073741823,1073741823,1073741823,1073708031,1069514751,1073643519,1073438719,1073594367,1073479679,1073741823,1073741823,1073741823,1073741823,1073741823:h4
1073741823,1073741823,1073741823,1073741823,1073708031,1073709055,1073643519,1072390143,1073594367,1073479679,1073741823,1073741823,1073741823,1073741823,1073741823:h4
1073741823,1073741823,1073741823,1073741823,1073708031,1073709055,1073643519,1073438719,1073594367,1073479423,1073741823,1073741823,1073741823,1073741823,1073741823:h4
1073741823,1073741823,1073741823,1073741823,1073708031,1073709055,1073643519,1073438719,1073593343,1073479679,1073741823,1073741823,1073741823,1073741823,1073741823:h4
1073741823,1073741823,1073741823,1073741823,1073708031,1073709055,1073643519,1073438463,1073594367,1073479679,1073741823,1073741823,1073741823,1073741823,1073741823:h4
1073741823,1073741823,1073741823,1073741823,1073708031,1073708799,1073643519,1073438719,1073594367,1073479679,1073741823,1073741823,1073741823,1073741823,1073741823:h4
1073741823,1073741823,1073741823,1073741823,1073708031,1073709055,1073642495,1073438719,1073594367,1073479679,1073741823,1073741823,1073741823,1073741823,1073741823:h4
1073741823,1073741823,1073741823,1073741823,1073708031,1073704959,1073643519,1073438719,1073594367,1073479679,1073741823,1073741823,1073741823,1073741823,1073741823:h4
1073741823,1073741823,1073741823,1073741823,1073708031,1073709055,1073643519,1073438719,1073594367,1073475583,1073741823,1073741823,1073741823,1073741823,1073741823:h4
1073741823,1073741823,1073741823,1073741823,1073708031,1073709055,1073643519,1073438719,1073594367,1073479679,1073741823,1073725439,1073741823,1073741823,1073741823:h4
1073741823,1073741823,1073741823,1073741823,1073708031,1073709055,1073643519,1069244415,1073594367,1073479679,1073741823,1073741823,1073741823,1073741823,1073741823:h4
1073741823,1073741823,1073741823,1073741823,1073708031,1073709055,1073643519,1073438719,1073594367,1069285375,1073741823,1073741823,1073741823,1073741823,1073741823:h4
1073741823,1073741823,1073741823,1073741823,1073708031,1073709055,1073643519,1073438719,1073594367,1072431103,1073741823,1073741823,1073741823,1073741823,1073741823:h4
1073741823,1073741823,1073741823,1073741823,1073708031,1073709055,1073643519,1073438719,1073594367,1073479679,1073741823,1069547519,1073741823,1073741823,1073741823:h4
1073741823,1073741823,1073741823,1073741823,1073708031,1073709055,1073643519,1073438719,1073594367,1073479679,1073741823,1073479679,1073741823,1073741823,1073741823:h4
1073741823,1073741823,1073741823,1073741823,1073708031,1073709055,1073643519,1073438719,1073594367,1073479679,1073479679,1073741823,1073741823,1073741823,1073741823:h4
1073741823,1073741823,1073741823,1073741823,1073708031,1073709055,1073643519,1073438719,1073594367,1073479679,1073737727,1073741823,1073741823,1073741823,1073741823:h4
1073741823,1073741823,1073741823,1073741823,1073708031,1073709055,1073643519,1073438719,1073332223,1073479679,1073741823,1073741823,1073741823,1073741823,1073741823:h4
1073741823,1073741823,1073741823,1073741823,1073708031,1073709055,1073643519,1073438719,1073594367,1073479679,1072693247,1073741823,1073741823,1073741823,1073741823:h4
1073741823,1073741823,1073741823,1073741823,1073708031,1073709055,1073643519,1073438719,1073594367,1073479679,1073676287,1073741823,1073741823,1073741823,1073741823:h4
1073741823,1073741823,1073741823,1073741823,1073708031,1073709055,1073643519,1073438719,1073594367,1073414143,1073741823,1073741823,1073741823,1073741823,1073741823:h4
1073741823,1073741823,1073741823,1073741823,1073703935,1073709055,1073643519,1073438719,1073594367,1073479679,1073741823,1073741823,1073741823,1073741823,1073741823:h4
1073741823,1073741823,1073741823,1073741823,1073642495,1073709055,1073643519,1073438719,1073594367,1073479679,1073741823,1073741823,1073741823,1073741823,1073741823:h4
1073741823,1073741823,1073741823,1073741823,1073708031,1073643519,1073643519,1073438719,1073594367,1073479679,1073741823,1073741823,1073741823,1073741823,1073741823:h4
1073741823,1073741823,1073741823,1073741823,1072659455,1073709055,1073643519,1073438719,1073594367,1073479679,1073741823,1073741823,1073741823,1073741823,1073741823:h4
1073741823,1073741823,1073741823,1073741823,1073708031,1073709055,1072594943,1073438719,1073594367,1073479679,1073741823,1073741823,1073741823,1073741823,1073741823:h4
1073741823,1073741823,1073741823,1073741823,1073708031,1073709055,1073381375,1073438719,1073594367,1073479679,1073741823,1073741823,1073741823,1073741823,1073741823:h4
1073741823,1073741823,1073741823,1073741823,1073708031,1073709055,1073643519,1073438719,1072545791,1073479679,1073741823,1073741823,1073741823,1073741823,1073741823:h4
1073741823,1073741823,1073741823,1073741823,1073708031,1073709055,1073643519,1073438719,1073594367,1073478655,1073741823,1073741823,1073741823,1073741823,1073741823:h4
1073741823,1073741823,1073741823,1073741823,1073708031,1073709055,1073643519,1073438719,1073590271,1073479679,1073741823,1073741823,1073741823,1073741823,1073741823:h4
1073741823,1073741823,1073741823,1073741823,1073708031,1073709055,1073643519,1073437695,1073594367,1073479679,1073741823,1073741823,1073741823,1073741823,1073741823:h4
1073741823,1073741823,1073741823,1073741823,1073708031,1073708031,1073643519,1073438719,1073594367,1073479679,1073741823,1073741823,1073741823,1073741823,1073741823:h4
1073741823,1073741823,1073741823,1073741823,1073708031,1073709055,1073639423,1073438719,1073594367,1073479679,1073741823,1073741823,1073741823,1073741823,1073741823:h4
1073741823,1073741823,1073741823,1073741823,1073708031,1073446911,1073643519,1073438719,1073594367,1073479679,1073741823,1073741823,1073741823,1073741823,1073741823:h4
1073741823,1073741823,1073741823,1073741823,1073708031,1073709055,1073643519,1073373183,1073594367,1073479679,1073741823,1073741823,1073741823,1073741823,1073741823:h4
1073741823,1073741823,1073741823,1073741823,1073708031,1073709055,1073643519,1073438719,1073594367,1073463295,1073741823,1073741823,1073741823,1073741823,1073741823:h4
