1073741823,1073741823,1073741823,1073741823,1073741823,1073741823,1073147903,1073704959,1073086463,1073741823,1073676287,1073741823,1073741823,1073741823,1073741823:k9
1073741823,1073741823,1073741823,1073741823,1073741823,1073741823,1056370687,1073704959,1070989311,1073741823,1073676287,1073741823,1073741823,1073741823,1073741823:j8
1073741823,1073741823,1073741823,1073741823,1073741823,1073741823,1073147903,1069510655,1070989311,1073741823,1073676287,1073741823,1073741823,1073741823,1073741823:j8
1073741823,1073741823,1073741823,1073741823,1073741823,1073741823,1073147903,1073704959,1054212095,1073741823,1073676287,1073741823,1073741823,1073741823,1073741823:j8
1073741823,1073741823,1073741823,1073741823,1073741823,1073741823,1073147903,1073704959,1070989311,1073741823,1056899071,1073741823,1073741823,1073741823,1073741823:j8
1073741823,1073741823,1073741823,1073741823,1073741823,1073741823,1073147903,1073704959,1070989311,1069547519,1073676287,1073741823,1073741823,1073741823,1073741823:j8
1073741823,1073741823,1073741823,1073741823,1073741823,1073741823,1073147903,1073704959,1070989311,1073741823,1073676287,1073741823,1073737727,1073741823,1073741823:j8
1073741823,1073741823,1073741823,1073741823,1073741823,1073741823,1073147903,1073704959,1070989311,1073741823,1073676287,1073725439,1073741823,1073741823,1073741823:j8
1073741823,1073741823,1073741823,1073741823,1073741823,1073741823,1073147903,1073704959,1070989311,1073741823,1073676287,1073741823,1072693247,1073741823,1073741823:j8
1073741823,1073741823,1073741823,1073741823,1073741823,1073741823,1073147903,1073704959,1070989311,1073741823,1073676287,1073479679,1073741823,1073741823,1073741823:j8
1073741823,1073741823,1073741823,1073741823,1073741823,1073741823,1073147903,1073704959,1070989311,1073741823,1073676287,1073741823,1073676287,1073741823,1073741823:j8
1073741823,1073741823,1073741823,1073741823,1073741823,1073741823,1073147903,1073704959,1070989311,1073741823,1073676287,1073676287,1073741823,1073741823,1073741823:j8
1073741823,1073741823,1073741823,1073741823,1073725439,1073741823,1073147903,1073704959,1070989311,1073741823,1073676287,1073741823,1073741823,1073741823,1073741823:j8
1073741823,1073741823,1073741823,1073741823,1073479679,1073741823,1073147903,1073704959,1070989311,1073741823,1073676287,1073741823,1073741823,1073741823,1073741823:j8
1073741823,1073741823,1073741823,1073741823,1069547519,1073741823,1073147903,1073704959,1070989311,1073741823,1073676287,1073741823,1073741823,1073741823,1073741823:j8
1073741823,1073741823,1073741823,1073741823,1073741823,1072693247,1073147903,1073704959,1070989311,1073741823,1073676287,1073741823,1073741823,1073741823,1073741823:j8
1073741823,1073741823,1073741823,1073741823,1073741823,1073741823,1073147903,1073704959,1070989311,1073741567,1073676287,1073741823,1073741823,1073741823,1073741823:j8
1073741823,1073741823,1073741823,1073741823,1073741823,1073741823,1073147903,1073704959,1070988287,1073741823,1073676287,1073741823,1073741823,1073741823,1073741823:j8
1073741823,1073741823,1073741823,1073741823,1073741823,1073741823,1073147903,1073704703,1070989311,1073741823,1073676287,1073741823,1073741823,1073741823,1073741823:j8
1073741823,1073741823,1073741823,1073741823,1073741823,1073741567,1073147903,1073704959,1070989311,1073741823,1073676287,1073741823,1073741823,1073741823,1073741823:j8
1073741823,1073741823,1073741823,1073741823,1073741823,1073741823,1073147903,1073704959,1070989311,1073737727,1073676287,1073741823,1073741823,1073741823,1073741823:h9
1073741823,1073741823,1073741823,1073741823,1073741823,1073741823,1073147903,1073704959,1070989311,1073741823,1073659903,1073741823,1073741823,1073741823,1073741823:j8
1073741823,1073741823,1073741823,1073741823,1073741823,1073741823,1068953599,1073704959,1070989311,1073741823,1073676287,1073741823,1073741823,1073741823,1073741823:j8
1073741823,1073741823,1073741823,1073741823,1073741823,1073741823,1073147903,1072656383,1070989311,1073741823,1073676287,1073741823,1073741823,1073741823,1073741823:j8
1073741823,1073741823,1073741823,1073741823,1073741823,1073741823,1073147903,1073704959,1066795007,1073741823,1073676287,1073741823,1073741823,1073741823,1073741823:j8
1073741823,1073741823,1073741823,1073741823,1073741823,1073741823,1073147903,1073704959,1070989311,1073741823,1069481983,1073741823,1073741823,1073741823,1073741823:j8
1073741823,1073741823,1073741823,1073741823,1073741823,1073741823,1073147903,1073704959,1070989311,1072693247,1073676287,1073741823,1073741823,1073741823,1073741823:j8
1073741823,1073741823,1073741823,1073741823,1073741823,1073741823,1073147903,1073704959,1070989311,1073741823,1073414143,1073741823,1073741823,1073741823,1073741823:j8
1073741823,1073741823,1073741823,1073741823,1073741823,1073741823,1073147903,1073704959,1070989055,1073741823,1073676287,1073741823,1073741823,1073741823,1073741823:j8
1073741823,1073741823,1073741823,1073741823,1073741823,1073741823,1073147647,1073704959,1070989311,1073741823,1073676287,1073741823,1073741823,1073741823,1073741823:h9
1073741823,1073741823,1073741823,1073741823,1073741823,1073741823,1073146879,1073704959,1070989311,1073741823,1073676287,1073741823,1073741823,1073741823,1073741823:h9
1073741823,1073741823,1073741823,1073741823,1073741567,1073741823,1073147903,1073704959,1070989311,1073741823,1073676287,1073741823,1073741823,1073741823,1073741823:j8
1073741823,1073741823,1073741823,1073741823,1073741823,1073737727,1073147903,1073704959,1070989311,1073741823,1073676287,1073741823,1073741823,1073741823,1073741823:h9
1073741823,1073741823,1073741823,1073741823,1073741823,1073741823,1073147903,1073704959,1070989311,1073741823,1073672191,1073741823,1073741823,1073741823,1073741823:h9
1073741823,1073741823,1073741823,1073741823,1073741823,1073741823,1073147903,1073704959,1070989311,1073741823,1072627711,1073741823,1073741823,1073741823,1073741823:j8
1073741823,1073741823,1073741823,1073741823,1073741823,1073741823,1073147903,1073704959,1070989311,1073676287,1073676287,1073741823,1073741823,1073741823,1073741823:j8
1073741823,1073741823,1073741823,1073741823,1073737727,1073741823,1073147903,1073704959,1070989311,1073741823,1073676287,1073741823,1073741823,1073741823,1073741823:h9
1073741823,1073741823,1073741823,1073741823,1073676287,1073741823,1073147903,1073704959,1070989311,1073741823,1073676287,1073741823,1073741823,1073741823,1073741823:j8
1073741823,1073741823,1073741823,1073741823,1073741823,1073676287,1073147903,1073704959,1070989311,1073741823,1073676287,1073741823,1073741823,1073741823,1073741823:j8
1073741823,1073741823,1073741823,1073741823,1072693247,1073741823,1073147903,1073704959,1070989311,1073741823,1073676287,1073741823,1073741823,1073741823,1073741823:j8
1073741823,1073741823,1073741823,1073741823,1073741823,1073741823,1072099327,1073704959,1070989311,1073741823,1073676287,1073741823,1073741823,1073741823,1073741823:h9
1073741823,1073741823,1073741823,1073741823,1073741823,1073741823,1073147903,1073704959,1070989311,1073740799,1073676287,1073741823,1073741823,1073741823,1073741823:j8
1073741823,1073741823,1073741823,1073741823,1073741823,1073741823,1073147903,1073704959,1070985215,1073741823,1073676287,1073741823,1073741823,1073741823,1073741823:l9
1073741823,1073741823,1073741823,1073741823,1073741823,1073741823,1073147903,1073703935,1070989311,1073741823,1073676287,1073741823,1073741823,1073741823,1073741823:j8
1073741823,1073741823,1073741823,1073741823,1073741823,1073740799,1073147903,1073704959,1070989311,1073741823,1073676287,1073741823,1073741823,1073741823,1073741823:j8
1073741823,1073741823,1073741823,1073741823,1073741823,1073725439,1073147903,1073704959,1070989311,1073741823,1073676287,1073741823,1073741823,1073741823,1073741823:j8
1073741823,1073741823,1073741823,1073741823,1073741823,1073741823,1073131519,1073704959,1070989311,1073741823,1073676287,1073741823,1073741823,1073741823,1073741823:h9
1073741823,1073741823,1073741823,1073741823,1073741823,1073479679,1073147903,1073704959,1070989311,1073741823,1073676287,1073741823,1073741823,1073741823,1073741823:h9
1073741823,1073741823,1073741823,1073741823,1073741823,1073741823,1073147903,1073442815,1070989311,1073741823,1073676287,1073741823,1073741823,1073741823,1073741823:h9
1073741823,1073741823,1073741823,1073741823,1073741823,1073741823,1073147903,1073639423,1070989311,1073741823,1073676287,1073741823,1073741823,1073741823,1073741823:j8
1073741823,1073741823,1073741823,1073741823,1073741823,1073741823,1073147903,1073704959,1070989311,1073479679,1073676287,1073741823,1073741823,1073741823,1073741823:h9
1073741823,1073741823,1073741823,1073741823,1073741823,1073741823,1073147903,1073704959,1070989311,1073725439,1073676287,1073741823,1073741823,1073741823,1073741823:j10
1073741823,1073741823,1073741823,1073741823,1073741823,1073741823,1073147903,1073704959,1070972927,1073741823,1073676287,1073741823,1073741823,1073741823,1073741823:j8
