1073741823,1073741823,1073741823,1073741823,1073741823,1073659903,1073741823,1073184767,1073610751,1073741823,1073737727,1073741823,1073741823,1073741823,1073741823:i8
1073741823,1073741823,1073741823,1073741823,1073741823,1073675263,1073668095,1073184767,1073610751,1073741823,1073737727,1073741823,1073741823,1073741823,1073741823:j9
1073741823,1073741823,1073741823,1073741823,1073741823,1073675263,1073700863,1073704959,1073610751,1073741823,1073737727,1073741823,1073741823,1073741823,1073741823:g9
1073741823,1073741823,1073741823,1073741823,1073741823,1073675263,1073717247,1073709055,1073602559,1073741823,1073737727,1073741823,1073741823,1073741823,1073741823:j6
1073741823,1073741823,1073741823,1073741823,1073741823,1073675263,1073733631,1073704959,1073577983,1073741823,1073737727,1073741823,1073741823,1073741823,1073741823:h7
1073741823,1073741823,1073741823,1073741823,1073741823,1073676287,1073348607,1073577983,1073606655,1073741823,1073737727,1073741823,1073741823,1073741823,1073741823:j10
1073741823,1073741823,1073741823,1073741823,1073741823,1073676287,1073602559,1073709055,1073594367,1073479679,1073737727,1073741823,1073741823,1073741823,1073741823:h7
1073741823,1073741823,1073741823,1073741823,1073741823,1073676287,1073610751,1073577983,1073344511,1073741823,1073737727,1073741823,1073741823,1073741823,1073741823:g10
1073741823,1073741823,1073741823,1073741823,1073741823,1073676287,1073668095,1073700863,1073610751,1073479679,1073737727,1073741823,1073741823,1073741823,1073741823:g6
1073741823,1073741823,1073741823,1073741823,1073741823,1073676287,1073676287,1073709055,1073577983,1073741823,1073737727,1073741823,1073741823,1073741823,1073741823:h10
1073741823,1073741823,1073741823,1073741823,1073741823,1073676287,1073676287,1073709055,1073610751,1073709055,1073737727,1073741823,1073741823,1073741823,1073741823:h9
1073741823,1073741823,1073741823,1073741823,1073741823,1073676287,1073733631,1073641471,1073610751,1073479679,1073737727,1073741823,1073741823,1073741823,1073741823:g9
1073741823,1073741823,1073741823,1073741823,1073741823,1073676287,1073741823,1073183743,1073610751,1073741823,1073737727,1073741823,1073741823,1073741823,1073741823:k9
1073741823,1073741823,1073741823,1073741823,1073741823,1073676287,1073741823,1073184767,1073594367,1073217535,1072689151,1073741823,1073741823,1073741823,1073741823:i8
1073741823,1073741823,1073741823,1073741823,1073741823,1073676287,1073741823,1073184767,1073594367,1073741823,1073737727,1073741823,1073741823,1073741823,1073741823:j10
1073741823,1073741823,1073741823,1073741823,1073741823,1073676287,1073741823,1073577983,1073594367,1073741823,1073737727,1073741823,1073741823,1073741823,1073741823:g8
1073741823,1073741823,1073741823,1073741823,1073741823,1073676287,1073741823,1073577983,1073606655,1073741823,1073737727,1073741823,1073741823,1073741823,1073741823:g8
1073741823,1073741823,1073741823,1073741823,1073741823,1073676287,1073741823,1073643519,1073577983,1073741823,1073737727,1073741823,1073741823,1073741823,1073741823:g9
1073741823,1073741823,1073741823,1073741823,1073741823,1073676287,1073741823,1073643519,1073586175,1073709055,1073737727,1073741823,1073741823,1073741823,1073741823:j10
1073741823,1073741823,1073741823,1073741823,1073741823,1073676287,1073741823,1073643519,1073610751,1073709055,1073737727,1073741823,1073741823,1073741823,1073741823:g9
