1073741823,1073741823,1073741823,1073479679,1073676287,1073643519,1073672191,1073184767,1073086463,1073741823,1073741823,1073741823,1073741823,1073741823,1073741823:i4
1073741823,1073741823,1073741823,1073676287,1073676287,1073676287,1073672191,1073053695,1073086463,1073741823,1073741823,1073741823,1073741823,1073741823,1073741823:i3
1073741823,1073741823,1073741823,1073676287,1073741823,1073676287,1072099327,1072005119,1073610751,1073709055,1073741823,1073741823,1073741823,1073741823,1073741823:h9
1073741823,1073741823,1073741823,1073676287,1073741823,1073676287,1073147903,1073119231,1073086463,1073741823,1073741823,1073741823,1073741823,1073741823,1073741823:i5
1073741823,1073741823,1073741823,1073676287,1073741823,1073676287,1073672191,1073577983,1073610751,1073709055,1073741823,1073741823,1073741823,1073741823,1073741823:j8
1073741823,1073741823,1073741823,1073725439,1073676287,1073676287,1073606655,1073577983,1073610751,1073741823,1073741823,1073741823,1073741823,1073741823,1073741823:g8
1073741823,1073741823,1073741823,1073741823,1072693247,1073676287,1073590271,1073577983,1073610751,1073741823,1073741823,1073741823,1073741823,1073741823,1073741823:g9
1073741823,1073741823,1073741823,1073741823,1072693247,1073676287,1073606655,1073577983,1073610751,1073725439,1073741823,1073741823,1073741823,1073741823,1073741823:h7
1073741823,1073741823,1073741823,1073741823,1073479679,1073676287,1073590271,1073577983,1073610751,1073741823,1073741823,1073741823,1073741823,1073741823,1073741823:g8
1073741823,1073741823,1073741823,1073741823,1073676287,1073414143,1073606655,1073315839,1073602559,1073741823,1073741823,1073741823,1073741823,1073741823,1073741823:f8
1073741823,1073741823,1073741823,1073741823,1073676287,1073672191,1073606655,1073571839,1073610751,1073741823,1073741823,1073741823,1073741823,1073741823,1073741823:g9
1073741823,1073741823,1073741823,1073741823,1073676287,1073672191,1073606655,1073577983,1073610751,1073741823,1073741823,1073741823,1073741823,1073741823,1073741823:f8
1073741823,1073741823,1073741823,1073741823,1073676287,1073675263,1073606655,1073577983,1073610751,1073741823,1073741823,1073741823,1073741823,1073741823,1073741823:g8
1073741823,1073741823,1073741823,1073741823,1073676287,1073676287,1073147903,1073119231,1073086463,1073741823,1073741823,1073741823,1073741823,1073741823,1073741823:i4
1073741823,1073741823,1073741823,1073741823,1073676287,1073676287,1073606655,1073573887,1073602559,1073740799,1073741823,1073741823,1073741823,1073741823,1073741823:h9
1073741823,1073741823,1073741823,1073741823,1073676287,1073676287,1073606655,1073577983,1073610495,1073741823,1073741823,1073741823,1073741823,1073741823,1073741823:f8
1073741823,1073741823,1073741823,1073741823,1073676287,1073676287,1073672191,1073184767,1073086463,1073741823,1073741823,1073741823,1073741823,1073741823,1073741823:i8
1073741823,1073741823,1073741823,1073741823,1073676287,1073676287,1073721343,1073709055,1073307647,1073709055,1073741823,1073741823,1073741823,1073741823,1073741823:i7
1073741823,1073741823,1073741823,1073741823,1073676287,1073676287,1073737727,1073709055,1073307647,1073741823,1073741823,1073741823,1073741823,1073741823,1073741823:h10
1073741823,1073741823,1073741823,1073741823,1073676287,1073676287,1073737727,1073709055,1073568767,1073741823,1073741823,1073741823,1073741823,1073741823,1073741823:i7
1073741823,1073741823,1073741823,1073741823,1073725439,1073676287,1073606655,1073573887,1073610751,1073741823,1073741823,1073741823,1073741823,1073741823,1073741823:g9
1073741823,1073741823,1073741823,1073741823,1073725439,1073676287,1073606655,1073576959,1073610751,1073741823,1073741823,1073741823,1073741823,1073741823,1073741823:k8
1073741823,1073741823,1073741823,1073741823,1073725439,1073676287,1073606655,1073709055,1073602559,1073200127,1073741823,1073741823,1073741823,1073741823,1073741823:j9
1073741823,1073741823,1073741823,1073741823,1073725439,1073676287,1073721343,1073184767,1073610751,1073217535,1073741823,1073741823,1073741823,1073741823,1073741823:j7
1073741823,1073741823,1073741823,1073741823,1073737727,1073672191,1073737727,1073111039,1073086463,1073741823,1073741823,1073741823,1073741823,1073741823,1073741823:h10
1073741823,1073741823,1073741823,1073741823,1073737727,1073676287,1073344511,1073577983,1073610751,1073741823,1073741823,1073741823,1073741823,1073741823,1073741823:g9
1073741823,1073741823,1073741823,1073741823,1073737727,1073676287,1073590271,1073577983,1073610751,1073741823,1073741823,1073741823,1073741823,1073741823,1073741823:g9
1073741823,1073741823,1073741823,1073741823,1073737727,1073676287,1073605631,1073307647,1073610751,1073741823,1073741823,1073741823,1073741823,1073741823,1073741823:g9
1073741823,1073741823,1073741823,1073741823,1073741823,1069481983,1071640575,1072136191,1073594367,1073217535,1073741823,1073741823,1073741823,1073741823,1073741823:i10
1073741823,1073741823,1073741823,1073741823,1073741823,1072627711,1073065983,1073568767,1073307647,1073675263,1073741823,1073741823,1073741823,1073741823,1073741823:h11
1073741823,1073741823,1073741823,1073741823,1073741823,1072627711,1073590271,1073577983,1073610751,1073741823,1073741823,1073741823,1073741823,1073741823,1073741823:g8
1073741823,1073741823,1073741823,1073741823,1073741823,1072627711,1073606655,1073577983,1073348607,1073741823,1073741823,1073741823,1073741823,1073741823,1073741823:f8
1073741823,1073741823,1073741823,1073741823,1073741823,1072627711,1073606655,1073577983,1073594367,1073741823,1073741823,1073741823,1073741823,1073741823,1073741823:f8
1073741823,1073741823,1073741823,1073741823,1073741823,1072627711,1073606655,1073577983,1073610751,1073725439,1073741823,1073741823,1073741823,1073741823,1073741823:k8
1073741823,1073741823,1073741823,1073741823,1073741823,1073377279,1073590271,1073573887,1073305343,1073741823,1073741823,1073741823,1073741823,1073741823,1073741823:j7
1073741823,1073741823,1073741823,1073741823,1073741823,1073407999,1073590271,1073709055,1073602559,1073741823,1073741823,1073741823,1073741823,1073741823,1073741823:f9
1073741823,1073741823,1073741823,1073741823,1073741823,1073414143,1072541695,1072136191,1073610751,1073184767,1073741823,1073741823,1073741823,1073741823,1073741823:k9
1073741823,1073741823,1073741823,1073741823,1073741823,1073414143,1072672767,1073184767,1073610751,1073184767,1073741823,1073741823,1073741823,1073741823,1073741823:i10
1073741823,1073741823,1073741823,1073741823,1073741823,1073414143,1073147903,1073119231,1073086463,1073741823,1073741823,1073741823,1073741823,1073741823,1073741823:h9
1073741823,1073741823,1073741823,1073741823,1073741823,1073414143,1073590271,1073708031,1073602559,1073610751,1073741823,1073741823,1073741823,1073741823,1073741823:h10
1073741823,1073741823,1073741823,1073741823,1073741823,1073414143,1073606655,1073315839,1073577983,1073725439,1073741823,1073741823,1073741823,1073741823,1073741823:g8
1073741823,1073741823,1073741823,1073741823,1073741823,1073414143,1073606655,1073315839,1073602303,1073741823,1073741823,1073741823,1073741823,1073741823,1073741823:h10
1073741823,1073741823,1073741823,1073741823,1073741823,1073414143,1073606655,1073573887,1073568767,1073725439,1073741823,1073741823,1073741823,1073741823,1073741823:j9
1073741823,1073741823,1073741823,1073741823,1073741823,1073414143,1073606655,1073573887,1073577983,1073725439,1073741823,1073741823,1073741823,1073741823,1073741823:g9
1073741823,1073741823,1073741823,1073741823,1073741823,1073414143,1073606655,1073573887,1073602303,1073741823,1073741823,1073741823,1073741823,1073741823,1073741823:h9
1073741823,1073741823,1073741823,1073741823,1073741823,1073414143,1073721343,1073184767,1073610751,1073184767,1073737727,1073741823,1073741823,1073741823,1073741823:i10
1073741823,1073741823,1073741823,1073741823,1073741823,1073414143,1073721343,1073184767,1073610751,1073217535,1073741823,1073741823,1073741823,1073741823,1073741823:h10
1073741823,1073741823,1073741823,1073741823,1073741823,1073659903,1072541695,1073184767,1073610751,1073709055,1073741823,1073741823,1073741823,1073741823,1073741823:j6
1073741823,1073741823,1073741823,1073741823,1073741823,1073659903,1072656383,1073180671,1073594367,1073184767,1073741823,1073741823,1073741823,1073741823,1073741823:j11
1073741823,1073741823,1073741823,1073741823,1073741823,1073659903,1073606655,1073573887,1073602559,1073740799,1073741823,1073741823,1073741823,1073741823,1073741823:h9
1073741823,1073741823,1073741823,1073741823,1073741823,1073659903,1073606655,1073577983,1073594367,1073741823,1073741823,1073741823,1073741823,1073741823,1073741823:f8
1073741823,1073741823,1073741823,1073741823,1073741823,1073659903,1073606655,1073577983,1073610751,1073737727,1073741823,1073741823,1073741823,1073741823,1073741823:f8
1073741823,1073741823,1073741823,1073741823,1073741823,1073659903,1073639423,1073049599,1073610751,1073709055,1073737727,1073741823,1073741823,1073741823,1073741823:g10
1073741823,1073741823,1073741823,1073741823,1073741823,1073659903,1073639423,1073709055,1073307647,1073741823,1073741823,1073741823,1073741823,1073741823,1073741823:f8
1073741823,1073741823,1073741823,1073741823,1073741823,1073659903,1073704959,1073704959,1073601535,1073709055,1073741823,1073741823,1073741823,1073741823,1073741823:g6
1073741823,1073741823,1073741823,1073741823,1073741823,1073659903,1073704959,1073704959,1073610751,1073709055,1073741823,1073741823,1073741823,1073741823,1073741823:g9
1073741823,1073741823,1073741823,1073741823,1073741823,1073659903,1073721343,1073184767,1073610751,1073184767,1073737727,1073741823,1073741823,1073741823,1073741823:i10
1073741823,1073741823,1073741823,1073741823,1073741823,1073659903,1073737727,1072005119,1073610751,1073741823,1073741823,1073741823,1073741823,1073741823,1073741823:h10
1073741823,1073741823,1073741823,1073741823,1073741823,1073659903,1073737727,1073180671,1073610751,1073217535,1073741823,1073741823,1073741823,1073741823,1073741823:j11
1073741823,1073741823,1073741823,1073741823,1073741823,1073659903,1073737727,1073184767,1073610751,1073741823,1073741823,1073741823,1073741823,1073741823,1073741823:i8
1073741823,1073741823,1073741823,1073741823,1073741823,1073659903,1073737727,1073442815,1073610751,1073184767,1073733631,1073741823,1073741823,1073741823,1073741823:i11
1073741823,1073741823,1073741823,1073741823,1073741823,1073659903,1073737727,1073704959,1073610751,1073184767,1073733631,1073740799,1073741823,1073741823,1073741823:i11
1073741823,1073741823,1073741823,1073741823,1073741823,1073659903,1073737727,1073704959,1073610751,1073184767,1073741823,1073741823,1073741823,1073741823,1073741823:g11
1073741823,1073741823,1073741823,1073741823,1073741823,1073659903,1073737727,1073709055,1073610751,1073709055,1073741823,1073741823,1073741823,1073741823,1073741823:h11
1073741823,1073741823,1073741823,1073741823,1073741823,1073671167,1073606655,1073577983,1073602559,1073740799,1073741823,1073741823,1073741823,1073741823,1073741823:j6
1073741823,1073741823,1073741823,1073741823,1073741823,1073672191,1072082943,1073184767,1073577983,1073709055,1073741823,1073741823,1073741823,1073741823,1073741823:i8
1073741823,1073741823,1073741823,1073741823,1073741823,1073672191,1072099327,1073184767,1073610751,1073709055,1073741823,1073741823,1073741823,1073741823,1073741823:h9
1073741823,1073741823,1073741823,1073741823,1073741823,1073672191,1073672191,1073700863,1073049599,1073741823,1073741823,1073741823,1073741823,1073741823,1073741823:i8
1073741823,1073741823,1073741823,1073741823,1073741823,1073672191,1073737727,1073111039,1073082367,1073741823,1073741823,1073741823,1073741823,1073741823,1073741823:j11
1073741823,1073741823,1073741823,1073741823,1073741823,1073675263,1073606655,1073577983,1073594367,1073741823,1073741823,1073741823,1073741823,1073741823,1073741823:f8
1073741823,1073741823,1073741823,1073741823,1073741823,1073676287,1071640575,1073119231,1073594367,1073201151,1073741823,1073741823,1073741823,1073741823,1073741823:j7
1073741823,1073741823,1073741823,1073741823,1073741823,1073676287,1071640575,1073180671,1073594367,1073201151,1073741823,1073741823,1073741823,1073741823,1073741823:k9
1073741823,1073741823,1073741823,1073741823,1073741823,1073676287,1072328703,1073184767,1073594367,1073577983,1073741823,1073741823,1073741823,1073741823,1073741823:j10
1073741823,1073741823,1073741823,1073741823,1073741823,1073676287,1072427007,1073184767,1073594367,1073184767,1073741823,1073741823,1073741823,1073741823,1073741823:i10
1073741823,1073741823,1073741823,1073741823,1073741823,1073676287,1072558079,1072004095,1073610751,1073741823,1073741823,1073741823,1073741823,1073741823,1073741823:g9
1073741823,1073741823,1073741823,1073741823,1073741823,1073676287,1072558079,1073048575,1073610751,1073741823,1073741823,1073741823,1073741823,1073741823,1073741823:k9
1073741823,1073741823,1073741823,1073741823,1073741823,1073676287,1072623615,1073184767,1073606655,1073184767,1073741823,1073741823,1073741823,1073741823,1073741823:h9
1073741823,1073741823,1073741823,1073741823,1073741823,1073676287,1072623615,1073184767,1073610751,1073709055,1073741823,1073741823,1073741823,1073741823,1073741823:j7
1073741823,1073741823,1073741823,1073741823,1073741823,1073676287,1072623615,1073709055,1073610751,1073184767,1073741823,1073741823,1073741823,1073741823,1073741823:h7
1073741823,1073741823,1073741823,1073741823,1073741823,1073676287,1073131519,1073709055,1073086463,1073741823,1073741823,1073741823,1073741823,1073741823,1073741823:j8
1073741823,1073741823,1073741823,1073741823,1073741823,1073676287,1073131519,1073709055,1073606655,1073577983,1073741823,1073741823,1073741823,1073741823,1073741823:g10
1073741823,1073741823,1073741823,1073741823,1073741823,1073676287,1073147903,1072005119,1073606655,1073741823,1073741823,1073741823,1073741823,1073741823,1073741823:j10
1073741823,1073741823,1073741823,1073741823,1073741823,1073676287,1073147903,1073119231,1073086463,1073479679,1073741823,1073741823,1073741823,1073741823,1073741823:h10
1073741823,1073741823,1073741823,1073741823,1073741823,1073676287,1073147903,1073704959,1073086463,1073741823,1073741823,1073741823,1073741823,1073741823,1073741823:j10
1073741823,1073741823,1073741823,1073741823,1073741823,1073676287,1073377279,1073184767,1073594367,1073577983,1073737727,1073741823,1073741823,1073741823,1073741823:i8
1073741823,1073741823,1073741823,1073741823,1073741823,1073676287,1073377279,1073709055,1073594367,1073184767,1073741823,1073741823,1073741823,1073741823,1073741823:k10
1073741823,1073741823,1073741823,1073741823,1073741823,1073676287,1073377279,1073709055,1073594367,1073577983,1073741823,1073741823,1073741823,1073741823,1073741823:j8
1073741823,1073741823,1073741823,1073741823,1073741823,1073676287,1073459199,1073709055,1073307647,1073709055,1073741823,1073741823,1073741823,1073741823,1073741823:i7
1073741823,1073741823,1073741823,1073741823,1073741823,1073676287,1073475583,1073184767,1073594367,1073184767,1073737727,1073741823,1073741823,1073741823,1073741823:i10
1073741823,1073741823,1073741823,1073741823,1073741823,1073676287,1073475583,1073709055,1073307647,1073741823,1073741823,1073741823,1073741823,1073741823,1073741823:h10
1073741823,1073741823,1073741823,1073741823,1073741823,1073676287,1073475583,1073709055,1073568767,1073741823,1073741823,1073741823,1073741823,1073741823,1073741823:h7
1073741823,1073741823,1073741823,1073741823,1073741823,1073676287,1073573887,1073708031,1073610495,1073741823,1073741823,1073741823,1073741823,1073741823,1073741823:h6
1073741823,1073741823,1073741823,1073741823,1073741823,1073676287,1073590271,1072136191,1073610751,1073741823,1073741823,1073741823,1073741823,1073741823,1073741823:g9
1073741823,1073741823,1073741823,1073741823,1073741823,1073676287,1073590271,1073175551,1073609727,1073741823,1073741823,1073741823,1073741823,1073741823,1073741823:f7
1073741823,1073741823,1073741823,1073741823,1073741823,1073676287,1073590271,1073315839,1073307647,1073740799,1073741823,1073741823,1073741823,1073741823,1073741823:g8
1073741823,1073741823,1073741823,1073741823,1073741823,1073676287,1073590271,1073577983,1073307647,1073740799,1073676287,1073741823,1073741823,1073741823,1073741823:g8
1073741823,1073741823,1073741823,1073741823,1073741823,1073676287,1073590271,1073577983,1073610495,1073741823,1073741823,1073741823,1073741823,1073741823,1073741823:g9
1073741823,1073741823,1073741823,1073741823,1073741823,1073676287,1073605631,1073577983,1073348607,1073741823,1073741823,1073741823,1073741823,1073741823,1073741823:g9
1073741823,1073741823,1073741823,1073741823,1073741823,1073676287,1073606399,1073708031,1073602559,1073216511,1073741823,1073741823,1073741823,1073741823,1073741823:j8
1073741823,1073741823,1073741823,1073741823,1073741823,1073676287,1073606655,1072004095,1073610751,1073725439,1073741823,1073741823,1073741823,1073741823,1073741823:g9
1073741823,1073741823,1073741823,1073741823,1073741823,1073676287,1073606655,1073315839,1073610495,1073741823,1073741823,1073741823,1073741823,1073741823,1073741823:g9
1073741823,1073741823,1073741823,1073741823,1073741823,1073676287,1073606655,1073573887,1073602303,1073740799,1073741823,1073741823,1073741823,1073741823,1073741823:h9
1073741823,1073741823,1073741823,1073741823,1073741823,1073676287,1073606655,1073573887,1073610495,1073741823,1073741823,1073741823,1073741823,1073741823,1073741823:g9
1073741823,1073741823,1073741823,1073741823,1073741823,1073676287,1073606655,1073577983,1072561919,1073741823,1073741823,1073741823,1073741823,1073741823,1073741823:g9
1073741823,1073741823,1073741823,1073741823,1073741823,1073676287,1073606655,1073577983,1073348607,1073479679,1073741823,1073741823,1073741823,1073741823,1073741823:g9
1073741823,1073741823,1073741823,1073741823,1073741823,1073676287,1073606655,1073577983,1073594367,1073741823,1073479679,1073741823,1073741823,1073741823,1073741823:g8
1073741823,1073741823,1073741823,1073741823,1073741823,1073676287,1073606655,1073577983,1073594367,1073741823,1073737727,1073741823,1073741823,1073741823,1073741823:g9
1073741823,1073741823,1073741823,1073741823,1073741823,1073676287,1073606655,1073577983,1073609471,1073741823,1073741823,1073741823,1073741823,1073741823,1073741823:g9
1073741823,1073741823,1073741823,1073741823,1073741823,1073676287,1073606655,1073577983,1073609727,1073737727,1073741823,1073741823,1073741823,1073741823,1073741823:g8
1073741823,1073741823,1073741823,1073741823,1073741823,1073676287,1073638399,1073709055,1073594367,1073577983,1073741823,1073741823,1073741823,1073741823,1073741823:g10
1073741823,1073741823,1073741823,1073741823,1073741823,1073676287,1073639423,1073049599,1073594367,1073709055,1073737727,1073741823,1073741823,1073741823,1073741823:k10
1073741823,1073741823,1073741823,1073741823,1073741823,1073676287,1073639423,1073709055,1072005119,1073725439,1073741823,1073741823,1073741823,1073741823,1073741823:i8
1073741823,1073741823,1073741823,1073741823,1073741823,1073676287,1073639423,1073709055,1073049599,1073725439,1073741823,1073741823,1073741823,1073741823,1073741823:i8
1073741823,1073741823,1073741823,1073741823,1073741823,1073676287,1073639423,1073709055,1073590271,1073577983,1073741823,1073741823,1073741823,1073741823,1073741823:g10
1073741823,1073741823,1073741823,1073741823,1073741823,1073676287,1073670143,1073643519,1073584127,1073741823,1073741823,1073741823,1073741823,1073741823,1073741823:f8
1073741823,1073741823,1073741823,1073741823,1073741823,1073676287,1073672191,1073049599,1073594367,1073610751,1073741823,1073741823,1073741823,1073741823,1073741823:j10
1073741823,1073741823,1073741823,1073741823,1073741823,1073676287,1073672191,1073184767,1073070079,1073741823,1073741823,1073741823,1073741823,1073741823,1073741823:j7
1073741823,1073741823,1073741823,1073741823,1073741823,1073676287,1073672191,1073184767,1073082367,1073741823,1073741823,1073741823,1073741823,1073741823,1073741823:k7
1073741823,1073741823,1073741823,1073741823,1073741823,1073676287,1073672191,1073184767,1073606655,1073184767,1073737727,1073741823,1073741823,1073741823,1073741823:i8
1073741823,1073741823,1073741823,1073741823,1073741823,1073676287,1073672191,1073184767,1073610751,1073709055,1073737727,1073741823,1073741823,1073741823,1073741823:h7
1073741823,1073741823,1073741823,1073741823,1073741823,1073676287,1073672191,1073577983,1073594367,1073610751,1073741823,1073741823,1073741823,1073741823,1073741823:j8
1073741823,1073741823,1073741823,1073741823,1073741823,1073676287,1073672191,1073577983,1073606655,1073610751,1073741823,1073741823,1073741823,1073741823,1073741823:g8
1073741823,1073741823,1073741823,1073741823,1073741823,1073676287,1073672191,1073700863,1073577983,1073737727,1073741823,1073741823,1073741823,1073741823,1073741823:i8
1073741823,1073741823,1073741823,1073741823,1073741823,1073676287,1073672191,1073707007,1072535551,1073741823,1073741823,1073741823,1073741823,1073741823,1073741823:e8
1073741823,1073741823,1073741823,1073741823,1073741823,1073676287,1073672191,1073709055,1072005119,1073741823,1073741823,1073741823,1073741823,1073741823,1073741823:h7
1073741823,1073741823,1073741823,1073741823,1073741823,1073676287,1073672191,1073709055,1073049599,1073741823,1073741823,1073741823,1073741823,1073741823,1073741823:h7
1073741823,1073741823,1073741823,1073741823,1073741823,1073676287,1073672191,1073709055,1073086463,1073741823,1073741823,1073741823,1073741823,1073741823,1073741823:h9
1073741823,1073741823,1073741823,1073741823,1073741823,1073676287,1073672191,1073709055,1073606655,1073184767,1073741823,1073741823,1073741823,1073741823,1073741823:g10
1073741823,1073741823,1073741823,1073741823,1073741823,1073676287,1073672191,1073709055,1073606655,1073577983,1073741823,1073741823,1073741823,1073741823,1073741823:h7
1073741823,1073741823,1073741823,1073741823,1073741823,1073676287,1073672191,1073709055,1073610751,1073184767,1073725439,1073741823,1073741823,1073741823,1073741823:k7
1073741823,1073741823,1073741823,1073741823,1073741823,1073676287,1073672191,1073709055,1073610751,1073709055,1073741823,1073741823,1073741823,1073741823,1073741823:j8
1073741823,1073741823,1073741823,1073741823,1073741823,1073676287,1073721343,1073183743,1073610751,1073217535,1073741823,1073741823,1073741823,1073741823,1073741823:j7
1073741823,1073741823,1073741823,1073741823,1073741823,1073676287,1073721343,1073184767,1073594367,1073217535,1073741823,1073741823,1073741823,1073741823,1073741823:g11
1073741823,1073741823,1073741823,1073741823,1073741823,1073676287,1073721343,1073643519,1072005119,1073217535,1073741823,1073741823,1073741823,1073741823,1073741823:j11
1073741823,1073741823,1073741823,1073741823,1073741823,1073676287,1073737471,1073709055,1073307647,1073741823,1073741823,1073741823,1073741823,1073741823,1073741823:f10
1073741823,1073741823,1073741823,1073741823,1073741823,1073676287,1073737471,1073709055,1073568767,1073741823,1073741823,1073741823,1073741823,1073741823,1073741823:i7
1073741823,1073741823,1073741823,1073741823,1073741823,1073676287,1073737727,1072136191,1073594367,1073217535,1073741823,1073741823,1073741823,1073741823,1073741823:j7
1073741823,1073741823,1073741823,1073741823,1073741823,1073676287,1073737727,1073049599,1073594367,1073610751,1073676287,1073741823,1073741823,1073741823,1073741823:g11
1073741823,1073741823,1073741823,1073741823,1073741823,1073676287,1073737727,1073049599,1073594367,1073741823,1073741823,1073741823,1073741823,1073741823,1073741823:i10
1073741823,1073741823,1073741823,1073741823,1073741823,1073676287,1073737727,1073119231,1073082367,1073741823,1073741823,1073741823,1073741823,1073741823,1073741823:j10
1073741823,1073741823,1073741823,1073741823,1073741823,1073676287,1073737727,1073119231,1073594367,1073217535,1073741823,1073741823,1073741823,1073741823,1073741823:k7
1073741823,1073741823,1073741823,1073741823,1073741823,1073676287,1073737727,1073179647,1073610751,1073217535,1073741823,1073741823,1073741823,1073741823,1073741823:j7
1073741823,1073741823,1073741823,1073741823,1073741823,1073676287,1073737727,1073183743,1073606655,1073217535,1073741823,1073741823,1073741823,1073741823,1073741823:j7
1073741823,1073741823,1073741823,1073741823,1073741823,1073676287,1073737727,1073183743,1073610751,1073741823,1073741823,1073741823,1073741823,1073741823,1073741823:k8
1073741823,1073741823,1073741823,1073741823,1073741823,1073676287,1073737727,1073184767,1073594367,1073610751,1073676287,1073741823,1073741823,1073741823,1073741823:j10
1073741823,1073741823,1073741823,1073741823,1073741823,1073676287,1073737727,1073184767,1073594367,1073741823,1073741823,1073741823,1073741823,1073741823,1073741823:i8
1073741823,1073741823,1073741823,1073741823,1073741823,1073676287,1073737727,1073184767,1073610751,1073740799,1073741823,1073741823,1073741823,1073741823,1073741823:k9
1073741823,1073741823,1073741823,1073741823,1073741823,1073676287,1073737727,1073307647,1073606655,1073741823,1073741823,1073741823,1073741823,1073741823,1073741823:h9
1073741823,1073741823,1073741823,1073741823,1073741823,1073676287,1073737727,1073381375,1071513599,1073217535,1073741823,1073741823,1073741823,1073741823,1073741823:j9
1073741823,1073741823,1073741823,1073741823,1073741823,1073676287,1073737727,1073568767,1073606655,1073741823,1073741823,1073741823,1073741823,1073741823,1073741823:i10
1073741823,1073741823,1073741823,1073741823,1073741823,1073676287,1073737727,1073577983,1073594367,1073610751,1073676287,1073741823,1073741823,1073741823,1073741823:k10
1073741823,1073741823,1073741823,1073741823,1073741823,1073676287,1073737727,1073577983,1073594367,1073610751,1073741823,1073676287,1073741823,1073741823,1073741823:h10
1073741823,1073741823,1073741823,1073741823,1073741823,1073676287,1073737727,1073577983,1073606655,1073610751,1073676287,1073741823,1073741823,1073741823,1073741823:g8
1073741823,1073741823,1073741823,1073741823,1073741823,1073676287,1073737727,1073577983,1073606655,1073610751,1073741823,1073676287,1073741823,1073741823,1073741823:g8
1073741823,1073741823,1073741823,1073741823,1073741823,1073676287,1073737727,1073577983,1073606655,1073741823,1073741823,1073741823,1073741823,1073741823,1073741823:g8
1073741823,1073741823,1073741823,1073741823,1073741823,1073676287,1073737727,1073643519,1072005119,1073741823,1073741823,1073741823,1073741823,1073741823,1073741823:h11
1073741823,1073741823,1073741823,1073741823,1073741823,1073676287,1073737727,1073643519,1072037887,1073709055,1073741823,1073741823,1073741823,1073741823,1073741823:h9
1073741823,1073741823,1073741823,1073741823,1073741823,1073676287,1073737727,1073643519,1073070079,1073217535,1073741823,1073741823,1073741823,1073741823,1073741823:j12
1073741823,1073741823,1073741823,1073741823,1073741823,1073676287,1073737727,1073643519,1073086463,1073741823,1073741823,1073741823,1073741823,1073741823,1073741823:h9
1073741823,1073741823,1073741823,1073741823,1073741823,1073676287,1073737727,1073643519,1073573887,1073184767,1073725439,1073741823,1073741823,1073741823,1073741823:g10
1073741823,1073741823,1073741823,1073741823,1073741823,1073676287,1073737727,1073643519,1073577983,1073741823,1073741823,1073741823,1073741823,1073741823,1073741823:h10
1073741823,1073741823,1073741823,1073741823,1073741823,1073676287,1073737727,1073643519,1073594367,1073086463,1073741823,1073741823,1073741823,1073741823,1073741823:k10
1073741823,1073741823,1073741823,1073741823,1073741823,1073676287,1073737727,1073643519,1073594367,1073184767,1073741823,1073741823,1073741823,1073741823,1073741823:g10
1073741823,1073741823,1073741823,1073741823,1073741823,1073676287,1073737727,1073643519,1073610751,1073709055,1073741823,1073741823,1073741823,1073741823,1073741823:h9
1073741823,1073741823,1073741823,1073741823,1073741823,1073676287,1073737727,1073703935,1073610751,1073184767,1073741823,1073741823,1073741823,1073741823,1073741823:g10
1073741823,1073741823,1073741823,1073741823,1073741823,1073676287,1073737727,1073704959,1073610751,1073217535,1073606655,1073741823,1073741823,1073741823,1073741823:i10
1073741823,1073741823,1073741823,1073741823,1073741823,1073676287,1073737727,1073709055,1073348607,1073217535,1073606655,1073741823,1073741823,1073741823,1073741823:k9
1073741823,1073741823,1073741823,1073741823,1073741823,1073676287,1073737727,1073709055,1073594367,1073610751,1073741823,1073741823,1073741823,1073741823,1073741823:i8
1073741823,1073741823,1073741823,1073741823,1073741823,1073676287,1073737727,1073709055,1073606655,1073217535,1073606655,1073741823,1073741823,1073741823,1073741823:g8
1073741823,1073741823,1073741823,1073741823,1073741823,1073676287,1073737727,1073709055,1073606655,1073610751,1073741823,1073741823,1073741823,1073741823,1073741823:i8
1073741823,1073741823,1073741823,1073741823,1073741823,1073676287,1073737727,1073709055,1073610751,1073213439,1073606655,1073741823,1073741823,1073741823,1073741823:g9
1073741823,1073741823,1073741823,1073741823,1073741823,1073676287,1073737727,1073709055,1073610751,1073217535,1073344511,1073741823,1073741823,1073741823,1073741823:i10
1073741823,1073741823,1073741823,1073741823,1073741823,1073676287,1073737727,1073709055,1073610751,1073217535,1073590271,1073741823,1073741823,1073741823,1073741823:i8
1073741823,1073741823,1073741823,1073741823,1073741823,1073676287,1073737727,1073709055,1073610751,1073217535,1073606655,1069547519,1073741823,1073741823,1073741823:i10
1073741823,1073741823,1073741823,1073741823,1073741823,1073676287,1073737727,1073709055,1073610751,1073217535,1073606655,1073479679,1073741823,1073741823,1073741823:i10
1073741823,1073741823,1073741823,1073741823,1073741823,1073676287,1073737727,1073709055,1073610751,1073217535,1073606655,1073676287,1073741823,1073741823,1073741823:i8
1073741823,1073741823,1073741823,1073741823,1073741823,1073676287,1073737727,1073709055,1073610751,1073217535,1073606655,1073725439,1073741823,1073741823,1073741823:i8
