1073741823,1073741823,1073741823,1073479679,1072562175,1063648255,1071489023,1069445119,1073741823,1073741823,1073741823,1073741823,1073741823,1073741823,1073741823:j8
1073741823,1073741823,1073741823,1073479679,1072562175,1063648255,1071489023,1068920831,1073741823,1006632959,1073741823,1073741823,1073741823,1073741823,1073741823:m5
1073741823,1073741823,1073741823,1073479679,1072562175,1063648255,1071489023,1068920831,1073741823,1069547519,1073741823,1073741823,1073741823,1073741823,1073741823:m5
1073741823,1073741823,1073741823,1073479679,1072562175,1063648255,1071489023,1068920831,1069547519,1073741823,1073741823,1073741823,1073741823,1073741823,1073741823:m5
1073741823,1073741823,1073741823,1073479679,1072562175,1063648255,1071489023,1068920831,1056964607,1073741823,1073741823,1073741823,1073741823,1073741823,1073741823:m5
1073741823,1073741823,1073741823,1056702463,1072562175,1063648255,1071489023,1068920831,1073741823,1073741823,1073741823,1073741823,1073741823,1073741823,1073741823:m5
1073741823,1073741823,1073741823,1073479679,1072562175,1063648255,1071489023,1052143615,1073741823,1073741823,1073741823,1073741823,1073741823,1073741823,1073741823:m5
1073741823,1073741823,1073741823,1006370815,1072562175,1063648255,1071489023,1068920831,1073741823,1073741823,1073741823,1073741823,1073741823,1073741823,1073741823:i9
1073741823,1073741823,1073741823,1073479679,1072562175,996539391,1071489023,1068920831,1073741823,1073741823,1073741823,1073741823,1073741823,1073741823,1073741823:m5
1073741823,1073741823,1073741823,1073479679,1072562175,1046871039,1071489023,1068920831,1073741823,1073741823,1073741823,1073741823,1073741823,1073741823,1073741823:m5
1073741823,1073741823,1073741823,1073479679,1072562175,1063648255,1071489023,1001811967,1073741823,1073741823,1073741823,1073741823,1073741823,1073741823,1073741823:m5
1073741823,1073741823,1073741823,1073479679,1072562175,1063648255,1067294719,1068920831,1073741823,1073741823,1073741823,1073741823,1073741823,1073741823,1073741823:m5
1073741823,1073725439,1073741823,1073479679,1072562175,1063648255,1071489023,1068920831,1073741823,1073741823,1073741823,1073741823,1073741823,1073741823,1073741823:m5
1073741823,1073479679,1073741823,1073479679,1072562175,1063648255,1071489023,1068920831,1073741823,1073741823,1073741823,1073741823,1073741823,1073741823,1073741823:m5
1073741823,1073741823,1073479679,1073479679,1072562175,1063648255,1071489023,1068920831,1073741823,1073741823,1073741823,1073741823,1073741823,1073741823,1073741823:m5
1073741823,1069547519,1073741823,1073479679,1072562175,1063648255,1071489023,1068920831,1073741823,1073741823,1073741823,1073741823,1073741823,1073741823,1073741823:m5
1073741823,1073741823,1073737727,1073479679,1072562175,1063648255,1071489023,1068920831,1073741823,1073741823,1073741823,1073741823,1073741823,1073741823,1073741823:m5
1073741823,1073741823,1073741823,1073479679,1072562175,1063648255,1071489023,1068920831,1073741823,1072693247,1073741823,1073741823,1073741823,1073741823,1073741823:m5
1073741823,1073741823,1073741823,1073475583,1072562175,1063648255,1071489023,1068920831,1073741823,1073741823,1073741823,1073741823,1073741823,1073741823,1073741823:m5
1073741823,1073741823,1073741823,1073414143,1072562175,1063648255,1071489023,1068920831,1073741823,1073741823,1073741823,1073741823,1073741823,1073741823,1073741823:m5
1073741823,1073741823,1073741823,1073479679,1072562175,1063648255,1071489023,1067872255,1073741823,1073741823,1073741823,1073741823,1073741823,1073741823,1073741823:m5
1073741823,1073741823,1073676287,1073479679,1072562175,1063648255,1071489023,1068920831,1073741823,1073741823,1073741823,1073741823,1073741823,1073741823,1073741823:m5
1073741823,1073741823,1072693247,1073479679,1072562175,1063648255,1071489023,1068920831,1073741823,1073741823,1073741823,1073741823,1073741823,1073741823,1073741823:m5
1073741823,1073741823,1073741823,1072431103,1072562175,1063648255,1071489023,1068920831,1073741823,1073741823,1073741823,1073741823,1073741823,1073741823,1073741823:m5
1073741823,1073741823,1056964607,1073479679,1072562175,1063648255,1071489023,1068920831,1073741823,1073741823,1073741823,1073741823,1073741823,1073741823,1073741823:m5
1073741823,1073741823,1073741823,1073479679,1055784959,1063648255,1071489023,1068920831,1073741823,1073741823,1073741823,1073741823,1073741823,1073741823,1073741823:f8
1073741823,1073741823,1073741823,1073479679,1055784959,1063648255,1071489023,1068918783,1073741823,1073741759,1073741823,1073741823,1073741823,1073741823,1073741823:h6
1073741823,1073741823,805306367,1073479679,1055784959,1063648255,1071489023,1068918783,1073741823,1073741823,1073741823,1073741823,1073741823,1073741823,1073741823:h6
1073741823,1073741823,1073741823,1073479679,787349503,1063648255,1071489023,1068918783,1073741823,1073741823,1073741823,1073741823,1073741823,1073741823,1073741823:h6
1073741823,1073741823,1073741823,1073479679,988676095,1063648255,1071489023,1068918783,1073741823,1073741823,1073741823,1073741823,1073741823,1073741823,1073741823:h6
1073741823,1073741823,1073741823,1073479679,1055784959,1063648255,803053567,1068918783,1073741823,1073741823,1073741823,1073741823,1073741823,1073741823,1073741823:h6
1073741823,1073741823,1073741823,1073479679,1055784959,1063648255,1071489023,1068918783,1073741823,1006632959,1073741823,1073741823,1073741823,1073741823,1073741823:h6
1073741823,1073741823,1073741823,1073479679,1055784959,1063648255,1071489023,1068918783,1073741823,1069547519,1073741823,1073741823,1073741823,1073741823,1073741823:h6
1073741823,1073741823,1073741823,1073479679,1055784959,1063648255,1071489023,1068918783,1069547519,1073741823,1073741823,1073741823,1073741823,1073741823,1073741823:h6
1073741823,1073741823,1073741823,1073479679,1055784959,1063648255,1071489023,1068918783,1056964607,1073741823,1073741823,1073741823,1073741823,1073741823,1073741823:h6
1073741823,1073741823,1073741823,1056702463,1055784959,1063648255,1071489023,1068918783,1073741823,1073741823,1073741823,1073741823,1073741823,1073741823,1073741823:h6
1073741823,1073741823,1073741823,1073479679,1055784959,1063648255,1071489023,1052141567,1073741823,1073741823,1073741823,1073741823,1073741823,1073741823,1073741823:h6
1073741823,1073741823,1073741823,1006370815,1055784959,1063648255,1071489023,1068918783,1073741823,1073741823,1073741823,1073741823,1073741823,1073741823,1073741823:h6
1073741823,1073741823,1073741823,1073479679,1055784959,996539391,1071489023,1068918783,1073741823,1073741823,1073741823,1073741823,1073741823,1073741823,1073741823:h6
1073741823,1073741823,1073741823,1073479679,1055784959,1046871039,1071489023,1068918783,1073741823,1073741823,1073741823,1073741823,1073741823,1073741823,1073741823:h6
1073741823,1073741823,1073741823,1073479679,1055784959,1063648255,1071489023,1001809919,1073741823,1073741823,1073741823,1073741823,1073741823,1073741823,1073741823:h6
1073741823,1073741823,1073741823,1073479679,1055784959,1063648255,1067294719,1068918783,1073741823,1073741823,1073741823,1073741823,1073741823,1073741823,1073741823:h6
1073741823,1073725439,1073741823,1073479679,1055784959,1063648255,1071489023,1068918783,1073741823,1073741823,1073741823,1073741823,1073741823,1073741823,1073741823:h6
1073741823,1073479679,1073741823,1073479679,1055784959,1063648255,1071489023,1068918783,1073741823,1073741823,1073741823,1073741823,1073741823,1073741823,1073741823:h6
1073741823,1073741823,1073479679,1073479679,1055784959,1063648255,1071489023,1068918783,1073741823,1073741823,1073741823,1073741823,1073741823,1073741823,1073741823:h6
1073741823,1069547519,1073741823,1073479679,1055784959,1063648255,1071489023,1068918783,1073741823,1073741823,1073741823,1073741823,1073741823,1073741823,1073741823:h6
1073741823,1073741823,1073737727,1073479679,1055784959,1063648255,1071489023,1068918783,1073741823,1073741823,1073741823,1073741823,1073741823,1073741823,1073741823:h6
1073741823,1073741823,1073741823,1073479679,1055784959,1063648255,1071489023,1068918783,1073741823,1072693247,1073741823,1073741823,1073741823,1073741823,1073741823:h6
1073741823,1073741823,1073741823,1073475583,1055784959,1063648255,1071489023,1068918783,1073741823,1073741823,1073741823,1073741823,1073741823,1073741823,1073741823:h6
1073741823,1073741823,1073741823,1073414143,1055784959,1063648255,1071489023,1068918783,1073741823,1073741823,1073741823,1073741823,1073741823,1073741823,1073741823:h6
1073741823,1073741823,1073741823,1073479679,1055784959,1063648255,1071489023,1067870207,1073741823,1073741823,1073741823,1073741823,1073741823,1073741823,1073741823:h6
1073741823,1073741823,1073676287,1073479679,1055784959,1063648255,1071489023,1068918783,1073741823,1073741823,1073741823,1073741823,1073741823,1073741823,1073741823:h6
1073741823,1073741823,1072693247,1073479679,1055784959,1063648255,1071489023,1068918783,1073741823,1073741823,1073741823,1073741823,1073741823,1073741823,1073741823:h6
1073741823,1073741823,1073741823,1072431103,1055784959,1063648255,1071489023,1068918783,1073741823,1073741823,1073741823,1073741823,1073741823,1073741823,1073741823:h6
1073741823,1073741823,1056964607,1073479679,1055784959,1063648255,1071489023,1068918783,1073741823,1073741823,1073741823,1073741823,1073741823,1073741823,1073741823:h6
1073741823,1073741823,1073741823,1073479679,1051590655,1063648255,1071489023,1068918783,1073741823,1073741823,1073741823,1073741823,1073741823,1073741823,1073741823:h6
1073741823,1073741823,1073741823,1073479679,1055784959,1063648255,1054711807,1068918783,1073741823,1073741823,1073741823,1073741823,1073741823,1073741823,1073741823:h6
1073741823,1073741823,1073741823,1069285375,1055784959,1063648255,1071489023,1068918783,1073741823,1073741823,1073741823,1073741823,1073741823,1073741823,1073741823:h6
1073741823,1073741823,1073741823,1073479679,1055768575,1063648255,1071489023,1068918783,1073741823,1073741823,1073741823,1073741823,1073741823,1073741823,1073741823:h6
1073741823,1073741823,1073741823,1073479679,1055522815,1063648255,1071489023,1068918783,1073741823,1073741823,1073741823,1073741823,1073741823,1073741823,1073741823:h6
1073741823,1073741823,1073741823,1073479679,1055784959,1063648255,1071489023,1068918783,1073479679,1073741823,1073741823,1073741823,1073741823,1073741823,1073741823:h6
1073741823,1073741823,1073741823,1073479679,1055784959,1063648255,1071226879,1068918783,1073741823,1073741823,1073741823,1073741823,1073741823,1073741823,1073741823:h6
1073741823,1073741823,1073741823,1073479679,1055784959,1063648255,1071489023,1068918783,1072693247,1073741823,1073741823,1073741823,1073741823,1073741823,1073741823:g9
1073741823,1073741823,1073741823,1073479679,1055784959,1063648255,1071489023,1068918719,1073741823,1073741823,1073741823,1073741823,1073741823,1073741823,1073741823:h6
1073741823,1073741823,1073741823,1073479679,1055784959,1063648191,1071489023,1068918783,1073741823,1073741823,1073741823,1073741823,1073741823,1073741823,1073741823:h6
1073741823,1073741823,1073741823,1073479615,1055784959,1063648255,1071489023,1068918783,1073741823,1073741823,1073741823,1073741823,1073741823,1073741823,1073741823:h6
1073741823,1073741823,1073741823,1073478655,1055784959,1063648255,1071489023,1068918783,1073741823,1073741823,1073741823,1073741823,1073741823,1073741823,1073741823:h6
1073741823,1073741823,1073741823,1073479679,1055783935,1063648255,1071489023,1068918783,1073741823,1073741823,1073741823,1073741823,1073741823,1073741823,1073741823:h6
1073741823,1073741823,1073741823,1073463295,1055784959,1063648255,1071489023,1068918783,1073741823,1073741823,1073741823,1073741823,1073741823,1073741823,1073741823:h6
1073741823,1073741823,1073741823,1073479679,1055784959,1063648255,1071489023,1068918783,1073741567,1073741823,1073741823,1073741823,1073741823,1073741823,1073741823:g9
1073741823,1073741823,1073741823,1073479679,1055784959,1063648255,1071488767,1068918783,1073741823,1073741823,1073741823,1073741823,1073741823,1073741823,1073741823:h6
1073741823,1073741823,1073741823,1073479679,1055784703,1063648255,1071489023,1068918783,1073741823,1073741823,1073741823,1073741823,1073741823,1073741823,1073741823:h6
1073741823,1073741823,1073741823,1073479679,1055780863,1063648255,1071489023,1068918783,1073741823,1073741823,1073741823,1073741823,1073741823,1073741823,1073741823:g9
1073741823,1073741823,1073741823,1073479679,1055784959,1063648255,1071489023,1068918783,1073741823,1073741567,1073741823,1073741823,1073741823,1073741823,1073741823:h6
1073741823,1073741823,1073741823,1073479679,1055784959,1063648255,1071489023,1068918783,1073740799,1073741823,1073741823,1073741823,1073741823,1073741823,1073741823:h6
1073741823,1073741823,1073741823,1073479679,1055784959,1063648255,1071489023,1068918527,1073741823,1073741823,1073741823,1073741823,1073741823,1073741823,1073741823:h6
1073741823,1073741823,1073741823,1073479679,1055784959,1063647999,1071489023,1068918783,1073741823,1073741823,1073741823,1073741823,1073741823,1073741823,1073741823:h6
1073741823,1073741823,1073741823,1073479679,1055784959,1063648255,1071487999,1068918783,1073741823,1073741823,1073741823,1073741823,1073741823,1073741823,1073741823:h6
1073741823,1073741823,1073741823,1073479679,1055784959,1063644159,1071489023,1068918783,1073741823,1073741823,1073741823,1073741823,1073741823,1073741823,1073741823:h6
1073741823,1073741823,1073741823,1073479679,1055784959,1063648255,1071489023,1068918783,1073741823,1073676287,1073741823,1073741823,1073741823,1073741823,1073741823:h6
1073741823,1073741823,1073741823,1073479679,1055784959,1063648255,1071489023,1068918783,1073741823,1073737727,1073741823,1073741823,1073741823,1073741823,1073741823:h6
1073741823,1073741823,1073741823,1073479679,1055784959,1063648255,1071489023,1068918783,1073741823,1073740799,1073741823,1073741823,1073741823,1073741823,1073741823:h6
1073741823,1073741823,1073741823,1073479679,1055784959,1063648255,1071489023,1068918783,1073737727,1073741823,1073741823,1073741823,1073741823,1073741823,1073741823:h6
1073741823,1073741823,1073741823,1073479679,1055784959,1063631871,1071489023,1068918783,1073741823,1073741823,1073741823,1073741823,1073741823,1073741823,1073741823:g9
1073741823,1073741823,1073741823,1073479679,1055784959,1063648255,1071489023,1068918783,1073741823,1073479679,1073741823,1073741823,1073741823,1073741823,1073741823:h6
1073741823,1073741823,1073741823,1073479679,1055784959,1063648255,1071489023,1068918783,1073676287,1073741823,1073741823,1073741823,1073741823,1073741823,1073741823:h6
1073741823,1073741823,1073741823,1073479679,1055784959,1063648255,1071489023,1068918783,1073741823,1073725439,1073741823,1073741823,1073741823,1073741823,1073741823:h6
1073741823,1073741823,1073741823,1073479679,1055784959,1063648255,1071489023,1068918783,1073725439,1073741823,1073741823,1073741823,1073741823,1073741823,1073741823:h6
1073741823,1073741823,1073741823,1073479679,1068367871,1063648255,1071489023,1068920831,1073741823,1073741823,1073741823,1073741823,1073741823,1073741823,1073741823:m5
1073741823,1073741823,1073741823,1073479679,1072562175,1063648255,1054711807,1068920831,1073741823,1073741823,1073741823,1073741823,1073741823,1073741823,1073741823:m5
1073741823,1073741823,1073741823,1069285375,1072562175,1063648255,1071489023,1068920831,1073741823,1073741823,1073741823,1073741823,1073741823,1073741823,1073741823:m5
1073741823,1073741823,1073741823,1073479679,1072545791,1063648255,1071489023,1068920831,1073741823,1073741823,1073741823,1073741823,1073741823,1073741823,1073741823:m5
1073741823,1073741823,1073741823,1073479679,1072300031,1063648255,1071489023,1068920831,1073741823,1073741823,1073741823,1073741823,1073741823,1073741823,1073741823:m5
1073741823,1073741823,1073741823,1073479679,1072562175,1063648255,1071489023,1068920831,1073479679,1073741823,1073741823,1073741823,1073741823,1073741823,1073741823:m5
1073741823,1073741823,1073741823,1073479679,1072562175,1063648255,1071226879,1068920831,1073741823,1073741823,1073741823,1073741823,1073741823,1073741823,1073741823:m5
1073741823,1073741823,1073741823,1073479679,1072562175,1063648255,1071489023,1068920831,1072693247,1073741823,1073741823,1073741823,1073741823,1073741823,1073741823:m5
1073741823,1073741823,1073741823,1073479679,1072562175,1063648255,1071489023,1068920767,1073741823,1073741823,1073741823,1073741823,1073741823,1073741823,1073741823:m5
1073741823,1073741823,1073741823,1073479679,1072562175,1063648191,1071489023,1068920831,1073741823,1073741823,1073741823,1073741823,1073741823,1073741823,1073741823:m5
1073741823,1073741823,1073741823,1073479615,1072562175,1063648255,1071489023,1068920831,1073741823,1073741823,1073741823,1073741823,1073741823,1073741823,1073741823:m5
1073741823,1073741823,1073741823,1073478655,1072562175,1063648255,1071489023,1068920831,1073741823,1073741823,1073741823,1073741823,1073741823,1073741823,1073741823:m5
1073741823,1073741823,1073741823,1073479679,1072561151,1063648255,1071489023,1068920831,1073741823,1073741823,1073741823,1073741823,1073741823,1073741823,1073741823:m5
1073741823,1073741823,1073741823,1073463295,1072562175,1063648255,1071489023,1068920831,1073741823,1073741823,1073741823,1073741823,1073741823,1073741823,1073741823:m5
1073741823,1073741823,1073741823,1073479679,1072562175,1063648255,1071489023,1068920831,1073741567,1073741823,1073741823,1073741823,1073741823,1073741823,1073741823:m5
1073741823,1073741823,1073741823,1073479679,1072562175,1063648255,1071488767,1068920831,1073741823,1073741823,1073741823,1073741823,1073741823,1073741823,1073741823:m5
1073741823,1073741823,1073741823,1073479679,1072561919,1063648255,1071489023,1068920831,1073741823,1073741823,1073741823,1073741823,1073741823,1073741823,1073741823:m5
1073741823,1073741823,1073741823,1073479679,1072558079,1063648255,1071489023,1068920831,1073741823,1073741823,1073741823,1073741823,1073741823,1073741823,1073741823:m5
1073741823,1073741823,1073741823,1073479679,1072562175,1063648255,1071489023,1068920831,1073741823,1073741567,1073741823,1073741823,1073741823,1073741823,1073741823:m5
1073741823,1073741823,1073741823,1073479679,1072562175,1063648255,1071489023,1068920831,1073740799,1073741823,1073741823,1073741823,1073741823,1073741823,1073741823:m5
1073741823,1073741823,1073741823,1073479679,1072562175,1063648255,1071489023,1068920575,1073741823,1073741823,1073741823,1073741823,1073741823,1073741823,1073741823:m5
1073741823,1073741823,1073741823,1073479679,1072562175,1063647999,1071489023,1068920831,1073741823,1073741823,1073741823,1073741823,1073741823,1073741823,1073741823:m5
1073741823,1073741823,1073741823,1073479679,1072562175,1063648255,1071487999,1068920831,1073741823,1073741823,1073741823,1073741823,1073741823,1073741823,1073741823:m5
1073741823,1073741823,1073741823,1073479679,1072562175,1063644159,1071489023,1068920831,1073741823,1073741823,1073741823,1073741823,1073741823,1073741823,1073741823:m5
1073741823,1073741823,1073741823,1073479679,1072562175,1063648255,1071489023,1068920831,1073741823,1073676287,1073741823,1073741823,1073741823,1073741823,1073741823:m5
1073741823,1073741823,1073741823,1073479679,1072562175,1063648255,1071489023,1068920831,1073741823,1073737727,1073741823,1073741823,1073741823,1073741823,1073741823:m5
1073741823,1073741823,1073741823,1073479679,1072562175,1063648255,1071489023,1068920831,1073741823,1073740799,1073741823,1073741823,1073741823,1073741823,1073741823:m5
1073741823,1073741823,1073741823,1073479679,1072562175,1063648255,1071489023,1068920831,1073737727,1073741823,1073741823,1073741823,1073741823,1073741823,1073741823:m5
1073741823,1073741823,1073741823,1073479679,1072562175,1063648255,1071489023,1068919807,1073741823,1073741823,1073741823,1073741823,1073741823,1073741823,1073741823:m5
1073741823,1073741823,1073741823,1073479679,1072562175,1063631871,1071489023,1068920831,1073741823,1073741823,1073741823,1073741823,1073741823,1073741823,1073741823:m5
1073741823,1073741823,1073741823,1073479679,1072562175,1063648255,1071489023,1068920831,1073741823,1073479679,1073741823,1073741823,1073741823,1073741823,1073741823:m5
1073741823,1073741823,1073741823,1073479679,1072562175,1063648255,1071489023,1068920831,1073676287,1073741823,1073741823,1073741823,1073741823,1073741823,1073741823:i4
1073741823,1073737727,1073741823,1073348607,1072562175,1063648255,1071489023,1068920831,1073676287,1073741823,1073741823,1073741823,1073741823,1073741823,1073741823:i3
1073741823,1073741823,1073725439,1073348607,1072562175,1063648255,1071489023,1068920831,1073676287,1073741823,1073741823,1073741823,1073741823,1073741823,1073741823:i3
1073741823,1073676287,1073741823,1073348607,1072562175,1063648255,1071489023,1068920831,1073676287,1073741823,1073741823,1073741823,1073741823,1073741823,1073741823:i3
1073741823,1072693247,1073741823,1073348607,1072562175,1063648255,1071489023,1068920831,1073676287,1073741823,1073741823,1073741823,1073741823,1073741823,1073741823:i3
1073741823,1073741823,1073741823,1073348607,1072562175,1063648255,1071489023,1068920831,1073676287,1073741823,1073737727,1073741823,1073741823,1073741823,1073741823:i3
1073741823,1073741823,1073741823,1073348607,1072562175,1063648255,1071489023,1068920831,1073676287,1073741823,1072693247,1073741823,1073741823,1073741823,1073741823:i3
1073741823,1073741823,1073741823,1073348607,1072562175,1063648255,1071489023,1068920831,1073676287,1073741823,1073676287,1073741823,1073741823,1073741823,1073741823:i3
1073741823,1073741823,1073741823,1073348607,1072562175,1063648255,1071489023,1068920831,1073676287,1006632959,1073741823,1073741823,1073741823,1073741823,1073741823:i3
1073741823,1073741823,1073741823,1073348607,1072562175,1063648255,1071489023,1068920831,1073676287,1069547519,1073741823,1073741823,1073741823,1073741823,1073741823:i3
1073741823,1073741823,1073741823,1073348607,1072562175,1063648255,1071489023,1068920831,1069481983,1073741823,1073741823,1073741823,1073741823,1073741823,1073741823:i3
1073741823,1073741823,1073741823,1073348607,1072562175,1063648255,1071489023,1068920831,1056899071,1073741823,1073741823,1073741823,1073741823,1073741823,1073741823:i3
1073741823,1073741823,1073741823,1056571391,1072562175,1063648255,1071489023,1068920831,1073676287,1073741823,1073741823,1073741823,1073741823,1073741823,1073741823:i3
1073741823,1073741823,1073741823,1073348607,1072562175,1063648255,1071489023,1052143615,1073676287,1073741823,1073741823,1073741823,1073741823,1073741823,1073741823:i3
1073741823,1073741823,1073741823,1006239743,1072562175,1063648255,1071489023,1068920831,1073676287,1073741823,1073741823,1073741823,1073741823,1073741823,1073741823:i3
1073741823,1073741823,1073741823,1073348607,1072562175,996539391,1071489023,1068920831,1073676287,1073741823,1073741823,1073741823,1073741823,1073741823,1073741823:i3
1073741823,1073741823,1073741823,1073348607,1072562175,1046871039,1071489023,1068920831,1073676287,1073741823,1073741823,1073741823,1073741823,1073741823,1073741823:i3
1073741823,1073741823,1073741823,1073348607,1072562175,1063648255,1071489023,1001811967,1073676287,1073741823,1073741823,1073741823,1073741823,1073741823,1073741823:i3
1073741823,1073741823,1073741823,1073348607,1072562175,1063648255,1067294719,1068920831,1073676287,1073741823,1073741823,1073741823,1073741823,1073741823,1073741823:i3
1073741823,1073725439,1073741823,1073348607,1072562175,1063648255,1071489023,1068920831,1073676287,1073741823,1073741823,1073741823,1073741823,1073741823,1073741823:i3
1073741823,1073479679,1073741823,1073348607,1072562175,1063648255,1071489023,1068920831,1073676287,1073741823,1073741823,1073741823,1073741823,1073741823,1073741823:i3
1073741823,1073741823,1073479679,1073348607,1072562175,1063648255,1071489023,1068920831,1073676287,1073741823,1073741823,1073741823,1073741823,1073741823,1073741823:i3
1073741823,1069547519,1073741823,1073348607,1072562175,1063648255,1071489023,1068920831,1073676287,1073741823,1073741823,1073741823,1073741823,1073741823,1073741823:i3
1073741823,1073741823,1073737727,1073348607,1072562175,1063648255,1071489023,1068920831,1073676287,1073741823,1073741823,1073741823,1073741823,1073741823,1073741823:i3
1073741823,1073741823,1073741823,1073348607,1072562175,1063648255,1071489023,1068920831,1073676287,1072693247,1073741823,1073741823,1073741823,1073741823,1073741823:i3
1073741823,1073741823,1073741823,1073344511,1072562175,1063648255,1071489023,1068920831,1073676287,1073741823,1073741823,1073741823,1073741823,1073741823,1073741823:i3
1073741823,1073741823,1073741823,1073348607,1072562175,1063648255,1071489023,1067872255,1073676287,1073741823,1073741823,1073741823,1073741823,1073741823,1073741823:i3
1073741823,1073741823,1073676287,1073348607,1072562175,1063648255,1071489023,1068920831,1073676287,1073741823,1073741823,1073741823,1073741823,1073741823,1073741823:g5
1073741823,1073741823,1073676031,1073348607,1072553983,1063648255,1071489023,1068920831,1073676287,1073741823,1073741823,1073741823,1073741823,1073741823,1073741823:h6
1073737727,1073741823,1073676287,1073348607,1072553983,1063648255,1071489023,1068920831,1073676287,1073741823,1073741823,1073741823,1073741823,1073741823,1073741823:h2
1073737727,1073708031,1073676287,1073348607,1072553983,1063648255,1071489023,1068920831,1073676287,1073741823,1073741823,1073741823,1073741823,1073741823,1073741823:h6
1073737471,1073709055,1073676287,1073348607,1072553983,1063648255,1071489023,1068920831,1073676287,1073741823,1073741823,1073741823,1073741823,1073741823,1073741823:h5
1073736703,1073709055,1073676287,1073348607,1072553983,1063648255,1071489023,1068920831,1073676287,1073741823,1073741823,1073741823,1073741823,1073741823,1073741823:h5
1073721343,1073709055,1073676287,1073348607,1072553983,1063648255,1071489023,1068920831,1073676287,1073741823,1073741823,1073741823,1073741823,1073741823,1073741823:h5
1073737727,1073709055,1073676031,1073348607,1072553983,1063648255,1071489023,1068920831,1073676287,1073741823,1073741823,1073741823,1073741823,1073741823,1073741823:h5
1073672191,1073709055,1073676287,1073348607,1072553983,1063648255,1071489023,1068920831,1073676287,1073741823,1073741823,1073741823,1073741823,1073741823,1073741823:h5
1072689151,1073709055,1073676287,1073348607,1072553983,1063648255,1071489023,1068920831,1073676287,1073741823,1073741823,1073741823,1073741823,1073741823,1073741823:h5
1073737727,1073704959,1073676287,1073348607,1072553983,1063648255,1071489023,1068920831,1073676287,1073741823,1073741823,1073741823,1073741823,1073741823,1073741823:h5
1073737727,1073709055,1073659903,1073348607,1072553983,1063648255,1071489023,1068920831,1073676287,1073741823,1073741823,1073741823,1073741823,1073741823,1073741823:h5
1073737727,1073643519,1073676287,1073348607,1072553983,1063648255,1071489023,1068920831,1073676287,1073741823,1073741823,1073741823,1073741823,1073741823,1073741823:h5
1073737727,1072660479,1073676287,1073348607,1072553983,1063648255,1071489023,1068920831,1073676287,1073741823,1073741823,1073741823,1073741823,1073741823,1073741823:h6
1073737727,1073709055,1073676287,1073348607,1072553983,1063648255,1071489023,1068920831,1073676287,1073741823,1073737727,1073741823,1073741823,1073741823,1073741823:h5
1073737727,1073709055,1073676287,1073348607,1072553983,1063648255,1071489023,1068920831,1073676287,1073741823,1072693247,1073741823,1073741823,1073741823,1073741823:h5
1073737727,1073709055,1073676287,1073348607,1072553983,1063648255,1071489023,1068920831,1073676287,1073741823,1073676287,1073741823,1073741823,1073741823,1073741823:h6
1073737727,1073709055,1073676287,1073348607,1072553983,1063648255,1071489023,1068920831,1073676287,1006632959,1073741823,1073741823,1073741823,1073741823,1073741823:h5
1073737727,1073709055,1073676287,1073348607,1072553983,1063648255,1071489023,1068920831,1073676287,1069547519,1073741823,1073741823,1073741823,1073741823,1073741823:h5
1073737727,1073709055,1073676287,1073348607,1072553983,1063648255,1071489023,1068920831,1069481983,1073741823,1073741823,1073741823,1073741823,1073741823,1073741823:h5
1073737727,1073709055,1073676287,1073348607,1072553983,1063648255,1071489023,1068920831,1056899071,1073741823,1073741823,1073741823,1073741823,1073741823,1073741823:h5
1073737727,1073709055,1073676287,1056571391,1072553983,1063648255,1071489023,1068920831,1073676287,1073741823,1073741823,1073741823,1073741823,1073741823,1073741823:h6
1073737727,1073709055,1073676287,1073348607,1072553983,1063648255,1071489023,1052143615,1073676287,1073741823,1073741823,1073741823,1073741823,1073741823,1073741823:h5
1073737727,1073709055,1073676287,1006239743,1072553983,1063648255,1071489023,1068920831,1073676287,1073741823,1073741823,1073741823,1073741823,1073741823,1073741823:h5
1073737727,1073709055,1073676287,1073348607,1072553983,996539391,1071489023,1068920831,1073676287,1073741823,1073741823,1073741823,1073741823,1073741823,1073741823:h5
1073737727,1073709055,1073676287,1073348607,1072553983,1046871039,1071489023,1068920831,1073676287,1073741823,1073741823,1073741823,1073741823,1073741823,1073741823:h5
1073737727,1073709055,1073676287,1073348607,1072553983,1063648255,1071489023,1001811967,1073676287,1073741823,1073741823,1073741823,1073741823,1073741823,1073741823:h5
1073737727,1073709055,1073676287,1073348607,1072553983,1063648255,1067294719,1068920831,1073676287,1073741823,1073741823,1073741823,1073741823,1073741823,1073741823:h5
1073737727,1073446911,1073676287,1073348607,1072553983,1063648255,1071489023,1068920831,1073676287,1073741823,1073741823,1073741823,1073741823,1073741823,1073741823:h6
1073737727,1073709055,1073414143,1073348607,1072553983,1063648255,1071489023,1068920831,1073676287,1073741823,1073741823,1073741823,1073741823,1073741823,1073741823:h6
1073737727,1069514751,1073676287,1073348607,1072553983,1063648255,1071489023,1068920831,1073676287,1073741823,1073741823,1073741823,1073741823,1073741823,1073741823:h5
1073737727,1073709055,1073672191,1073348607,1072553983,1063648255,1071489023,1068920831,1073676287,1073741823,1073741823,1073741823,1073741823,1073741823,1073741823:h6
1073737727,1073709055,1073676287,1073348607,1072553983,1063648255,1071489023,1068920831,1073676287,1072693247,1073741823,1073741823,1073741823,1073741823,1073741823:h6
1073737727,1073709055,1073676287,1073344511,1072553983,1063648255,1071489023,1068920831,1073676287,1073741823,1073741823,1073741823,1073741823,1073741823,1073741823:h6
1073737727,1073709055,1073676287,1073348607,1072553983,1063648255,1071489023,1067872255,1073676287,1073741823,1073741823,1073741823,1073741823,1073741823,1073741823:h5
1073737727,1073709055,1072627711,1073348607,1072553983,1063648255,1071489023,1068920831,1073676287,1073741823,1073741823,1073741823,1073741823,1073741823,1073741823:h5
1073737727,1073709055,1073676287,1072300031,1072553983,1063648255,1071489023,1068920831,1073676287,1073741823,1073741823,1073741823,1073741823,1073741823,1073741823:h6
1073737727,1073709055,1056899071,1073348607,1072553983,1063648255,1071489023,1068920831,1073676287,1073741823,1073741823,1073741823,1073741823,1073741823,1073741823:h5
1073737727,1073709055,1073676287,1073348607,1055776767,1063648255,1071489023,1068920831,1073676287,1073741823,1073741823,1073741823,1073741823,1073741823,1073741823:h6
1073737727,1073709055,1073676287,1073348607,1068359679,1063648255,1071489023,1068920831,1073676287,1073741823,1073741823,1073741823,1073741823,1073741823,1073741823:h6
1073737727,1073709055,1073676287,1073348607,1072553983,1063648255,1054711807,1068920831,1073676287,1073741823,1073741823,1073741823,1073741823,1073741823,1073741823:h5
1073737727,1073709055,1073676287,1069154303,1072553983,1063648255,1071489023,1068920831,1073676287,1073741823,1073741823,1073741823,1073741823,1073741823,1073741823:h5
1073737727,1073709055,1073676287,1073348607,1072537599,1063648255,1071489023,1068920831,1073676287,1073741823,1073741823,1073741823,1073741823,1073741823,1073741823:h6
1073737727,1073709055,1073676287,1073348607,1072291839,1063648255,1071489023,1068920831,1073676287,1073741823,1073741823,1073741823,1073741823,1073741823,1073741823:h6
1073737727,1073709055,1073676287,1073348607,1072553983,1063648255,1071489023,1068920831,1073414143,1073741823,1073741823,1073741823,1073741823,1073741823,1073741823:h6
1073737727,1073709055,1073676287,1073348607,1072553983,1063648255,1071226879,1068920831,1073676287,1073741823,1073741823,1073741823,1073741823,1073741823,1073741823:h6
1073737727,1073709055,1073676287,1073348607,1072553983,1063648255,1071489023,1068920831,1072627711,1073741823,1073741823,1073741823,1073741823,1073741823,1073741823:h5
1073737727,1073709055,1073676287,1073348607,1072553983,1063648255,1071489023,1068920767,1073676287,1073741823,1073741823,1073741823,1073741823,1073741823,1073741823:h5
1073737727,1073709055,1073676287,1073348607,1072553983,1063648191,1071489023,1068920831,1073676287,1073741823,1073741823,1073741823,1073741823,1073741823,1073741823:h5
1073737727,1073709055,1073676287,1073348543,1072553983,1063648255,1071489023,1068920831,1073676287,1073741823,1073741823,1073741823,1073741823,1073741823,1073741823:h5
1073737727,1073709055,1073676287,1073347583,1072553983,1063648255,1071489023,1068920831,1073676287,1073741823,1073741823,1073741823,1073741823,1073741823,1073741823:g3
1073737727,1073709055,1073676287,1073348607,1072552959,1063648255,1071489023,1068920831,1073676287,1073741823,1073741823,1073741823,1073741823,1073741823,1073741823:h6
1073737727,1073709055,1073676287,1073332223,1072553983,1063648255,1071489023,1068920831,1073676287,1073741823,1073741823,1073741823,1073741823,1073741823,1073741823:h5
1073737727,1073709055,1073676287,1073348607,1072553983,1063648255,1071489023,1068920831,1073676031,1073741823,1073741823,1073741823,1073741823,1073741823,1073741823:h5
1073737727,1073709055,1073676287,1073348607,1072553983,1063648255,1071488767,1068920831,1073676287,1073741823,1073741823,1073741823,1073741823,1073741823,1073741823:h5
1073737727,1073709055,1073676287,1073348607,1072553727,1063648255,1071489023,1068920831,1073676287,1073741823,1073741823,1073741823,1073741823,1073741823,1073741823:h6
1073737727,1073709055,1073676287,1073348607,1072553983,1063648255,1071489023,1068920831,1073676287,1073741567,1073741823,1073741823,1073741823,1073741823,1073741823:h6
1073737727,1073709055,1073676287,1073348607,1072553983,1063648255,1071489023,1068920831,1073675263,1073741823,1073741823,1073741823,1073741823,1073741823,1073741823:h6
1073737727,1073709055,1073676287,1073348607,1072553983,1063648255,1071489023,1068920575,1073676287,1073741823,1073741823,1073741823,1073741823,1073741823,1073741823:h5
1073737727,1073709055,1073676287,1073348607,1072553983,1063647999,1071489023,1068920831,1073676287,1073741823,1073741823,1073741823,1073741823,1073741823,1073741823:h5
1073737727,1073709055,1073676287,1073348607,1072553983,1063648255,1071487999,1068920831,1073676287,1073741823,1073741823,1073741823,1073741823,1073741823,1073741823:h6
1073737727,1073709055,1073676287,1073348607,1072553983,1063644159,1071489023,1068920831,1073676287,1073741823,1073741823,1073741823,1073741823,1073741823,1073741823:h6
1073737727,1073709055,1073676287,1073348607,1072553983,1063648255,1071489023,1068920831,1073676287,1073676287,1073741823,1073741823,1073741823,1073741823,1073741823:h6
1073737727,1073709055,1073676287,1073348607,1072553983,1063648255,1071489023,1068920831,1073676287,1073737727,1073741823,1073741823,1073741823,1073741823,1073741823:h6
1073737727,1073709055,1073676287,1073348607,1072553983,1063648255,1071489023,1068920831,1073676287,1073740799,1073741823,1073741823,1073741823,1073741823,1073741823:h5
1073737727,1073709055,1073676287,1073348607,1072553983,1063648255,1071489023,1068920831,1073672191,1073741823,1073741823,1073741823,1073741823,1073741823,1073741823:h5
1073737727,1073709055,1073676287,1073348607,1072553983,1063648255,1071489023,1068919807,1073676287,1073741823,1073741823,1073741823,1073741823,1073741823,1073741823:h6
1073737727,1073709055,1073676287,1073348607,1072553983,1063631871,1071489023,1068920831,1073676287,1073741823,1073741823,1073741823,1073741823,1073741823,1073741823:h5
1073737727,1073709055,1073676287,1073348607,1072553983,1063648255,1071489023,1068920831,1073676287,1073479679,1073741823,1073741823,1073741823,1073741823,1073741823:h5
1073737727,1073709055,1073676287,1073348607,1072553983,1063648255,1071489023,1068920831,1073676287,1073725439,1073741823,1073741823,1073741823,1073741823,1073741823:h5
1073737727,1073709055,1073676287,1073348607,1072553983,1063648255,1071489023,1068920831,1073659903,1073741823,1073741823,1073741823,1073741823,1073741823,1073741823:h6
1073676287,1073741823,1073676287,1073348607,1072553983,1063648255,1071489023,1068920831,1073676287,1073741823,1073741823,1073741823,1073741823,1073741823,1073741823:h6
1072693247,1073741823,1073676287,1073348607,1072553983,1063648255,1071489023,1068920831,1073676287,1073741823,1073741823,1073741823,1073741823,1073741823,1073741823:h6
1073741823,1073737727,1073676287,1073348607,1072553983,1063648255,1071489023,1068920831,1073676287,1073741823,1073741823,1073741823,1073741823,1073741823,1073741823:h6
1073741823,1073741823,1073659903,1073348607,1072553983,1063648255,1071489023,1068920831,1073676287,1073741823,1073741823,1073741823,1073741823,1073741823,1073741823:h6
1073741823,1073676287,1073676287,1073348607,1072553983,1063648255,1071489023,1068920831,1073676287,1073741823,1073741823,1073741823,1073741823,1073741823,1073741823:h6
1073741823,1072693247,1073676287,1073348607,1072553983,1063648255,1071489023,1068920831,1073676287,1073741823,1073741823,1073741823,1073741823,1073741823,1073741823:h6
1073741823,1073741823,1073676287,1073348607,1072553983,1063648255,1071489023,1068920831,1073676287,1073741823,1073737727,1073741823,1073741823,1073741823,1073741823:h6
1073741823,1073741823,1073676287,1073348607,1072553983,1063648255,1071489023,1068920831,1073676287,1073741823,1072693247,1073741823,1073741823,1073741823,1073741823:h6
1073741823,1073741823,1073676287,1073348607,1072553983,1063648255,1071489023,1068920831,1073676287,1073741823,1073676287,1073741823,1073741823,1073741823,1073741823:h6
1073741823,1073741823,1073676287,1073348607,1072553983,1063648255,1071489023,1068920831,1073676287,1006632959,1073741823,1073741823,1073741823,1073741823,1073741823:h6
1073741823,1073741823,1073676287,1073348607,1072553983,1063648255,1071489023,1068920831,1073676287,1069547519,1073741823,1073741823,1073741823,1073741823,1073741823:h6
1073741823,1073741823,1073676287,1073348607,1072553983,1063648255,1071489023,1068920831,1069481983,1073741823,1073741823,1073741823,1073741823,1073741823,1073741823:h6
1073741823,1073741823,1073676287,1073348607,1072553983,1063648255,1071489023,1068920831,1056899071,1073741823,1073741823,1073741823,1073741823,1073741823,1073741823:h6
1073741823,1073741823,1073676287,1056571391,1072553983,1063648255,1071489023,1068920831,1073676287,1073741823,1073741823,1073741823,1073741823,1073741823,1073741823:h6
1073741823,1073741823,1073676287,1073348607,1072553983,1063648255,1071489023,1052143615,1073676287,1073741823,1073741823,1073741823,1073741823,1073741823,1073741823:h6
1073741823,1073741823,1073676287,1006239743,1072553983,1063648255,1071489023,1068920831,1073676287,1073741823,1073741823,1073741823,1073741823,1073741823,1073741823:h6
1073741823,1073741823,1073676287,1073348607,1072553983,996539391,1071489023,1068920831,1073676287,1073741823,1073741823,1073741823,1073741823,1073741823,1073741823:h6
1073741823,1073741823,1073676287,1073348607,1072553983,1046871039,1071489023,1068920831,1073676287,1073741823,1073741823,1073741823,1073741823,1073741823,1073741823:h6
1073741823,1073741823,1073676287,1073348607,1072553983,1063648255,1071489023,1001811967,1073676287,1073741823,1073741823,1073741823,1073741823,1073741823,1073741823:h6
1073741823,1073741823,1073676287,1073348607,1072553983,1063648255,1067294719,1068920831,1073676287,1073741823,1073741823,1073741823,1073741823,1073741823,1073741823:h6
1073741823,1073725439,1073676287,1073348607,1072553983,1063648255,1071489023,1068920831,1073676287,1073741823,1073741823,1073741823,1073741823,1073741823,1073741823:g1
1073733375,1073725439,1073676287,1073348607,1072553983,1063648255,1071489023,1068920831,1073676287,1073741823,1073741823,1073741823,1073741823,1073741823,1073741823:h5
1073732607,1073725439,1073676287,1073348607,1072553983,1063648255,1071489023,1068920831,1073676287,1073741823,1073741823,1073741823,1073741823,1073741823,1073741823:h5
1073733631,1073724415,1073676287,1073348607,1072553983,1063648255,1071489023,1068920831,1073676287,1073741823,1073741823,1073741823,1073741823,1073741823,1073741823:h6
1073717247,1073725439,1073676287,1073348607,1072553983,1063648255,1071489023,1068920831,1073676287,1073741823,1073741823,1073741823,1073741823,1073741823,1073741823:h5
1073733631,1073725439,1073676031,1073348607,1072553983,1063648255,1071489023,1068920831,1073676287,1073741823,1073741823,1073741823,1073741823,1073741823,1073741823:h5
1073668095,1073725439,1073676287,1073348607,1072553983,1063648255,1071489023,1068920831,1073676287,1073741823,1073741823,1073741823,1073741823,1073741823,1073741823:h6
1072685055,1073725439,1073676287,1073348607,1072553983,1063648255,1071489023,1068920831,1073676287,1073741823,1073741823,1073741823,1073741823,1073741823,1073741823:h5
1073733631,1073721343,1073676287,1073348607,1072553983,1063648255,1071489023,1068920831,1073676287,1073741823,1073741823,1073741823,1073741823,1073741823,1073741823:h5
1073733631,1073725439,1073659903,1073348607,1072553983,1063648255,1071489023,1068920831,1073676287,1073741823,1073741823,1073741823,1073741823,1073741823,1073741823:h5
1073733631,1073659903,1073676287,1073348607,1072553983,1063648255,1071489023,1068920831,1073676287,1073741823,1073741823,1073741823,1073741823,1073741823,1073741823:h5
1073733631,1072676863,1073676287,1073348607,1072553983,1063648255,1071489023,1068920831,1073676287,1073741823,1073741823,1073741823,1073741823,1073741823,1073741823:h6
1073733631,1073725439,1073676287,1073348607,1072553983,1063648255,1071489023,1068920831,1073676287,1073741823,1073737727,1073741823,1073741823,1073741823,1073741823:h5
1073733631,1073725439,1073676287,1073348607,1072553983,1063648255,1071489023,1068920831,1073676287,1073741823,1072693247,1073741823,1073741823,1073741823,1073741823:h5
1073733631,1073725439,1073676287,1073348607,1072553983,1063648255,1071489023,1068920831,1073676287,1073741823,1073676287,1073741823,1073741823,1073741823,1073741823:h6
1073733631,1073725439,1073676287,1073348607,1072553983,1063648255,1071489023,1068920831,1073676287,1006632959,1073741823,1073741823,1073741823,1073741823,1073741823:h5
1073733631,1073725439,1073676287,1073348607,1072553983,1063648255,1071489023,1068920831,1073676287,1069547519,1073741823,1073741823,1073741823,1073741823,1073741823:h5
1073733631,1073725439,1073676287,1073348607,1072553983,1063648255,1071489023,1068920831,1069481983,1073741823,1073741823,1073741823,1073741823,1073741823,1073741823:h5
1073733631,1073725439,1073676287,1073348607,1072553983,1063648255,1071489023,1068920831,1056899071,1073741823,1073741823,1073741823,1073741823,1073741823,1073741823:h5
1073733631,1073725439,1073676287,1056571391,1072553983,1063648255,1071489023,1068920831,1073676287,1073741823,1073741823,1073741823,1073741823,1073741823,1073741823:h6
1073733631,1073725439,1073676287,1073348607,1072553983,1063648255,1071489023,1052143615,1073676287,1073741823,1073741823,1073741823,1073741823,1073741823,1073741823:h5
1073733631,1073725439,1073676287,1006239743,1072553983,1063648255,1071489023,1068920831,1073676287,1073741823,1073741823,1073741823,1073741823,1073741823,1073741823:h5
1073733631,1073725439,1073676287,1073348607,1072553983,996539391,1071489023,1068920831,1073676287,1073741823,1073741823,1073741823,1073741823,1073741823,1073741823:h5
1073733631,1073725439,1073676287,1073348607,1072553983,1046871039,1071489023,1068920831,1073676287,1073741823,1073741823,1073741823,1073741823,1073741823,1073741823:h5
1073733631,1073725439,1073676287,1073348607,1072553983,1063648255,1071489023,1001811967,1073676287,1073741823,1073741823,1073741823,1073741823,1073741823,1073741823:h5
1073733631,1073725439,1073676287,1073348607,1072553983,1063648255,1067294719,1068920831,1073676287,1073741823,1073741823,1073741823,1073741823,1073741823,1073741823:h5
1073733631,1073463295,1073676287,1073348607,1072553983,1063648255,1071489023,1068920831,1073676287,1073741823,1073741823,1073741823,1073741823,1073741823,1073741823:h6
1073733631,1073725439,1073414143,1073348607,1072553983,1063648255,1071489023,1068920831,1073676287,1073741823,1073741823,1073741823,1073741823,1073741823,1073741823:h6
1073733631,1069531135,1073676287,1073348607,1072553983,1063648255,1071489023,1068920831,1073676287,1073741823,1073741823,1073741823,1073741823,1073741823,1073741823:h5
1073733631,1073725439,1073672191,1073348607,1072553983,1063648255,1071489023,1068920831,1073676287,1073741823,1073741823,1073741823,1073741823,1073741823,1073741823:h6
1073733631,1073725439,1073676287,1073348607,1072553983,1063648255,1071489023,1068920831,1073676287,1072693247,1073741823,1073741823,1073741823,1073741823,1073741823:h6
1073733631,1073725439,1073676287,1073344511,1072553983,1063648255,1071489023,1068920831,1073676287,1073741823,1073741823,1073741823,1073741823,1073741823,1073741823:h6
1073733631,1073725439,1073676287,1073348607,1072553983,1063648255,1071489023,1067872255,1073676287,1073741823,1073741823,1073741823,1073741823,1073741823,1073741823:h5
1073733631,1073725439,1072627711,1073348607,1072553983,1063648255,1071489023,1068920831,1073676287,1073741823,1073741823,1073741823,1073741823,1073741823,1073741823:h6
1073733631,1073725439,1073676287,1072300031,1072553983,1063648255,1071489023,1068920831,1073676287,1073741823,1073741823,1073741823,1073741823,1073741823,1073741823:h6
1073733631,1073725439,1056899071,1073348607,1072553983,1063648255,1071489023,1068920831,1073676287,1073741823,1073741823,1073741823,1073741823,1073741823,1073741823:h5
1073733631,1073725439,1073676287,1073348607,1055776767,1063648255,1071489023,1068920831,1073676287,1073741823,1073741823,1073741823,1073741823,1073741823,1073741823:h6
1073733631,1073725439,1073676287,1073348607,1068359679,1063648255,1071489023,1068920831,1073676287,1073741823,1073741823,1073741823,1073741823,1073741823,1073741823:h6
1073733631,1073725439,1073676287,1073348607,1072553983,1063648255,1054711807,1068920831,1073676287,1073741823,1073741823,1073741823,1073741823,1073741823,1073741823:h5
1073733631,1073725439,1073676287,1069154303,1072553983,1063648255,1071489023,1068920831,1073676287,1073741823,1073741823,1073741823,1073741823,1073741823,1073741823:h5
1073733631,1073725439,1073676287,1073348607,1072537599,1063648255,1071489023,1068920831,1073676287,1073741823,1073741823,1073741823,1073741823,1073741823,1073741823:h6
1073733631,1073725439,1073676287,1073348607,1072291839,1063648255,1071489023,1068920831,1073676287,1073741823,1073741823,1073741823,1073741823,1073741823,1073741823:h6
1073733631,1073725439,1073676287,1073348607,1072553983,1063648255,1071489023,1068920831,1073414143,1073741823,1073741823,1073741823,1073741823,1073741823,1073741823:h6
1073733631,1073725439,1073676287,1073348607,1072553983,1063648255,1071226879,1068920831,1073676287,1073741823,1073741823,1073741823,1073741823,1073741823,1073741823:h6
1073733631,1073725439,1073676287,1073348607,1072553983,1063648255,1071489023,1068920831,1072627711,1073741823,1073741823,1073741823,1073741823,1073741823,1073741823:h5
1073733631,1073725439,1073676287,1073348607,1072553983,1063648255,1071489023,1068920767,1073676287,1073741823,1073741823,1073741823,1073741823,1073741823,1073741823:h5
1073733631,1073725439,1073676287,1073348607,1072553983,1063648191,1071489023,1068920831,1073676287,1073741823,1073741823,1073741823,1073741823,1073741823,1073741823:h6
1073733631,1073725439,1073676287,1073348543,1072553983,1063648255,1071489023,1068920831,1073676287,1073741823,1073741823,1073741823,1073741823,1073741823,1073741823:h5
1073733631,1073725439,1073676287,1073347583,1072553983,1063648255,1071489023,1068920831,1073676287,1073741823,1073741823,1073741823,1073741823,1073741823,1073741823:g3
1073733631,1073725439,1073676287,1073348607,1072552959,1063648255,1071489023,1068920831,1073676287,1073741823,1073741823,1073741823,1073741823,1073741823,1073741823:h6
1073733631,1073725439,1073676287,1073332223,1072553983,1063648255,1071489023,1068920831,1073676287,1073741823,1073741823,1073741823,1073741823,1073741823,1073741823:h5
1073733631,1073725439,1073676287,1073348607,1072553983,1063648255,1071489023,1068920831,1073676031,1073741823,1073741823,1073741823,1073741823,1073741823,1073741823:h5
1073733631,1073725439,1073676287,1073348607,1072553983,1063648255,1071488767,1068920831,1073676287,1073741823,1073741823,1073741823,1073741823,1073741823,1073741823:h5
1073733631,1073725439,1073676287,1073348607,1072553727,1063648255,1071489023,1068920831,1073676287,1073741823,1073741823,1073741823,1073741823,1073741823,1073741823:h6
1073733631,1073725439,1073676287,1073348607,1072553983,1063648255,1071489023,1068920831,1073676287,1073741567,1073741823,1073741823,1073741823,1073741823,1073741823:h6
1073733631,1073725439,1073676287,1073348607,1072553983,1063648255,1071489023,1068920831,1073675263,1073741823,1073741823,1073741823,1073741823,1073741823,1073741823:h6
1073733631,1073725439,1073676287,1073348607,1072553983,1063648255,1071489023,1068920575,1073676287,1073741823,1073741823,1073741823,1073741823,1073741823,1073741823:h5
1073733631,1073725439,1073676287,1073348607,1072553983,1063647999,1071489023,1068920831,1073676287,1073741823,1073741823,1073741823,1073741823,1073741823,1073741823:h5
1073733631,1073725439,1073676287,1073348607,1072553983,1063648255,1071487999,1068920831,1073676287,1073741823,1073741823,1073741823,1073741823,1073741823,1073741823:h6
1073733631,1073725439,1073676287,1073348607,1072553983,1063644159,1071489023,1068920831,1073676287,1073741823,1073741823,1073741823,1073741823,1073741823,1073741823:h6
1073733631,1073725439,1073676287,1073348607,1072553983,1063648255,1071489023,1068920831,1073676287,1073676287,1073741823,1073741823,1073741823,1073741823,1073741823:h6
1073733631,1073725439,1073676287,1073348607,1072553983,1063648255,1071489023,1068920831,1073676287,1073737727,1073741823,1073741823,1073741823,1073741823,1073741823:h6
1073733631,1073725439,1073676287,1073348607,1072553983,1063648255,1071489023,1068920831,1073676287,1073740799,1073741823,1073741823,1073741823,1073741823,1073741823:h5
1073733631,1073725439,1073676287,1073348607,1072553983,1063648255,1071489023,1068920831,1073672191,1073741823,1073741823,1073741823,1073741823,1073741823,1073741823:h5
1073733631,1073725439,1073676287,1073348607,1072553983,1063648255,1071489023,1068919807,1073676287,1073741823,1073741823,1073741823,1073741823,1073741823,1073741823:h6
1073733631,1073725439,1073676287,1073348607,1072553983,1063631871,1071489023,1068920831,1073676287,1073741823,1073741823,1073741823,1073741823,1073741823,1073741823:h5
1073733631,1073725439,1073676287,1073348607,1072553983,1063648255,1071489023,1068920831,1073676287,1073479679,1073741823,1073741823,1073741823,1073741823,1073741823:h5
1073733631,1073725439,1073676287,1073348607,1072553983,1063648255,1071489023,1068920831,1073676287,1073725439,1073741823,1073741823,1073741823,1073741823,1073741823:h5
1073733631,1073725439,1073676287,1073348607,1072553983,1063648255,1071489023,1068920831,1073659903,1073741823,1073741823,1073741823,1073741823,1073741823,1073741823:h6
1073741823,1073479679,1073676287,1073348607,1072553983,1063648255,1071489023,1068920831,1073676287,1073741823,1073741823,1073741823,1073741823,1073741823,1073741823:h6
1073741823,1073741823,1073414143,1073348607,1072553983,1063648255,1071489023,1068920831,1073676287,1073741823,1073741823,1073741823,1073741823,1073741823,1073741823:h6
1073741823,1069547519,1073676287,1073348607,1072553983,1063648255,1071489023,1068920831,1073676287,1073741823,1073741823,1073741823,1073741823,1073741823,1073741823:h6
1073741823,1073741823,1073672191,1073348607,1072553983,1063648255,1071489023,1068920831,1073676287,1073741823,1073741823,1073741823,1073741823,1073741823,1073741823:h6
1073741823,1073741823,1073676287,1073348607,1072553983,1063648255,1071489023,1068920831,1073676287,1072693247,1073741823,1073741823,1073741823,1073741823,1073741823:h6
1073741823,1073741823,1073676287,1073344511,1072553983,1063648255,1071489023,1068920831,1073676287,1073741823,1073741823,1073741823,1073741823,1073741823,1073741823:h6
1073741823,1073741823,1073676287,1073348607,1072553983,1063648255,1071489023,1067872255,1073676287,1073741823,1073741823,1073741823,1073741823,1073741823,1073741823:h6
1073741823,1073741823,1072627711,1073348607,1072553983,1063648255,1071489023,1068920831,1073676287,1073741823,1073741823,1073741823,1073741823,1073741823,1073741823:h6
1073741823,1073741823,1073676287,1072300031,1072553983,1063648255,1071489023,1068920831,1073676287,1073741823,1073741823,1073741823,1073741823,1073741823,1073741823:h6
1073741823,1073741823,1056899071,1073348607,1072553983,1063648255,1071489023,1068920831,1073676287,1073741823,1073741823,1073741823,1073741823,1073741823,1073741823:h6
1073741823,1073741823,1073676287,1073348607,1055776767,1063648255,1071489023,1068920831,1073676287,1073741823,1073741823,1073741823,1073741823,1073741823,1073741823:h6
1073741823,1073741823,1073676287,1073348607,1068359679,1063648255,1071489023,1068920831,1073676287,1073741823,1073741823,1073741823,1073741823,1073741823,1073741823:h6
1073741823,1073741823,1073676287,1073348607,1072553983,1063648255,1054711807,1068920831,1073676287,1073741823,1073741823,1073741823,1073741823,1073741823,1073741823:h6
1073741823,1073741823,1073676287,1069154303,1072553983,1063648255,1071489023,1068920831,1073676287,1073741823,1073741823,1073741823,1073741823,1073741823,1073741823:h6
1073741823,1073741823,1073676287,1073348607,1072537599,1063648255,1071489023,1068920831,1073676287,1073741823,1073741823,1073741823,1073741823,1073741823,1073741823:h6
1073741823,1073741823,1073676287,1073348607,1072291839,1063648255,1071489023,1068920831,1073676287,1073741823,1073741823,1073741823,1073741823,1073741823,1073741823:h6
1073741823,1073741823,1073676287,1073348607,1072553983,1063648255,1071489023,1068920831,1073414143,1073741823,1073741823,1073741823,1073741823,1073741823,1073741823:h6
1073741823,1073741823,1073676287,1073348607,1072553983,1063648255,1071226879,1068920831,1073676287,1073741823,1073741823,1073741823,1073741823,1073741823,1073741823:h6
1073741823,1073741823,1073676287,1073348607,1072553983,1063648255,1071489023,1068920831,1072627711,1073741823,1073741823,1073741823,1073741823,1073741823,1073741823:g3
1073741823,1073741823,1073676287,1073348607,1072553983,1063648255,1071489023,1068920767,1073676287,1073741823,1073741823,1073741823,1073741823,1073741823,1073741823:h6
1073741823,1073741823,1073676287,1073348607,1072553983,1063648191,1071489023,1068920831,1073676287,1073741823,1073741823,1073741823,1073741823,1073741823,1073741823:h6
1073741823,1073741823,1073676287,1073348543,1072553983,1063648255,1071489023,1068920831,1073676287,1073741823,1073741823,1073741823,1073741823,1073741823,1073741823:h6
1073741823,1073741823,1073676287,1073347583,1072553983,1063648255,1071489023,1068920831,1073676287,1073741823,1073741823,1073741823,1073741823,1073741823,1073741823:g3
1073741823,1073741823,1073676287,1073348607,1072552959,1063648255,1071489023,1068920831,1073676287,1073741823,1073741823,1073741823,1073741823,1073741823,1073741823:h6
1073741823,1073741823,1073676287,1073332223,1072553983,1063648255,1071489023,1068920831,1073676287,1073741823,1073741823,1073741823,1073741823,1073741823,1073741823:h6
1073741823,1073741823,1073676287,1073348607,1072553983,1063648255,1071489023,1068920831,1073676031,1073741823,1073741823,1073741823,1073741823,1073741823,1073741823:h6
1073741823,1073741823,1073676287,1073348607,1072553983,1063648255,1071488767,1068920831,1073676287,1073741823,1073741823,1073741823,1073741823,1073741823,1073741823:h6
1073741823,1073741823,1073676287,1073348607,1072553727,1063648255,1071489023,1068920831,1073676287,1073741823,1073741823,1073741823,1073741823,1073741823,1073741823:h6
1073741823,1073741823,1073676287,1073348607,1072553983,1063648255,1071489023,1068920831,1073676287,1073741567,1073741823,1073741823,1073741823,1073741823,1073741823:h6
1073741823,1073741823,1073676287,1073348607,1072553983,1063648255,1071489023,1068920831,1073675263,1073741823,1073741823,1073741823,1073741823,1073741823,1073741823:h6
1073741823,1073741823,1073676287,1073348607,1072553983,1063648255,1071489023,1068920575,1073676287,1073741823,1073741823,1073741823,1073741823,1073741823,1073741823:h6
1073741823,1073741823,1073676287,1073348607,1072553983,1063647999,1071489023,1068920831,1073676287,1073741823,1073741823,1073741823,1073741823,1073741823,1073741823:h6
1073741823,1073741823,1073676287,1073348607,1072553983,1063648255,1071487999,1068920831,1073676287,1073741823,1073741823,1073741823,1073741823,1073741823,1073741823:h6
1073741823,1073741823,1073676287,1073348607,1072553983,1063644159,1071489023,1068920831,1073676287,1073741823,1073741823,1073741823,1073741823,1073741823,1073741823:h6
1073741823,1073741823,1073676287,1073348607,1072553983,1063648255,1071489023,1068920831,1073676287,1073676287,1073741823,1073741823,1073741823,1073741823,1073741823:h6
1073741823,1073741823,1073676287,1073348607,1072553983,1063648255,1071489023,1068920831,1073676287,1073737727,1073741823,1073741823,1073741823,1073741823,1073741823:h6
1073741823,1073741823,1073676287,1073348607,1072553983,1063648255,1071489023,1068920831,1073676287,1073740799,1073741823,1073741823,1073741823,1073741823,1073741823:h6
1073741823,1073741823,1073676287,1073348607,1072553983,1063648255,1071489023,1068920831,1073672191,1073741823,1073741823,1073741823,1073741823,1073741823,1073741823:h6
1073741823,1073741823,1073676287,1073348607,1072553983,1063648255,1071489023,1068919807,1073676287,1073741823,1073741823,1073741823,1073741823,1073741823,1073741823:h6
1073741823,1073741823,1073676287,1073348607,1072553983,1063631871,1071489023,1068920831,1073676287,1073741823,1073741823,1073741823,1073741823,1073741823,1073741823:g3
1073741823,1073741823,1073676287,1073348607,1072553983,1063648255,1071489023,1068920831,1073676287,1073479679,1073741823,1073741823,1073741823,1073741823,1073741823:h6
1073741823,1073741823,1073676287,1073348607,1072553983,1063648255,1071489023,1068920831,1073676287,1073725439,1073741823,1073741823,1073741823,1073741823,1073741823:h6
1073741823,1073741823,1073676287,1073348607,1072553983,1063648255,1071489023,1068920831,1073659903,1073741823,1073741823,1073741823,1073741823,1073741823,1073741823:h6
1073741823,1073741823,1072693247,1073348607,1072562175,1063648255,1071489023,1068920831,1073676287,1073741823,1073741823,1073741823,1073741823,1073741823,1073741823:i3
1073741823,1073741823,1073741823,1072300031,1072562175,1063648255,1071489023,1068920831,1073676287,1073741823,1073741823,1073741823,1073741823,1073741823,1073741823:i3
1073741823,1073741823,1056964607,1073348607,1072562175,1063648255,1071489023,1068920831,1073676287,1073741823,1073741823,1073741823,1073741823,1073741823,1073741823:i3
1073741823,1073741823,1073741823,1073348607,1055784959,1063648255,1071489023,1068920831,1073676287,1073741823,1073741823,1073741823,1073741823,1073741823,1073741823:i3
1073741823,1073741823,1073741823,1073348607,1068367871,1063648255,1071489023,1068920831,1073676287,1073741823,1073741823,1073741823,1073741823,1073741823,1073741823:i3
1073741823,1073741823,1073741823,1073348607,1072562175,1063648255,1054711807,1068920831,1073676287,1073741823,1073741823,1073741823,1073741823,1073741823,1073741823:i3
1073741823,1073741823,1073741823,1069154303,1072562175,1063648255,1071489023,1068920831,1073676287,1073741823,1073741823,1073741823,1073741823,1073741823,1073741823:i3
1073741823,1073741823,1073741823,1073348607,1072545791,1063648255,1071489023,1068920831,1073676287,1073741823,1073741823,1073741823,1073741823,1073741823,1073741823:i3
1073741823,1073741823,1073741823,1073348607,1072300031,1063648255,1071489023,1068920831,1073676287,1073741823,1073741823,1073741823,1073741823,1073741823,1073741823:i3
1073741823,1073741823,1073741823,1073348607,1072562175,1063648255,1071489023,1068920831,1073414143,1073741823,1073741823,1073741823,1073741823,1073741823,1073741823:i3
1073741823,1073741823,1073741823,1073348607,1072562175,1063648255,1071226879,1068920831,1073676287,1073741823,1073741823,1073741823,1073741823,1073741823,1073741823:i3
1073741823,1073741823,1073741823,1073348607,1072562175,1063648255,1071489023,1068920831,1072627711,1073741823,1073741823,1073741823,1073741823,1073741823,1073741823:i3
1073741823,1073741823,1073741823,1073348607,1072562175,1063648255,1071489023,1068920767,1073676287,1073741823,1073741823,1073741823,1073741823,1073741823,1073741823:i3
1073741823,1073741823,1073741823,1073348607,1072562175,1063648191,1071489023,1068920831,1073676287,1073741823,1073741823,1073741823,1073741823,1073741823,1073741823:i3
1073741823,1073741823,1073741823,1073348543,1072562175,1063648255,1071489023,1068920831,1073676287,1073741823,1073741823,1073741823,1073741823,1073741823,1073741823:i3
1073741823,1073741823,1073741823,1073347583,1072562175,1063648255,1071489023,1068920831,1073676287,1073741823,1073741823,1073741823,1073741823,1073741823,1073741823:i3
1073741823,1073741823,1073741823,1073348607,1072561151,1063648255,1071489023,1068920831,1073676287,1073741823,1073741823,1073741823,1073741823,1073741823,1073741823:i3
1073741823,1073741823,1073741823,1073332223,1072562175,1063648255,1071489023,1068920831,1073676287,1073741823,1073741823,1073741823,1073741823,1073741823,1073741823:i3
1073741823,1073741823,1073741823,1073348607,1072562175,1063648255,1071489023,1068920831,1073676031,1073741823,1073741823,1073741823,1073741823,1073741823,1073741823:i3
1073741823,1073741823,1073741823,1073348607,1072562175,1063648255,1071488767,1068920831,1073676287,1073741823,1073741823,1073741823,1073741823,1073741823,1073741823:i3
1073741823,1073741823,1073741823,1073348607,1072561919,1063648255,1071489023,1068920831,1073676287,1073741823,1073741823,1073741823,1073741823,1073741823,1073741823:i3
1073741823,1073741823,1073741823,1073348607,1072558079,1063648255,1071489023,1068920831,1073676287,1073741823,1073741823,1073741823,1073741823,1073741823,1073741823:i3
1073741823,1073741823,1073741823,1073348607,1072562175,1063648255,1071489023,1068920831,1073676287,1073741567,1073741823,1073741823,1073741823,1073741823,1073741823:i3
1073741823,1073741823,1073741823,1073348607,1072562175,1063648255,1071489023,1068920831,1073675263,1073741823,1073741823,1073741823,1073741823,1073741823,1073741823:i3
1073741823,1073741823,1073741823,1073348607,1072562175,1063648255,1071489023,1068920575,1073676287,1073741823,1073741823,1073741823,1073741823,1073741823,1073741823:i3
1073741823,1073741823,1073741823,1073348607,1072562175,1063647999,1071489023,1068920831,1073676287,1073741823,1073741823,1073741823,1073741823,1073741823,1073741823:i3
1073741823,1073741823,1073741823,1073348607,1072562175,1063648255,1071487999,1068920831,1073676287,1073741823,1073741823,1073741823,1073741823,1073741823,1073741823:i3
1073741823,1073741823,1073741823,1073348607,1072562175,1063644159,1071489023,1068920831,1073676287,1073741823,1073741823,1073741823,1073741823,1073741823,1073741823:i3
1073741823,1073741823,1073741823,1073348607,1072562175,1063648255,1071489023,1068920831,1073676287,1073676287,1073741823,1073741823,1073741823,1073741823,1073741823:i3
1073741823,1073741823,1073741823,1073348607,1072562175,1063648255,1071489023,1068920831,1073676287,1073737727,1073741823,1073741823,1073741823,1073741823,1073741823:i3
1073741823,1073741823,1073741823,1073348607,1072562175,1063648255,1071489023,1068920831,1073676287,1073740799,1073741823,1073741823,1073741823,1073741823,1073741823:i3
1073741823,1073741823,1073741823,1073348607,1072562175,1063648255,1071489023,1068920831,1073672191,1073741823,1073741823,1073741823,1073741823,1073741823,1073741823:i3
1073741823,1073741823,1073741823,1073348607,1072562175,1063648255,1071489023,1068919807,1073676287,1073741823,1073741823,1073741823,1073741823,1073741823,1073741823:i3
1073741823,1073741823,1073741823,1073348607,1072562175,1063631871,1071489023,1068920831,1073676287,1073741823,1073741823,1073741823,1073741823,1073741823,1073741823:i3
1073741823,1073741823,1073741823,1073348607,1072562175,1063648255,1071489023,1068920831,1073676287,1073479679,1073741823,1073741823,1073741823,1073741823,1073741823:i3
1073741823,1073741823,1073741823,1073348607,1072562175,1063648255,1071489023,1068920831,1073676287,1073725439,1073741823,1073741823,1073741823,1073741823,1073741823:i3
1073741823,1073741823,1073741823,1073348607,1072562175,1063648255,1071489023,1068920831,1073659903,1073741823,1073741823,1073741823,1073741823,1073741823,1073741823:i3
1073741823,1073741823,1073741823,1073479679,1072562175,1063648255,1071489023,1068920831,1073741823,1073725439,1073741823,1073741823,1073741823,1073741823,1073741823:m5
1073741823,1073741823,1073741823,1073479679,1072562175,1063648255,1071489023,1068920831,1073725439,1073741823,1073741823,1073741823,1073741823,1073741823,1073741823:m5
