1073741823,1073741823,1073741823,1073740799,1073741823,1073741823,1073741823,1073709055,1073610751,1073741823,1073741823,1073741823,1073741823,1073740799,1073741823:j10
1073741823,1073741823,1073741823,1073740799,1073741823,1073741823,1073741823,1069514751,1073610751,1073217535,1073741823,1073741823,1073741823,1073740799,1073741823:g7
1073741823,1073741823,1073741823,1073740799,1073741823,1073741823,1073741823,1073709055,1073610751,1069023231,1073741823,1073741823,1073741823,1073740799,1073741823:g7
1073741823,1073741823,1073741823,1073740799,1073741823,1073741823,1073741823,1073709055,1073610751,1072168959,1073741823,1073741823,1073741823,1073740799,1073741823:g7
1073741823,1073741823,1073741823,1073740799,1073741823,1073741823,1073741823,1073709055,1073610751,1073217535,1073741823,1069547519,1073741823,1073740799,1073741823:g7
1073741823,1073741823,1073741823,1073740799,1073741823,1073741823,1073741823,1073709055,1073610751,1073217535,1073741823,1073479679,1073741823,1073740799,1073741823:g7
1073741823,1073741823,1073741823,1073740799,1073741823,1073741823,1073741823,1073709055,1073610751,1073217535,1073479679,1073741823,1073741823,1073740799,1073741823:g7
1073741823,1073741823,1073741823,1073740799,1073741823,1073741823,1073741823,1073709055,1073610751,1073217535,1073741823,1073741823,1073741823,1073740799,1073741567:g7
1073741823,1073741823,1073741823,1073740799,1073741823,1073741823,1073741823,1073709055,1073610751,1073217535,1073741823,1073741823,1073741823,1073740735,1073741823:g7
1073741823,1073741823,1073741823,1073740799,1073741823,1073741823,1073741823,1073709055,1073610751,1073217535,1073741823,1073741823,1073741823,1073740543,1073741823:g7
1073741823,1073741823,1073741823,1073740799,1073741823,1073741823,1073741823,1073709055,1073610751,1073217535,1073741823,1073741759,1073741823,1073740799,1073741823:g7
1073741823,1073741823,1073741823,1073740799,1073741823,1073741823,1073741823,1073709055,1073610751,1073217535,1073741823,1073741823,1073741567,1073740799,1073741823:g7
1073741823,1073741823,1073741823,1073740799,1073741823,1073741823,1073741823,1073709055,1073610751,1073217535,1073741823,1073740799,1073741823,1073740799,1073741823:g7
1073741823,1073741823,1073741823,1073740799,1073741823,1073741823,1073741823,1073709055,1073610751,1073217535,1073741823,1073741823,1073740799,1073740799,1073741823:g7
1073741823,1073741823,1073741823,1073740799,1073741823,1073741823,1073741823,1073709055,1073610751,1073217535,1073741823,1073725439,1073741823,1073740799,1073741823:g7
1073741823,1073741823,1073741823,1073740799,1073741823,1073741823,1073741823,1073709055,1073610751,1073217535,1073741823,1073741823,1073737727,1073740799,1073741823:g7
1073741823,1073741823,1073741823,1073740799,1073741823,1073741823,1073741823,1073709055,1073610751,1073217535,1073741823,1073741823,1073741823,1073724415,1073741823:g7
1073741823,1073741823,1073741823,1073740799,1073741823,1073741823,1073741823,1073709055,1073610751,1073217535,1073741823,1073741823,1073741823,1073736703,1073741823:g7
1073741823,1073741823,1073741823,1073740799,1073741823,1073741823,1073741823,1073709055,1073610751,1073217535,1073741823,1073741823,1073741823,1073740799,1073737727:g7
1073741823,1073741823,1073741823,1073740799,1073741823,1073741823,1073741823,1073709055,1073610751,1073217535,1073741823,1073741823,1073741823,1073740799,1073740799:g7
1073741823,1073741823,1073741823,1073740799,1073741823,1073741823,1073741823,1073709055,1073610751,1073217535,1073737727,1073741823,1073741823,1073740799,1073741823:g7
1073741823,1073741823,1073741823,1073740799,1073741823,1073741823,1072693247,1073709055,1073610751,1073217535,1073741823,1073741823,1073741823,1073740799,1073741823:g7
1073741823,1073741823,1073741823,1073740799,1073741823,1073741823,1073741823,1073709055,1072562175,1073217535,1073741823,1073741823,1073741823,1073740799,1073741823:g7
1073741823,1073741823,1073741823,1073740799,1073741823,1073741823,1073741823,1073709055,1073348607,1073217535,1073741823,1073741823,1073741823,1073740799,1073741823:g7
1073741823,1073741823,1073741823,1073740799,1073741823,1073741823,1073741823,1073709055,1073610751,1073217535,1072693247,1073741823,1073741823,1073740799,1073741823:h9
1073741823,1073741823,1073741823,1073740799,1073741823,1073741823,1073741823,1073709055,1073577983,1073217535,1072692223,1073741823,1073741823,1073740799,1073741823:j9
1073741823,1073741823,1073741823,1073740799,1073741823,1073741823,1073741823,1073709055,1073577983,1073213439,1072693247,1073741823,1073741823,1073740799,1073741823:g9
1073741823,1073741823,1073741823,1073740799,1073741823,1073741823,1073741823,1073709055,1073576959,1073217535,1072693247,1073741823,1073741823,1073740799,1073741823:j9
1073741823,1073741823,1073741823,1073740799,1073741823,1073741823,1073740799,1073709055,1073577983,1073217535,1072693247,1073741823,1073741823,1073740799,1073741823:j9
1073741823,1073741823,1073741823,1073740799,1073741823,1073741823,1073479679,1073709055,1073577983,1073217535,1072693247,1073741823,1073741823,1073740799,1073741823:k9
1073741823,1073741823,1073741823,1073740799,1073741823,1073741823,1073741823,1073709055,1073577983,1073217535,1072676863,1073741823,1073741823,1073740799,1073741823:j11
1073741823,1073741823,1073741823,1073740799,1073741823,1073741823,1073741823,1073709055,1069383679,1073217535,1072152575,1073741823,1073741823,1073740799,1073741823:g9
1073741823,1073741823,1073741823,1073740799,1073741823,1073741823,1073741823,1073709055,1073577983,1073217535,1072152575,1073741823,1069547519,1073740799,1073741823:g9
1073741823,1073741823,1073741823,1073740799,1073741823,1073741823,1073741823,1073709055,1073577983,1073217535,1072152575,1073737727,1073741823,1073740799,1073741823:j9
1073741823,1073741823,1073741823,1073740799,1073741823,1073741823,1073741823,1073709055,1073577983,1073217535,1072152575,1073741823,1073479679,1073740799,1073741823:j9
1073741823,1073741823,1073741823,1073740799,1073741823,1073741823,1073741823,1073709055,1073577983,1073217535,1072152575,1073676287,1073741823,1073740799,1073741823:j9
1073741823,1073741823,1073741823,1073740799,1073741823,1073741823,1073741823,1073709055,1073577983,1073217535,1072152575,1073741823,1073725439,1073740799,1073741823:g9
1073741823,1073741823,1073741823,1073740799,1073741823,1073741823,1073741823,1073709055,1073577983,1073217535,1072151551,1073741823,1073741823,1073740799,1073741823:j9
1073741823,1073741823,1073741823,1073740799,1073741823,1073741823,1073741823,1073709055,1073577983,1073213439,1072152575,1073741823,1073741823,1073740799,1073741823:j9
1073741823,1073741823,1073741823,1073740799,1073741823,1073741823,1073741823,1073709055,1073576959,1073217535,1072152575,1073741823,1073741823,1073740799,1073741823:j9
1073741823,1073741823,1073741823,1073740799,1073741823,1073741823,1073740799,1073709055,1073577983,1073217535,1072152575,1073741823,1073741823,1073740799,1073741823:j9
1073741823,1073741823,1073741823,1073740799,1073741823,1073741823,1073479679,1073709055,1073577983,1073217535,1072152575,1073741823,1073741823,1073740799,1073741823:g9
1073741823,1073741823,1073741823,1073740799,1073741823,1073741823,1073741823,1073709055,1073577983,1073217535,1072152575,1073741823,1073676287,1073740799,1073741823:g9
1073741823,1073741823,1073741823,1073740799,1073741823,1073741823,1073741823,1073709055,1056800767,1073217535,1072152575,1073741823,1073741823,1073740799,1073741823:g9
1073741823,1073741823,1073741823,1073740799,1073741823,1073741823,1073741823,1073709055,1073577983,1073217535,1055375359,1073741823,1073741823,1073740799,1073741823:g9
1073741823,1073741823,1073741823,1073740799,1073741823,1073741823,1073741823,1073709055,1073577983,1073217535,1067958271,1073741823,1073741823,1073740799,1073741823:g9
1073741823,1073741823,1073741823,1073740799,1073741823,1073741823,1073741823,1073709055,1073577983,1073217535,1072152575,1073741823,1056964607,1073740799,1073741823:g9
1073741823,1073741823,1073741823,1073740799,1073741823,1073741823,1073741823,1073709055,1073577983,1073217535,1072152575,1073741823,1072693247,1073740799,1073741823:g9
1073741823,1073741823,1073741823,1073740799,1073741823,1073741823,1073741823,1073709055,1073577983,1073217535,1072152575,1072693247,1073741823,1073740799,1073741823:g9
1073741823,1073741823,1073741823,1073740799,1073741823,1073741823,1073741823,1069514751,1073577983,1073217535,1072152575,1073741823,1073741823,1073740799,1073741823:g9
1073741823,1073741823,1073741823,1073740799,1073741823,1073741823,1073741823,1073709055,1073577983,1069023231,1072152575,1073741823,1073741823,1073740799,1073741823:g9
1073741823,1073741823,1073741823,1073740799,1073741823,1073741823,1073741823,1073709055,1073577983,1072168959,1072152575,1073741823,1073741823,1073740799,1073741823:g9
1073741823,1073741823,1073741823,1073740799,1073741823,1073741823,1073741823,1073709055,1073577983,1073217535,1072152575,1069547519,1073741823,1073740799,1073741823:g9
1073741823,1073741823,1073741823,1073740799,1073741823,1073741823,1073741823,1073709055,1073577983,1073217535,1072152575,1073479679,1073741823,1073740799,1073741823:g9
1073741823,1073741823,1073741823,1073740799,1073741823,1073741823,1073741823,1073709055,1073577983,1073217535,1072152575,1073741823,1073741823,1073740799,1073741567:g9
1073741823,1073741823,1073741823,1073740799,1073741823,1073741823,1073741823,1073709055,1073577983,1073217535,1072152575,1073741823,1073741823,1073740735,1073741823:g9
1073741823,1073741823,1073741823,1073740799,1073741823,1073741823,1073741823,1073709055,1073577983,1073217535,1072152575,1073741823,1073741823,1073740543,1073741823:g9
1073741823,1073741823,1073741823,1073740799,1073741823,1073741823,1073741823,1073709055,1073577983,1073217535,1072152575,1073741759,1073741823,1073740799,1073741823:g9
1073741823,1073741823,1073741823,1073740799,1073741823,1073741823,1073741823,1073709055,1073577983,1073217535,1072152575,1073741823,1073741567,1073740799,1073741823:g9
1073741823,1073741823,1073741823,1073740799,1073741823,1073741823,1073741823,1073709055,1073577983,1073217535,1072152575,1073740799,1073741823,1073740799,1073741823:j9
1073741823,1073741823,1073741823,1073740799,1073741823,1073741823,1073741823,1073709055,1073577983,1073217535,1072152575,1073741823,1073740799,1073740799,1073741823:j9
1073741823,1073741823,1073741823,1073740799,1073741823,1073741823,1073741823,1073709055,1073577983,1073217535,1072152575,1073725439,1073741823,1073740799,1073741823:g9
1073741823,1073741823,1073741823,1073740799,1073741823,1073741823,1073741823,1073709055,1073577983,1073217535,1072152575,1073741823,1073737727,1073740799,1073741823:g9
1073741823,1073741823,1073741823,1073740799,1073741823,1073741823,1073741823,1073709055,1073577983,1073217535,1072152575,1073741823,1073741823,1073724415,1073741823:g9
1073741823,1073741823,1073741823,1073740799,1073741823,1073741823,1073741823,1073709055,1073577983,1073217535,1072152575,1073741823,1073741823,1073736703,1073741823:g9
1073741823,1073741823,1073741823,1073740799,1073741823,1073741823,1073741823,1073709055,1073577983,1073217535,1072152575,1073741823,1073741823,1073740799,1073737727:g9
1073741823,1073741823,1073741823,1073740799,1073741823,1073741823,1073741823,1073709055,1073577983,1073217535,1072152575,1073741823,1073741823,1073740799,1073740799:g9
1073741823,1073741823,1073741823,1073740799,1073741823,1073741823,1073741823,1073709055,1073577983,1073217535,1072148479,1073741823,1073741823,1073740799,1073741823:g9
1073741823,1073741823,1073741823,1073740799,1073741823,1073741823,1072693247,1073709055,1073577983,1073217535,1072152575,1073741823,1073741823,1073740799,1073741823:g9
1073741823,1073741823,1073741823,1073740799,1073741823,1073741823,1073741823,1073709055,1072529407,1073217535,1072152575,1073741823,1073741823,1073740799,1073741823:g9
1073741823,1073741823,1073741823,1073740799,1073741823,1073741823,1073741823,1073709055,1073315839,1073217535,1072152575,1073741823,1073741823,1073740799,1073741823:i10
1073741823,1073741823,1073741823,1073740799,1073741823,1073741823,1073741823,1073709055,1073577983,1073217535,1072087039,1073741823,1073741823,1073740799,1073741823:j9
1073741823,1073741823,1073741823,1073740799,1073741823,1073741823,1073741823,1073709055,1073577983,1073151999,1072152575,1073741823,1073741823,1073740799,1073741823:j9
1073741823,1073741823,1073741823,1073740799,1073741823,1073741759,1073741823,1073709055,1073577983,1073217535,1072152575,1073741823,1073741823,1073740799,1073741823:g9
1073741823,1073741823,1073741823,1073740799,1073741567,1073741823,1073741823,1073709055,1073577983,1073217535,1072152575,1073741823,1073741823,1073740799,1073741823:g9
1073741823,1073741823,1073741823,1073740735,1073741823,1073741823,1073741823,1073709055,1073577983,1073217535,1072152575,1073741823,1073741823,1073740799,1073741823:g9
1073741823,1073741823,1073741823,1073740543,1073741823,1073741823,1073741823,1073709055,1073577983,1073217535,1072152575,1073741823,1073741823,1073740799,1073741823:g9
1073741823,1073741759,1073741823,1073740799,1073741823,1073741823,1073741823,1073709055,1073577983,1073217535,1072152575,1073741823,1073741823,1073740799,1073741823:g9
1073741823,1073741823,1073741567,1073740799,1073741823,1073741823,1073741823,1073709055,1073577983,1073217535,1072152575,1073741823,1073741823,1073740799,1073741823:g9
1073741823,1073740799,1073741823,1073740799,1073741823,1073741823,1073741823,1073709055,1073577983,1073217535,1072152575,1073741823,1073741823,1073740799,1073741823:g9
1073741823,1073741823,1073740799,1073740799,1073741823,1073741823,1073741823,1073709055,1073577983,1073217535,1072152575,1073741823,1073741823,1073740799,1073741823:g9
1073741823,1073725439,1073741823,1073740799,1073741823,1073741823,1073741823,1073709055,1073577983,1073217535,1072152575,1073741823,1073741823,1073740799,1073741823:g9
1073741823,1073741823,1073737727,1073740799,1073741823,1073741823,1073741823,1073709055,1073577983,1073217535,1072152575,1073741823,1073741823,1073740799,1073741823:g9
1073741823,1073741823,1073741823,1073724415,1073741823,1073741823,1073741823,1073709055,1073577983,1073217535,1072152575,1073741823,1073741823,1073740799,1073741823:g9
1073741823,1073741823,1073741823,1073736703,1073741823,1073741823,1073741823,1073709055,1073577983,1073217535,1072152575,1073741823,1073741823,1073740799,1073741823:g9
1073741823,1073741823,1073741823,1073740799,1073737727,1073741823,1073741823,1073709055,1073577983,1073217535,1072152575,1073741823,1073741823,1073740799,1073741823:g9
1073741823,1073741823,1073741823,1073740799,1073740799,1073741823,1073741823,1073709055,1073577983,1073217535,1072152575,1073741823,1073741823,1073740799,1073741823:g9
1073741823,1073741823,1073741823,1073740799,1073741823,1073741823,1073741823,1073709055,1073577983,1073216511,1072152575,1073741823,1073741823,1073740799,1073741823:j9
1073741823,1073741823,1073741823,1073740799,1073741823,1073741823,1073741823,1073709055,1073573887,1073217535,1072152575,1073741823,1073741823,1073740799,1073741823:g8
1073741823,1073741823,1073741823,1073740799,1073741823,1073741823,1073741823,1073708031,1073577983,1073217535,1072152575,1073741823,1073741823,1073740799,1073741823:j9
1073741823,1073741823,1073741823,1073740799,1073741823,1073741823,1073741823,1073704959,1073577983,1073217535,1072152575,1073741823,1073741823,1073740799,1073741823:j9
1073741823,1073741823,1073741823,1073740799,1073741823,1073740799,1073741823,1073709055,1073577983,1073217535,1072152575,1073741823,1073741823,1073740799,1073741823:j9
1073741823,1073741823,1073741823,1073740799,1073741823,1073741823,1073737727,1073709055,1073577983,1073217535,1072152575,1073741823,1073741823,1073740799,1073741823:g9
1073741823,1073741823,1073741823,1073740799,1073741823,1073725439,1073741823,1073709055,1073577983,1073217535,1072152575,1073741823,1073741823,1073740799,1073741823:g9
1073741823,1073741823,1073741823,1073740799,1073741823,1073741823,1073725439,1073709055,1073577983,1073217535,1072152575,1073741823,1073741823,1073740799,1073741823:g9
1073741823,1073741823,1073741823,1073740799,1073741823,1073479679,1073741823,1073709055,1073577983,1073217535,1072152575,1073741823,1073741823,1073740799,1073741823:j9
1073741823,1073741823,1073741823,1073740799,1073741823,1073741823,1073676287,1073709055,1073577983,1073217535,1072152575,1073741823,1073741823,1073740799,1073741823:j9
1073741823,1073741823,1073741823,1073740799,1073741823,1073741823,1073741823,1073446911,1073577983,1073217535,1072152575,1073741823,1073741823,1073740799,1073741823:g9
1073741823,1073741823,1073741823,1073740799,1073741823,1073741823,1073741823,1073643519,1073577983,1073217535,1072152575,1073741823,1073741823,1073740799,1073741823:j9
1073741823,1073741823,1073741823,1073740799,1073741823,1073741823,1073741823,1073709055,1073577983,1073201151,1072152575,1073741823,1073741823,1073740799,1073741823:g9
1073741823,1073741823,1073741823,1073740799,1073741823,1073741823,1073741823,1073709055,1073577983,1073217535,1072693247,1073741823,1073676287,1073740799,1073741823:g9
1073741823,1073741823,1073741823,1073740799,1073741823,1073741823,1073741823,1073709055,1056800767,1073217535,1072693247,1073741823,1073741823,1073740799,1073741823:g9
1073741823,1073741823,1073741823,1073740799,1073741823,1073741823,1073741823,1073709055,1073577983,1073217535,1055916031,1073741823,1073741823,1073740799,1073741823:g9
1073741823,1073741823,1073741823,1073740799,1073741823,1073741823,1073741823,1073709055,1073577983,1073217535,1068498943,1073741823,1073741823,1073740799,1073741823:g9
1073741823,1073741823,1073741823,1073740799,1073741823,1073741823,1073741823,1073709055,1073577983,1073217535,1072693247,1073741823,1056964607,1073740799,1073741823:g9
1073741823,1073741823,1073741823,1073740799,1073741823,1073741823,1073741823,1073709055,1073577983,1073217535,1072693247,1073741823,1072693247,1073740799,1073741823:g9
1073741823,1073741823,1073741823,1073740799,1073741823,1073741823,1073741823,1073709055,1073577983,1073217535,1072693247,1072693247,1073741823,1073740799,1073741823:g9
1073741823,1073741823,1073741823,1073740799,1073741823,1073741823,1073741823,1069514751,1073577983,1073217535,1072693247,1073741823,1073741823,1073740799,1073741823:g9
1073741823,1073741823,1073741823,1073740799,1073741823,1073741823,1073741823,1073709055,1073577983,1069023231,1072693247,1073741823,1073741823,1073740799,1073741823:g9
1073741823,1073741823,1073741823,1073740799,1073741823,1073741823,1073741823,1073709055,1073577983,1072168959,1072693247,1073741823,1073741823,1073740799,1073741823:g9
1073741823,1073741823,1073741823,1073740799,1073741823,1073741823,1073741823,1073709055,1073577983,1073217535,1072693247,1069547519,1073741823,1073740799,1073741823:g9
1073741823,1073741823,1073741823,1073740799,1073741823,1073741823,1073741823,1073709055,1073577983,1073217535,1072693247,1073479679,1073741823,1073740799,1073741823:g9
1073741823,1073741823,1073741823,1073740799,1073741823,1073741823,1073741823,1073709055,1073577983,1073217535,1072431103,1073741823,1073741823,1073740799,1073741823:g9
1073741823,1073741823,1073741823,1073740799,1073741823,1073741823,1073741823,1073709055,1073577983,1073217535,1072693247,1073741823,1073741823,1073740799,1073741567:g9
1073741823,1073741823,1073741823,1073740799,1073741823,1073741823,1073741823,1073709055,1073577983,1073217535,1072693247,1073741823,1073741823,1073740735,1073741823:g9
1073741823,1073741823,1073741823,1073740799,1073741823,1073741823,1073741823,1073709055,1073577983,1073217535,1072693247,1073741823,1073741823,1073740543,1073741823:g9
1073741823,1073741823,1073741823,1073740799,1073741823,1073741823,1073741823,1073709055,1073577983,1073217535,1072693247,1073741759,1073741823,1073740799,1073741823:g9
1073741823,1073741823,1073741823,1073740799,1073741823,1073741823,1073741823,1073709055,1073577983,1073217535,1072693247,1073741823,1073741567,1073740799,1073741823:g9
1073741823,1073741823,1073741823,1073740799,1073741823,1073741823,1073741823,1073709055,1073577983,1073217535,1072693247,1073740799,1073741823,1073740799,1073741823:j9
1073741823,1073741823,1073741823,1073740799,1073741823,1073741823,1073741823,1073709055,1073577983,1073217535,1072693247,1073741823,1073740799,1073740799,1073741823:j9
1073741823,1073741823,1073741823,1073740799,1073741823,1073741823,1073741823,1073709055,1073577983,1073217535,1072693247,1073725439,1073741823,1073740799,1073741823:g9
1073741823,1073741823,1073741823,1073740799,1073741823,1073741823,1073741823,1073709055,1073577983,1073217535,1072693247,1073741823,1073737727,1073740799,1073741823:g9
1073741823,1073741823,1073741823,1073740799,1073741823,1073741823,1073741823,1073709055,1073577983,1073217535,1072693247,1073741823,1073741823,1073724415,1073741823:g9
1073741823,1073741823,1073741823,1073740799,1073741823,1073741823,1073741823,1073709055,1073577983,1073217535,1072693247,1073741823,1073741823,1073736703,1073741823:g9
1073741823,1073741823,1073741823,1073740799,1073741823,1073741823,1073741823,1073709055,1073577983,1073217535,1072693247,1073741823,1073741823,1073740799,1073737727:g9
1073741823,1073741823,1073741823,1073740799,1073741823,1073741823,1073741823,1073709055,1073577983,1073217535,1072693247,1073741823,1073741823,1073740799,1073740799:g9
1073741823,1073741823,1073741823,1073740799,1073741823,1073741823,1073741823,1073709055,1073577983,1073217535,1072689151,1073741823,1073741823,1073740799,1073741823:g9
1073741823,1073741823,1073741823,1073740799,1073741823,1073741823,1072693247,1073709055,1073577983,1073217535,1072693247,1073741823,1073741823,1073740799,1073741823:g9
1073741823,1073741823,1073741823,1073740799,1073741823,1073741823,1073741823,1073709055,1072529407,1073217535,1072693247,1073741823,1073741823,1073740799,1073741823:g9
1073741823,1073741823,1073741823,1073740799,1073741823,1073741823,1073741823,1073709055,1073315839,1073217535,1072693247,1073741823,1073741823,1073740799,1073741823:i10
1073741823,1073741823,1073741823,1073740799,1073741823,1073741823,1073741823,1073709055,1073315839,1073086463,1072693247,1073737727,1073741823,1073740799,1073741823:h10
1073741823,1073741823,1073741823,1073740799,1073741823,1073741823,1073741823,1073709055,1073315839,1073086463,1072693247,1073676287,1073741823,1073740799,1073741823:h10
1073741823,1073741823,1073741823,1073740799,1073741823,1073741823,1069547519,1073709055,1073315839,1073086463,1072693247,1073741823,1073741823,1073740799,1073741823:h10
1073741823,1073741823,1073741823,1073740799,1073741823,1073741823,1073741823,1072660479,1073315839,1073086463,1072693247,1073741823,1073741823,1073740799,1073741823:h10
1073741823,1073741823,1073741823,1073740799,1073741823,1073741823,1073741823,1073709055,1069121535,1073086463,1072693247,1073741823,1073741823,1073740799,1073741823:h10
1073741823,1073741823,1073741823,1073740799,1073741823,1073741823,1073741823,1073709055,1073315839,1073086463,1072692223,1073741823,1073741823,1073740799,1073741823:h10
1073741823,1073741823,1073741823,1073740799,1073741823,1073741823,1073741823,1073709055,1073315839,1073082367,1072693247,1073741823,1073741823,1073740799,1073741823:g8
1073741823,1073741823,1073741823,1073740799,1073741823,1073741823,1073741823,1073709055,1073314815,1073086463,1072693247,1073741823,1073741823,1073740799,1073741823:h10
1073741823,1073741823,1073741823,1073740799,1073741823,1073741823,1073740799,1073709055,1073315839,1073086463,1072693247,1073741823,1073741823,1073740799,1073741823:h10
1073741823,1073741823,1073741823,1073740799,1073741823,1073741823,1073479679,1073709055,1073315839,1073086463,1072693247,1073741823,1073741823,1073740799,1073741823:h10
1073741823,1073741823,1073741823,1073740799,1073741823,1073741823,1073741823,1073709055,1073315839,1073086463,1072676863,1073741823,1073741823,1073740799,1073741823:g10
1073741823,1073741823,1073741823,1073740799,1073741823,1073741823,1073741823,1073709055,1073315839,1073086463,1072693247,1073741823,1073676287,1073740799,1073741823:h10
1073741823,1073741823,1073741823,1073740799,1073741823,1073741823,1073741823,1073709055,1056538623,1073086463,1072693247,1073741823,1073741823,1073740799,1073741823:h10
1073741823,1073741823,1073741823,1073740799,1073741823,1073741823,1073741823,1073709055,1073315839,1073086463,1055916031,1073741823,1073741823,1073740799,1073741823:h10
1073741823,1073741823,1073741823,1073740799,1073741823,1073741823,1073741823,1073709055,1073315839,1073086463,1068498943,1073741823,1073741823,1073740799,1073741823:h10
1073741823,1073741823,1073741823,1073740799,1073741823,1073741823,1073741823,1073709055,1073315839,1073086463,1072693247,1073741823,1056964607,1073740799,1073741823:h10
1073741823,1073741823,1073741823,1073740799,1073741823,1073741823,1073741823,1073709055,1073315839,1073086463,1072693247,1073741823,1072693247,1073740799,1073741823:h10
1073741823,1073741823,1073741823,1073740799,1073741823,1073741823,1073741823,1073709055,1073315839,1073086463,1072693247,1072693247,1073741823,1073740799,1073741823:h10
1073741823,1073741823,1073741823,1073740799,1073741823,1073741823,1073741823,1069514751,1073315839,1073086463,1072693247,1073741823,1073741823,1073740799,1073741823:h10
1073741823,1073741823,1073741823,1073740799,1073741823,1073741823,1073741823,1073709055,1073315839,1068892159,1072693247,1073741823,1073741823,1073740799,1073741823:h10
1073741823,1073741823,1073741823,1073740799,1073741823,1073741823,1073741823,1073709055,1073315839,1072037887,1072693247,1073741823,1073741823,1073740799,1073741823:h10
1073741823,1073741823,1073741823,1073740799,1073741823,1073741823,1073741823,1073709055,1073315839,1073086463,1072693247,1069547519,1073741823,1073740799,1073741823:h10
1073741823,1073741823,1073741823,1073740799,1073741823,1073741823,1073741823,1073709055,1073315839,1073086463,1072693247,1073479679,1073741823,1073740799,1073741823:h10
1073741823,1073741823,1073741823,1073740799,1073741823,1073741823,1073741823,1073709055,1073315839,1073086463,1072431103,1073741823,1073741823,1073740799,1073741823:h10
1073741823,1073741823,1073741823,1073740799,1073741823,1073741823,1073741823,1073709055,1073315839,1073086463,1072693247,1073741823,1073741823,1073740799,1073741567:h10
1073741823,1073741823,1073741823,1073740799,1073741823,1073741823,1073741823,1073709055,1073315839,1073086463,1072693247,1073741823,1073741823,1073740735,1073741823:h10
1073741823,1073741823,1073741823,1073740799,1073741823,1073741823,1073741823,1073709055,1073315839,1073086463,1072693247,1073741823,1073741823,1073740543,1073741823:h10
1073741823,1073741823,1073741823,1073740799,1073741823,1073741823,1073741823,1073709055,1073315839,1073086463,1072693247,1073741759,1073741823,1073740799,1073741823:h10
1073741823,1073741823,1073741823,1073740799,1073741823,1073741823,1073741823,1073709055,1073315839,1073086463,1072693247,1073741823,1073741567,1073740799,1073741823:h10
1073741823,1073741823,1073741823,1073740799,1073741823,1073741823,1073741823,1073709055,1073315839,1073086463,1072693247,1073740799,1073741823,1073740799,1073741823:h10
1073741823,1073741823,1073741823,1073740799,1073741823,1073741823,1073741823,1073709055,1073315839,1073086463,1072693247,1073741823,1073740799,1073740799,1073741823:h10
1073741823,1073741823,1073741823,1073740799,1073741823,1073741823,1073741823,1073709055,1073315839,1073086463,1072693247,1073725439,1073741823,1073740799,1073741823:h10
1073741823,1073741823,1073741823,1073740799,1073741823,1073741823,1073741823,1073709055,1073315839,1073086463,1072693247,1073741823,1073737727,1073740799,1073741823:h10
1073741823,1073741823,1073741823,1073740799,1073741823,1073741823,1073741823,1073709055,1073315839,1073086463,1072693247,1073741823,1073741823,1073724415,1073741823:h10
1073741823,1073741823,1073741823,1073740799,1073741823,1073741823,1073741823,1073709055,1073315839,1073086463,1072693247,1073741823,1073741823,1073736703,1073741823:h10
1073741823,1073741823,1073741823,1073740799,1073741823,1073741823,1073741823,1073709055,1073315839,1073086463,1072693247,1073741823,1073741823,1073740799,1073737727:h10
1073741823,1073741823,1073741823,1073740799,1073741823,1073741823,1073741823,1073709055,1073315839,1073086463,1072693247,1073741823,1073741823,1073740799,1073740799:h10
1073741823,1073741823,1073741823,1073740799,1073741823,1073741823,1073741823,1073709055,1073315839,1073086463,1072689151,1073741823,1073741823,1073740799,1073741823:h10
1073741823,1073741823,1073741823,1073740799,1073741823,1073741823,1072693247,1073709055,1073315839,1073086463,1072693247,1073741823,1073741823,1073740799,1073741823:h10
1073741823,1073741823,1073741823,1073740799,1073741823,1073741823,1073741823,1073709055,1072267263,1073086463,1072693247,1073741823,1073741823,1073740799,1073741823:h10
1073741823,1073741823,1073741823,1073740799,1073741823,1073741823,1073741823,1073709055,1073315839,1073086463,1072627711,1073741823,1073741823,1073740799,1073741823:h10
1073741823,1073741823,1073741823,1073740799,1073741823,1073741759,1073741823,1073709055,1073315839,1073086463,1072693247,1073741823,1073741823,1073740799,1073741823:h10
1073741823,1073741823,1073741823,1073740799,1073741567,1073741823,1073741823,1073709055,1073315839,1073086463,1072693247,1073741823,1073741823,1073740799,1073741823:h10
1073741823,1073741823,1073741823,1073740735,1073741823,1073741823,1073741823,1073709055,1073315839,1073086463,1072693247,1073741823,1073741823,1073740799,1073741823:h10
1073741823,1073741823,1073741823,1073740543,1073741823,1073741823,1073741823,1073709055,1073315839,1073086463,1072693247,1073741823,1073741823,1073740799,1073741823:h10
1073741823,1073741759,1073741823,1073740799,1073741823,1073741823,1073741823,1073709055,1073315839,1073086463,1072693247,1073741823,1073741823,1073740799,1073741823:h10
1073741823,1073741823,1073741567,1073740799,1073741823,1073741823,1073741823,1073709055,1073315839,1073086463,1072693247,1073741823,1073741823,1073740799,1073741823:h10
1073741823,1073740799,1073741823,1073740799,1073741823,1073741823,1073741823,1073709055,1073315839,1073086463,1072693247,1073741823,1073741823,1073740799,1073741823:h10
1073741823,1073741823,1073740799,1073740799,1073741823,1073741823,1073741823,1073709055,1073315839,1073086463,1072693247,1073741823,1073741823,1073740799,1073741823:h10
1073741823,1073725439,1073741823,1073740799,1073741823,1073741823,1073741823,1073709055,1073315839,1073086463,1072693247,1073741823,1073741823,1073740799,1073741823:h10
1073741823,1073741823,1073737727,1073740799,1073741823,1073741823,1073741823,1073709055,1073315839,1073086463,1072693247,1073741823,1073741823,1073740799,1073741823:h10
1073741823,1073741823,1073741823,1073724415,1073741823,1073741823,1073741823,1073709055,1073315839,1073086463,1072693247,1073741823,1073741823,1073740799,1073741823:h10
1073741823,1073741823,1073741823,1073736703,1073741823,1073741823,1073741823,1073709055,1073315839,1073086463,1072693247,1073741823,1073741823,1073740799,1073741823:h10
1073741823,1073741823,1073741823,1073740799,1073737727,1073741823,1073741823,1073709055,1073315839,1073086463,1072693247,1073741823,1073741823,1073740799,1073741823:h10
1073741823,1073741823,1073741823,1073740799,1073740799,1073741823,1073741823,1073709055,1073315839,1073086463,1072693247,1073741823,1073741823,1073740799,1073741823:h10
1073741823,1073741823,1073741823,1073740799,1073741823,1073741823,1073741823,1073709055,1073315839,1073085439,1072693247,1073741823,1073741823,1073740799,1073741823:h10
1073741823,1073741823,1073741823,1073740799,1073741823,1073741823,1073741823,1073709055,1073311743,1073086463,1072693247,1073741823,1073741823,1073740799,1073741823:h10
1073741823,1073741823,1073741823,1073740799,1073741823,1073741823,1073741823,1073708031,1073315839,1073086463,1072693247,1073741823,1073741823,1073740799,1073741823:h10
1073741823,1073741823,1073741823,1073740799,1073741823,1073741823,1073741823,1073704959,1073315839,1073086463,1072693247,1073741823,1073741823,1073740799,1073741823:h10
1073741823,1073741823,1073741823,1073740799,1073741823,1073740799,1073741823,1073709055,1073315839,1073086463,1072693247,1073741823,1073741823,1073740799,1073741823:h10
1073741823,1073741823,1073741823,1073740799,1073741823,1073741823,1073737727,1073709055,1073315839,1073086463,1072693247,1073741823,1073741823,1073740799,1073741823:h10
1073741823,1073741823,1073741823,1073740799,1073741823,1073725439,1073741823,1073709055,1073315839,1073086463,1072693247,1073741823,1073741823,1073740799,1073741823:h10
1073741823,1073741823,1073741823,1073740799,1073741823,1073741823,1073725439,1073709055,1073315839,1073086463,1072693247,1073741823,1073741823,1073740799,1073741823:g8
1073741823,1073741823,1073741823,1073740799,1073741823,1073479679,1073741823,1073709055,1073315839,1073086463,1072693247,1073741823,1073741823,1073740799,1073741823:h10
1073741823,1073741823,1073741823,1073740799,1073741823,1073741823,1073676287,1073709055,1073315839,1073086463,1072693247,1073741823,1073741823,1073740799,1073741823:h10
1073741823,1073741823,1073741823,1073740799,1073741823,1073741823,1073741823,1073446911,1073315839,1073086463,1072693247,1073741823,1073741823,1073740799,1073741823:h10
1073741823,1073741823,1073741823,1073740799,1073741823,1073741823,1073741823,1073643519,1073315839,1073086463,1072693247,1073741823,1073741823,1073740799,1073741823:h10
1073741823,1073741823,1073741823,1073740799,1073741823,1073741823,1073741823,1073709055,1073315839,1073070079,1072693247,1073741823,1073741823,1073740799,1073741823:g8
1073741823,1073741823,1073741823,1073740799,1073741823,1073741823,1073741823,1073709055,1073577983,1073217535,1072627711,1073741823,1073741823,1073740799,1073741823:g9
1073741823,1073741823,1073741823,1073740799,1073741823,1073741823,1073741823,1073709055,1073577983,1073151999,1072693247,1073741823,1073741823,1073740799,1073741823:j9
1073741823,1073741823,1073741823,1073740799,1073741823,1073741759,1073741823,1073709055,1073577983,1073217535,1072693247,1073741823,1073741823,1073740799,1073741823:g9
1073741823,1073741823,1073741823,1073740799,1073741567,1073741823,1073741823,1073709055,1073577983,1073217535,1072693247,1073741823,1073741823,1073740799,1073741823:g9
1073741823,1073741823,1073741823,1073740735,1073741823,1073741823,1073741823,1073709055,1073577983,1073217535,1072693247,1073741823,1073741823,1073740799,1073741823:g9
1073741823,1073741823,1073741823,1073740543,1073741823,1073741823,1073741823,1073709055,1073577983,1073217535,1072693247,1073741823,1073741823,1073740799,1073741823:g9
1073741823,1073741759,1073741823,1073740799,1073741823,1073741823,1073741823,1073709055,1073577983,1073217535,1072693247,1073741823,1073741823,1073740799,1073741823:g9
1073741823,1073741823,1073741567,1073740799,1073741823,1073741823,1073741823,1073709055,1073577983,1073217535,1072693247,1073741823,1073741823,1073740799,1073741823:g9
1073741823,1073740799,1073741823,1073740799,1073741823,1073741823,1073741823,1073709055,1073577983,1073217535,1072693247,1073741823,1073741823,1073740799,1073741823:g9
1073741823,1073741823,1073740799,1073740799,1073741823,1073741823,1073741823,1073709055,1073577983,1073217535,1072693247,1073741823,1073741823,1073740799,1073741823:g9
1073741823,1073725439,1073741823,1073740799,1073741823,1073741823,1073741823,1073709055,1073577983,1073217535,1072693247,1073741823,1073741823,1073740799,1073741823:g9
1073741823,1073741823,1073737727,1073740799,1073741823,1073741823,1073741823,1073709055,1073577983,1073217535,1072693247,1073741823,1073741823,1073740799,1073741823:g9
1073741823,1073741823,1073741823,1073724415,1073741823,1073741823,1073741823,1073709055,1073577983,1073217535,1072693247,1073741823,1073741823,1073740799,1073741823:g9
1073741823,1073741823,1073741823,1073736703,1073741823,1073741823,1073741823,1073709055,1073577983,1073217535,1072693247,1073741823,1073741823,1073740799,1073741823:g9
1073741823,1073741823,1073741823,1073740799,1073737727,1073741823,1073741823,1073709055,1073577983,1073217535,1072693247,1073741823,1073741823,1073740799,1073741823:g9
1073741823,1073741823,1073741823,1073740799,1073740799,1073741823,1073741823,1073709055,1073577983,1073217535,1072693247,1073741823,1073741823,1073740799,1073741823:g9
1073741823,1073741823,1073741823,1073740799,1073741823,1073741823,1073741823,1073709055,1073577983,1073216511,1072693247,1073741823,1073741823,1073740799,1073741823:j9
1073741823,1073741823,1073741823,1073740799,1073741823,1073741823,1073741823,1073709055,1073573887,1073217535,1072693247,1073741823,1073741823,1073740799,1073741823:h10
1073741823,1073741823,1073741823,1073740799,1073741823,1073741823,1073741823,1073709055,1073573887,1073184767,1072692991,1073741823,1073741823,1073740799,1073741823:h7
1073741823,1073741823,1073741823,1073740799,1073741823,1073741823,1073741823,1073709055,1073573631,1073184767,1072693247,1073741823,1073741823,1073740799,1073741823:h7
1073741823,1073741823,1073741823,1073740799,1073741823,1073741823,1073741567,1073709055,1073573887,1073184767,1072693247,1073741823,1073741823,1073740799,1073741823:h7
1073741823,1073741823,1073741823,1073740799,1073741823,1073741823,1073741823,1073709055,1073573887,1073184767,1072692223,1073741823,1073741823,1073740799,1073741823:h7
1073741823,1073741823,1073741823,1073740799,1073741823,1073741823,1073741823,1073709055,1073573887,1073180671,1072693247,1073741823,1073741823,1073740799,1073741823:h7
1073741823,1073741823,1073741823,1073740799,1073741823,1073741823,1073741823,1073709055,1073572863,1073184767,1072693247,1073741823,1073741823,1073740799,1073741823:h7
1073741823,1073741823,1073741823,1073740799,1073741823,1073741823,1073740799,1073709055,1073573887,1073184767,1072693247,1073741823,1073741823,1073740799,1073741823:h7
1073741823,1073741823,1073741823,1073740799,1073741823,1073741823,1073479679,1073709055,1073573887,1073184767,1072693247,1073741823,1073741823,1073740799,1073741823:h7
1073741823,1073741823,1073741823,1073740799,1073741823,1073741823,1073741823,1073709055,1073573887,1073184767,1072676863,1073741823,1073741823,1073740799,1073741823:j8
1073741823,1073741823,1073741823,1073740799,1073741823,1073741823,1073741823,1073709055,1073573887,1073184767,1072693247,1073741823,1073676287,1073740799,1073741823:h7
1073741823,1073741823,1073741823,1073740799,1073741823,1073741823,1073741823,1073709055,1056796671,1073184767,1072693247,1073741823,1073741823,1073740799,1073741823:h7
1073741823,1073741823,1073741823,1073740799,1073741823,1073741823,1073741823,1073709055,1073573887,1073184767,1055916031,1073741823,1073741823,1073740799,1073741823:h7
1073741823,1073741823,1073741823,1073740799,1073741823,1073741823,1073741823,1073709055,1073573887,1073184767,1068498943,1073741823,1073741823,1073740799,1073741823:h7
1073741823,1073741823,1073741823,1073740799,1073741823,1073741823,1073741823,1073709055,1073573887,1073184767,1072693247,1073741823,1056964607,1073740799,1073741823:h7
1073741823,1073741823,1073741823,1073740799,1073741823,1073741823,1073741823,1073709055,1073573887,1073184767,1072693247,1073741823,1072693247,1073740799,1073741823:h7
1073741823,1073741823,1073741823,1073740799,1073741823,1073741823,1073741823,1073709055,1073573887,1073184767,1072693247,1072693247,1073741823,1073740799,1073741823:h7
1073741823,1073741823,1073741823,1073740799,1073741823,1073741823,1073741823,1069514751,1073573887,1073184767,1072693247,1073741823,1073741823,1073740799,1073741823:h7
1073741823,1073741823,1073741823,1073740799,1073741823,1073741823,1073741823,1073709055,1073573887,1068990463,1072693247,1073741823,1073741823,1073740799,1073741823:h7
1073741823,1073741823,1073741823,1073740799,1073741823,1073741823,1073741823,1073709055,1073573887,1072136191,1072693247,1073741823,1073741823,1073740799,1073741823:h7
1073741823,1073741823,1073741823,1073740799,1073741823,1073741823,1073741823,1073709055,1073573887,1073184767,1072693247,1069547519,1073741823,1073740799,1073741823:h7
1073741823,1073741823,1073741823,1073740799,1073741823,1073741823,1073741823,1073709055,1073573887,1073184767,1072693247,1073479679,1073741823,1073740799,1073741823:h7
1073741823,1073741823,1073741823,1073740799,1073741823,1073741823,1073741823,1073709055,1073573887,1073184767,1072431103,1073741823,1073741823,1073740799,1073741823:h7
1073741823,1073741823,1073741823,1073740799,1073741823,1073741823,1073741823,1073709055,1073573887,1073184767,1072693247,1073741823,1073741823,1073740799,1073741567:h7
1073741823,1073741823,1073741823,1073740799,1073741823,1073741823,1073741823,1073709055,1073573887,1073184767,1072693247,1073741823,1073741823,1073740735,1073741823:h7
1073741823,1073741823,1073741823,1073740799,1073741823,1073741823,1073741823,1073709055,1073573887,1073184767,1072693247,1073741823,1073741823,1073740543,1073741823:h7
1073741823,1073741823,1073741823,1073740799,1073741823,1073741823,1073741823,1073709055,1073573887,1073184767,1072693247,1073741759,1073741823,1073740799,1073741823:h7
1073741823,1073741823,1073741823,1073740799,1073741823,1073741823,1073741823,1073709055,1073573887,1073184767,1072693247,1073741823,1073741567,1073740799,1073741823:h7
1073741823,1073741823,1073741823,1073740799,1073741823,1073741823,1073741823,1073709055,1073573887,1073184767,1072693247,1073740799,1073741823,1073740799,1073741823:h7
1073741823,1073741823,1073741823,1073740799,1073741823,1073741823,1073741823,1073709055,1073573887,1073184767,1072693247,1073741823,1073740799,1073740799,1073741823:h7
1073741823,1073741823,1073741823,1073740799,1073741823,1073741823,1073741823,1073709055,1073573887,1073184767,1072693247,1073725439,1073741823,1073740799,1073741823:h7
1073741823,1073741823,1073741823,1073740799,1073741823,1073741823,1073741823,1073709055,1073573887,1073184767,1072693247,1073741823,1073737727,1073740799,1073741823:h7
1073741823,1073741823,1073741823,1073740799,1073741823,1073741823,1073741823,1073709055,1073573887,1073184767,1072693247,1073741823,1073741823,1073724415,1073741823:h7
1073741823,1073741823,1073741823,1073740799,1073741823,1073741823,1073741823,1073709055,1073573887,1073184767,1072693247,1073741823,1073741823,1073736703,1073741823:h7
1073741823,1073741823,1073741823,1073740799,1073741823,1073741823,1073741823,1073709055,1073573887,1073184767,1072693247,1073741823,1073741823,1073740799,1073737727:h7
1073741823,1073741823,1073741823,1073740799,1073741823,1073741823,1073741823,1073709055,1073573887,1073184767,1072693247,1073741823,1073741823,1073740799,1073740799:h7
1073741823,1073741823,1073741823,1073740799,1073741823,1073741823,1073741823,1073709055,1073573887,1073184767,1072689151,1073741823,1073741823,1073740799,1073741823:h7
1073741823,1073741823,1073741823,1073740799,1073741823,1073741823,1072693247,1073709055,1073573887,1073184767,1072693247,1073741823,1073741823,1073740799,1073741823:h7
1073741823,1073741823,1073741823,1073740799,1073741823,1073741823,1073741823,1073709055,1072525311,1073184767,1072693247,1073741823,1073741823,1073740799,1073741823:h7
1073741823,1073741823,1073741823,1073740799,1073741823,1073741823,1073741823,1073709055,1073311743,1073184767,1072693247,1073741823,1073741823,1073740799,1073741823:h7
1073741823,1073741823,1073741823,1073740799,1073741823,1073741823,1073741823,1073709055,1073573887,1073184767,1072627711,1073741823,1073741823,1073740799,1073741823:h7
1073741823,1073741823,1073741823,1073740799,1073741823,1073741823,1073741823,1073709055,1073573887,1073119231,1072693247,1073741823,1073741823,1073740799,1073741823:h7
1073741823,1073741823,1073741823,1073740799,1073741823,1073741759,1073741823,1073709055,1073573887,1073184767,1072693247,1073741823,1073741823,1073740799,1073741823:h7
1073741823,1073741823,1073741823,1073740799,1073741567,1073741823,1073741823,1073709055,1073573887,1073184767,1072693247,1073741823,1073741823,1073740799,1073741823:h7
1073741823,1073741823,1073741823,1073740735,1073741823,1073741823,1073741823,1073709055,1073573887,1073184767,1072693247,1073741823,1073741823,1073740799,1073741823:h7
1073741823,1073741823,1073741823,1073740543,1073741823,1073741823,1073741823,1073709055,1073573887,1073184767,1072693247,1073741823,1073741823,1073740799,1073741823:h7
1073741823,1073741759,1073741823,1073740799,1073741823,1073741823,1073741823,1073709055,1073573887,1073184767,1072693247,1073741823,1073741823,1073740799,1073741823:h7
1073741823,1073741823,1073741567,1073740799,1073741823,1073741823,1073741823,1073709055,1073573887,1073184767,1072693247,1073741823,1073741823,1073740799,1073741823:h7
1073741823,1073740799,1073741823,1073740799,1073741823,1073741823,1073741823,1073709055,1073573887,1073184767,1072693247,1073741823,1073741823,1073740799,1073741823:h7
1073741823,1073741823,1073740799,1073740799,1073741823,1073741823,1073741823,1073709055,1073573887,1073184767,1072693247,1073741823,1073741823,1073740799,1073741823:h7
1073741823,1073725439,1073741823,1073740799,1073741823,1073741823,1073741823,1073709055,1073573887,1073184767,1072693247,1073741823,1073741823,1073740799,1073741823:h7
1073741823,1073741823,1073737727,1073740799,1073741823,1073741823,1073741823,1073709055,1073573887,1073184767,1072693247,1073741823,1073741823,1073740799,1073741823:h7
1073741823,1073741823,1073741823,1073724415,1073741823,1073741823,1073741823,1073709055,1073573887,1073184767,1072693247,1073741823,1073741823,1073740799,1073741823:h7
1073741823,1073741823,1073741823,1073736703,1073741823,1073741823,1073741823,1073709055,1073573887,1073184767,1072693247,1073741823,1073741823,1073740799,1073741823:h7
1073741823,1073741823,1073741823,1073740799,1073737727,1073741823,1073741823,1073709055,1073573887,1073184767,1072693247,1073741823,1073741823,1073740799,1073741823:h7
1073741823,1073741823,1073741823,1073740799,1073740799,1073741823,1073741823,1073709055,1073573887,1073184767,1072693247,1073741823,1073741823,1073740799,1073741823:h7
1073741823,1073741823,1073741823,1073740799,1073741823,1073741823,1073741823,1073709055,1073573887,1073183743,1072693247,1073741823,1073741823,1073740799,1073741823:h7
1073741823,1073741823,1073741823,1073740799,1073741823,1073741823,1073741823,1073708031,1073573887,1073184767,1072693247,1073741823,1073741823,1073740799,1073741823:h7
1073741823,1073741823,1073741823,1073740799,1073741823,1073741823,1073741823,1073704959,1073573887,1073184767,1072693247,1073741823,1073741823,1073740799,1073741823:h7
1073741823,1073741823,1073741823,1073740799,1073741823,1073740799,1073741823,1073709055,1073573887,1073184767,1072693247,1073741823,1073741823,1073740799,1073741823:h7
1073741823,1073741823,1073741823,1073740799,1073741823,1073741823,1073737727,1073709055,1073573887,1073184767,1072693247,1073741823,1073741823,1073740799,1073741823:h7
1073741823,1073741823,1073741823,1073740799,1073741823,1073725439,1073741823,1073709055,1073573887,1073184767,1072693247,1073741823,1073741823,1073740799,1073741823:h11
1073741823,1073741823,1073741823,1073740799,1073741823,1073741823,1073725439,1073709055,1073573887,1073184767,1072693247,1073741823,1073741823,1073740799,1073741823:h12
1073741823,1073741823,1073741823,1073740799,1073741823,1073479679,1073741823,1073709055,1073573887,1073184767,1072693247,1073741823,1073741823,1073740799,1073741823:h7
1073741823,1073741823,1073741823,1073740799,1073741823,1073741823,1073676287,1073709055,1073573887,1073184767,1072693247,1073741823,1073741823,1073740799,1073741823:h7
1073741823,1073741823,1073741823,1073740799,1073741823,1073741823,1073741823,1073446911,1073573887,1073184767,1072693247,1073741823,1073741823,1073740799,1073741823:h7
1073741823,1073741823,1073741823,1073740799,1073741823,1073741823,1073741823,1073643519,1073573887,1073184767,1072693247,1073741823,1073741823,1073740799,1073741823:h7
1073741823,1073741823,1073741823,1073740799,1073741823,1073741823,1073741823,1073708031,1073577983,1073217535,1072693247,1073741823,1073741823,1073740799,1073741823:j9
1073741823,1073741823,1073741823,1073740799,1073741823,1073741823,1073741823,1073704959,1073577983,1073217535,1072693247,1073741823,1073741823,1073740799,1073741823:j9
1073741823,1073741823,1073741823,1073740799,1073741823,1073740799,1073741823,1073709055,1073577983,1073217535,1072693247,1073741823,1073741823,1073740799,1073741823:j9
1073741823,1073741823,1073741823,1073740799,1073741823,1073741823,1073737727,1073709055,1073577983,1073217535,1072693247,1073741823,1073741823,1073740799,1073741823:g9
1073741823,1073741823,1073741823,1073740799,1073741823,1073725439,1073741823,1073709055,1073577983,1073217535,1072693247,1073741823,1073741823,1073740799,1073741823:j9
1073741823,1073741823,1073741823,1073740799,1073741823,1073741823,1073725439,1073709055,1073577983,1073217535,1072693247,1073741823,1073741823,1073740799,1073741823:j9
1073741823,1073741823,1073741823,1073740799,1073741823,1073479679,1073741823,1073709055,1073577983,1073217535,1072693247,1073741823,1073741823,1073740799,1073741823:j9
1073741823,1073741823,1073741823,1073740799,1073741823,1073741823,1073676287,1073709055,1073577983,1073217535,1072693247,1073741823,1073741823,1073740799,1073741823:j9
1073741823,1073741823,1073741823,1073740799,1073741823,1073741823,1073741823,1073446911,1073577983,1073217535,1072693247,1073741823,1073741823,1073740799,1073741823:h10
1073741823,1073741823,1073741823,1073740799,1073741823,1069547519,1073741823,1073446911,1073577983,1073184767,1072693247,1073741823,1073741823,1073740799,1073741823:h7
1073741823,1073741823,1073741823,1073740799,1073741823,1073741823,1073741823,1072398335,1073577983,1073184767,1072693247,1073741823,1073741823,1073740799,1073741823:h7
1073741823,1073741823,1073741823,1073740799,1073741823,1073741823,1073741823,1073446911,1073577983,1073184767,1072692223,1073741823,1073741823,1073740799,1073741823:h7
1073741823,1073741823,1073741823,1073740799,1073741823,1073741823,1073741823,1073446911,1073577983,1073180671,1072693247,1073741823,1073741823,1073740799,1073741823:h7
1073741823,1073741823,1073741823,1073740799,1073741823,1073741823,1073741823,1073446911,1073576959,1073184767,1072693247,1073741823,1073741823,1073740799,1073741823:h7
1073741823,1073741823,1073741823,1073740799,1073741823,1073741823,1073740799,1073446911,1073577983,1073184767,1072693247,1073741823,1073741823,1073740799,1073741823:h7
1073741823,1073741823,1073741823,1073740799,1073741823,1073741823,1073479679,1073446911,1073577983,1073184767,1072693247,1073741823,1073741823,1073740799,1073741823:h7
1073741823,1073741823,1073741823,1073740799,1073741823,1073741823,1073741823,1073446911,1073577983,1073184767,1072676863,1073741823,1073741823,1073740799,1073741823:g9
1073741823,1073741823,1073741823,1073740799,1073741823,1073741823,1073741823,1073446911,1073577983,1073184767,1072693247,1073741823,1073676287,1073740799,1073741823:h7
1073741823,1073741823,1073741823,1073740799,1073741823,1073741823,1073741823,1073446911,1056800767,1073184767,1072693247,1073741823,1073741823,1073740799,1073741823:h7
1073741823,1073741823,1073741823,1073740799,1073741823,1073741823,1073741823,1073446911,1073577983,1073184767,1055916031,1073741823,1073741823,1073740799,1073741823:h7
1073741823,1073741823,1073741823,1073740799,1073741823,1073741823,1073741823,1073446911,1073577983,1073184767,1068498943,1073741823,1073741823,1073740799,1073741823:h7
1073741823,1073741823,1073741823,1073740799,1073741823,1073741823,1073741823,1073446911,1073577983,1073184767,1072693247,1073741823,1056964607,1073740799,1073741823:h7
1073741823,1073741823,1073741823,1073740799,1073741823,1073741823,1073741823,1073446911,1073577983,1073184767,1072693247,1073741823,1072693247,1073740799,1073741823:h7
1073741823,1073741823,1073741823,1073740799,1073741823,1073741823,1073741823,1073446911,1073577983,1073184767,1072693247,1072693247,1073741823,1073740799,1073741823:h7
1073741823,1073741823,1073741823,1073740799,1073741823,1073741823,1073741823,1069252607,1073577983,1073184767,1072693247,1073741823,1073741823,1073740799,1073741823:h7
1073741823,1073741823,1073741823,1073740799,1073741823,1073741823,1073741823,1073446911,1073577983,1068990463,1072693247,1073741823,1073741823,1073740799,1073741823:h7
1073741823,1073741823,1073741823,1073740799,1073741823,1073741823,1073741823,1073446911,1073577983,1072136191,1072693247,1073741823,1073741823,1073740799,1073741823:h7
1073741823,1073741823,1073741823,1073740799,1073741823,1073741823,1073741823,1073446911,1073577983,1073184767,1072693247,1069547519,1073741823,1073740799,1073741823:h7
1073741823,1073741823,1073741823,1073740799,1073741823,1073741823,1073741823,1073446911,1073577983,1073184767,1072693247,1073479679,1073741823,1073740799,1073741823:h7
1073741823,1073741823,1073741823,1073740799,1073741823,1073741823,1073741823,1073446911,1073577983,1073184767,1072431103,1073741823,1073741823,1073740799,1073741823:h7
1073741823,1073741823,1073741823,1073740799,1073741823,1073741823,1073741823,1073446911,1073577983,1073184767,1072693247,1073741823,1073741823,1073740799,1073741567:h7
1073741823,1073741823,1073741823,1073740799,1073741823,1073741823,1073741823,1073446911,1073577983,1073184767,1072693247,1073741823,1073741823,1073740735,1073741823:h7
1073741823,1073741823,1073741823,1073740799,1073741823,1073741823,1073741823,1073446911,1073577983,1073184767,1072693247,1073741823,1073741823,1073740543,1073741823:h7
1073741823,1073741823,1073741823,1073740799,1073741823,1073741823,1073741823,1073446911,1073577983,1073184767,1072693247,1073741759,1073741823,1073740799,1073741823:h7
1073741823,1073741823,1073741823,1073740799,1073741823,1073741823,1073741823,1073446911,1073577983,1073184767,1072693247,1073741823,1073741567,1073740799,1073741823:h7
1073741823,1073741823,1073741823,1073740799,1073741823,1073741823,1073741823,1073446911,1073577983,1073184767,1072693247,1073740799,1073741823,1073740799,1073741823:h7
1073741823,1073741823,1073741823,1073740799,1073741823,1073741823,1073741823,1073446911,1073577983,1073184767,1072693247,1073741823,1073740799,1073740799,1073741823:h7
1073741823,1073741823,1073741823,1073740799,1073741823,1073741823,1073741823,1073446911,1073577983,1073184767,1072693247,1073725439,1073741823,1073740799,1073741823:h7
1073741823,1073741823,1073741823,1073740799,1073741823,1073741823,1073741823,1073446911,1073577983,1073184767,1072693247,1073741823,1073737727,1073740799,1073741823:h7
1073741823,1073741823,1073741823,1073740799,1073741823,1073741823,1073741823,1073446911,1073577983,1073184767,1072693247,1073741823,1073741823,1073724415,1073741823:h7
1073741823,1073741823,1073741823,1073740799,1073741823,1073741823,1073741823,1073446911,1073577983,1073184767,1072693247,1073741823,1073741823,1073736703,1073741823:h7
1073741823,1073741823,1073741823,1073740799,1073741823,1073741823,1073741823,1073446911,1073577983,1073184767,1072693247,1073741823,1073741823,1073740799,1073737727:h7
1073741823,1073741823,1073741823,1073740799,1073741823,1073741823,1073741823,1073446911,1073577983,1073184767,1072693247,1073741823,1073741823,1073740799,1073740799:h7
1073741823,1073741823,1073741823,1073740799,1073741823,1073741823,1073741823,1073446911,1073577983,1073184767,1072689151,1073741823,1073741823,1073740799,1073741823:h7
1073741823,1073741823,1073741823,1073740799,1073741823,1073741823,1072693247,1073446911,1073577983,1073184767,1072693247,1073741823,1073741823,1073740799,1073741823:h7
1073741823,1073741823,1073741823,1073740799,1073741823,1073741823,1073741823,1073446911,1072529407,1073184767,1072693247,1073741823,1073741823,1073740799,1073741823:h7
1073741823,1073741823,1073741823,1073740799,1073741823,1073741823,1073741823,1073446911,1073315839,1073184767,1072693247,1073741823,1073741823,1073740799,1073741823:h7
1073741823,1073741823,1073741823,1073740799,1073741823,1073741823,1073741823,1073446911,1073577983,1073184767,1072627711,1073741823,1073741823,1073740799,1073741823:h7
1073741823,1073741823,1073741823,1073740799,1073741823,1073741823,1073741823,1073446911,1073577983,1073119231,1072693247,1073741823,1073741823,1073740799,1073741823:h7
1073741823,1073741823,1073741823,1073740799,1073741823,1073741759,1073741823,1073446911,1073577983,1073184767,1072693247,1073741823,1073741823,1073740799,1073741823:h7
1073741823,1073741823,1073741823,1073740799,1073741567,1073741823,1073741823,1073446911,1073577983,1073184767,1072693247,1073741823,1073741823,1073740799,1073741823:h7
1073741823,1073741823,1073741823,1073740735,1073741823,1073741823,1073741823,1073446911,1073577983,1073184767,1072693247,1073741823,1073741823,1073740799,1073741823:h7
1073741823,1073741823,1073741823,1073740543,1073741823,1073741823,1073741823,1073446911,1073577983,1073184767,1072693247,1073741823,1073741823,1073740799,1073741823:h7
1073741823,1073741759,1073741823,1073740799,1073741823,1073741823,1073741823,1073446911,1073577983,1073184767,1072693247,1073741823,1073741823,1073740799,1073741823:h7
1073741823,1073741823,1073741567,1073740799,1073741823,1073741823,1073741823,1073446911,1073577983,1073184767,1072693247,1073741823,1073741823,1073740799,1073741823:h7
1073741823,1073740799,1073741823,1073740799,1073741823,1073741823,1073741823,1073446911,1073577983,1073184767,1072693247,1073741823,1073741823,1073740799,1073741823:h7
1073741823,1073741823,1073740799,1073740799,1073741823,1073741823,1073741823,1073446911,1073577983,1073184767,1072693247,1073741823,1073741823,1073740799,1073741823:h7
1073741823,1073725439,1073741823,1073740799,1073741823,1073741823,1073741823,1073446911,1073577983,1073184767,1072693247,1073741823,1073741823,1073740799,1073741823:h7
1073741823,1073741823,1073737727,1073740799,1073741823,1073741823,1073741823,1073446911,1073577983,1073184767,1072693247,1073741823,1073741823,1073740799,1073741823:h7
1073741823,1073741823,1073741823,1073724415,1073741823,1073741823,1073741823,1073446911,1073577983,1073184767,1072693247,1073741823,1073741823,1073740799,1073741823:h7
1073741823,1073741823,1073741823,1073736703,1073741823,1073741823,1073741823,1073446911,1073577983,1073184767,1072693247,1073741823,1073741823,1073740799,1073741823:h7
1073741823,1073741823,1073741823,1073740799,1073737727,1073741823,1073741823,1073446911,1073577983,1073184767,1072693247,1073741823,1073741823,1073740799,1073741823:h7
1073741823,1073741823,1073741823,1073740799,1073740799,1073741823,1073741823,1073446911,1073577983,1073184767,1072693247,1073741823,1073741823,1073740799,1073741823:h7
1073741823,1073741823,1073741823,1073740799,1073741823,1073741823,1073741823,1073446911,1073577983,1073183743,1072693247,1073741823,1073741823,1073740799,1073741823:h7
1073741823,1073741823,1073741823,1073740799,1073741823,1073741823,1073741823,1073446911,1073573887,1073184767,1072693247,1073741823,1073741823,1073740799,1073741823:h7
1073741823,1073741823,1073741823,1073740799,1073741823,1073741823,1073741823,1073445887,1073577983,1073184767,1072693247,1073741823,1073741823,1073740799,1073741823:h7
1073741823,1073741823,1073741823,1073740799,1073741823,1073741823,1073741823,1073442815,1073577983,1073184767,1072693247,1073741823,1073741823,1073740799,1073741823:h7
1073741823,1073741823,1073741823,1073740799,1073741823,1073740799,1073741823,1073446911,1073577983,1073184767,1072693247,1073741823,1073741823,1073740799,1073741823:h7
1073741823,1073741823,1073741823,1073740799,1073741823,1073741823,1073737727,1073446911,1073577983,1073184767,1072693247,1073741823,1073741823,1073740799,1073741823:h7
1073741823,1073741823,1073741823,1073740799,1073741823,1073725439,1073741823,1073446911,1073577983,1073184767,1072693247,1073741823,1073741823,1073740799,1073741823:h11
1073741823,1073741823,1073741823,1073740799,1073741823,1073741823,1073725439,1073446911,1073577983,1073184767,1072693247,1073741823,1073741823,1073740799,1073741823:h12
1073741823,1073741823,1073741823,1073740799,1073741823,1073479679,1073741823,1073446911,1073577983,1073184767,1072693247,1073741823,1073741823,1073740799,1073741823:h7
1073741823,1073741823,1073741823,1073740799,1073741823,1073741823,1073676287,1073446911,1073577983,1073184767,1072693247,1073741823,1073741823,1073740799,1073741823:h7
1073741823,1073741823,1073741823,1073740799,1073741823,1073741823,1073741823,1073381375,1073577983,1073184767,1072693247,1073741823,1073741823,1073740799,1073741823:h7
1073741823,1073741823,1073741823,1073740799,1073741823,1073741823,1073741823,1073643519,1073577983,1073217535,1072693247,1073741823,1073741823,1073740799,1073741823:j9
1073741823,1073741823,1073741823,1073740799,1073741823,1073741823,1073741823,1073709055,1073577983,1073201151,1072693247,1073741823,1073741823,1073740799,1073741823:g9
1073741823,1073741823,1073741823,1073740799,1073741823,1073741823,1073741823,1073709055,1073610751,1073217535,1073676287,1073741823,1073741823,1073740799,1073741823:g7
1073741823,1073741823,1073741823,1073740799,1073741823,1073741823,1073741823,1073709055,1073610751,1073151999,1073741823,1073741823,1073741823,1073740799,1073741823:g7
1073741823,1073741823,1073741823,1073740799,1073741823,1073741759,1073741823,1073709055,1073610751,1073217535,1073741823,1073741823,1073741823,1073740799,1073741823:g7
1073741823,1073741823,1073741823,1073740799,1073741567,1073741823,1073741823,1073709055,1073610751,1073217535,1073741823,1073741823,1073741823,1073740799,1073741823:g7
1073741823,1073741823,1073741823,1073740735,1073741823,1073741823,1073741823,1073709055,1073610751,1073217535,1073741823,1073741823,1073741823,1073740799,1073741823:g7
1073741823,1073741823,1073741823,1073740543,1073741823,1073741823,1073741823,1073709055,1073610751,1073217535,1073741823,1073741823,1073741823,1073740799,1073741823:g7
1073741823,1073741759,1073741823,1073740799,1073741823,1073741823,1073741823,1073709055,1073610751,1073217535,1073741823,1073741823,1073741823,1073740799,1073741823:g7
1073741823,1073741823,1073741567,1073740799,1073741823,1073741823,1073741823,1073709055,1073610751,1073217535,1073741823,1073741823,1073741823,1073740799,1073741823:g7
1073741823,1073740799,1073741823,1073740799,1073741823,1073741823,1073741823,1073709055,1073610751,1073217535,1073741823,1073741823,1073741823,1073740799,1073741823:g7
1073741823,1073741823,1073740799,1073740799,1073741823,1073741823,1073741823,1073709055,1073610751,1073217535,1073741823,1073741823,1073741823,1073740799,1073741823:g7
1073741823,1073725439,1073741823,1073740799,1073741823,1073741823,1073741823,1073709055,1073610751,1073217535,1073741823,1073741823,1073741823,1073740799,1073741823:g7
1073741823,1073741823,1073737727,1073740799,1073741823,1073741823,1073741823,1073709055,1073610751,1073217535,1073741823,1073741823,1073741823,1073740799,1073741823:g7
1073741823,1073741823,1073741823,1073724415,1073741823,1073741823,1073741823,1073709055,1073610751,1073217535,1073741823,1073741823,1073741823,1073740799,1073741823:g7
1073741823,1073741823,1073741823,1073736703,1073741823,1073741823,1073741823,1073709055,1073610751,1073217535,1073741823,1073741823,1073741823,1073740799,1073741823:g7
1073741823,1073741823,1073741823,1073740799,1073737727,1073741823,1073741823,1073709055,1073610751,1073217535,1073741823,1073741823,1073741823,1073740799,1073741823:g7
1073741823,1073741823,1073741823,1073740799,1073740799,1073741823,1073741823,1073709055,1073610751,1073217535,1073741823,1073741823,1073741823,1073740799,1073741823:g7
1073741823,1073741823,1073741823,1073740799,1073741823,1073741823,1073741823,1073709055,1073610751,1073216511,1073741823,1073741823,1073741823,1073740799,1073741823:g7
1073741823,1073741823,1073741823,1073740799,1073741823,1073741823,1073741823,1073709055,1073606655,1073217535,1073741823,1073741823,1073741823,1073740799,1073741823:g7
1073741823,1073741823,1073741823,1073740799,1073741823,1073741823,1073741823,1073708031,1073610751,1073217535,1073741823,1073741823,1073741823,1073740799,1073741823:g7
1073741823,1073741823,1073741823,1073740799,1073741823,1073741823,1073741823,1073704959,1073610751,1073217535,1073741823,1073741823,1073741823,1073740799,1073741823:g7
1073741823,1073741823,1073741823,1073740799,1073741823,1073740799,1073741823,1073709055,1073610751,1073217535,1073741823,1073741823,1073741823,1073740799,1073741823:k11
1073741823,1073741823,1073741823,1073740799,1073741823,1073741823,1073737727,1073709055,1073610751,1073217535,1073741823,1073741823,1073741823,1073740799,1073741823:k10
1073741823,1073741823,1073741823,1073740799,1073741823,1073741823,1073737727,1073709055,1073610751,1071120383,1073741823,1073676287,1073741823,1073740799,1073741823:i10
1073741823,1073741823,1073741823,1073740799,1073741823,1073741823,1073737727,1072660479,1073610751,1071120383,1073741823,1073741823,1073741823,1073740799,1073741823:i10
1073741823,1073741823,1073741823,1073740799,1073741823,1073741823,1073737727,1056931839,1073610751,1071120383,1073741823,1073741823,1073741823,1073740799,1073741823:k11
1073741823,1073741823,1073741823,1073740799,1073741823,1073741823,1073737727,1073709055,1069416447,1071120383,1073741823,1073741823,1073741823,1073740799,1073741823:i10
1073741823,1073741823,1073741823,1073740799,1073741823,1073741823,1073737727,1073709055,1073610751,1054343167,1073741823,1073741823,1073741823,1073740799,1073741823:k11
1073741823,1073741823,1073741823,1073740799,1073741823,1073741823,1073737727,1073709055,1073610751,1071120383,1073741823,1056964607,1073741823,1073740799,1073741823:h10
1073741823,1073741823,1073741823,1073740799,1073741823,1073741823,1073737727,1073709055,1073610751,1071120383,1069547519,1073741823,1073741823,1073740799,1073741823:k11
1073741823,1073741823,1073741823,1073740799,1073741823,1073741823,1073737727,1073709055,1073610751,1071120383,1073741823,1072693247,1073741823,1073740799,1073741823:i10
1073741823,1073741823,1073741823,1073740799,1073741823,1073741823,1073737727,1073709055,1073610495,1071120383,1073741823,1073741823,1073741823,1073740799,1073741823:k11
1073741823,1073741823,1073741823,1073740799,1073741823,1073741823,1073737471,1073709055,1073610751,1071120383,1073741823,1073741823,1073741823,1073740799,1073741823:k11
1073741823,1073741823,1073741823,1073740799,1073741823,1073741823,1073736703,1073709055,1073610751,1071120383,1073741823,1073741823,1073741823,1073740799,1073741823:k11
1073741823,1073741823,1073741823,1073740799,1073741823,1073737727,1073737727,1073709055,1073610751,1071120383,1073741823,1073741823,1073741823,1073740799,1073741823:k11
1073741823,1073741823,1073741823,1073740799,1073676287,1073741823,1073737727,1073709055,1073610751,1071120383,1073741823,1073741823,1073741823,1073740799,1073741823:k11
1073741823,1073741823,1073741823,1073740799,1073741823,1073741823,1073737727,1069514751,1073610751,1071120383,1073741823,1073741823,1073741823,1073740799,1073741823:i10
1073741823,1073741823,1073741823,1073740799,1073741823,1073741823,1073737727,1073709055,1073610751,1066926079,1073741823,1073741823,1073741823,1073740799,1073741823:k9
1073741823,1073741823,1073741823,1073740799,1073741823,1073741823,1056960511,1073709055,1071513599,1066926079,1073741823,1073741823,1073741823,1073740799,1073741823:k11
1073741823,1073741823,1073741823,1073740799,1073741823,1073741823,1073737727,1006600191,1071513599,1066926079,1073741823,1073741823,1073741823,1073740799,1073741823:k11
1073741823,1073741823,1073741823,1073740799,1073741823,1073741823,1073737727,1073709055,1054736383,1066926079,1073741823,1073741823,1073741823,1073740799,1073741823:k11
1073741823,1073741823,1073741823,1073740799,1073741823,1073741823,1073737727,1073709055,1071513599,999817215,1073741823,1073741823,1073741823,1073740799,1073741823:k11
1073741823,1073741823,1073741823,1073740799,1073741823,1073741823,1073737727,1073709055,1071513599,1066926079,1073741823,1006632959,1073741823,1073740799,1073741823:k11
1073741823,1073741823,1073741823,1073740799,1073741823,1073741823,1073737727,1073709055,1071513599,1066926079,1056964607,1073741823,1073741823,1073740799,1073741823:k11
1073741823,1073741823,1073741823,1073740799,1073741823,1073741823,1073737727,1073709055,1071513599,1066926079,1073741823,1073676287,1073741823,1073740799,1073741823:k11
1073741823,1073741823,1073741823,1073740799,1073741823,1073741823,1073737727,1072660479,1071513599,1066926079,1073741823,1073741823,1073741823,1073740799,1073741823:l9
1073741823,1073741823,1073741823,1073740799,1073741823,1073741823,1073737727,1056931839,1071513599,1066926079,1073741823,1073741823,1073741823,1073740799,1073741823:k11
1073741823,1073741823,1073741823,1073740799,1073741823,1073741823,1073737727,1073709055,1067319295,1066926079,1073741823,1073741823,1073741823,1073740799,1073741823:k11
1073741823,1073741823,1073741823,1073740799,1073741823,1073741823,1073737727,1073709055,1071513599,1050148863,1073741823,1073741823,1073741823,1073740799,1073741823:k11
1073741823,1073741823,1073741823,1073740799,1073741823,1073741823,1073737727,1073709055,1071513599,1066926079,1073741823,1056964607,1073741823,1073740799,1073741823:k11
1073741823,1073741823,1073741823,1073740799,1073741823,1073741823,1073737727,1073709055,1071513599,1066926079,1069547519,1073741823,1073741823,1073740799,1073741823:k11
1073741823,1073741823,1073741823,1073740799,1073741823,1073741823,1073737727,1073709055,1071513599,1066926079,1073741823,1072693247,1073741823,1073740799,1073741823:k11
1073741823,1073741823,1073741823,1073740799,1073741823,1073741823,1073737727,1073709055,1071513343,1066926079,1073741823,1073741823,1073741823,1073740799,1073741823:k11
1073741823,1073741823,1073741823,1073740799,1073741823,1073741823,1073737471,1073709055,1071513599,1066926079,1073741823,1073741823,1073741823,1073740799,1073741823:k11
1073741823,1073741823,1073741823,1073740799,1073741823,1073741823,1073736703,1073709055,1071513599,1066926079,1073741823,1073741823,1073741823,1073740799,1073741823:k11
1073741823,1073741823,1073741823,1073740799,1073741823,1073737727,1073737727,1073709055,1071513599,1066926079,1073741823,1073741823,1073741823,1073740799,1073741823:k11
1073741823,1073741823,1073741823,1073740799,1073676287,1073741823,1073737727,1073709055,1071513599,1066926079,1073741823,1073741823,1073741823,1073740799,1073741823:k11
1073741823,1073741823,1073741823,1073740799,1073741823,1073741823,1073737727,1069514751,1071513599,1066926079,1073741823,1073741823,1073741823,1073740799,1073741823:k11
1073741823,1073741823,1073741823,1073740799,1073741823,1073741823,1073737727,1073709055,1071513599,1066926079,1073741823,1069547519,1073741823,1073740799,1073741823:l9
1073741823,1073741823,1073741823,1073740799,1073741823,1073741823,1073737727,1073709055,1071513599,1066926079,1073741823,1073479679,1073741823,1073740799,1073741823:k11
1073741823,1073741823,1073741823,1073740799,1073741823,1073741823,1073737727,1073709055,1071513599,1066926079,1073479679,1073741823,1073741823,1073740799,1073741823:k11
1073741823,1073741823,1073741823,1073740799,1073741823,1073741823,1073737727,1073709055,1071513599,1066926079,1073741823,1073741823,1073741823,1073740799,1073741567:k11
1073741823,1073741823,1073741823,1073740799,1073741823,1073741823,1073737727,1073709055,1071513599,1066926079,1073741823,1073741823,1073741823,1073740735,1073741823:k11
1073741823,1073741823,1073741823,1073740799,1073741823,1073741823,1073737727,1073709055,1071513599,1066926079,1073741823,1073741823,1073741823,1073740543,1073741823:k11
1073741823,1073741823,1073741823,1073740799,1073741823,1073741823,1073737727,1073709055,1071513599,1066926079,1073741823,1073741759,1073741823,1073740799,1073741823:k11
1073741823,1073741823,1073741823,1073740799,1073741823,1073741823,1073737727,1073709055,1071513599,1066926079,1073741823,1073741823,1073741567,1073740799,1073741823:k11
1073741823,1073741823,1073741823,1073740799,1073741823,1073741823,1073737727,1073709055,1071513599,1066926079,1073741823,1073740799,1073741823,1073740799,1073741823:k11
1073741823,1073741823,1073741823,1073740799,1073741823,1073741823,1073737727,1073709055,1071513599,1066926079,1073741823,1073741823,1073740799,1073740799,1073741823:k11
1073741823,1073741823,1073741823,1073740799,1073741823,1073741823,1073737727,1073709055,1071513599,1066926079,1073741823,1073725439,1073741823,1073740799,1073741823:k11
1073741823,1073741823,1073741823,1073740799,1073741823,1073741823,1073737727,1073709055,1071513599,1066926079,1073741823,1073741823,1073737727,1073740799,1073741823:k11
1073741823,1073741823,1073741823,1073740799,1073741823,1073741823,1073737727,1073709055,1071513599,1066926079,1073741823,1073741823,1073741823,1073724415,1073741823:k11
1073741823,1073741823,1073741823,1073740799,1073741823,1073741823,1073737727,1073709055,1071513599,1066926079,1073741823,1073741823,1073741823,1073736703,1073741823:k11
1073741823,1073741823,1073741823,1073740799,1073741823,1073741823,1073737727,1073709055,1071513599,1066926079,1073741823,1073741823,1073741823,1073740799,1073737727:k11
1073741823,1073741823,1073741823,1073740799,1073741823,1073741823,1073737727,1073709055,1071513599,1066926079,1073741823,1073741823,1073741823,1073740799,1073740799:k11
1073741823,1073741823,1073741823,1073740799,1073741823,1073741823,1073737727,1073709055,1071513599,1066926079,1073737727,1073741823,1073741823,1073740799,1073741823:k11
1073741823,1073741823,1073741823,1073740799,1073741823,1073741823,1072689151,1073709055,1071513599,1066926079,1073741823,1073741823,1073741823,1073740799,1073741823:k11
1073741823,1073741823,1073741823,1073740799,1073741823,1073741823,1073737727,1073709055,1071251455,1066926079,1073741823,1073741823,1073741823,1073740799,1073741823:k11
1073741823,1073741823,1073741823,1073740799,1073741823,1073741823,1073737727,1073709055,1071513599,1066926079,1072693247,1073741823,1073741823,1073740799,1073741823:j9
1073741823,1073741823,1073741823,1073740799,1073741823,1073741823,1073737727,1073709055,1071513599,1066926079,1073676287,1073741823,1073741823,1073740799,1073741823:k11
1073741823,1073741823,1073741823,1073740799,1073741823,1073741823,1073737727,1073709055,1071513599,1066860543,1073741823,1073741823,1073741823,1073740799,1073741823:k11
1073741823,1073741823,1073741823,1073740799,1073741823,1073741759,1073737727,1073709055,1071513599,1066926079,1073741823,1073741823,1073741823,1073740799,1073741823:k11
1073741823,1073741823,1073741823,1073740799,1073741567,1073741823,1073737727,1073709055,1071513599,1066926079,1073741823,1073741823,1073741823,1073740799,1073741823:k11
1073741823,1073741823,1073741823,1073740735,1073741823,1073741823,1073737727,1073709055,1071513599,1066926079,1073741823,1073741823,1073741823,1073740799,1073741823:k11
1073741823,1073741823,1073741823,1073740543,1073741823,1073741823,1073737727,1073709055,1071513599,1066926079,1073741823,1073741823,1073741823,1073740799,1073741823:k11
1073741823,1073741759,1073741823,1073740799,1073741823,1073741823,1073737727,1073709055,1071513599,1066926079,1073741823,1073741823,1073741823,1073740799,1073741823:k11
1073741823,1073741823,1073741567,1073740799,1073741823,1073741823,1073737727,1073709055,1071513599,1066926079,1073741823,1073741823,1073741823,1073740799,1073741823:k11
1073741823,1073740799,1073741823,1073740799,1073741823,1073741823,1073737727,1073709055,1071513599,1066926079,1073741823,1073741823,1073741823,1073740799,1073741823:k11
1073741823,1073741823,1073740799,1073740799,1073741823,1073741823,1073737727,1073709055,1071513599,1066926079,1073741823,1073741823,1073741823,1073740799,1073741823:k11
1073741823,1073725439,1073741823,1073740799,1073741823,1073741823,1073737727,1073709055,1071513599,1066926079,1073741823,1073741823,1073741823,1073740799,1073741823:k11
1073741823,1073741823,1073737727,1073740799,1073741823,1073741823,1073737727,1073709055,1071513599,1066926079,1073741823,1073741823,1073741823,1073740799,1073741823:k11
1073741823,1073741823,1073741823,1073724415,1073741823,1073741823,1073737727,1073709055,1071513599,1066926079,1073741823,1073741823,1073741823,1073740799,1073741823:k11
1073741823,1073741823,1073741823,1073736703,1073741823,1073741823,1073737727,1073709055,1071513599,1066926079,1073741823,1073741823,1073741823,1073740799,1073741823:k11
1073741823,1073741823,1073741823,1073740799,1073737727,1073741823,1073737727,1073709055,1071513599,1066926079,1073741823,1073741823,1073741823,1073740799,1073741823:k11
1073741823,1073741823,1073741823,1073740799,1073740799,1073741823,1073737727,1073709055,1071513599,1066926079,1073741823,1073741823,1073741823,1073740799,1073741823:k11
1073741823,1073741823,1073741823,1073740799,1073741823,1073741823,1073737727,1073709055,1071513599,1066925055,1073741823,1073741823,1073741823,1073740799,1073741823:k11
1073741823,1073741823,1073741823,1073740799,1073741823,1073741823,1073737727,1073709055,1071509503,1066926079,1073741823,1073741823,1073741823,1073740799,1073741823:k11
1073741823,1073741823,1073741823,1073740799,1073741823,1073741823,1073737727,1073708031,1071513599,1066926079,1073741823,1073741823,1073741823,1073740799,1073741823:k11
1073741823,1073741823,1073741823,1073740799,1073741823,1073741823,1073737727,1073704959,1071513599,1066926079,1073741823,1073741823,1073741823,1073740799,1073741823:k11
1073741823,1073741823,1073741823,1073740799,1073741823,1073740799,1073737727,1073709055,1071513599,1066926079,1073741823,1073741823,1073741823,1073740799,1073741823:k11
1073741823,1073741823,1073741823,1073740799,1073741823,1073725439,1073737727,1073709055,1071513599,1066926079,1073741823,1073741823,1073741823,1073740799,1073741823:k11
1073741823,1073741823,1073741823,1073740799,1073741823,1073741823,1073721343,1073709055,1071513599,1066926079,1073741823,1073741823,1073741823,1073740799,1073741823:k11
1073741823,1073741823,1073741823,1073740799,1073741823,1073479679,1073737727,1073709055,1071513599,1066926079,1073741823,1073741823,1073741823,1073740799,1073741823:k11
1073741823,1073741823,1073741823,1073740799,1073741823,1073741823,1073672191,1073709055,1071513599,1066926079,1073741823,1073741823,1073741823,1073740799,1073741823:k11
1073741823,1073741823,1073741823,1073740799,1073741823,1073741823,1073737727,1073446911,1071513599,1066926079,1073741823,1073741823,1073741823,1073740799,1073741823:k11
1073741823,1073741823,1073741823,1073740799,1073741823,1073741823,1073737727,1073643519,1071513599,1066926079,1073741823,1073741823,1073741823,1073740799,1073741823:k11
1073741823,1073741823,1073741823,1073740799,1073741823,1073741823,1073737727,1073709055,1071513599,1066909695,1073741823,1073741823,1073741823,1073740799,1073741823:k11
1073741823,1073741823,1073741823,1073740799,1073741823,1073741823,1073737727,1073709055,1071497215,1066926079,1073741823,1073741823,1073741823,1073740799,1073741823:k11
1073741823,1073741823,1073741823,1073740799,1073741823,1073741823,1073737727,1073709055,1073610751,1071120383,1073741823,1069547519,1073741823,1073740799,1073741823:i10
1073741823,1073741823,1073741823,1073740799,1073741823,1073741823,1073737727,1073709055,1073610751,1071120383,1073741823,1073479679,1073741823,1073740799,1073741823:h10
1073741823,1073741823,1073741823,1073740799,1073741823,1073741823,1073737727,1073709055,1073610751,1071120383,1073479679,1073741823,1073741823,1073740799,1073741823:k11
1073741823,1073741823,1073741823,1073740799,1073741823,1073741823,1073737727,1073709055,1073610751,1071120383,1073741823,1073741823,1073741823,1073740799,1073741567:k11
1073741823,1073741823,1073741823,1073740799,1073741823,1073741823,1073737727,1073709055,1073610751,1071120383,1073741823,1073741823,1073741823,1073740735,1073741823:k11
1073741823,1073741823,1073741823,1073740799,1073741823,1073741823,1073737727,1073709055,1073610751,1071120383,1073741823,1073741823,1073741823,1073740543,1073741823:k11
1073741823,1073741823,1073741823,1073740799,1073741823,1073741823,1073737727,1073709055,1073610751,1071120383,1073741823,1073741759,1073741823,1073740799,1073741823:k11
1073741823,1073741823,1073741823,1073740799,1073741823,1073741823,1073737727,1073709055,1073610751,1071120383,1073741823,1073741823,1073741567,1073740799,1073741823:k11
1073741823,1073741823,1073741823,1073740799,1073741823,1073741823,1073737727,1073709055,1073610751,1071120383,1073741823,1073740799,1073741823,1073740799,1073741823:k11
1073741823,1073741823,1073741823,1073740799,1073741823,1073741823,1073737727,1073709055,1073610751,1071120383,1073741823,1073741823,1073740799,1073740799,1073741823:k11
1073741823,1073741823,1073741823,1073740799,1073741823,1073741823,1073737727,1073709055,1073610751,1071120383,1073741823,1073725439,1073741823,1073740799,1073741823:k11
1073741823,1073741823,1073741823,1073740799,1073741823,1073741823,1073737727,1073709055,1073610751,1071120383,1073741823,1073741823,1073737727,1073740799,1073741823:k11
1073741823,1073741823,1073741823,1073740799,1073741823,1073741823,1073737727,1073709055,1073610751,1071120383,1073741823,1073741823,1073741823,1073724415,1073741823:k11
1073741823,1073741823,1073741823,1073740799,1073741823,1073741823,1073737727,1073709055,1073610751,1071120383,1073741823,1073741823,1073741823,1073736703,1073741823:k11
1073741823,1073741823,1073741823,1073740799,1073741823,1073741823,1073737727,1073709055,1073610751,1071120383,1073741823,1073741823,1073741823,1073740799,1073737727:k11
1073741823,1073741823,1073741823,1073740799,1073741823,1073741823,1073737727,1073709055,1073610751,1071120383,1073741823,1073741823,1073741823,1073740799,1073740799:k11
1073741823,1073741823,1073741823,1073740799,1073741823,1073741823,1073737727,1073709055,1073610751,1071120383,1073737727,1073741823,1073741823,1073740799,1073741823:k11
1073741823,1073741823,1073741823,1073740799,1073741823,1073741823,1072689151,1073709055,1073610751,1071120383,1073741823,1073741823,1073741823,1073740799,1073741823:k11
1073741823,1073741823,1073741823,1073740799,1073741823,1073741823,1073737727,1073709055,1072562175,1071120383,1073741823,1073741823,1073741823,1073740799,1073741823:i10
1073741823,1073741823,1073741823,1073740799,1073741823,1073741823,1073737727,1073709055,1073348607,1071120383,1073741823,1073741823,1073741823,1073740799,1073741823:k11
1073741823,1073741823,1073741823,1073740799,1073741823,1073741823,1073737727,1073709055,1073610751,1071120383,1072693247,1073741823,1073741823,1073740799,1073741823:i10
1073741823,1073741823,1073741823,1073740799,1073741823,1073741823,1073737727,1073709055,1073610751,1071120383,1073676287,1073741823,1073741823,1073740799,1073741823:k11
1073741823,1073741823,1073741823,1073740799,1073741823,1073741823,1073737727,1073709055,1073610751,1071054847,1073741823,1073741823,1073741823,1073740799,1073741823:j8
1073741823,1073741823,1073741823,1073740799,1073741823,1073741823,1073475583,1073184767,1073610751,1071054847,1073741823,1073741823,1073741823,1073740799,1073741823:k8
1073741823,1073741823,1073741823,1073740799,1073741823,1069547519,1073737727,1073184767,1073610751,1071054847,1073741823,1073741823,1073741823,1073740799,1073741823:i8
1073741823,1073741823,1073741823,1073740799,1073741823,1073741823,1073737727,1073184767,1073610751,1071054847,1073741823,1073737727,1073741823,1073740799,1073741823:i8
1073741823,1073741823,1073741823,1073740799,1073741823,1073741823,1073737727,1073184767,1073610751,1071054847,1073725439,1073741823,1073741823,1073740799,1073741823:i8
1073741823,1073741823,1073741823,1073740799,1073741823,1073741823,1073737727,1073184767,1073610751,1071050751,1073741823,1073741823,1073741823,1073740799,1073741823:k8
1073741823,1073741823,1073741823,1073740799,1073741823,1073741823,1073737727,1073184767,1073610751,1071054847,1073741823,1073676287,1073741823,1073740799,1073741823:i8
1073741823,1073741823,1073741823,1073740799,1073741823,1073741823,1073737727,1072136191,1073610751,1071054847,1073741823,1073741823,1073741823,1073740799,1073741823:j9
1073741823,1073741823,1073741823,1073740799,1073741823,1073741823,1073737727,1056407551,1073610751,1071054847,1073741823,1073741823,1073741823,1073740799,1073741823:i8
1073741823,1073741823,1073741823,1073740799,1073741823,1073741823,1073737727,1073184767,1069416447,1071054847,1073741823,1073741823,1073741823,1073740799,1073741823:i8
1073741823,1073741823,1073741823,1073740799,1073741823,1073741823,1073737727,1073184767,1073610751,1054277631,1073741823,1073741823,1073741823,1073740799,1073741823:i8
1073741823,1073741823,1073741823,1073740799,1073741823,1073741823,1073737727,1073184767,1073610751,1071054847,1073741823,1056964607,1073741823,1073740799,1073741823:i8
1073741823,1073741823,1073741823,1073740799,1073741823,1073741823,1073737727,1073184767,1073610751,1071054847,1069547519,1073741823,1073741823,1073740799,1073741823:k8
1073741823,1073741823,1073741823,1073740799,1073741823,1073741823,1073737727,1073184767,1073610751,1071054847,1073741823,1072693247,1073741823,1073740799,1073741823:j9
1073741823,1073741823,1073741823,1073740799,1073741823,1073741823,1073737727,1073184767,1073610495,1071054847,1073741823,1073741823,1073741823,1073740799,1073741823:i8
1073741823,1073741823,1073741823,1073740799,1073741823,1073741823,1073737471,1073184767,1073610751,1071054847,1073741823,1073741823,1073741823,1073740799,1073741823:i8
1073741823,1073741823,1073741823,1073740799,1073741823,1073741823,1073736703,1073184767,1073610751,1071054847,1073741823,1073741823,1073741823,1073740799,1073741823:k8
1073741823,1073741823,1073741823,1073740799,1073741823,1073737727,1073737727,1073184767,1073610751,1071054847,1073741823,1073741823,1073741823,1073740799,1073741823:k8
1073741823,1073741823,1073741823,1073740799,1073676287,1073741823,1073737727,1073184767,1073610751,1071054847,1073741823,1073741823,1073741823,1073740799,1073741823:i8
1073741823,1073741823,1073741823,1073740799,1073741823,1073741823,1073737727,1068990463,1073610751,1071054847,1073741823,1073741823,1073741823,1073740799,1073741823:i8
1073741823,1073741823,1073741823,1073740799,1073741823,1073741823,1073737727,1073184767,1073610751,1066860543,1073741823,1073741823,1073741823,1073740799,1073741823:i8
1073741823,1073741823,1073741823,1073740799,1073741823,1073741823,1073737727,1073184767,1073610751,1071054847,1073741823,1069547519,1073741823,1073740799,1073741823:i8
1073741823,1073741823,1073741823,1073740799,1073741823,1073741823,1073737727,1073184767,1073610751,1071054847,1073741823,1073479679,1073741823,1073740799,1073741823:i8
1073741823,1073741823,1073741823,1073740799,1073741823,1073741823,1073737727,1073184767,1073610751,1071054847,1073479679,1073741823,1073741823,1073740799,1073741823:k8
1073741823,1073741823,1073741823,1073740799,1073741823,1073741823,1073737727,1073184767,1073610751,1071054847,1073741823,1073741823,1073741823,1073740799,1073741567:i8
1073741823,1073741823,1073741823,1073740799,1073741823,1073741823,1073737727,1073184767,1073610751,1071054847,1073741823,1073741823,1073741823,1073740735,1073741823:i8
1073741823,1073741823,1073741823,1073740799,1073741823,1073741823,1073737727,1073184767,1073610751,1071054847,1073741823,1073741823,1073741823,1073740543,1073741823:i8
1073741823,1073741823,1073741823,1073740799,1073741823,1073741823,1073737727,1073184767,1073610751,1071054847,1073741823,1073741759,1073741823,1073740799,1073741823:i8
1073741823,1073741823,1073741823,1073740799,1073741823,1073741823,1073737727,1073184767,1073610751,1071054847,1073741823,1073741823,1073741567,1073740799,1073741823:i8
1073741823,1073741823,1073741823,1073740799,1073741823,1073741823,1073737727,1073184767,1073610751,1071054847,1073741823,1073740799,1073741823,1073740799,1073741823:i8
1073741823,1073741823,1073741823,1073740799,1073741823,1073741823,1073737727,1073184767,1073610751,1071054847,1073741823,1073741823,1073740799,1073740799,1073741823:i8
1073741823,1073741823,1073741823,1073740799,1073741823,1073741823,1073737727,1073184767,1073610751,1071054847,1073741823,1073725439,1073741823,1073740799,1073741823:i8
1073741823,1073741823,1073741823,1073740799,1073741823,1073741823,1073737727,1073184767,1073610751,1071054847,1073741823,1073741823,1073737727,1073740799,1073741823:i8
1073741823,1073741823,1073741823,1073740799,1073741823,1073741823,1073737727,1073184767,1073610751,1071054847,1073741823,1073741823,1073741823,1073724415,1073741823:i8
1073741823,1073741823,1073741823,1073740799,1073741823,1073741823,1073737727,1073184767,1073610751,1071054847,1073741823,1073741823,1073741823,1073736703,1073741823:i8
1073741823,1073741823,1073741823,1073740799,1073741823,1073741823,1073737727,1073184767,1073610751,1071054847,1073741823,1073741823,1073741823,1073740799,1073737727:i8
1073741823,1073741823,1073741823,1073740799,1073741823,1073741823,1073737727,1073184767,1073610751,1071054847,1073741823,1073741823,1073741823,1073740799,1073740799:i8
1073741823,1073741823,1073741823,1073740799,1073741823,1073741823,1073737727,1073184767,1073610751,1071054847,1073737727,1073741823,1073741823,1073740799,1073741823:k8
1073741823,1073741823,1073741823,1073740799,1073741823,1073741823,1072689151,1073184767,1073610751,1071054847,1073741823,1073741823,1073741823,1073740799,1073741823:i8
1073741823,1073741823,1073741823,1073740799,1073741823,1073741823,1073737727,1073184767,1072562175,1071054847,1073741823,1073741823,1073741823,1073740799,1073741823:i8
1073741823,1073741823,1073741823,1073740799,1073741823,1073741823,1073737727,1073184767,1073348607,1071054847,1073741823,1073741823,1073741823,1073740799,1073741823:k8
1073741823,1073741823,1073741823,1073740799,1073741823,1073741823,1073737727,1073184767,1073610751,1071054847,1072693247,1073741823,1073741823,1073740799,1073741823:i8
1073741823,1073741823,1073741823,1073740799,1073741823,1073741823,1073737727,1073184767,1073610751,1071054847,1073676287,1073741823,1073741823,1073740799,1073741823:i8
1073741823,1073741823,1073741823,1073740799,1073741823,1073741759,1073737727,1073184767,1073610751,1071054847,1073741823,1073741823,1073741823,1073740799,1073741823:i8
1073741823,1073741823,1073741823,1073740799,1073741567,1073741823,1073737727,1073184767,1073610751,1071054847,1073741823,1073741823,1073741823,1073740799,1073741823:i8
1073741823,1073741823,1073741823,1073740735,1073741823,1073741823,1073737727,1073184767,1073610751,1071054847,1073741823,1073741823,1073741823,1073740799,1073741823:i8
1073741823,1073741823,1073741823,1073740543,1073741823,1073741823,1073737727,1073184767,1073610751,1071054847,1073741823,1073741823,1073741823,1073740799,1073741823:i8
1073741823,1073741759,1073741823,1073740799,1073741823,1073741823,1073737727,1073184767,1073610751,1071054847,1073741823,1073741823,1073741823,1073740799,1073741823:i8
1073741823,1073741823,1073741567,1073740799,1073741823,1073741823,1073737727,1073184767,1073610751,1071054847,1073741823,1073741823,1073741823,1073740799,1073741823:i8
1073741823,1073740799,1073741823,1073740799,1073741823,1073741823,1073737727,1073184767,1073610751,1071054847,1073741823,1073741823,1073741823,1073740799,1073741823:i8
1073741823,1073741823,1073740799,1073740799,1073741823,1073741823,1073737727,1073184767,1073610751,1071054847,1073741823,1073741823,1073741823,1073740799,1073741823:i8
1073741823,1073725439,1073741823,1073740799,1073741823,1073741823,1073737727,1073184767,1073610751,1071054847,1073741823,1073741823,1073741823,1073740799,1073741823:i8
1073741823,1073741823,1073737727,1073740799,1073741823,1073741823,1073737727,1073184767,1073610751,1071054847,1073741823,1073741823,1073741823,1073740799,1073741823:i8
1073741823,1073741823,1073741823,1073724415,1073741823,1073741823,1073737727,1073184767,1073610751,1071054847,1073741823,1073741823,1073741823,1073740799,1073741823:i8
1073741823,1073741823,1073741823,1073736703,1073741823,1073741823,1073737727,1073184767,1073610751,1071054847,1073741823,1073741823,1073741823,1073740799,1073741823:k8
1073741823,1073741823,1073741823,1073740799,1073737727,1073741823,1073737727,1073184767,1073610751,1071054847,1073741823,1073741823,1073741823,1073740799,1073741823:k8
1073741823,1073741823,1073741823,1073740799,1073740799,1073741823,1073737727,1073184767,1073610751,1071054847,1073741823,1073741823,1073741823,1073740799,1073741823:i8
1073741823,1073741823,1073741823,1073740799,1073741823,1073741823,1073737727,1073184767,1073610751,1071053823,1073741823,1073741823,1073741823,1073740799,1073741823:i8
1073741823,1073741823,1073741823,1073740799,1073741823,1073741823,1073737727,1073184767,1073606655,1071054847,1073741823,1073741823,1073741823,1073740799,1073741823:k8
1073741823,1073741823,1073741823,1073740799,1073741823,1073741823,1073737727,1073183743,1073610751,1071054847,1073741823,1073741823,1073741823,1073740799,1073741823:i8
1073741823,1073741823,1073741823,1073740799,1073741823,1073741823,1073737727,1073180671,1073610751,1071054847,1073741823,1073741823,1073741823,1073740799,1073741823:k11
1073741823,1073741823,1073741823,1073740799,1073741823,1073740799,1073737727,1073184767,1073610751,1071054847,1073741823,1073741823,1073741823,1073740799,1073741823:i8
1073741823,1073741823,1073741823,1073740799,1073741823,1073725439,1073737727,1073184767,1073610751,1071054847,1073741823,1073741823,1073741823,1073740799,1073741823:i8
1073741823,1073741823,1073741823,1073740799,1073741823,1073741823,1073721343,1073184767,1073610751,1071054847,1073741823,1073741823,1073741823,1073740799,1073741823:k8
1073741823,1073741823,1073741823,1073740799,1073741823,1073479679,1073737727,1073184767,1073610751,1071054847,1073741823,1073741823,1073741823,1073740799,1073741823:i8
1073741823,1073741823,1073741823,1073740799,1073741823,1073741823,1073672191,1073184767,1073610751,1071054847,1073741823,1073741823,1073741823,1073740799,1073741823:i8
1073741823,1073741823,1073741823,1073740799,1073741823,1073741823,1073737727,1073119231,1073610751,1071054847,1073741823,1073741823,1073741823,1073740799,1073741823:k11
1073741823,1073741823,1073741823,1073740799,1073741823,1073741823,1073737727,1073184767,1073610751,1071038463,1073741823,1073741823,1073741823,1073740799,1073741823:i8
1073741823,1073741823,1073741823,1073740799,1073741823,1073741823,1073737727,1073184767,1073594367,1071054847,1073741823,1073741823,1073741823,1073740799,1073741823:k8
1073741823,1073741823,1073741823,1073740799,1073741823,1073741759,1073737727,1073709055,1073610751,1071120383,1073741823,1073741823,1073741823,1073740799,1073741823:k11
1073741823,1073741823,1073741823,1073740799,1073741567,1073741823,1073737727,1073709055,1073610751,1071120383,1073741823,1073741823,1073741823,1073740799,1073741823:k11
1073741823,1073741823,1073741823,1073740735,1073741823,1073741823,1073737727,1073709055,1073610751,1071120383,1073741823,1073741823,1073741823,1073740799,1073741823:k11
1073741823,1073741823,1073741823,1073740543,1073741823,1073741823,1073737727,1073709055,1073610751,1071120383,1073741823,1073741823,1073741823,1073740799,1073741823:k11
1073741823,1073741759,1073741823,1073740799,1073741823,1073741823,1073737727,1073709055,1073610751,1071120383,1073741823,1073741823,1073741823,1073740799,1073741823:k11
1073741823,1073741823,1073741567,1073740799,1073741823,1073741823,1073737727,1073709055,1073610751,1071120383,1073741823,1073741823,1073741823,1073740799,1073741823:k11
1073741823,1073740799,1073741823,1073740799,1073741823,1073741823,1073737727,1073709055,1073610751,1071120383,1073741823,1073741823,1073741823,1073740799,1073741823:k11
1073741823,1073741823,1073740799,1073740799,1073741823,1073741823,1073737727,1073709055,1073610751,1071120383,1073741823,1073741823,1073741823,1073740799,1073741823:k11
1073741823,1073725439,1073741823,1073740799,1073741823,1073741823,1073737727,1073709055,1073610751,1071120383,1073741823,1073741823,1073741823,1073740799,1073741823:k11
1073741823,1073741823,1073737727,1073740799,1073741823,1073741823,1073737727,1073709055,1073610751,1071120383,1073741823,1073741823,1073741823,1073740799,1073741823:k11
1073741823,1073741823,1073741823,1073724415,1073741823,1073741823,1073737727,1073709055,1073610751,1071120383,1073741823,1073741823,1073741823,1073740799,1073741823:k11
1073741823,1073741823,1073741823,1073736703,1073741823,1073741823,1073737727,1073709055,1073610751,1071120383,1073741823,1073741823,1073741823,1073740799,1073741823:k11
1073741823,1073741823,1073741823,1073740799,1073737727,1073741823,1073737727,1073709055,1073610751,1071120383,1073741823,1073741823,1073741823,1073740799,1073741823:k11
1073741823,1073741823,1073741823,1073740799,1073740799,1073741823,1073737727,1073709055,1073610751,1071120383,1073741823,1073741823,1073741823,1073740799,1073741823:k11
1073741823,1073741823,1073741823,1073740799,1073741823,1073741823,1073737727,1073709055,1073610751,1071119359,1073741823,1073741823,1073741823,1073740799,1073741823:k11
1073741823,1073741823,1073741823,1073740799,1073741823,1073741823,1073737727,1073709055,1073606655,1071120383,1073741823,1073741823,1073741823,1073740799,1073741823:k11
1073741823,1073741823,1073741823,1073740799,1073741823,1073741823,1073737727,1073708031,1073610751,1071120383,1073741823,1073741823,1073741823,1073740799,1073741823:k11
1073741823,1073741823,1073741823,1073740799,1073741823,1073741823,1073737727,1073704959,1073610751,1071120383,1073741823,1073741823,1073741823,1073740799,1073741823:k11
1073741823,1073741823,1073741823,1073740799,1073741823,1073740799,1073737727,1073709055,1073610751,1071120383,1073741823,1073741823,1073741823,1073740799,1073741823:k11
1073741823,1073741823,1073741823,1073740799,1073741823,1073725439,1073737727,1073709055,1073610751,1071120383,1073741823,1073741823,1073741823,1073740799,1073741823:k11
1073741823,1073741823,1073741823,1073740799,1073741823,1073741823,1073721343,1073709055,1073610751,1071120383,1073741823,1073741823,1073741823,1073740799,1073741823:k11
1073741823,1073741823,1073741823,1073740799,1073741823,1073479679,1073737727,1073709055,1073610751,1071120383,1073741823,1073741823,1073741823,1073740799,1073741823:k11
1073741823,1073741823,1073741823,1073740799,1073741823,1073741823,1073672191,1073709055,1073610751,1071120383,1073741823,1073741823,1073741823,1073740799,1073741823:k11
1073741823,1073741823,1073741823,1073740799,1073741823,1073741823,1073737727,1073446911,1073610751,1071120383,1073741823,1073741823,1073741823,1073740799,1073741823:k11
1073741823,1073741823,1073741823,1073740799,1073741823,1073741823,1073737727,1073643519,1073610751,1071120383,1073741823,1073741823,1073741823,1073740799,1073741823:k11
1073741823,1073741823,1073741823,1073740799,1073741823,1073741823,1073737727,1073709055,1073610751,1071103999,1073741823,1073741823,1073741823,1073740799,1073741823:k11
1073741823,1073741823,1073741823,1073740799,1073741823,1073741823,1073737727,1073709055,1073594367,1071120383,1073741823,1073741823,1073741823,1073740799,1073741823:k11
1073741823,1073741823,1073741823,1073740799,1073741823,1073725439,1073741823,1073709055,1073610751,1073217535,1073741823,1073741823,1073741823,1073740799,1073741823:g7
1073741823,1073741823,1073741823,1073740799,1073741823,1073741823,1073725439,1073709055,1073610751,1073217535,1073741823,1073741823,1073741823,1073740799,1073741823:g7
1073741823,1073741823,1073741823,1073740799,1073741823,1073479679,1073741823,1073709055,1073610751,1073217535,1073741823,1073741823,1073741823,1073740799,1073741823:g7
1073741823,1073741823,1073741823,1073740799,1073741823,1073741823,1073676287,1073709055,1073610751,1073217535,1073741823,1073741823,1073741823,1073740799,1073741823:g7
1073741823,1073741823,1073741823,1073740799,1073741823,1073741823,1073741823,1073446911,1073610751,1073217535,1073741823,1073741823,1073741823,1073740799,1073741823:g7
1073741823,1073741823,1073741823,1073740799,1073741823,1073741823,1073741823,1073643519,1073610751,1073217535,1073741823,1073741823,1073741823,1073740799,1073741823:g7
1073741823,1073741823,1073741823,1073740799,1073741823,1073741823,1073741823,1073709055,1073610751,1073201151,1073741823,1073741823,1073741823,1073740799,1073741823:g7
1073741823,1073741823,1073741823,1073740799,1073741823,1073741823,1073741823,1073709055,1073594367,1073217535,1073741823,1073741823,1073741823,1073740799,1073741823:g7
