1073741823,1073741759,1073741823,1073741823,1073741823,1073741823,1073741823,1073709055,1073610735,1073741823,1073741823,1073741823,1073741823,1073741823,1073741823:g7
1073741823,1073741759,1073741823,1073741823,1073741823,1073741823,1073732607,1073709055,1073610735,1073741823,1073741823,1073741823,1073741823,1073741823,1073741823:f6
1073741823,1073741759,1073741823,1073741823,1073741567,1073741823,1073733631,1073709055,1073610735,1073741823,1073741823,1073741823,1073741823,1073741823,1073741823:j10
1073741823,1073741759,1073741823,1073741823,1073737727,1073741823,1073733631,1073709055,1073610735,1073741823,1073741823,1073741823,1073741823,1073741823,1073741823:f6
1073741823,1073741759,1073741823,1073741823,1073741823,1073737727,1073733631,1073709055,1073610735,1073741823,1073741823,1073741823,1073741823,1073741823,1073741823:f6
1073741823,1073741759,1073741823,1073741823,1073676287,1073741823,1073733631,1073709055,1073610735,1073741823,1073741823,1073741823,1073741823,1073741823,1073741823:f6
1073741823,1073741759,1073741823,1073741823,1073741823,1073741823,1073733631,1073709055,1073610735,1073741823,1073741822,1073741823,1073741823,1073741823,1073741823:f6
1073741823,1073741759,1073741823,1073741823,1073741823,1073741823,1073733631,1073709055,1073610735,1073741819,1073741823,1073741823,1073741823,1073741823,1073741823:f6
1073741823,1073741759,1073741823,1073741823,1073741823,1073741823,1073733631,1073709055,1073610734,1073741823,1073741823,1073741823,1073741823,1073741823,1073741823:f6
1073741823,1073741759,1073741823,1073741823,1073741823,1073741823,1073733631,1073709055,1073610731,1073741823,1073741823,1073741823,1073741823,1073741823,1073741823:f6
1073741823,1073741759,1073741823,1073741823,1073741823,1073741823,1073733630,1073709055,1073610735,1073741823,1073741823,1073741823,1073741823,1073741823,1073741823:f6
1073741823,1073741759,1073741823,1073741823,1073741823,1073741823,1073733631,1073709051,1073610735,1073741823,1073741823,1073741823,1073741823,1073741823,1073741823:f6
1073741823,1073741759,1073741823,1073741823,1073741823,1073741823,1073733615,1073709055,1073610735,1073741823,1073741823,1073741823,1073741823,1073741823,1073741823:f6
1073741823,1073741759,1073741823,1073741823,1073741823,1073741823,1073733631,1073709039,1073610735,1073741823,1073741823,1073741823,1073741823,1073741823,1073741823:f6
1073741823,1073741759,1073741823,1073741823,1073741823,1073741823,1073733375,1073709055,1073610735,1073741823,1073741823,1073741823,1073741823,1073741823,1073741823:f6
1073741823,1073741759,1073741823,1073741823,1073741823,1073741823,1073733631,1073708991,1073610735,1073741823,1073741823,1073741823,1073741823,1073741823,1073741823:f6
1073741823,1073741759,1073741823,1073741823,1073741823,1073741823,1073733631,1073709055,1073610479,1073741823,1073741823,1073741823,1073741823,1073741823,1073741823:f6
1073741823,1073741759,1073741823,1073741823,1073741823,1073741823,1073733631,1073709055,1073610671,1073741823,1073741823,1073741823,1073741823,1073741823,1073741823:f6
1073741823,1073741759,1073741823,1073741823,1073741823,1073741823,1073733631,1073709055,1073610735,1073741823,1073741567,1073741823,1073741823,1073741823,1073741823:f6
1073741823,1073741759,1073741823,1073741823,1073741823,1073741823,1073733631,1073709055,1073610735,1073741759,1073741823,1073741823,1073741823,1073741823,1073741823:f6
1073741823,1073741759,1073741823,1073741823,1073741823,1073741823,1073733631,1073709055,1073610735,1073741823,1073741807,1073741823,1073741823,1073741823,1073741823:f6
1073741823,1073741759,1073741823,1073741823,1073741823,1073741823,1073733631,1073709055,1073610735,1073741807,1073741823,1073741823,1073741823,1073741823,1073741823:f6
1073741823,1073741759,1073741823,1073741823,1073741823,1073741823,1073733631,1073709055,1073610735,1073741823,1073737727,1073741823,1073741823,1073741823,1073741823:f6
1073741823,1073741759,1073741823,1073741823,1073741823,1073741823,1072685055,1073709055,1073610735,1073741823,1073741823,1073741823,1073741823,1073741823,1073741823:f6
1073741823,1073741759,1073741823,1073741823,1073741823,1073741823,1073733631,1073709055,1072562159,1073741823,1073741823,1073741823,1073741823,1073741823,1073741823:f6
1073741823,1073741759,1073741823,1073741823,1073741823,1073741823,1073733631,1073709055,1073348591,1073741823,1073741823,1073741823,1073741823,1073741823,1073741823:f6
1073741823,1073741759,1073741823,1073741823,1073741823,1073741823,1073733631,1073709055,1073610735,1073741823,1072693247,1073741823,1073741823,1073741823,1073741823:f6
1073741823,1073741759,1073741823,1073741823,1073741823,1073741823,1073733631,1073709055,1073610735,1073741823,1073676287,1073741823,1073741823,1073741823,1073741823:f6
1073741823,1073741759,1073741823,1073741823,1073741823,1073741823,1073733631,1073709055,1073610735,1073676287,1073741823,1073741823,1073741823,1073741823,1073741823:f6
1073741823,1073741759,1073741823,1073741819,1073741823,1073741823,1073733631,1073709055,1073610735,1073741823,1073741823,1073741823,1073741823,1073741823,1073741823:f6
1073741823,1073741759,1073741807,1073741823,1073741823,1073741823,1073733631,1073709055,1073610735,1073741823,1073741823,1073741823,1073741823,1073741823,1073741823:f6
1073741823,1073741755,1073741823,1073741823,1073741823,1073741823,1073733631,1073709055,1073610735,1073741823,1073741823,1073741823,1073741823,1073741823,1073741823:f6
1073741823,1073741743,1073741823,1073741823,1073741823,1073741823,1073733631,1073709055,1073610735,1073741823,1073741823,1073741823,1073741823,1073741823,1073741823:f6
1073741807,1073741759,1073741823,1073741823,1073741823,1073741823,1073733631,1073709055,1073610735,1073741823,1073741823,1073741823,1073741823,1073741823,1073741823:f6
1073741759,1073741759,1073741823,1073741823,1073741823,1073741823,1073733631,1073709055,1073610735,1073741823,1073741823,1073741823,1073741823,1073741823,1073741823:f6
1073741567,1073741759,1073741823,1073741823,1073741823,1073741823,1073733631,1073709055,1073610735,1073741823,1073741823,1073741823,1073741823,1073741823,1073741823:f6
1073741823,1073740735,1073741823,1073741823,1073741823,1073741823,1073733631,1073709055,1073610735,1073741823,1073741823,1073741823,1073741823,1073741823,1073741823:f6
1073741823,1073741503,1073741823,1073741823,1073741823,1073741823,1073733631,1073709055,1073610735,1073741823,1073741823,1073741823,1073741823,1073741823,1073741823:f6
1073741823,1073741759,1073741823,1073740799,1073741823,1073741823,1073733631,1073709055,1073610735,1073741823,1073741823,1073741823,1073741823,1073741823,1073741823:f6
1073741823,1073741759,1073741567,1073741823,1073741823,1073741823,1073733631,1073709055,1073610735,1073741823,1073741823,1073741823,1073741823,1073741823,1073741823:f6
1073741823,1073741759,1073741823,1073741759,1073741823,1073741823,1073733631,1073709055,1073610735,1073741823,1073741823,1073741823,1073741823,1073741823,1073741823:f6
1073741823,1073741759,1073741759,1073741823,1073741823,1073741823,1073733631,1073709055,1073610735,1073741823,1073741823,1073741823,1073741823,1073741823,1073741823:f6
1073741823,1073741759,1073741823,1073741823,1073741823,1073741823,1073733631,1073709055,1073610735,1073740799,1073741823,1073741823,1073741823,1073741823,1073741823:f6
1073741823,1073741759,1073741823,1073741823,1073741823,1073741823,1073733631,1073709055,1073606639,1073741823,1073741823,1073741823,1073741823,1073741823,1073741823:f6
1073741823,1073741759,1073741823,1073741823,1073741823,1073741823,1073733631,1073708031,1073610735,1073741823,1073741823,1073741823,1073741823,1073741823,1073741823:f6
1073741823,1073741759,1073741823,1073741823,1073741823,1073741823,1073733631,1073704959,1073610735,1073741823,1073741823,1073741823,1073741823,1073741823,1073741823:f6
1073741823,1073741759,1073741823,1073741823,1073741823,1073740799,1073733631,1073709055,1073610735,1073741823,1073741823,1073741823,1073741823,1073741823,1073741823:j10
1073741823,1073741759,1073741823,1073741823,1073741823,1073740799,1073733631,1073709055,1073610735,1073217535,1073741823,1073725439,1073741823,1073741823,1073741823:k11
1073741823,1073741759,1073741823,1073741823,1073741823,1073740799,1073733631,1069514751,1073610735,1073217535,1073741823,1073741823,1073741823,1073741823,1073741823:k11
1073741823,1073741759,1073741823,1073741823,1073741823,1073740799,1073733631,1073709055,1073610735,1069023231,1073741823,1073741823,1073741823,1073741823,1073741823:k11
1073741823,1073741759,1073741823,1073741823,1073741823,1073740799,1073733631,1073709055,1073610735,1072168959,1073741823,1073741823,1073741823,1073741823,1073741823:k11
1073741823,1073741759,1073741823,1073741823,1073741823,1073740799,1073733631,1073709055,1073610735,1073217535,1073741823,1069547519,1073741823,1073741823,1073741823:k11
1073741823,1073741759,1073741823,1073741823,1073741823,1073740799,1073733631,1073709055,1073610735,1073217535,1073741823,1073479679,1073741823,1073741823,1073741823:k11
1073741823,1073741759,1073741823,1073741823,1073741823,1073740799,1073733631,1073709055,1073610735,1073217535,1073479679,1073741823,1073741823,1073741823,1073741823:k11
1073741823,1073741759,1073741823,1073741823,1073741823,1073740735,1073733631,1073709055,1073610735,1073217535,1073741823,1073741823,1073741823,1073741823,1073741823:k11
1073741823,1073741759,1073741823,1073741823,1073741823,1073740543,1073733631,1073709055,1073610735,1073217535,1073741823,1073741823,1073741823,1073741823,1073741823:k11
1073741823,1073741759,1073741823,1073741823,1073740799,1073740799,1073733631,1073709055,1073610735,1073217535,1073741823,1073741823,1073741823,1073741823,1073741823:k11
1073741823,1073741759,1073741823,1073725439,1073741823,1073740799,1073733631,1073709055,1073610735,1073217535,1073741823,1073741823,1073741823,1073741823,1073741823:k11
1073741823,1073741759,1073741823,1073741823,1073741823,1073740799,1073732607,1073709055,1073610735,1073217535,1073741823,1073741823,1073741823,1073741823,1073741823:k11
1073741823,1073741759,1073741823,1073741823,1073741567,1073740799,1073733631,1073709055,1073610735,1073217535,1073741823,1073741823,1073741823,1073741823,1073741823:k11
1073741823,1073741759,1073741823,1073741823,1073737727,1073740799,1073733631,1073709055,1073610735,1073217535,1073741823,1073741823,1073741823,1073741823,1073741823:k11
1073741823,1073741759,1073741823,1073741823,1073741823,1073736703,1073733631,1073709055,1073610735,1073217535,1073741823,1073741823,1073741823,1073741823,1073741823:k11
1073741823,1073741759,1073741823,1073741823,1073676287,1073740799,1073733631,1073709055,1073610735,1073217535,1073741823,1073741823,1073741823,1073741823,1073741823:k11
1073741823,1073741759,1073741823,1073741823,1073741823,1073740799,1073733631,1073709055,1073610735,1073217535,1073741822,1073741823,1073741823,1073741823,1073741823:k11
1073741823,1073741759,1073741823,1073741823,1073741823,1073740799,1073733631,1073709055,1073610735,1073217531,1073741823,1073741823,1073741823,1073741823,1073741823:k11
1073741823,1073741759,1073741823,1073741823,1073741823,1073740799,1073733631,1073709055,1073610734,1073217535,1073741823,1073741823,1073741823,1073741823,1073741823:k11
1073741823,1073741759,1073741823,1073741823,1073741823,1073740799,1073733631,1073709055,1073610731,1073217535,1073741823,1073741823,1073741823,1073741823,1073741823:k11
1073741823,1073741759,1073741823,1073741823,1073741823,1073740799,1073733630,1073709055,1073610735,1073217535,1073741823,1073741823,1073741823,1073741823,1073741823:k11
1073741823,1073741759,1073741823,1073741823,1073741823,1073740799,1073733631,1073709051,1073610735,1073217535,1073741823,1073741823,1073741823,1073741823,1073741823:k11
1073741823,1073741759,1073741823,1073741823,1073741823,1073740799,1073733615,1073709055,1073610735,1073217535,1073741823,1073741823,1073741823,1073741823,1073741823:k11
1073741823,1073741759,1073741823,1073741823,1073741823,1073740799,1073733631,1073709039,1073610735,1073217535,1073741823,1073741823,1073741823,1073741823,1073741823:k11
1073741823,1073741759,1073741823,1073741823,1073741823,1073740799,1073733375,1073709055,1073610735,1073217535,1073741823,1073741823,1073741823,1073741823,1073741823:k11
1073741823,1073741759,1073741823,1073741823,1073741823,1073740799,1073733631,1073708991,1073610735,1073217535,1073741823,1073741823,1073741823,1073741823,1073741823:k11
1073741823,1073741759,1073741823,1073741823,1073741823,1073740799,1073733631,1073709055,1073610479,1073217535,1073741823,1073741823,1073741823,1073741823,1073741823:k11
1073741823,1073741759,1073741823,1073741823,1073741823,1073740799,1073733631,1073709055,1073610671,1073217535,1073741823,1073741823,1073741823,1073741823,1073741823:k11
1073741823,1073741759,1073741823,1073741823,1073741823,1073740799,1073733631,1073709055,1073610735,1073217535,1073741567,1073741823,1073741823,1073741823,1073741823:k11
1073741823,1073741759,1073741823,1073741823,1073741823,1073740799,1073733631,1073709055,1073610735,1073217471,1073741823,1073741823,1073741823,1073741823,1073741823:k11
1073741823,1073741759,1073741823,1073741823,1073741823,1073740799,1073733631,1073709055,1073610735,1073217535,1073741807,1073741823,1073741823,1073741823,1073741823:k11
1073741823,1073741759,1073741823,1073741823,1073741823,1073740799,1073733631,1073709055,1073610735,1073217519,1073741823,1073741823,1073741823,1073741823,1073741823:k11
1073741823,1073741759,1073741823,1073741823,1073741823,1073740799,1073733631,1073709055,1073610735,1073217535,1073737727,1073741823,1073741823,1073741823,1073741823:k11
1073741823,1073741759,1073741823,1073741823,1073741823,1073740799,1072685055,1073709055,1073610735,1073217535,1073741823,1073741823,1073741823,1073741823,1073741823:k11
1073741823,1073741759,1073741823,1073741823,1073741823,1073740799,1073733631,1073709055,1072562159,1073217535,1073741823,1073741823,1073741823,1073741823,1073741823:k11
1073741823,1073741759,1073741823,1073741823,1073741823,1073740799,1073733631,1073709055,1073348591,1073217535,1073741823,1073741823,1073741823,1073741823,1073741823:k11
1073741823,1073741759,1073741823,1073741823,1073741823,1073740799,1073733631,1073709055,1073610735,1073217535,1072693247,1073741823,1073741823,1073741823,1073741823:i8
1073741823,1073741759,1073741823,1073741823,1073741823,1073740799,1073733631,1073577983,1073610735,1073213439,1072693247,1073741823,1073741823,1073741823,1073741823:f8
1073741823,1073741759,1073741823,1073741823,1073741823,1073675263,1073733631,1073577983,1073610735,1073217535,1072693247,1073741823,1073741823,1073741823,1073741823:j8
1073741823,1073741759,1073741823,1073741823,1073741823,1072692223,1073733631,1073577983,1073610735,1073217535,1072693247,1073741823,1073741823,1073741823,1073741823:f8
1073741823,1073741759,1073741823,1073741823,1073741823,1073740799,1073471487,1073577983,1073610735,1073217535,1072693247,1073741823,1073741823,1073741823,1073741823:g8
1073741823,1073741759,1073741823,1073741823,1073741823,1073740799,1073733631,1072529407,1073610735,1073217535,1072693247,1073741823,1073741823,1073741823,1073741823:f8
1073741823,1073741759,1073741823,1073741823,1073741823,1073740735,1073733631,1073577983,1073610735,1073217535,1072693247,1073741823,1073741823,1073741823,1073741823:f8
1073741823,1073741759,1073741823,1073741823,1073741823,1073740543,1073733631,1073577983,1073610735,1073217535,1072693247,1073741823,1073741823,1073741823,1073741823:j8
1073741823,1073741759,1073741823,1073741823,1073740799,1073740799,1073733631,1073577983,1073610735,1073217535,1072693247,1073741823,1073741823,1073741823,1073741823:j8
1073741823,1073741759,1073741823,1073725439,1073741823,1073740799,1073733631,1073577983,1073610735,1073217535,1072693247,1073741823,1073741823,1073741823,1073741823:f8
1073741823,1073741759,1073741823,1073741823,1073741823,1073740799,1073732607,1073577983,1073610735,1073217535,1072693247,1073741823,1073741823,1073741823,1073741823:j8
1073741823,1073741759,1073741823,1073741823,1073741567,1073740799,1073733631,1073577983,1073610735,1073217535,1072693247,1073741823,1073741823,1073741823,1073741823:g8
1073741823,1073741759,1073741823,1073741823,1073737727,1073740799,1073733631,1073577983,1073610735,1073217535,1072693247,1073741823,1073741823,1073741823,1073741823:i10
1073741823,1073741759,1073741823,1073741823,1073741823,1073736703,1073733631,1073577983,1073610735,1073217535,1072693247,1073741823,1073741823,1073741823,1073741823:j8
1073741823,1073741759,1073741823,1073741823,1073676287,1073740799,1073733631,1073577983,1073610735,1073217535,1072693247,1073741823,1073741823,1073741823,1073741823:g8
1073741823,1073741759,1073741823,1073741823,1073741823,1073740799,1073733631,1073577983,1073610735,1073217535,1072693247,1073741823,1073676287,1073741823,1073741823:f8
1073741823,1073741759,1073741823,1073741823,1073741823,1073740799,1073733631,1073577983,1056833519,1073217535,1072693247,1073741823,1073741823,1073741823,1073741823:f8
1073741823,1073741759,1073741823,1073741823,1073741823,1073740799,1073733631,1073577983,1073610735,1073217535,1055916031,1073741823,1073741823,1073741823,1073741823:f8
1073741823,1073741759,1073741823,1073741823,1073741823,1073740799,1073733631,1073577983,1073610735,1073217535,1068498943,1073741823,1073741823,1073741823,1073741823:f8
1073741823,1073741759,1073741823,1073741823,1073741823,1073740799,1073733631,1073577983,1073610735,1073217535,1072693247,1073741823,1056964607,1073741823,1073741823:f8
1073741823,1073741759,1073741823,1073741823,1073741823,1073740799,1073733631,1073577983,1073610735,1073217535,1072693247,1073741823,1072693247,1073741823,1073741823:f8
1073741823,1073741759,1073741823,1073741823,1073741823,1073740799,1073733631,1073577983,1073610735,1073217535,1072693247,1072693247,1073741823,1073741823,1073741823:g8
1073741823,1073741759,1073741823,1073741823,1073741823,1073740799,1073733631,1073577983,1073610735,1073217535,1072693247,1073725439,1073741823,1073741823,1073741823:f8
1073741823,1073741759,1073741823,1073741823,1073741823,1073740799,1073733631,1069383679,1073610735,1073217535,1072693247,1073741823,1073741823,1073741823,1073741823:f8
1073741823,1073741759,1073741823,1073741823,1073741823,1073740799,1073733631,1073577983,1073610735,1069023231,1072693247,1073741823,1073741823,1073741823,1073741823:f8
1073741823,1073741759,1073741823,1073741823,1073741823,1073740799,1073733631,1073577983,1073610735,1072168959,1072693247,1073741823,1073741823,1073741823,1073741823:f8
1073741823,1073741759,1073741823,1073741823,1073741823,1073740799,1073733631,1073577983,1073610735,1073217535,1072693247,1069547519,1073741823,1073741823,1073741823:f8
1073741823,1073741759,1073741823,1073741823,1073741823,1073740799,1073733631,1073577983,1073610735,1073217535,1072693247,1073479679,1073741823,1073741823,1073741823:f8
1073741823,1073741759,1073741823,1073741823,1073741823,1073740799,1073733631,1073577983,1073610735,1073217535,1072431103,1073741823,1073741823,1073741823,1073741823:g8
1073741823,1073741759,1073741823,1073741823,1073741823,1073740799,1073733631,1073577983,1073610735,1073217535,1072693246,1073741823,1073741823,1073741823,1073741823:f8
1073741823,1073741759,1073741823,1073741823,1073741823,1073740799,1073733631,1073577983,1073610735,1073217531,1072693247,1073741823,1073741823,1073741823,1073741823:g8
1073741823,1073741759,1073741823,1073741823,1073741823,1073740799,1073733631,1073577983,1073610734,1073217535,1072693247,1073741823,1073741823,1073741823,1073741823:g8
1073741823,1073741759,1073741823,1073741823,1073741823,1073740799,1073733631,1073577983,1073610731,1073217535,1072693247,1073741823,1073741823,1073741823,1073741823:g8
1073741823,1073741759,1073741823,1073741823,1073741823,1073740799,1073733630,1073577983,1073610735,1073217535,1072693247,1073741823,1073741823,1073741823,1073741823:f8
1073741823,1073741759,1073741823,1073741823,1073741823,1073740799,1073733631,1073577979,1073610735,1073217535,1072693247,1073741823,1073741823,1073741823,1073741823:f8
1073741823,1073741759,1073741823,1073741823,1073741823,1073740799,1073733615,1073577983,1073610735,1073217535,1072693247,1073741823,1073741823,1073741823,1073741823:f8
1073741823,1073741759,1073741823,1073741823,1073741823,1073740799,1073733631,1073577967,1073610735,1073217535,1072693247,1073741823,1073741823,1073741823,1073741823:f8
1073741823,1073741759,1073741823,1073741823,1073741823,1073740799,1073733375,1073577983,1073610735,1073217535,1072693247,1073741823,1073741823,1073741823,1073741823:d8
1073741823,1073741759,1073741823,1073741823,1073741823,1073740795,1073733375,1073577855,1073610735,1073217535,1072693247,1073741823,1073741823,1073741823,1073741823:f8
1073741823,1073741759,1073741823,1073741823,1073741823,1073740799,1073733311,1073577855,1073610735,1073217535,1072693247,1073741823,1073741823,1073741823,1073741823:g8
1073741823,1073741759,1073741823,1073741823,1073741807,1073740799,1073733375,1073577855,1073610735,1073217535,1072693247,1073741823,1073741823,1073741823,1073741823:j8
1073741823,1073741759,1073741823,1073741823,1073741823,1073740799,1073733375,1073577599,1073610735,1073217535,1072693247,1073741823,1073741823,1073741823,1073741823:g8
1073741823,1073741759,1073741823,1073741823,1073741823,1073740799,1073733375,1073577855,1073610735,1073213439,1072693247,1073741823,1073741823,1073741823,1073741823:f8
1073741823,1073741759,1073741823,1073741823,1073741823,1073675263,1073733375,1073577855,1073610735,1073217535,1072693247,1073741823,1073741823,1073741823,1073741823:j8
1073741823,1073741759,1073741823,1073741823,1073741823,1072692223,1073733375,1073577855,1073610735,1073217535,1072693247,1073741823,1073741823,1073741823,1073741823:f8
1073741823,1073741759,1073741823,1073741823,1073741823,1073740799,1073471231,1073577855,1073610735,1073217535,1072693247,1073741823,1073741823,1073741823,1073741823:f8
1073741823,1073741759,1073741823,1073741823,1073741823,1073740799,1073733375,1072529279,1073610735,1073217535,1072693247,1073741823,1073741823,1073741823,1073741823:f8
1073741823,1073741759,1073741823,1073741823,1073741823,1073740799,1073733375,1073577855,1073610735,1073217535,1072693247,1073741823,1073676287,1073741823,1073741823:f8
1073741823,1073741759,1073741823,1073741823,1073741823,1073740799,1073733375,1073577855,1056833519,1073217535,1072693247,1073741823,1073741823,1073741823,1073741823:f8
1073741823,1073741759,1073741823,1073741823,1073741823,1073740799,1073733375,1073577855,1073610735,1073217535,1055916031,1073741823,1073741823,1073741823,1073741823:f8
1073741823,1073741759,1073741823,1073741823,1073741823,1073740799,1073733375,1073577855,1073610735,1073217535,1068498943,1073741823,1073741823,1073741823,1073741823:f8
1073741823,1073741759,1073741823,1073741823,1073741823,1073740799,1073733375,1073577855,1073610735,1073217535,1072693247,1073741823,1056964607,1073741823,1073741823:f8
1073741823,1073741759,1073741823,1073741823,1073741823,1073740799,1073733375,1073577855,1073610735,1073217535,1072693247,1073741823,1072693247,1073741823,1073741823:f8
1073741823,1073741759,1073741823,1073741823,1073741823,1073740799,1073733375,1073577855,1073610735,1073217535,1072693247,1072693247,1073741823,1073741823,1073741823:f8
1073741823,1073741759,1073741823,1073741823,1073741823,1073740799,1073733375,1073577855,1073610735,1073217535,1072693247,1073725439,1073741823,1073741823,1073741823:f8
1073741823,1073741759,1073741823,1073741823,1073741823,1073740799,1073733375,1069383551,1073610735,1073217535,1072693247,1073741823,1073741823,1073741823,1073741823:f8
1073741823,1073741759,1073741823,1073741823,1073741823,1073740799,1073733375,1073577855,1073610735,1069023231,1072693247,1073741823,1073741823,1073741823,1073741823:g8
1073741823,1073741759,1073741823,1073741823,1073741823,1073740799,1073733375,1073577855,1073610735,1072168959,1072693247,1073741823,1073741823,1073741823,1073741823:f8
1073741823,1073741759,1073741823,1073741823,1073741823,1073740799,1073733375,1073577855,1073610735,1073217535,1072693247,1069547519,1073741823,1073741823,1073741823:f8
1073741823,1073741759,1073741823,1073741823,1073741823,1073740799,1073733375,1073577855,1073610735,1073217535,1072693247,1073479679,1073741823,1073741823,1073741823:f8
1073741823,1073741759,1073741823,1073741823,1073741823,1073740799,1073733375,1073577855,1073610735,1073217535,1072431103,1073741823,1073741823,1073741823,1073741823:g8
1073741823,1073741759,1073741823,1073741823,1073741823,1073740735,1073733375,1073577855,1073610735,1073217535,1072693247,1073741823,1073741823,1073741823,1073741823:j8
1073741823,1073741759,1073741823,1073741823,1073741823,1073740543,1073733375,1073577855,1073610735,1073217535,1072693247,1073741823,1073741823,1073741823,1073741823:j8
1073741823,1073741759,1073741823,1073741823,1073740799,1073740799,1073733375,1073577855,1073610735,1073217535,1072693247,1073741823,1073741823,1073741823,1073741823:f8
1073741823,1073741759,1073741823,1073725439,1073741823,1073740799,1073733375,1073577855,1073610735,1073217535,1072693247,1073741823,1073741823,1073741823,1073741823:g5
1073741823,1073741759,1073741823,1073721343,1073733631,1073740799,1073733375,1073577855,1073610735,1073217535,1072693247,1073741823,1073741823,1073741823,1073741823:f8
1073741823,1073741759,1073737727,1073725439,1073733631,1073740799,1073733375,1073577855,1073610735,1073217535,1072693247,1073741823,1073741823,1073741823,1073741823:g6
1073741823,1073725375,1073741823,1073725439,1073733631,1073740799,1073733375,1073577855,1073610735,1073217535,1072693247,1073741823,1073741823,1073741823,1073741823:g6
1073741823,1073741759,1073725439,1073725439,1073733631,1073740799,1073733375,1073577855,1073610735,1073217535,1072693247,1073741823,1073741823,1073741823,1073741823:g8
1073741823,1073479615,1073741823,1073725439,1073733631,1073740799,1073733375,1073577855,1073610735,1073217535,1072693247,1073741823,1073741823,1073741823,1073741823:g6
1073741823,1073741759,1073676287,1073725439,1073733631,1073740799,1073733375,1073577855,1073610735,1073217535,1072693247,1073741823,1073741823,1073741823,1073741823:g6
1073741823,1073741759,1073741823,1073463295,1073733631,1073740799,1073733375,1073577855,1073610735,1073217535,1072693247,1073741823,1073741823,1073741823,1073741823:g8
1073741823,1073741759,1073741823,1073659903,1073733631,1073740799,1073733375,1073577855,1073610735,1073217535,1072693247,1073741823,1073741823,1073741823,1073741823:g8
1073741823,1073741759,1073741823,1073725439,1073717247,1073740799,1073733375,1073577855,1073610735,1073217535,1072693247,1073741823,1073741823,1073741823,1073741823:g6
1073741823,1073741759,1073741823,1073725439,1073733631,1073740795,1073733375,1073577855,1073610735,1073217535,1072693247,1073741823,1073741823,1073741823,1073741823:g6
1073741823,1073741759,1073741823,1073725439,1073733631,1073740799,1073733311,1073577855,1073610735,1073217535,1072693247,1073741823,1073741823,1073741823,1073741823:g8
1073741823,1073741759,1073741823,1073725439,1073733615,1073740799,1073733375,1073577855,1073610735,1073217535,1072693247,1073741823,1073741823,1073741823,1073741823:g6
1073741823,1073741759,1073741823,1073725439,1073733631,1073740799,1073733375,1073577599,1073610735,1073217535,1072693247,1073741823,1073741823,1073741823,1073741823:g6
1073741823,1073741759,1073741823,1073725439,1073733631,1073740799,1073733375,1073577855,1073610735,1073213439,1072693247,1073741823,1073741823,1073741823,1073741823:g6
1073741823,1073741759,1073741823,1073725439,1073733631,1073675263,1073733375,1073577855,1073610735,1073217535,1072693247,1073741823,1073741823,1073741823,1073741823:g6
1073741823,1073741759,1073741823,1073725439,1073733631,1072692223,1073733375,1073577855,1073610735,1073217535,1072693247,1073741823,1073741823,1073741823,1073741823:g6
1073741823,1073741759,1073741823,1073725439,1073733631,1073740799,1073471231,1073577855,1073610735,1073217535,1072693247,1073741823,1073741823,1073741823,1073741823:g6
1073741823,1073741759,1073741823,1073725439,1073733631,1073740799,1073733375,1072529279,1073610735,1073217535,1072693247,1073741823,1073741823,1073741823,1073741823:g6
1073741823,1073741759,1073741823,1073725439,1073733631,1073740799,1073733375,1073577855,1073610735,1073217535,1072693247,1073741823,1073676287,1073741823,1073741823:g6
1073741823,1073741759,1073741823,1073725439,1073733631,1073740799,1073733375,1073577855,1056833519,1073217535,1072693247,1073741823,1073741823,1073741823,1073741823:g6
1073741823,1073741759,1073741823,1073725439,1073733631,1073740799,1073733375,1073577855,1073610735,1073217535,1055916031,1073741823,1073741823,1073741823,1073741823:g6
1073741823,1073741759,1073741823,1073725439,1073733631,1073740799,1073733375,1073577855,1073610735,1073217535,1068498943,1073741823,1073741823,1073741823,1073741823:g6
1073741823,1073741759,1073741823,1073725439,1073733631,1073740799,1073733375,1073577855,1073610735,1073217535,1072693247,1073741823,1056964607,1073741823,1073741823:g6
1073741823,1073741759,1073741823,1073725439,1073733631,1073740799,1073733375,1073577855,1073610735,1073217535,1072693247,1073741823,1072693247,1073741823,1073741823:g6
1073741823,1073741759,1073741823,1073725439,1073733631,1073740799,1073733375,1073577855,1073610735,1073217535,1072693247,1072693247,1073741823,1073741823,1073741823:g6
1073741823,1073741759,1073741823,1073725439,1073733631,1073740799,1073733375,1073577855,1073610735,1073217535,1072693247,1073725439,1073741823,1073741823,1073741823:g6
1073741823,1073741759,1073741823,1073725439,1073733631,1073740799,1073733375,1069383551,1073610735,1073217535,1072693247,1073741823,1073741823,1073741823,1073741823:g6
1073741823,1073741759,1073741823,1073725439,1073733631,1073740799,1073733375,1073577855,1073610735,1069023231,1072693247,1073741823,1073741823,1073741823,1073741823:g6
1073741823,1073741759,1073741823,1073725439,1073733631,1073740799,1073733375,1073577855,1073610735,1072168959,1072693247,1073741823,1073741823,1073741823,1073741823:g8
1073741823,1073741759,1073741823,1073725439,1073733631,1073740799,1073733375,1073577855,1073610735,1073217535,1072693247,1069547519,1073741823,1073741823,1073741823:g6
1073741823,1073741759,1073741823,1073725439,1073733631,1073740799,1073733375,1073577855,1073610735,1073217535,1072693247,1073479679,1073741823,1073741823,1073741823:g6
1073741823,1073741759,1073741823,1073725439,1073733631,1073740799,1073733375,1073577855,1073610735,1073217535,1072431103,1073741823,1073741823,1073741823,1073741823:g6
1073741823,1073741759,1073741823,1073725439,1073733631,1073740735,1073733375,1073577855,1073610735,1073217535,1072693247,1073741823,1073741823,1073741823,1073741823:g6
1073741823,1073741759,1073741823,1073725439,1073733631,1073740543,1073733375,1073577855,1073610735,1073217535,1072693247,1073741823,1073741823,1073741823,1073741823:g8
1073741823,1073741759,1073741823,1073725439,1073732607,1073740799,1073733375,1073577855,1073610735,1073217535,1072693247,1073741823,1073741823,1073741823,1073741823:g8
1073741823,1073741759,1073741823,1073725439,1073733631,1073740799,1073732351,1073577855,1073610735,1073217535,1072693247,1073741823,1073741823,1073741823,1073741823:g8
1073741823,1073741759,1073741823,1073725439,1073733375,1073740799,1073733375,1073577855,1073610735,1073217535,1072693247,1073741823,1073741823,1073741823,1073741823:g6
1073741823,1073741759,1073741823,1073725439,1073733631,1073736703,1073733375,1073577855,1073610735,1073217535,1072693247,1073741823,1073741823,1073741823,1073741823:j8
1073741823,1073741759,1073741823,1073725439,1073668095,1073740799,1073733375,1073577855,1073610735,1073217535,1072693247,1073741823,1073741823,1073741823,1073741823:g6
1073741823,1073741759,1073741823,1073725439,1073733631,1073740799,1073733375,1073577855,1073610735,1073217535,1072693246,1073741823,1073741823,1073741823,1073741823:g6
1073741823,1073741759,1073741823,1073725439,1073733631,1073740799,1073733375,1073577855,1073610735,1073217531,1072693247,1073741823,1073741823,1073741823,1073741823:g6
1073741823,1073741759,1073741823,1073725439,1073733631,1073740799,1073733375,1073577855,1073610734,1073217535,1072693247,1073741823,1073741823,1073741823,1073741823:g6
1073741823,1073741759,1073741823,1073725439,1073733631,1073740799,1073733375,1073577855,1073610731,1073217535,1072693247,1073741823,1073741823,1073741823,1073741823:g6
1073741823,1073741759,1073741823,1073725439,1073733631,1073740799,1073733374,1073577855,1073610735,1073217535,1072693247,1073741823,1073741823,1073741823,1073741823:g6
1073741823,1073741759,1073741823,1073725439,1073733631,1073740799,1073733375,1073577851,1073610735,1073217535,1072693247,1073741823,1073741823,1073741823,1073741823:g6
1073741823,1073741759,1073741823,1073725439,1073733631,1073740799,1073733359,1073577855,1073610735,1073217535,1072693247,1073741823,1073741823,1073741823,1073741823:g6
1073741823,1073741759,1073741823,1073725439,1073733631,1073740799,1073733375,1073577839,1073610735,1073217535,1072693247,1073741823,1073741823,1073741823,1073741823:g8
1073741823,1073741759,1073741823,1073725439,1073733631,1073740799,1073733375,1073577855,1073610479,1073217535,1072693247,1073741823,1073741823,1073741823,1073741823:g6
1073741823,1073741759,1073741823,1073725439,1073733631,1073740799,1073733375,1073577855,1073610671,1073217535,1072693247,1073741823,1073741823,1073741823,1073741823:g6
1073741823,1073741759,1073741823,1073725439,1073733631,1073740799,1073733375,1073577855,1073610735,1073217535,1072692991,1073741823,1073741823,1073741823,1073741823:g6
1073741823,1073741759,1073741823,1073725439,1073733631,1073740799,1073733375,1073577855,1073610735,1073217471,1072693247,1073741823,1073741823,1073741823,1073741823:g6
1073741823,1073741759,1073741823,1073725439,1073733631,1073740799,1073733375,1073577855,1073610735,1073217535,1072693231,1073741823,1073741823,1073741823,1073741823:g6
1073741823,1073741759,1073741823,1073725439,1073733631,1073740799,1073733375,1073577855,1073610735,1073217519,1072693247,1073741823,1073741823,1073741823,1073741823:g6
1073741823,1073741759,1073741823,1073725439,1073733631,1073740799,1073733375,1073577855,1073610735,1073217535,1072689151,1073741823,1073741823,1073741823,1073741823:g6
1073741823,1073741759,1073741823,1073725439,1073733631,1073740799,1072684799,1073577855,1073610735,1073217535,1072693247,1073741823,1073741823,1073741823,1073741823:g6
1073741823,1073741759,1073741823,1073725439,1073733631,1073740799,1073733375,1073577855,1072562159,1073217535,1072693247,1073741823,1073741823,1073741823,1073741823:g6
1073741823,1073741759,1073741823,1073725439,1073733631,1073740799,1073733375,1073577855,1073348591,1073217535,1072693247,1073741823,1073741823,1073741823,1073741823:g8
1073741823,1073741759,1073741823,1073725439,1073733631,1073740799,1073733375,1073577855,1073610735,1073217535,1072627711,1073741823,1073741823,1073741823,1073741823:g6
1073741823,1073741759,1073741823,1073725439,1073733631,1073740799,1073733375,1073577855,1073610735,1073151999,1072693247,1073741823,1073741823,1073741823,1073741823:g6
1073741823,1073741759,1073741823,1073725435,1073733631,1073740799,1073733375,1073577855,1073610735,1073217535,1072693247,1073741823,1073741823,1073741823,1073741823:g6
1073741823,1073741759,1073741807,1073725439,1073733631,1073740799,1073733375,1073577855,1073610735,1073217535,1072693247,1073741823,1073741823,1073741823,1073741823:g6
1073741823,1073741755,1073741823,1073725439,1073733631,1073740799,1073733375,1073577855,1073610735,1073217535,1072693247,1073741823,1073741823,1073741823,1073741823:g6
1073741823,1073741743,1073741823,1073725439,1073733631,1073740799,1073733375,1073577855,1073610735,1073217535,1072693247,1073741823,1073741823,1073741823,1073741823:g6
1073741807,1073741759,1073741823,1073725439,1073733631,1073740799,1073733375,1073577855,1073610735,1073217535,1072693247,1073741823,1073741823,1073741823,1073741823:g6
1073741759,1073741759,1073741823,1073725439,1073733631,1073740799,1073733375,1073577855,1073610735,1073217535,1072693247,1073741823,1073741823,1073741823,1073741823:g6
1073741567,1073741759,1073741823,1073725439,1073733631,1073740799,1073733375,1073577855,1073610735,1073217535,1072693247,1073741823,1073741823,1073741823,1073741823:g6
1073741823,1073740735,1073741823,1073725439,1073733631,1073740799,1073733375,1073577855,1073610735,1073217535,1072693247,1073741823,1073741823,1073741823,1073741823:g8
1073741823,1073741503,1073741823,1073725439,1073733631,1073740799,1073733375,1073577855,1073610735,1073217535,1072693247,1073741823,1073741823,1073741823,1073741823:g6
1073741823,1073741759,1073741823,1073724415,1073733631,1073740799,1073733375,1073577855,1073610735,1073217535,1072693247,1073741823,1073741823,1073741823,1073741823:g8
1073741823,1073741759,1073741567,1073725439,1073733631,1073740799,1073733375,1073577855,1073610735,1073217535,1072693247,1073741823,1073741823,1073741823,1073741823:g6
1073741823,1073741759,1073741823,1073725375,1073733631,1073740799,1073733375,1073577855,1073610735,1073217535,1072693247,1073741823,1073741823,1073741823,1073741823:g8
1073741823,1073741759,1073741759,1073725439,1073733631,1073740799,1073733375,1073577855,1073610735,1073217535,1072693247,1073741823,1073741823,1073741823,1073741823:g6
1073741823,1073741759,1073741823,1073725439,1073733631,1073740799,1073733375,1073577855,1073610735,1073216511,1072693247,1073741823,1073741823,1073741823,1073741823:g6
1073741823,1073741759,1073741823,1073725439,1073733631,1073740799,1073733375,1073577855,1073606639,1073217535,1072693247,1073741823,1073741823,1073741823,1073741823:g6
1073741823,1073741759,1073741823,1073725439,1073733631,1073740799,1073733375,1073576831,1073610735,1073217535,1072693247,1073741823,1073741823,1073741823,1073741823:j8
1073741823,1073741759,1073741823,1073725439,1073733631,1073740799,1073733375,1073573759,1073610735,1073217535,1072693247,1073741823,1073741823,1073741823,1073741823:i7
1073741823,1073741759,1073741823,1073725439,1073733631,1073724415,1073733375,1073577855,1073610735,1073217535,1072693247,1073741823,1073741823,1073741823,1073741823:g6
1073741823,1073741759,1073741823,1073725439,1073733631,1073740799,1073716991,1073577855,1073610735,1073217535,1072693247,1073741823,1073741823,1073741823,1073741823:g8
1073741823,1073741759,1073741823,1073725439,1073733631,1073478655,1073733375,1073577855,1073610735,1073217535,1072693247,1073741823,1073741823,1073741823,1073741823:g6
1073741823,1073741759,1073741823,1073725439,1073733631,1073740799,1073667839,1073577855,1073610735,1073217535,1072693247,1073741823,1073741823,1073741823,1073741823:g6
1073741823,1073741759,1073741823,1073725439,1073733631,1073740799,1073733375,1073315711,1073610735,1073217535,1072693247,1073741823,1073741823,1073741823,1073741823:g6
1073741823,1073741759,1073741823,1073725439,1073733631,1073740799,1073733375,1073577855,1073610735,1073201151,1072693247,1073741823,1073741823,1073741823,1073741823:g6
1073741823,1073741759,1073741823,1073725439,1073733631,1073740799,1073733375,1073577855,1073594351,1073217535,1072693247,1073741823,1073741823,1073741823,1073741823:g6
1073741823,1073741759,1073741823,1073741823,1073741823,1073740799,1073732351,1073577855,1073610735,1073217535,1072693247,1073741823,1073741823,1073741823,1073741823:j8
1073741823,1073741759,1073741823,1073741823,1073741567,1073740799,1073733375,1073577855,1073610735,1073217535,1072693247,1073741823,1073741823,1073741823,1073741823:g8
1073741823,1073741759,1073741823,1073741823,1073737727,1073740799,1073733375,1073577855,1073610735,1073217535,1072693247,1073741823,1073741823,1073741823,1073741823:g8
1073741823,1073741759,1073741823,1073741823,1073741823,1073736703,1073733375,1073577855,1073610735,1073217535,1072693247,1073741823,1073741823,1073741823,1073741823:j8
1073741823,1073741759,1073741823,1073741823,1073676287,1073740799,1073733375,1073577855,1073610735,1073217535,1072693247,1073741823,1073741823,1073741823,1073741823:g8
1073741823,1073741759,1073741823,1073741823,1073741823,1073740799,1073733375,1073577855,1073610735,1073217535,1072693246,1073741823,1073741823,1073741823,1073741823:f8
1073741823,1073741759,1073741823,1073741823,1073741823,1073740799,1073733375,1073577855,1073610735,1073217531,1072693247,1073741823,1073741823,1073741823,1073741823:f8
1073741823,1073741759,1073741823,1073741823,1073741823,1073740799,1073733375,1073577855,1073610734,1073217535,1072693247,1073741823,1073741823,1073741823,1073741823:f8
1073741823,1073741759,1073741823,1073741823,1073741823,1073740799,1073733375,1073577855,1073610731,1073217535,1072693247,1073741823,1073741823,1073741823,1073741823:f8
1073741823,1073741759,1073741823,1073741823,1073741823,1073740799,1073733374,1073577855,1073610735,1073217535,1072693247,1073741823,1073741823,1073741823,1073741823:g8
1073741823,1073741759,1073741823,1073741823,1073741823,1073740799,1073733375,1073577851,1073610735,1073217535,1072693247,1073741823,1073741823,1073741823,1073741823:g8
1073741823,1073741759,1073741823,1073741823,1073741823,1073740799,1073733359,1073577855,1073610735,1073217535,1072693247,1073741823,1073741823,1073741823,1073741823:g8
1073741823,1073741759,1073741823,1073741823,1073741823,1073740799,1073733375,1073577839,1073610735,1073217535,1072693247,1073741823,1073741823,1073741823,1073741823:g8
1073741823,1073741759,1073741823,1073741823,1073741823,1073740799,1073733375,1073577855,1073610479,1073217535,1072693247,1073741823,1073741823,1073741823,1073741823:g8
1073741823,1073741759,1073741823,1073741823,1073741823,1073740799,1073733375,1073577855,1073610671,1073217535,1072693247,1073741823,1073741823,1073741823,1073741823:f8
1073741823,1073741759,1073741823,1073741823,1073741823,1073740799,1073733375,1073577855,1073610735,1073217535,1072692991,1073741823,1073741823,1073741823,1073741823:g8
1073741823,1073741759,1073741823,1073741823,1073741823,1073740799,1073733375,1073577855,1073610735,1073217471,1072693247,1073741823,1073741823,1073741823,1073741823:g8
1073741823,1073741759,1073741823,1073741823,1073741823,1073740799,1073733375,1073577855,1073610735,1073217535,1072693231,1073741823,1073741823,1073741823,1073741823:g8
1073741823,1073741759,1073741823,1073741823,1073741823,1073740799,1073733375,1073577855,1073610735,1073217519,1072693247,1073741823,1073741823,1073741823,1073741823:g8
1073741823,1073741759,1073741823,1073741823,1073741823,1073740799,1073733375,1073577855,1073610735,1073217535,1072689151,1073741823,1073741823,1073741823,1073741823:g8
1073741823,1073741759,1073741823,1073741823,1073741823,1073740799,1072684799,1073577855,1073610735,1073217535,1072693247,1073741823,1073741823,1073741823,1073741823:f8
1073741823,1073741759,1073741823,1073741823,1073741823,1073740799,1073733375,1073577855,1072562159,1073217535,1072693247,1073741823,1073741823,1073741823,1073741823:g8
1073741823,1073741759,1073741823,1073741823,1073741823,1073740799,1073733375,1073577855,1073348591,1073217535,1072693247,1073741823,1073741823,1073741823,1073741823:f8
1073741823,1073741759,1073741823,1073741823,1073741823,1073740799,1073733375,1073577855,1073610735,1073217535,1072627711,1073741823,1073741823,1073741823,1073741823:g8
1073741823,1073741759,1073741823,1073741823,1073741823,1073740799,1073733375,1073577855,1073610735,1073151999,1072693247,1073741823,1073741823,1073741823,1073741823:f8
1073741823,1073741759,1073741823,1073741819,1073741823,1073740799,1073733375,1073577855,1073610735,1073217535,1072693247,1073741823,1073741823,1073741823,1073741823:f8
1073741823,1073741759,1073741807,1073741823,1073741823,1073740799,1073733375,1073577855,1073610735,1073217535,1072693247,1073741823,1073741823,1073741823,1073741823:f8
1073741823,1073741755,1073741823,1073741823,1073741823,1073740799,1073733375,1073577855,1073610735,1073217535,1072693247,1073741823,1073741823,1073741823,1073741823:f8
1073741823,1073741743,1073741823,1073741823,1073741823,1073740799,1073733375,1073577855,1073610735,1073217535,1072693247,1073741823,1073741823,1073741823,1073741823:f8
1073741807,1073741759,1073741823,1073741823,1073741823,1073740799,1073733375,1073577855,1073610735,1073217535,1072693247,1073741823,1073741823,1073741823,1073741823:f8
1073741759,1073741759,1073741823,1073741823,1073741823,1073740799,1073733375,1073577855,1073610735,1073217535,1072693247,1073741823,1073741823,1073741823,1073741823:f8
1073741567,1073741759,1073741823,1073741823,1073741823,1073740799,1073733375,1073577855,1073610735,1073217535,1072693247,1073741823,1073741823,1073741823,1073741823:f8
1073741823,1073740735,1073741823,1073741823,1073741823,1073740799,1073733375,1073577855,1073610735,1073217535,1072693247,1073741823,1073741823,1073741823,1073741823:f8
1073741823,1073741503,1073741823,1073741823,1073741823,1073740799,1073733375,1073577855,1073610735,1073217535,1072693247,1073741823,1073741823,1073741823,1073741823:f8
1073741823,1073741759,1073741823,1073740799,1073741823,1073740799,1073733375,1073577855,1073610735,1073217535,1072693247,1073741823,1073741823,1073741823,1073741823:j8
1073741823,1073741759,1073741567,1073741823,1073741823,1073740799,1073733375,1073577855,1073610735,1073217535,1072693247,1073741823,1073741823,1073741823,1073741823:g8
1073741823,1073741759,1073741823,1073741759,1073741823,1073740799,1073733375,1073577855,1073610735,1073217535,1072693247,1073741823,1073741823,1073741823,1073741823:f8
1073741823,1073741759,1073741759,1073741823,1073741823,1073740799,1073733375,1073577855,1073610735,1073217535,1072693247,1073741823,1073741823,1073741823,1073741823:f8
1073741823,1073741759,1073741823,1073741823,1073741823,1073740799,1073733375,1073577855,1073610735,1073216511,1072693247,1073741823,1073741823,1073741823,1073741823:j8
1073741823,1073741759,1073741823,1073741823,1073741823,1073740799,1073733375,1073577855,1073606639,1073217535,1072693247,1073741823,1073741823,1073741823,1073741823:j8
1073741823,1073741759,1073741823,1073741823,1073741823,1073740799,1073733375,1073576831,1073610735,1073217535,1072693247,1073741823,1073741823,1073741823,1073741823:j8
1073741823,1073741759,1073741823,1073741823,1073741823,1073740799,1073733375,1073573759,1073610735,1073217535,1072693247,1073741823,1073741823,1073741823,1073741823:i10
1073741823,1073741759,1073741823,1073741823,1073741823,1073724415,1073733375,1073577855,1073610735,1073217535,1072693247,1073741823,1073741823,1073741823,1073741823:j8
1073741823,1073741759,1073741823,1073741823,1073741823,1073740799,1073716991,1073577855,1073610735,1073217535,1072693247,1073741823,1073741823,1073741823,1073741823:f8
1073741823,1073741759,1073741823,1073741823,1073741823,1073478655,1073733375,1073577855,1073610735,1073217535,1072693247,1073741823,1073741823,1073741823,1073741823:j8
1073741823,1073741759,1073741823,1073741823,1073741823,1073740799,1073667839,1073577855,1073610735,1073217535,1072693247,1073741823,1073741823,1073741823,1073741823:j8
1073741823,1073741759,1073741823,1073741823,1073741823,1073740799,1073733375,1073315711,1073610735,1073217535,1072693247,1073741823,1073741823,1073741823,1073741823:i7
1073741823,1073741759,1073741823,1073741823,1073741823,1073740799,1073733375,1073577855,1073610735,1073201151,1072693247,1073741823,1073741823,1073741823,1073741823:f8
1073741823,1073741759,1073741823,1073741823,1073741823,1073740799,1073733375,1073577855,1073594351,1073217535,1072693247,1073741823,1073741823,1073741823,1073741823:f8
1073741823,1073741759,1073741823,1073741823,1073741823,1073740799,1073733631,1073577919,1073610735,1073217535,1072693247,1073741823,1073741823,1073741823,1073741823:e7
1073741823,1073741759,1073741823,1073741823,1073741807,1073740799,1073733119,1073577919,1073610735,1073217535,1072693247,1073741823,1073741823,1073741823,1073741823:h7
1073741823,1073741759,1073741823,1073741823,1073741823,1073740795,1073733119,1073577919,1073610735,1073217535,1072693247,1073741823,1073741823,1073741823,1073741823:h7
1073741823,1073741759,1073741823,1073741823,1073741823,1073740799,1073733055,1073577919,1073610735,1073217535,1072693247,1073741823,1073741823,1073741823,1073741823:f8
1073741823,1073741759,1073741823,1073741823,1073741823,1073740799,1073733119,1073577663,1073610735,1073217535,1072693247,1073741823,1073741823,1073741823,1073741823:h7
1073741823,1073741759,1073741823,1073741823,1073741823,1073740799,1073733119,1073577919,1073610735,1073213439,1072693247,1073741823,1073741823,1073741823,1073741823:h7
1073741823,1073741759,1073741823,1073741823,1073741823,1073675263,1073733119,1073577919,1073610735,1073217535,1072693247,1073741823,1073741823,1073741823,1073741823:h7
1073741823,1073741759,1073741823,1073741823,1073741823,1072692223,1073733119,1073577919,1073610735,1073217535,1072693247,1073741823,1073741823,1073741823,1073741823:h7
1073741823,1073741759,1073741823,1073741823,1073741823,1073740799,1073470975,1073577919,1073610735,1073217535,1072693247,1073741823,1073741823,1073741823,1073741823:h7
1073741823,1073741759,1073741823,1073741823,1073741823,1073740799,1073733119,1072529343,1073610735,1073217535,1072693247,1073741823,1073741823,1073741823,1073741823:h7
1073741823,1073741759,1073741823,1073741823,1073741823,1073740799,1073733119,1073577919,1073610735,1073217535,1072693247,1073741823,1073676287,1073741823,1073741823:h7
1073741823,1073741759,1073741823,1073741823,1073741823,1073740799,1073733119,1073577919,1056833519,1073217535,1072693247,1073741823,1073741823,1073741823,1073741823:h7
1073741823,1073741759,1073741823,1073741823,1073741823,1073740799,1073733119,1073577919,1073610735,1073217535,1055916031,1073741823,1073741823,1073741823,1073741823:h7
1073741823,1073741759,1073741823,1073741823,1073741823,1073740799,1073733119,1073577919,1073610735,1073217535,1068498943,1073741823,1073741823,1073741823,1073741823:h7
1073741823,1073741759,1073741823,1073741823,1073741823,1073740799,1073733119,1073577919,1073610735,1073217535,1072693247,1073741823,1056964607,1073741823,1073741823:h7
1073741823,1073741759,1073741823,1073741823,1073741823,1073740799,1073733119,1073577919,1073610735,1073217535,1072693247,1073741823,1072693247,1073741823,1073741823:h7
1073741823,1073741759,1073741823,1073741823,1073741823,1073740799,1073733119,1073577919,1073610735,1073217535,1072693247,1072693247,1073741823,1073741823,1073741823:h7
1073741823,1073741759,1073741823,1073741823,1073741823,1073740799,1073733119,1073577919,1073610735,1073217535,1072693247,1073725439,1073741823,1073741823,1073741823:h7
1073741823,1073741759,1073741823,1073741823,1073741823,1073740799,1073733119,1069383615,1073610735,1073217535,1072693247,1073741823,1073741823,1073741823,1073741823:h7
1073741823,1073741759,1073741823,1073741823,1073741823,1073740799,1073733119,1073577919,1073610735,1069023231,1072693247,1073741823,1073741823,1073741823,1073741823:h7
1073741823,1073741759,1073741823,1073741823,1073741823,1073740799,1073733119,1073577919,1073610735,1072168959,1072693247,1073741823,1073741823,1073741823,1073741823:h7
1073741823,1073741759,1073741823,1073741823,1073741823,1073740799,1073733119,1073577919,1073610735,1073217535,1072693247,1069547519,1073741823,1073741823,1073741823:h7
1073741823,1073741759,1073741823,1073741823,1073741823,1073740799,1073733119,1073577919,1073610735,1073217535,1072693247,1073479679,1073741823,1073741823,1073741823:h7
1073741823,1073741759,1073741823,1073741823,1073741823,1073740799,1073733119,1073577919,1073610735,1073217535,1072431103,1073741823,1073741823,1073741823,1073741823:h7
1073741823,1073741759,1073741823,1073741823,1073741823,1073740735,1073733119,1073577919,1073610735,1073217535,1072693247,1073741823,1073741823,1073741823,1073741823:f8
1073741823,1073741759,1073741823,1073741823,1073741823,1073740543,1073733119,1073577919,1073610735,1073217535,1072693247,1073741823,1073741823,1073741823,1073741823:f8
1073741823,1073741759,1073741823,1073741823,1073740799,1073740799,1073733119,1073577919,1073610735,1073217535,1072693247,1073741823,1073741823,1073741823,1073741823:f8
1073741823,1073741759,1073741823,1073725439,1073741823,1073740799,1073733119,1073577919,1073610735,1073217535,1072693247,1073741823,1073741823,1073741823,1073741823:h7
1073741823,1073741759,1073741823,1073741823,1073741823,1073740799,1073732095,1073577919,1073610735,1073217535,1072693247,1073741823,1073741823,1073741823,1073741823:f8
1073741823,1073741759,1073741823,1073741823,1073741567,1073740799,1073733119,1073577919,1073610735,1073217535,1072693247,1073741823,1073741823,1073741823,1073741823:h7
1073741823,1073741759,1073741823,1073741823,1073737727,1073740799,1073733119,1073577919,1073610735,1073217535,1072693247,1073741823,1073741823,1073741823,1073741823:h7
1073741823,1073741759,1073741823,1073741823,1073741823,1073736703,1073733119,1073577919,1073610735,1073217535,1072693247,1073741823,1073741823,1073741823,1073741823:f8
1073741823,1073741759,1073741823,1073741823,1073676287,1073740799,1073733119,1073577919,1073610735,1073217535,1072693247,1073741823,1073741823,1073741823,1073741823:h7
1073741823,1073741759,1073741823,1073741823,1073741823,1073740799,1073733119,1073577919,1073610735,1073217535,1072693246,1073741823,1073741823,1073741823,1073741823:h7
1073741823,1073741759,1073741823,1073741823,1073741823,1073740799,1073733119,1073577919,1073610735,1073217531,1072693247,1073741823,1073741823,1073741823,1073741823:h7
1073741823,1073741759,1073741823,1073741823,1073741823,1073740799,1073733119,1073577919,1073610734,1073217535,1072693247,1073741823,1073741823,1073741823,1073741823:h7
1073741823,1073741759,1073741823,1073741823,1073741823,1073740799,1073733119,1073577919,1073610731,1073217535,1072693247,1073741823,1073741823,1073741823,1073741823:h7
1073741823,1073741759,1073741823,1073741823,1073741823,1073740799,1073733118,1073577919,1073610735,1073217535,1072693247,1073741823,1073741823,1073741823,1073741823:h7
1073741823,1073741759,1073741823,1073741823,1073741823,1073740799,1073733119,1073577915,1073610735,1073217535,1072693247,1073741823,1073741823,1073741823,1073741823:h7
1073741823,1073741759,1073741823,1073741823,1073741823,1073740799,1073733103,1073577919,1073610735,1073217535,1072693247,1073741823,1073741823,1073741823,1073741823:h7
1073741823,1073741759,1073741823,1073741823,1073741823,1073740799,1073733119,1073577903,1073610735,1073217535,1072693247,1073741823,1073741823,1073741823,1073741823:h7
1073741823,1073741759,1073741823,1073741823,1073741823,1073740799,1073733119,1073577919,1073610479,1073217535,1072693247,1073741823,1073741823,1073741823,1073741823:h7
1073741823,1073741759,1073741823,1073741823,1073741823,1073740799,1073733119,1073577919,1073610671,1073217535,1072693247,1073741823,1073741823,1073741823,1073741823:f8
1073741823,1073741759,1073741823,1073741823,1073741823,1073740799,1073733119,1073577919,1073610735,1073217535,1072692991,1073741823,1073741823,1073741823,1073741823:h7
1073741823,1073741759,1073741823,1073741823,1073741823,1073740799,1073733119,1073577919,1073610735,1073217471,1072693247,1073741823,1073741823,1073741823,1073741823:f8
1073741823,1073741759,1073741823,1073741823,1073741823,1073740799,1073733119,1073577919,1073610735,1073217535,1072693231,1073741823,1073741823,1073741823,1073741823:h7
1073741823,1073741759,1073741823,1073741823,1073741823,1073740799,1073733119,1073577919,1073610735,1073217519,1072693247,1073741823,1073741823,1073741823,1073741823:h7
1073741823,1073741759,1073741823,1073741823,1073741823,1073740799,1073733119,1073577919,1073610735,1073217535,1072689151,1073741823,1073741823,1073741823,1073741823:h7
1073741823,1073741759,1073741823,1073741823,1073741823,1073740799,1072684543,1073577919,1073610735,1073217535,1072693247,1073741823,1073741823,1073741823,1073741823:h7
1073741823,1073741759,1073741823,1073741823,1073741823,1073740799,1073733119,1073577919,1072562159,1073217535,1072693247,1073741823,1073741823,1073741823,1073741823:h7
1073741823,1073741759,1073741823,1073741823,1073741823,1073740799,1073733119,1073577919,1073348591,1073217535,1072693247,1073741823,1073741823,1073741823,1073741823:h7
1073741823,1073741759,1073741823,1073741823,1073741823,1073740799,1073733119,1073577919,1073610735,1073217535,1072627711,1073741823,1073741823,1073741823,1073741823:h7
1073741823,1073741759,1073741823,1073741823,1073741823,1073740799,1073733119,1073577919,1073610735,1073151999,1072693247,1073741823,1073741823,1073741823,1073741823:h7
1073741823,1073741759,1073741823,1073741819,1073741823,1073740799,1073733119,1073577919,1073610735,1073217535,1072693247,1073741823,1073741823,1073741823,1073741823:h7
1073741823,1073741759,1073741807,1073741823,1073741823,1073740799,1073733119,1073577919,1073610735,1073217535,1072693247,1073741823,1073741823,1073741823,1073741823:h7
1073741823,1073741755,1073741823,1073741823,1073741823,1073740799,1073733119,1073577919,1073610735,1073217535,1072693247,1073741823,1073741823,1073741823,1073741823:h7
1073741823,1073741743,1073741823,1073741823,1073741823,1073740799,1073733119,1073577919,1073610735,1073217535,1072693247,1073741823,1073741823,1073741823,1073741823:h7
1073741807,1073741759,1073741823,1073741823,1073741823,1073740799,1073733119,1073577919,1073610735,1073217535,1072693247,1073741823,1073741823,1073741823,1073741823:h7
1073741759,1073741759,1073741823,1073741823,1073741823,1073740799,1073733119,1073577919,1073610735,1073217535,1072693247,1073741823,1073741823,1073741823,1073741823:h7
1073741567,1073741759,1073741823,1073741823,1073741823,1073740799,1073733119,1073577919,1073610735,1073217535,1072693247,1073741823,1073741823,1073741823,1073741823:h7
1073741823,1073740735,1073741823,1073741823,1073741823,1073740799,1073733119,1073577919,1073610735,1073217535,1072693247,1073741823,1073741823,1073741823,1073741823:h7
1073741823,1073741503,1073741823,1073741823,1073741823,1073740799,1073733119,1073577919,1073610735,1073217535,1072693247,1073741823,1073741823,1073741823,1073741823:h7
1073741823,1073741759,1073741823,1073740799,1073741823,1073740799,1073733119,1073577919,1073610735,1073217535,1072693247,1073741823,1073741823,1073741823,1073741823:f8
1073741823,1073741759,1073741567,1073741823,1073741823,1073740799,1073733119,1073577919,1073610735,1073217535,1072693247,1073741823,1073741823,1073741823,1073741823:h7
1073741823,1073741759,1073741823,1073741759,1073741823,1073740799,1073733119,1073577919,1073610735,1073217535,1072693247,1073741823,1073741823,1073741823,1073741823:f8
1073741823,1073741759,1073741759,1073741823,1073741823,1073740799,1073733119,1073577919,1073610735,1073217535,1072693247,1073741823,1073741823,1073741823,1073741823:h7
1073741823,1073741759,1073741823,1073741823,1073741823,1073740799,1073733119,1073577919,1073610735,1073216511,1072693247,1073741823,1073741823,1073741823,1073741823:f8
1073741823,1073741759,1073741823,1073741823,1073741823,1073740799,1073733119,1073577919,1073606639,1073217535,1072693247,1073741823,1073741823,1073741823,1073741823:h7
1073741823,1073741759,1073741823,1073741823,1073741823,1073740799,1073733119,1073576895,1073610735,1073217535,1072693247,1073741823,1073741823,1073741823,1073741823:i10
1073741823,1073741759,1073741823,1073741823,1073741823,1073740799,1073733119,1073573823,1073610735,1073217535,1072693247,1073741823,1073741823,1073741823,1073741823:h7
1073741823,1073741759,1073741823,1073741823,1073741823,1073724415,1073733119,1073577919,1073610735,1073217535,1072693247,1073741823,1073741823,1073741823,1073741823:j8
1073741823,1073741759,1073741823,1073741823,1073741823,1073740799,1073716735,1073577919,1073610735,1073217535,1072693247,1073741823,1073741823,1073741823,1073741823:f8
1073741823,1073741759,1073741823,1073741823,1073741823,1073478655,1073733119,1073577919,1073610735,1073217535,1072693247,1073741823,1073741823,1073741823,1073741823:h7
1073741823,1073741759,1073741823,1073741823,1073741823,1073740799,1073667583,1073577919,1073610735,1073217535,1072693247,1073741823,1073741823,1073741823,1073741823:f8
1073741823,1073741759,1073741823,1073741823,1073741823,1073740799,1073733119,1073315775,1073610735,1073217535,1072693247,1073741823,1073741823,1073741823,1073741823:h7
1073741823,1073741759,1073741823,1073741823,1073741823,1073740799,1073733119,1073577919,1073610735,1073201151,1072693247,1073741823,1073741823,1073741823,1073741823:h7
1073741823,1073741759,1073741823,1073741823,1073741823,1073740799,1073733119,1073577919,1073594351,1073217535,1072693247,1073741823,1073741823,1073741823,1073741823:h7
1073741823,1073741759,1073741823,1073741823,1073741823,1073740799,1073733631,1073577983,1073610479,1073217535,1072693247,1073741823,1073741823,1073741823,1073741823:g8
1073741823,1073741759,1073741823,1073741823,1073741823,1073740799,1073733631,1073577983,1073610671,1073217535,1072693247,1073741823,1073741823,1073741823,1073741823:g8
1073741823,1073741759,1073741823,1073741823,1073741823,1073740799,1073733631,1073577983,1073610735,1073217535,1072692991,1073741823,1073741823,1073741823,1073741823:g8
1073741823,1073741759,1073741823,1073741823,1073741823,1073740799,1073733631,1073577983,1073610735,1073217471,1072693247,1073741823,1073741823,1073741823,1073741823:f8
1073741823,1073741759,1073741823,1073741823,1073741823,1073740799,1073733631,1073577983,1073610735,1073217535,1072693231,1073741823,1073741823,1073741823,1073741823:f8
1073741823,1073741759,1073741823,1073741823,1073741823,1073740799,1073733631,1073577983,1073610735,1073217519,1072693247,1073741823,1073741823,1073741823,1073741823:f8
1073741823,1073741759,1073741823,1073741823,1073741823,1073740799,1073733631,1073577983,1073610735,1073217535,1072689151,1073741823,1073741823,1073741823,1073741823:f8
1073741823,1073741759,1073741823,1073741823,1073741823,1073740799,1072685055,1073577983,1073610735,1073217535,1072693247,1073741823,1073741823,1073741823,1073741823:f8
1073741823,1073741759,1073741823,1073741823,1073741823,1073740799,1073733631,1073577983,1072562159,1073217535,1072693247,1073741823,1073741823,1073741823,1073741823:f8
1073741823,1073741759,1073741823,1073741823,1073741823,1073740799,1073733631,1073577983,1073348591,1073217535,1072693247,1073741823,1073741823,1073741823,1073741823:f8
1073741823,1073741759,1073741823,1073741823,1073741823,1073740799,1073733631,1073577983,1073610735,1073217535,1072627711,1073741823,1073741823,1073741823,1073741823:g8
1073741823,1073741759,1073741823,1073741823,1073741823,1073740799,1073733631,1073577983,1073610735,1073151999,1072693247,1073741823,1073741823,1073741823,1073741823:g8
1073741823,1073741759,1073741823,1073741819,1073741823,1073740799,1073733631,1073577983,1073610735,1073217535,1072693247,1073741823,1073741823,1073741823,1073741823:f8
1073741823,1073741759,1073741807,1073741823,1073741823,1073740799,1073733631,1073577983,1073610735,1073217535,1072693247,1073741823,1073741823,1073741823,1073741823:f8
1073741823,1073741755,1073741823,1073741823,1073741823,1073740799,1073733631,1073577983,1073610735,1073217535,1072693247,1073741823,1073741823,1073741823,1073741823:f8
1073741823,1073741743,1073741823,1073741823,1073741823,1073740799,1073733631,1073577983,1073610735,1073217535,1072693247,1073741823,1073741823,1073741823,1073741823:f8
1073741807,1073741759,1073741823,1073741823,1073741823,1073740799,1073733631,1073577983,1073610735,1073217535,1072693247,1073741823,1073741823,1073741823,1073741823:f8
1073741759,1073741759,1073741823,1073741823,1073741823,1073740799,1073733631,1073577983,1073610735,1073217535,1072693247,1073741823,1073741823,1073741823,1073741823:f8
1073741567,1073741759,1073741823,1073741823,1073741823,1073740799,1073733631,1073577983,1073610735,1073217535,1072693247,1073741823,1073741823,1073741823,1073741823:f8
1073741823,1073740735,1073741823,1073741823,1073741823,1073740799,1073733631,1073577983,1073610735,1073217535,1072693247,1073741823,1073741823,1073741823,1073741823:f8
1073741823,1073741503,1073741823,1073741823,1073741823,1073740799,1073733631,1073577983,1073610735,1073217535,1072693247,1073741823,1073741823,1073741823,1073741823:f8
1073741823,1073741759,1073741823,1073740799,1073741823,1073740799,1073733631,1073577983,1073610735,1073217535,1072693247,1073741823,1073741823,1073741823,1073741823:f8
1073741823,1073741759,1073741567,1073741823,1073741823,1073740799,1073733631,1073577983,1073610735,1073217535,1072693247,1073741823,1073741823,1073741823,1073741823:f8
1073741823,1073741759,1073741823,1073741759,1073741823,1073740799,1073733631,1073577983,1073610735,1073217535,1072693247,1073741823,1073741823,1073741823,1073741823:f8
1073741823,1073741759,1073741759,1073741823,1073741823,1073740799,1073733631,1073577983,1073610735,1073217535,1072693247,1073741823,1073741823,1073741823,1073741823:f8
1073741823,1073741759,1073741823,1073741823,1073741823,1073740799,1073733631,1073577983,1073610735,1073216511,1072693247,1073741823,1073741823,1073741823,1073741823:f8
1073741823,1073741759,1073741823,1073741823,1073741823,1073740799,1073733631,1073577983,1073606639,1073217535,1072693247,1073741823,1073741823,1073741823,1073741823:j8
1073741823,1073741759,1073741823,1073741823,1073741823,1073740799,1073733631,1073576959,1073610735,1073217535,1072693247,1073741823,1073741823,1073741823,1073741823:j8
1073741823,1073741759,1073741823,1073741823,1073741823,1073740799,1073733631,1073573887,1073610735,1073217535,1072693247,1073741823,1073741823,1073741823,1073741823:i10
1073741823,1073741759,1073741823,1073741823,1073741823,1073724415,1073733631,1073577983,1073610735,1073217535,1072693247,1073741823,1073741823,1073741823,1073741823:j8
1073741823,1073741759,1073741823,1073741823,1073741823,1073740799,1073717247,1073577983,1073610735,1073217535,1072693247,1073741823,1073741823,1073741823,1073741823:g8
1073741823,1073741759,1073741823,1073741823,1073741823,1073478655,1073733631,1073577983,1073610735,1073217535,1072693247,1073741823,1073741823,1073741823,1073741823:f8
1073741823,1073741759,1073741823,1073741823,1073741823,1073740799,1073668095,1073577983,1073610735,1073217535,1072693247,1073741823,1073741823,1073741823,1073741823:g8
1073741823,1073741759,1073741823,1073741823,1073741823,1073740799,1073733631,1073315839,1073610735,1073217535,1072693247,1073741823,1073741823,1073741823,1073741823:i7
1073741823,1073741759,1073741823,1073741823,1073741823,1073740799,1073733631,1073577983,1073610735,1073201151,1072693247,1073741823,1073741823,1073741823,1073741823:f8
1073741823,1073741759,1073741823,1073741823,1073741823,1073740799,1073733631,1073577983,1073594351,1073217535,1072693247,1073741823,1073741823,1073741823,1073741823:g8
1073741823,1073741759,1073741823,1073741823,1073741823,1073740799,1073733631,1073709055,1073610735,1073217535,1073676287,1073741823,1073741823,1073741823,1073741823:k11
1073741823,1073741759,1073741823,1073741823,1073741823,1073740799,1073733631,1073709055,1073610735,1073151999,1073741823,1073741823,1073741823,1073741823,1073741823:k11
1073741823,1073741759,1073741823,1073741819,1073741823,1073740799,1073733631,1073709055,1073610735,1073217535,1073741823,1073741823,1073741823,1073741823,1073741823:k11
1073741823,1073741759,1073741807,1073741823,1073741823,1073740799,1073733631,1073709055,1073610735,1073217535,1073741823,1073741823,1073741823,1073741823,1073741823:k11
1073741823,1073741755,1073741823,1073741823,1073741823,1073740799,1073733631,1073709055,1073610735,1073217535,1073741823,1073741823,1073741823,1073741823,1073741823:k11
1073741823,1073741743,1073741823,1073741823,1073741823,1073740799,1073733631,1073709055,1073610735,1073217535,1073741823,1073741823,1073741823,1073741823,1073741823:k11
1073741807,1073741759,1073741823,1073741823,1073741823,1073740799,1073733631,1073709055,1073610735,1073217535,1073741823,1073741823,1073741823,1073741823,1073741823:k11
1073741759,1073741759,1073741823,1073741823,1073741823,1073740799,1073733631,1073709055,1073610735,1073217535,1073741823,1073741823,1073741823,1073741823,1073741823:k11
1073741567,1073741759,1073741823,1073741823,1073741823,1073740799,1073733631,1073709055,1073610735,1073217535,1073741823,1073741823,1073741823,1073741823,1073741823:k11
1073741823,1073740735,1073741823,1073741823,1073741823,1073740799,1073733631,1073709055,1073610735,1073217535,1073741823,1073741823,1073741823,1073741823,1073741823:k11
1073741823,1073741503,1073741823,1073741823,1073741823,1073740799,1073733631,1073709055,1073610735,1073217535,1073741823,1073741823,1073741823,1073741823,1073741823:k11
1073741823,1073741759,1073741823,1073740799,1073741823,1073740799,1073733631,1073709055,1073610735,1073217535,1073741823,1073741823,1073741823,1073741823,1073741823:k11
1073741823,1073741759,1073741567,1073741823,1073741823,1073740799,1073733631,1073709055,1073610735,1073217535,1073741823,1073741823,1073741823,1073741823,1073741823:k11
1073741823,1073741759,1073741823,1073741759,1073741823,1073740799,1073733631,1073709055,1073610735,1073217535,1073741823,1073741823,1073741823,1073741823,1073741823:k11
1073741823,1073741759,1073741759,1073741823,1073741823,1073740799,1073733631,1073709055,1073610735,1073217535,1073741823,1073741823,1073741823,1073741823,1073741823:k11
1073741823,1073741759,1073741823,1073741823,1073741823,1073740799,1073733631,1073709055,1073610735,1073216511,1073741823,1073741823,1073741823,1073741823,1073741823:k11
1073741823,1073741759,1073741823,1073741823,1073741823,1073740799,1073733631,1073709055,1073606639,1073217535,1073741823,1073741823,1073741823,1073741823,1073741823:k11
1073741823,1073741759,1073741823,1073741823,1073741823,1073740799,1073733631,1073708031,1073610735,1073217535,1073741823,1073741823,1073741823,1073741823,1073741823:k11
1073741823,1073741759,1073741823,1073741823,1073741823,1073740799,1073733631,1073704959,1073610735,1073217535,1073741823,1073741823,1073741823,1073741823,1073741823:k11
1073741823,1073741759,1073741823,1073741823,1073741823,1073724415,1073733631,1073709055,1073610735,1073217535,1073741823,1073741823,1073741823,1073741823,1073741823:k11
1073741823,1073741759,1073741823,1073741823,1073741823,1073740799,1073717247,1073709055,1073610735,1073217535,1073741823,1073741823,1073741823,1073741823,1073741823:k11
1073741823,1073741759,1073741823,1073741823,1073741823,1073478655,1073733631,1073709055,1073610735,1073217535,1073741823,1073741823,1073741823,1073741823,1073741823:k11
1073741823,1073741759,1073741823,1073741823,1073741823,1073740799,1073668095,1073709055,1073610735,1073217535,1073741823,1073741823,1073741823,1073741823,1073741823:k11
1073741823,1073741759,1073741823,1073741823,1073741823,1073740799,1073733631,1073446911,1073610735,1073217535,1073741823,1073741823,1073741823,1073741823,1073741823:k11
1073741823,1073741759,1073741823,1073741823,1073741823,1073740799,1073733631,1073643519,1073610735,1073217535,1073741823,1073741823,1073741823,1073741823,1073741823:k11
1073741823,1073741759,1073741823,1073741823,1073741823,1073740799,1073733631,1073709055,1073610735,1073201151,1073741823,1073741823,1073741823,1073741823,1073741823:k11
1073741823,1073741759,1073741823,1073741823,1073741823,1073740799,1073733631,1073709055,1073594351,1073217535,1073741823,1073741823,1073741823,1073741823,1073741823:k11
1073741823,1073741759,1073741823,1073741823,1073741823,1073725439,1073733631,1073709055,1073610735,1073741823,1073741823,1073741823,1073741823,1073741823,1073741823:f6
1073741823,1073741759,1073741823,1073741823,1073741823,1073741823,1073717247,1073709055,1073610735,1073741823,1073741823,1073741823,1073741823,1073741823,1073741823:f6
1073741823,1073741759,1073741823,1073741823,1073741823,1073479679,1073733631,1073709055,1073610735,1073741823,1073741823,1073741823,1073741823,1073741823,1073741823:f6
1073741823,1073741759,1073741823,1073741823,1073741823,1073741823,1073668095,1073709055,1073610735,1073741823,1073741823,1073741823,1073741823,1073741823,1073741823:f6
1073741823,1073741759,1073741823,1073741823,1073741823,1073741823,1073733631,1073446911,1073610735,1073741823,1073741823,1073741823,1073741823,1073741823,1073741823:f6
1073741823,1073741759,1073741823,1073741823,1073741823,1073741823,1073733631,1073643519,1073610735,1073741823,1073741823,1073741823,1073741823,1073741823,1073741823:f6
1073741823,1073741759,1073741823,1073741823,1073741823,1073741823,1073733631,1073709055,1073610735,1073479679,1073741823,1073741823,1073741823,1073741823,1073741823:f6
1073741823,1073741759,1073741823,1073741823,1073741823,1073739711,1073733631,1073709055,1073610735,1073479679,1073741823,1073741823,1073741823,1073741823,1073741823:e5
1073741823,1073741759,1073741823,1073741823,1073741823,1073739519,1073733631,1073709055,1073610735,1073479679,1073741823,1073741823,1073741823,1073741823,1073741823:e5
1073741823,1073741759,1073741823,1073741823,1073740799,1073739775,1073733631,1073709055,1073610735,1073479679,1073741823,1073741823,1073741823,1073741823,1073741823:e5
1073741823,1073741759,1073741823,1073725439,1073741823,1073739775,1073733631,1073709055,1073610735,1073479679,1073741823,1073741823,1073741823,1073741823,1073741823:e5
1073741823,1073741759,1073741823,1073741823,1073741823,1073739775,1073733631,1073709055,1073610735,1073479679,1073741823,1073725439,1073741823,1073741823,1073741823:e5
1073741823,1073741759,1073741823,1073741823,1073741823,1073739775,1073733631,1069514751,1073610735,1073479679,1073741823,1073741823,1073741823,1073741823,1073741823:e5
1073741823,1073741759,1073741823,1073741823,1073741823,1073739775,1073733631,1073709055,1073610735,1069285375,1073741823,1073741823,1073741823,1073741823,1073741823:e5
1073741823,1073741759,1073741823,1073741823,1073741823,1073739775,1073733631,1073709055,1073610735,1072431103,1073741823,1073741823,1073741823,1073741823,1073741823:e5
1073741823,1073741759,1073741823,1073741823,1073741823,1073739775,1073733631,1073709055,1073610735,1073479679,1073741823,1069547519,1073741823,1073741823,1073741823:e5
1073741823,1073741759,1073741823,1073741823,1073741823,1073739775,1073733631,1073709055,1073610735,1073479679,1073741823,1073479679,1073741823,1073741823,1073741823:e5
1073741823,1073741759,1073741823,1073741823,1073741823,1073739775,1073733631,1073709055,1073610735,1073479679,1073479679,1073741823,1073741823,1073741823,1073741823:e5
1073741823,1073741759,1073741823,1073741823,1073741823,1073739775,1073732607,1073709055,1073610735,1073479679,1073741823,1073741823,1073741823,1073741823,1073741823:e5
1073741823,1073741759,1073741823,1073741823,1073741567,1073739775,1073733631,1073709055,1073610735,1073479679,1073741823,1073741823,1073741823,1073741823,1073741823:g8
1073741823,1073741759,1073741823,1073741823,1073741567,1073739775,1073733631,1073700863,1073610735,1073479423,1073741823,1073741823,1073741823,1073741823,1073741823:g5
1073741823,1073741759,1073741823,1073741823,1073741567,1073739775,1073733631,1073700863,1073609711,1073479679,1073741823,1073741823,1073741823,1073741823,1073741823:i8
1073741823,1073741759,1073741823,1073741823,1073741567,1073739775,1073733631,1073700607,1073610735,1073479679,1073741823,1073741823,1073741823,1073741823,1073741823:g9
1073741823,1073741759,1073741823,1073741823,1073741567,1073674239,1073733631,1073700863,1073610735,1073479679,1073741823,1073741823,1073741823,1073741823,1073741823:g5
1073741823,1073741759,1073741823,1073741823,1073741567,1073739775,1073733631,1073700863,1073610735,1073475583,1073741823,1073741823,1073741823,1073741823,1073741823:g5
1073741823,1073741759,1073741823,1073741823,1073741551,1073739775,1073733631,1073700863,1073610735,1073479679,1073741823,1073741823,1073741823,1073741823,1073741823:g5
1073741823,1073741759,1073741823,1073741823,1073741503,1073739775,1073733631,1073700863,1073610735,1073479679,1073741823,1073741823,1073741823,1073741823,1073741823:g9
1073741823,1073741759,1073741823,1073741567,1073741567,1073739775,1073733631,1073700863,1073610735,1073479679,1073741823,1073741823,1073741823,1073741823,1073741823:g9
1073741823,1073741759,1073737727,1073741823,1073741567,1073739775,1073733631,1073700863,1073610735,1073479679,1073741823,1073741823,1073741823,1073741823,1073741823:g5
1073741823,1073741759,1073741823,1073741823,1073741567,1073739711,1073733631,1073700863,1073610735,1073479679,1073741823,1073741823,1073741823,1073741823,1073741823:g6
1073741823,1073741759,1073741823,1073741823,1073741567,1073739519,1073733631,1073700863,1073610735,1073479679,1073741823,1073741823,1073741823,1073741823,1073741823:g9
1073741823,1073741759,1073741823,1073741823,1073740543,1073739775,1073733631,1073700863,1073610735,1073479679,1073741823,1073741823,1073741823,1073741823,1073741823:g9
1073741823,1073741759,1073741823,1073725439,1073741567,1073739775,1073733631,1073700863,1073610735,1073479679,1073741823,1073741823,1073741823,1073741823,1073741823:g6
1073741823,1073741759,1073741823,1073741823,1073741567,1073739775,1073733631,1073700863,1073610735,1073479679,1073741823,1073725439,1073741823,1073741823,1073741823:g5
1073741823,1073741759,1073741823,1073741823,1073741567,1073739775,1073733631,1069506559,1073610735,1073479679,1073741823,1073741823,1073741823,1073741823,1073741823:g5
1073741823,1073741759,1073741823,1073741823,1073741567,1073739775,1073733631,1073700863,1073610735,1069285375,1073741823,1073741823,1073741823,1073741823,1073741823:g5
1073741823,1073741759,1073741823,1073741823,1073741567,1073739775,1073733631,1073700863,1073610735,1072431103,1073741823,1073741823,1073741823,1073741823,1073741823:g5
1073741823,1073741759,1073741823,1073741823,1073741567,1073739775,1073733631,1073700863,1073610735,1073479679,1073741823,1069547519,1073741823,1073741823,1073741823:g5
1073741823,1073741759,1073741823,1073741823,1073741567,1073739775,1073733631,1073700863,1073610735,1073479679,1073741823,1073479679,1073741823,1073741823,1073741823:g5
1073741823,1073741759,1073741823,1073741823,1073741567,1073739775,1073733631,1073700863,1073610735,1073479679,1073479679,1073741823,1073741823,1073741823,1073741823:g5
1073741823,1073741759,1073741823,1073741823,1073741567,1073739775,1073732607,1073700863,1073610735,1073479679,1073741823,1073741823,1073741823,1073741823,1073741823:g6
1073741823,1073741759,1073741823,1073741823,1073737471,1073739775,1073733631,1073700863,1073610735,1073479679,1073741823,1073741823,1073741823,1073741823,1073741823:g9
1073741823,1073741759,1073741823,1073741823,1073741567,1073735679,1073733631,1073700863,1073610735,1073479679,1073741823,1073741823,1073741823,1073741823,1073741823:i8
1073741823,1073741759,1073741823,1073741823,1073676031,1073739775,1073733631,1073700863,1073610735,1073479679,1073741823,1073741823,1073741823,1073741823,1073741823:g5
1073741823,1073741759,1073741823,1073741823,1073741567,1073739775,1073733631,1073700863,1073610735,1073479679,1073741822,1073741823,1073741823,1073741823,1073741823:g5
1073741823,1073741759,1073741823,1073741823,1073741567,1073739775,1073733631,1073700863,1073610735,1073479675,1073741823,1073741823,1073741823,1073741823,1073741823:g5
1073741823,1073741759,1073741823,1073741823,1073741567,1073739775,1073733631,1073700863,1073610734,1073479679,1073741823,1073741823,1073741823,1073741823,1073741823:g5
1073741823,1073741759,1073741823,1073741823,1073741567,1073739775,1073733631,1073700863,1073610731,1073479679,1073741823,1073741823,1073741823,1073741823,1073741823:g5
1073741823,1073741759,1073741823,1073741823,1073741567,1073739775,1073733630,1073700863,1073610735,1073479679,1073741823,1073741823,1073741823,1073741823,1073741823:g5
1073741823,1073741759,1073741823,1073741823,1073741567,1073739775,1073733631,1073700859,1073610735,1073479679,1073741823,1073741823,1073741823,1073741823,1073741823:g5
1073741823,1073741759,1073741823,1073741823,1073741567,1073739775,1073733615,1073700863,1073610735,1073479679,1073741823,1073741823,1073741823,1073741823,1073741823:g5
1073741823,1073741759,1073741823,1073741823,1073741567,1073739775,1073733631,1073700847,1073610735,1073479679,1073741823,1073741823,1073741823,1073741823,1073741823:g6
1073741823,1073741759,1073741823,1073741823,1073741567,1073739775,1073733375,1073700863,1073610735,1073479679,1073741823,1073741823,1073741823,1073741823,1073741823:g9
1073741823,1073741759,1073741823,1073741823,1073741567,1073739775,1073733631,1073700799,1073610735,1073479679,1073741823,1073741823,1073741823,1073741823,1073741823:g6
1073741823,1073741759,1073741823,1073741823,1073741567,1073739775,1073733631,1073700863,1073610479,1073479679,1073741823,1073741823,1073741823,1073741823,1073741823:g9
1073741823,1073741759,1073741823,1073741823,1073741567,1073739775,1073733631,1073700863,1073610671,1073479679,1073741823,1073741823,1073741823,1073741823,1073741823:g9
1073741823,1073741759,1073741823,1073741823,1073741567,1073739775,1073733631,1073700863,1073610735,1073479679,1073741567,1073741823,1073741823,1073741823,1073741823:g5
1073741823,1073741759,1073741823,1073741823,1073741567,1073739775,1073733631,1073700863,1073610735,1073479615,1073741823,1073741823,1073741823,1073741823,1073741823:g6
1073741823,1073741759,1073741823,1073741823,1073741567,1073739775,1073733631,1073700863,1073610735,1073479679,1073741807,1073741823,1073741823,1073741823,1073741823:g5
1073741823,1073741759,1073741823,1073741823,1073741567,1073739775,1073733631,1073700863,1073610735,1073479663,1073741823,1073741823,1073741823,1073741823,1073741823:g5
1073741823,1073741759,1073741823,1073741823,1073741567,1073739775,1073733631,1073700863,1073610735,1073479679,1073737727,1073741823,1073741823,1073741823,1073741823:g5
1073741823,1073741759,1073741823,1073741823,1073741567,1073739775,1072685055,1073700863,1073610735,1073479679,1073741823,1073741823,1073741823,1073741823,1073741823:g5
1073741823,1073741759,1073741823,1073741823,1073741567,1073739775,1073733631,1073700863,1072562159,1073479679,1073741823,1073741823,1073741823,1073741823,1073741823:g5
1073741823,1073741759,1073741823,1073741823,1073741567,1073739775,1073733631,1073700863,1073348591,1073479679,1073741823,1073741823,1073741823,1073741823,1073741823:g5
1073741823,1073741759,1073741823,1073741823,1073741567,1073739775,1073733631,1073700863,1073610735,1073479679,1072693247,1073741823,1073741823,1073741823,1073741823:g5
1073741823,1073741759,1073741823,1073741823,1073741567,1073739775,1073733631,1073700863,1073610735,1073479679,1073676287,1073741823,1073741823,1073741823,1073741823:g5
1073741823,1073741759,1073741823,1073741823,1073741567,1073739775,1073733631,1073700863,1073610735,1073414143,1073741823,1073741823,1073741823,1073741823,1073741823:g5
1073741823,1073741759,1073741823,1073741819,1073741567,1073739775,1073733631,1073700863,1073610735,1073479679,1073741823,1073741823,1073741823,1073741823,1073741823:g5
1073741823,1073741759,1073741807,1073741823,1073741567,1073739775,1073733631,1073700863,1073610735,1073479679,1073741823,1073741823,1073741823,1073741823,1073741823:g5
1073741823,1073741755,1073741823,1073741823,1073741567,1073739775,1073733631,1073700863,1073610735,1073479679,1073741823,1073741823,1073741823,1073741823,1073741823:g5
1073741823,1073741743,1073741823,1073741823,1073741567,1073739775,1073733631,1073700863,1073610735,1073479679,1073741823,1073741823,1073741823,1073741823,1073741823:g5
1073741807,1073741759,1073741823,1073741823,1073741567,1073739775,1073733631,1073700863,1073610735,1073479679,1073741823,1073741823,1073741823,1073741823,1073741823:g5
1073741759,1073741759,1073741823,1073741823,1073741567,1073739775,1073733631,1073700863,1073610735,1073479679,1073741823,1073741823,1073741823,1073741823,1073741823:g5
1073741567,1073741759,1073741823,1073741823,1073741567,1073739775,1073733631,1073700863,1073610735,1073479679,1073741823,1073741823,1073741823,1073741823,1073741823:g5
1073741823,1073740735,1073741823,1073741823,1073741567,1073739775,1073733631,1073700863,1073610735,1073479679,1073741823,1073741823,1073741823,1073741823,1073741823:g5
1073741823,1073741503,1073741823,1073741823,1073741567,1073739775,1073733631,1073700863,1073610735,1073479679,1073741823,1073741823,1073741823,1073741823,1073741823:g5
1073741823,1073741759,1073741823,1073740799,1073741567,1073739775,1073733631,1073700863,1073610735,1073479679,1073741823,1073741823,1073741823,1073741823,1073741823:g9
1073741823,1073741759,1073741567,1073741823,1073741567,1073739775,1073733631,1073700863,1073610735,1073479679,1073741823,1073741823,1073741823,1073741823,1073741823:g5
1073741823,1073741759,1073741823,1073741759,1073741567,1073739775,1073733631,1073700863,1073610735,1073479679,1073741823,1073741823,1073741823,1073741823,1073741823:g6
1073741823,1073741759,1073741759,1073741823,1073741567,1073739775,1073733631,1073700863,1073610735,1073479679,1073741823,1073741823,1073741823,1073741823,1073741823:g5
1073741823,1073741759,1073741823,1073741823,1073741567,1073739775,1073733631,1073700863,1073610735,1073478655,1073741823,1073741823,1073741823,1073741823,1073741823:g5
1073741823,1073741759,1073741823,1073741823,1073741567,1073739775,1073733631,1073700863,1073606639,1073479679,1073741823,1073741823,1073741823,1073741823,1073741823:f8
1073741823,1073741759,1073741823,1073741823,1073741567,1073739775,1073733631,1073699839,1073610735,1073479679,1073741823,1073741823,1073741823,1073741823,1073741823:g9
1073741823,1073741759,1073741823,1073741823,1073741567,1073723391,1073733631,1073700863,1073610735,1073479679,1073741823,1073741823,1073741823,1073741823,1073741823:g9
1073741823,1073741759,1073741823,1073741823,1073741567,1073739775,1073717247,1073700863,1073610735,1073479679,1073741823,1073741823,1073741823,1073741823,1073741823:g6
1073741823,1073741759,1073741823,1073741823,1073741567,1073477631,1073733631,1073700863,1073610735,1073479679,1073741823,1073741823,1073741823,1073741823,1073741823:g5
1073741823,1073741759,1073741823,1073741823,1073741567,1073739775,1073668095,1073700863,1073610735,1073479679,1073741823,1073741823,1073741823,1073741823,1073741823:g5
1073741823,1073741759,1073741823,1073741823,1073741567,1073739775,1073733631,1073438719,1073610735,1073479679,1073741823,1073741823,1073741823,1073741823,1073741823:g6
1073741823,1073741759,1073741823,1073741823,1073741567,1073739775,1073733631,1073635327,1073610735,1073479679,1073741823,1073741823,1073741823,1073741823,1073741823:g6
1073741823,1073741759,1073741823,1073741823,1073741567,1073739775,1073733631,1073700863,1073610735,1073463295,1073741823,1073741823,1073741823,1073741823,1073741823:g5
1073741823,1073741759,1073741823,1073741823,1073741567,1073739775,1073733631,1073700863,1073594351,1073479679,1073741823,1073741823,1073741823,1073741823,1073741823:g5
1073741823,1073741759,1073741823,1073741823,1073737727,1073739775,1073733631,1073709055,1073610735,1073479679,1073741823,1073741823,1073741823,1073741823,1073741823:e5
1073741823,1073741759,1073741823,1073741823,1073741823,1073735679,1073733631,1073709055,1073610735,1073479679,1073741823,1073741823,1073741823,1073741823,1073741823:e5
1073741823,1073741759,1073741823,1073741823,1073676287,1073739775,1073733631,1073709055,1073610735,1073479679,1073741823,1073741823,1073741823,1073741823,1073741823:e5
1073741823,1073741759,1073741823,1073741823,1073741823,1073739775,1073733631,1073709055,1073610735,1073479679,1073741822,1073741823,1073741823,1073741823,1073741823:e5
1073741823,1073741759,1073741823,1073741823,1073741823,1073739775,1073733631,1073709055,1073610735,1073479675,1073741823,1073741823,1073741823,1073741823,1073741823:e5
1073741823,1073741759,1073741823,1073741823,1073741823,1073739775,1073733631,1073709055,1073610734,1073479679,1073741823,1073741823,1073741823,1073741823,1073741823:e5
1073741823,1073741759,1073741823,1073741823,1073741823,1073739775,1073733631,1073709055,1073610731,1073479679,1073741823,1073741823,1073741823,1073741823,1073741823:e5
1073741823,1073741759,1073741823,1073741823,1073741823,1073739775,1073733630,1073709055,1073610735,1073479679,1073741823,1073741823,1073741823,1073741823,1073741823:e5
1073741823,1073741759,1073741823,1073741823,1073741823,1073739775,1073733631,1073709051,1073610735,1073479679,1073741823,1073741823,1073741823,1073741823,1073741823:e5
1073741823,1073741759,1073741823,1073741823,1073741823,1073739775,1073733615,1073709055,1073610735,1073479679,1073741823,1073741823,1073741823,1073741823,1073741823:e5
1073741823,1073741759,1073741823,1073741823,1073741823,1073739775,1073733631,1073709039,1073610735,1073479679,1073741823,1073741823,1073741823,1073741823,1073741823:e5
1073741823,1073741759,1073741823,1073741823,1073741823,1073739775,1073733375,1073709055,1073610735,1073479679,1073741823,1073741823,1073741823,1073741823,1073741823:e5
1073741823,1073741759,1073741823,1073741823,1073741823,1073739775,1073733631,1073708991,1073610735,1073479679,1073741823,1073741823,1073741823,1073741823,1073741823:e5
1073741823,1073741759,1073741823,1073741823,1073741823,1073739775,1073733631,1073709055,1073610479,1073479679,1073741823,1073741823,1073741823,1073741823,1073741823:e5
1073741823,1073741759,1073741823,1073741823,1073741823,1073739775,1073733631,1073709055,1073610671,1073479679,1073741823,1073741823,1073741823,1073741823,1073741823:e5
1073741823,1073741759,1073741823,1073741823,1073741823,1073739775,1073733631,1073709055,1073610735,1073479679,1073741567,1073741823,1073741823,1073741823,1073741823:e5
1073741823,1073741759,1073741823,1073741823,1073741823,1073739775,1073733631,1073709055,1073610735,1073479615,1073741823,1073741823,1073741823,1073741823,1073741823:e5
1073741823,1073741759,1073741823,1073741823,1073741823,1073739775,1073733631,1073709055,1073610735,1073479679,1073741807,1073741823,1073741823,1073741823,1073741823:e5
1073741823,1073741759,1073741823,1073741823,1073741823,1073739775,1073733631,1073709055,1073610735,1073479663,1073741823,1073741823,1073741823,1073741823,1073741823:e5
1073741823,1073741759,1073741823,1073741823,1073741823,1073739775,1073733631,1073709055,1073610735,1073479679,1073737727,1073741823,1073741823,1073741823,1073741823:e5
1073741823,1073741759,1073741823,1073741823,1073741823,1073739775,1072685055,1073709055,1073610735,1073479679,1073741823,1073741823,1073741823,1073741823,1073741823:e5
1073741823,1073741759,1073741823,1073741823,1073741823,1073739775,1073733631,1073709055,1072562159,1073479679,1073741823,1073741823,1073741823,1073741823,1073741823:e5
1073741823,1073741759,1073741823,1073741823,1073741823,1073739775,1073733631,1073709055,1073348591,1073479679,1073741823,1073741823,1073741823,1073741823,1073741823:e5
1073741823,1073741759,1073741823,1073741823,1073741823,1073739775,1073733631,1073709055,1073610735,1073479679,1072693247,1073741823,1073741823,1073741823,1073741823:e5
1073741823,1073741759,1073741823,1073741823,1073741823,1073739775,1073733631,1073709055,1073610735,1073479679,1073676287,1073741823,1073741823,1073741823,1073741823:e5
1073741823,1073741759,1073741823,1073741823,1073741823,1073739775,1073733631,1073709055,1073610735,1073414143,1073741823,1073741823,1073741823,1073741823,1073741823:e5
1073741823,1073741759,1073741823,1073741819,1073741823,1073739775,1073733631,1073709055,1073610735,1073479679,1073741823,1073741823,1073741823,1073741823,1073741823:e5
1073741823,1073741759,1073741807,1073741823,1073741823,1073739775,1073733631,1073709055,1073610735,1073479679,1073741823,1073741823,1073741823,1073741823,1073741823:e5
1073741823,1073741755,1073741823,1073741823,1073741823,1073739775,1073733631,1073709055,1073610735,1073479679,1073741823,1073741823,1073741823,1073741823,1073741823:e5
1073741823,1073741743,1073741823,1073741823,1073741823,1073739775,1073733631,1073709055,1073610735,1073479679,1073741823,1073741823,1073741823,1073741823,1073741823:e5
1073741807,1073741759,1073741823,1073741823,1073741823,1073739775,1073733631,1073709055,1073610735,1073479679,1073741823,1073741823,1073741823,1073741823,1073741823:e5
1073741759,1073741759,1073741823,1073741823,1073741823,1073739775,1073733631,1073709055,1073610735,1073479679,1073741823,1073741823,1073741823,1073741823,1073741823:e5
1073741567,1073741759,1073741823,1073741823,1073741823,1073739775,1073733631,1073709055,1073610735,1073479679,1073741823,1073741823,1073741823,1073741823,1073741823:e5
1073741823,1073740735,1073741823,1073741823,1073741823,1073739775,1073733631,1073709055,1073610735,1073479679,1073741823,1073741823,1073741823,1073741823,1073741823:e5
1073741823,1073741503,1073741823,1073741823,1073741823,1073739775,1073733631,1073709055,1073610735,1073479679,1073741823,1073741823,1073741823,1073741823,1073741823:e5
1073741823,1073741759,1073741823,1073740799,1073741823,1073739775,1073733631,1073709055,1073610735,1073479679,1073741823,1073741823,1073741823,1073741823,1073741823:e5
1073741823,1073741759,1073741567,1073741823,1073741823,1073739775,1073733631,1073709055,1073610735,1073479679,1073741823,1073741823,1073741823,1073741823,1073741823:e5
1073741823,1073741759,1073741823,1073741759,1073741823,1073739775,1073733631,1073709055,1073610735,1073479679,1073741823,1073741823,1073741823,1073741823,1073741823:e5
1073741823,1073741759,1073741759,1073741823,1073741823,1073739775,1073733631,1073709055,1073610735,1073479679,1073741823,1073741823,1073741823,1073741823,1073741823:e5
1073741823,1073741759,1073741823,1073741823,1073741823,1073739775,1073733631,1073709055,1073610735,1073478655,1073741823,1073741823,1073741823,1073741823,1073741823:e5
1073741823,1073741759,1073741823,1073741823,1073741823,1073739775,1073733631,1073709055,1073606639,1073479679,1073741823,1073741823,1073741823,1073741823,1073741823:e5
1073741823,1073741759,1073741823,1073741823,1073741823,1073739775,1073733631,1073708031,1073610735,1073479679,1073741823,1073741823,1073741823,1073741823,1073741823:e5
1073741823,1073741759,1073741823,1073741823,1073741823,1073739775,1073733631,1073704959,1073610735,1073479679,1073741823,1073741823,1073741823,1073741823,1073741823:e5
1073741823,1073741759,1073741823,1073741823,1073741823,1073723391,1073733631,1073709055,1073610735,1073479679,1073741823,1073741823,1073741823,1073741823,1073741823:e5
1073741823,1073741759,1073741823,1073741823,1073741823,1073739775,1073717247,1073709055,1073610735,1073479679,1073741823,1073741823,1073741823,1073741823,1073741823:e5
1073741823,1073741759,1073741823,1073741823,1073741823,1073477631,1073733631,1073709055,1073610735,1073479679,1073741823,1073741823,1073741823,1073741823,1073741823:e5
1073741823,1073741759,1073741823,1073741823,1073741823,1073739775,1073668095,1073709055,1073610735,1073479679,1073741823,1073741823,1073741823,1073741823,1073741823:e5
1073741823,1073741759,1073741823,1073741823,1073741823,1073739775,1073733631,1073446911,1073610735,1073479679,1073741823,1073741823,1073741823,1073741823,1073741823:e5
1073741823,1073741759,1073741823,1073741823,1073741823,1073739775,1073733631,1073643519,1073610735,1073479679,1073741823,1073741823,1073741823,1073741823,1073741823:e5
1073741823,1073741759,1073741823,1073741823,1073741823,1073739775,1073733631,1073709055,1073610735,1073463295,1073741823,1073741823,1073741823,1073741823,1073741823:e5
1073741823,1073741759,1073741823,1073741823,1073741823,1073739775,1073733631,1073709055,1073594351,1073479679,1073741823,1073741823,1073741823,1073741823,1073741823:e5
1073741823,1073741759,1073741823,1073741823,1073741823,1073741823,1073733631,1073709055,1073610735,1073725439,1073741823,1073741823,1073741823,1073741823,1073741823:f6
1073741823,1073741759,1073741823,1073741823,1073741823,1073741823,1073733631,1073709055,1073594351,1073741823,1073741823,1073741823,1073741823,1073741823,1073741823:f6
