1073741823,1073741759,1073741823,1073741823,1073741823,1073741823,1073741823,1073709055,1073610751,1073741823,1073741823,1073741823,1073741823,1073676287,1073741823:j10
1073741823,1073741759,1073741823,1073741823,1073741823,1073741823,1073741823,1073709055,1073610751,1073217535,1073741823,1073725439,1073741823,1073676287,1073741823:g7
1073741823,1073741759,1073741823,1073741823,1073741823,1073741823,1073741823,1069514751,1073610751,1073217535,1073741823,1073741823,1073741823,1073676287,1073741823:g7
1073741823,1073741759,1073741823,1073741823,1073741823,1073741823,1073741823,1073709055,1073610751,1069023231,1073741823,1073741823,1073741823,1073676287,1073741823:g7
1073741823,1073741759,1073741823,1073741823,1073741823,1073741823,1073741823,1073709055,1073610751,1072168959,1073741823,1073741823,1073741823,1073676287,1073741823:g7
1073741823,1073741759,1073741823,1073741823,1073741823,1073741823,1073741823,1073709055,1073610751,1073217535,1073741823,1069547519,1073741823,1073676287,1073741823:g7
1073741823,1073741759,1073741823,1073741823,1073741823,1073741823,1073741823,1073709055,1073610751,1073217535,1073741823,1073479679,1073741823,1073676287,1073741823:g7
1073741823,1073741759,1073741823,1073741823,1073741823,1073741823,1073741823,1073709055,1073610751,1073217535,1073479679,1073741823,1073741823,1073676287,1073741823:g7
1073741823,1073741759,1073741823,1073741823,1073741823,1073741823,1073741823,1073709055,1073610751,1073217535,1073741823,1073741823,1073741823,1073676287,1073725439:g7
1073741823,1073741759,1073741823,1073741823,1073741823,1073741823,1073741823,1073709055,1073610751,1073217535,1073741823,1073741823,1073741823,1073672191,1073741823:g7
1073741823,1073741759,1073741823,1073741823,1073741823,1073741823,1073741823,1073709055,1073610751,1073217535,1073741823,1073741823,1073741823,1073659903,1073741823:g7
1073741823,1073741759,1073741823,1073741823,1073741823,1073741823,1073741823,1073709055,1073610751,1073217535,1073741823,1073737727,1073741823,1073676287,1073741823:g7
1073741823,1073741759,1073741823,1073741823,1073741823,1073741823,1073741823,1073709055,1073610751,1073217535,1073741823,1073741823,1073725439,1073676287,1073741823:g7
1073741823,1073741759,1073741823,1073741823,1073741823,1073741823,1073741823,1073709055,1073610751,1073217535,1073741823,1073676287,1073741823,1073676287,1073741823:g7
1073741823,1073741759,1073741823,1073741823,1073741823,1073741823,1073741823,1073709055,1073610751,1073217535,1073741823,1073741823,1073676287,1073676287,1073741823:g7
1073741823,1073741759,1073741823,1073741823,1073741823,1073741823,1073741823,1073709055,1073610751,1073217535,1073741823,1072693247,1073741823,1073676287,1073741823:g7
1073741823,1073741759,1073741823,1073741823,1073741823,1073741823,1073741823,1073709055,1073610751,1073217535,1073741823,1073741823,1073479679,1073676287,1073741823:g7
1073741823,1073741759,1073741823,1073741823,1073741823,1073741823,1073741823,1073709055,1073610751,1073217535,1073741823,1073741823,1073741823,1072627711,1073741823:g7
1073741823,1073741759,1073741823,1073741823,1073741823,1073741823,1073741823,1073709055,1073610751,1073217535,1073741823,1073741823,1073741823,1073414143,1073741823:g7
1073741823,1073741759,1073741823,1073741823,1073741823,1073741823,1073741823,1073709055,1073610751,1073217535,1073741823,1073741823,1073741823,1073676287,1073479679:g7
1073741823,1073741759,1073741823,1073741823,1073741823,1073741823,1073741823,1073709055,1073610751,1073217535,1073741823,1073741823,1073741823,1073676287,1073676287:g7
1073741823,1073741759,1073741823,1073741823,1073741823,1073741823,1073741823,1073709055,1073610751,1073217535,1073737727,1073741823,1073741823,1073676287,1073741823:g7
1073741823,1073741759,1073741823,1073741823,1073741823,1073741823,1072693247,1073709055,1073610751,1073217535,1073741823,1073741823,1073741823,1073676287,1073741823:g7
1073741823,1073741759,1073741823,1073741823,1073741823,1073741823,1073741823,1073709055,1072562175,1073217535,1073741823,1073741823,1073741823,1073676287,1073741823:g7
1073741823,1073741759,1073741823,1073741823,1073741823,1073741823,1073741823,1073709055,1073348607,1073217535,1073741823,1073741823,1073741823,1073676287,1073741823:g7
1073741823,1073741759,1073741823,1073741823,1073741823,1073741823,1073741823,1073709055,1073610751,1073217535,1072693247,1073741823,1073741823,1073676287,1073741823:g8
1073741823,1073741759,1073741823,1073741823,1073741823,1073741823,1073741823,1073700863,1073610751,1073217279,1072693247,1073741823,1073741823,1073676287,1073741823:i8
1073741823,1073741759,1073741823,1073741823,1073741823,1073741823,1073741823,1073700863,1073609727,1073217535,1072693247,1073741823,1073741823,1073676287,1073741823:i8
1073741823,1073741759,1073741823,1073741823,1073741823,1073741823,1073741823,1073700607,1073610751,1073217535,1072693247,1073741823,1073741823,1073676287,1073741823:i8
1073741823,1073741759,1073741823,1073741823,1073741823,1073741567,1073741823,1073700863,1073610751,1073217535,1072693247,1073741823,1073741823,1073676287,1073741823:i8
1073741823,1073741759,1073741823,1073741823,1073741823,1073741823,1073740799,1073700863,1073610751,1073217535,1072693247,1073741823,1073741823,1073676287,1073741823:g7
1073741823,1073741759,1073741823,1073741823,1073741823,1073737727,1073741823,1073700863,1073610751,1073217535,1072693247,1073741823,1073741823,1073676287,1073741823:i8
1073741823,1073741759,1073741823,1073741823,1073741823,1073676287,1073741823,1073700863,1073610751,1073217535,1072693247,1073741823,1073741823,1073676287,1073741823:i8
1073741823,1073741759,1073741823,1073741823,1073741823,1073741823,1073741823,1073700863,1073610751,1073213439,1072693247,1073741823,1073741823,1073676287,1073741823:i8
1073741823,1073741759,1073741823,1073741823,1073741823,1073741823,1073741823,1073700863,1056833535,1073217535,1072693247,1073741823,1073741823,1073676287,1073741823:i8
1073741823,1073741759,1073741823,1073741823,1073741823,1073741823,1073741823,1073700863,1073610751,1073217535,1055916031,1073741823,1073741823,1073676287,1073741823:i8
1073741823,1073741759,1073741823,1073741823,1073741823,1073741823,1073741823,1073700863,1073610751,1073217535,1068498943,1073741823,1073741823,1073676287,1073741823:i8
1073741823,1073741759,1073741823,1073741823,1073741823,1073741823,1073741823,1073700863,1073610751,1073217535,1072693247,1073741823,1056964607,1073676287,1073741823:i8
1073741823,1073741759,1073741823,1073741823,1073741823,1073741823,1073741823,1073700863,1073610751,1073217535,1072693247,1073741823,1072693247,1073676287,1073741823:i8
1073741823,1073741759,1073741823,1073741823,1073741823,1073741823,1073741823,1073700863,1073610751,1073217535,1072693247,1073725439,1073741823,1073676287,1073741823:i8
1073741823,1073741759,1073741823,1073741823,1073741823,1073741823,1073741823,1069506559,1073610751,1073217535,1072693247,1073741823,1073741823,1073676287,1073741823:i8
1073741823,1073741759,1073741823,1073741823,1073741823,1073741823,1073741823,1073700863,1073610751,1069023231,1072693247,1073741823,1073741823,1073676287,1073741823:i8
1073741823,1073741759,1073741823,1073741823,1073741823,1073741823,1073741823,1073700863,1073610751,1072168959,1072693247,1073741823,1073741823,1073676287,1073741823:i8
1073741823,1073741759,1073741823,1073741823,1073741823,1073741823,1073741823,1073700863,1073610751,1073217535,1072693247,1069547519,1073741823,1073676287,1073741823:i8
1073741823,1073741759,1073741823,1073741823,1073741823,1073741823,1073741823,1073700863,1073610751,1073217535,1072693247,1073479679,1073741823,1073676287,1073741823:i8
1073741823,1073741759,1073741823,1073741823,1073741823,1073741823,1073741823,1073700863,1073610751,1073217535,1072431103,1073741823,1073741823,1073676287,1073741823:i8
1073741823,1073741759,1073741823,1073741823,1073741823,1073741823,1073741823,1073700863,1073610751,1073217535,1072693247,1073741823,1073741823,1073676287,1073725439:i8
1073741823,1073741759,1073741823,1073741823,1073741823,1073741823,1073741823,1073700863,1073610751,1073217535,1072693247,1073741823,1073741823,1073672191,1073741823:i8
1073741823,1073741759,1073741823,1073741823,1073741823,1073741823,1073741823,1073700863,1073610751,1073217535,1072693247,1073741823,1073741823,1073659903,1073741823:i8
1073741823,1073741759,1073741823,1073741823,1073741823,1073741823,1073741823,1073700863,1073610751,1073217535,1072693247,1073737727,1073741823,1073676287,1073741823:i8
1073741823,1073741759,1073741823,1073741823,1073741823,1073741823,1073741823,1073700863,1073610751,1073217535,1072693247,1073741823,1073725439,1073676287,1073741823:i8
1073741823,1073741759,1073741823,1073741823,1073741823,1073741823,1073741823,1073700863,1073610751,1073217535,1072693247,1073676287,1073741823,1073676287,1073741823:j8
1073741823,1073741759,1073741823,1073741823,1073741823,1073741823,1073741823,1073700863,1073610751,1073217535,1072693247,1073741823,1073676287,1073676287,1073741823:i8
1073741823,1073741759,1073741823,1073741823,1073741823,1073741823,1073741823,1073700863,1073610751,1073217535,1072693247,1072693247,1073741823,1073676287,1073741823:i8
1073741823,1073741759,1073741823,1073741823,1073741823,1073741823,1073741823,1073700863,1073610751,1073217535,1072693247,1073741823,1073479679,1073676287,1073741823:i8
1073741823,1073741759,1073741823,1073741823,1073741823,1073741823,1073741823,1073700863,1073610751,1073217535,1072693247,1073741823,1073741823,1072627711,1073741823:i8
1073741823,1073741759,1073741823,1073741823,1073741823,1073741823,1073741823,1073700863,1073610751,1073217535,1072693247,1073741823,1073741823,1073414143,1073741823:i8
1073741823,1073741759,1073741823,1073741823,1073741823,1073741823,1073741823,1073700863,1073610751,1073217535,1072693247,1073741823,1073741823,1073676287,1073479679:i8
1073741823,1073741759,1073741823,1073741823,1073741823,1073741823,1073741823,1073700863,1073610751,1073217535,1072693247,1073741823,1073741823,1073676287,1073676287:i8
1073741823,1073741759,1073741823,1073741823,1073741823,1073741823,1073741823,1073700863,1073610751,1073217535,1072689151,1073741823,1073741823,1073676287,1073741823:i8
1073741823,1073741759,1073741823,1073741823,1073741823,1073741823,1072693247,1073700863,1073610751,1073217535,1072693247,1073741823,1073741823,1073676287,1073741823:i8
1073741823,1073741759,1073741823,1073741823,1073741823,1073741823,1073741823,1073700863,1072562175,1073217535,1072693247,1073741823,1073741823,1073676287,1073741823:i8
1073741823,1073741759,1073741823,1073741823,1073741823,1073741823,1073741823,1073700863,1073348607,1073217535,1072693247,1073741823,1073741823,1073676287,1073741823:i8
1073741823,1073741759,1073741823,1073741823,1073741823,1073741823,1073741823,1073700863,1073610751,1073217535,1072627711,1073741823,1073741823,1073676287,1073741823:g7
1073741823,1073741759,1073741823,1073741823,1073741823,1073741823,1073741823,1073700863,1073610751,1073151999,1072693247,1073741823,1073741823,1073676287,1073741823:j8
1073741823,1073741759,1073741823,1073741819,1073741823,1073741823,1073741823,1073700863,1073610751,1073217535,1072693247,1073741823,1073741823,1073676287,1073741823:i8
1073741823,1073741759,1073741807,1073741823,1073741823,1073741823,1073741823,1073700863,1073610751,1073217535,1072693247,1073741823,1073741823,1073676287,1073741823:i8
1073741823,1073741755,1073741823,1073741823,1073741823,1073741823,1073741823,1073700863,1073610751,1073217535,1072693247,1073741823,1073741823,1073676287,1073741823:i8
1073741823,1073741743,1073741823,1073741823,1073741823,1073741823,1073741823,1073700863,1073610751,1073217535,1072693247,1073741823,1073741823,1073676287,1073741823:i8
1073741807,1073741759,1073741823,1073741823,1073741823,1073741823,1073741823,1073700863,1073610751,1073217535,1072693247,1073741823,1073741823,1073676287,1073741823:i8
1073741759,1073741759,1073741823,1073741823,1073741823,1073741823,1073741823,1073700863,1073610751,1073217535,1072693247,1073741823,1073741823,1073676287,1073741823:i8
1073741567,1073741759,1073741823,1073741823,1073741823,1073741823,1073741823,1073700863,1073610751,1073217535,1072693247,1073741823,1073741823,1073676287,1073741823:i8
1073741823,1073740735,1073741823,1073741823,1073741823,1073741823,1073741823,1073700863,1073610751,1073217535,1072693247,1073741823,1073741823,1073676287,1073741823:i8
1073741823,1073741503,1073741823,1073741823,1073741823,1073741823,1073741823,1073700863,1073610751,1073217535,1072693247,1073741823,1073741823,1073676287,1073741823:i8
1073741823,1073741759,1073741823,1073740799,1073741823,1073741823,1073741823,1073700863,1073610751,1073217535,1072693247,1073741823,1073741823,1073676287,1073741823:i8
1073741823,1073741759,1073741567,1073741823,1073741823,1073741823,1073741823,1073700863,1073610751,1073217535,1072693247,1073741823,1073741823,1073676287,1073741823:i8
1073741823,1073741759,1073741823,1073741759,1073741823,1073741823,1073741823,1073700863,1073610751,1073217535,1072693247,1073741823,1073741823,1073676287,1073741823:i8
1073741823,1073741759,1073741759,1073741823,1073741823,1073741823,1073741823,1073700863,1073610751,1073217535,1072693247,1073741823,1073741823,1073676287,1073741823:i8
1073741823,1073741759,1073741823,1073741823,1073741823,1073741823,1073741823,1073700863,1073610751,1073216511,1072693247,1073741823,1073741823,1073676287,1073741823:i8
1073741823,1073741759,1073741823,1073741823,1073741823,1073741823,1073741823,1073700863,1073606655,1073217535,1072693247,1073741823,1073741823,1073676287,1073741823:i8
1073741823,1073741759,1073741823,1073741823,1073741823,1073741823,1073741823,1073699839,1073610751,1073217535,1072693247,1073741823,1073741823,1073676287,1073741823:g9
1073741823,1073741759,1073741823,1073741823,1073741823,1073741823,1073741823,1073699839,1073602559,1073217535,1072692991,1073741823,1073741823,1073676287,1073741823:g7
1073741823,1073741759,1073741823,1073741823,1073741823,1073741823,1073741823,1073699839,1073602559,1073217471,1072693247,1073741823,1073741823,1073676287,1073741823:g7
1073741823,1073741759,1073741823,1073741823,1073741823,1073741823,1073741823,1073699839,1073602303,1073217535,1072693247,1073741823,1073741823,1073676287,1073741823:g7
1073741823,1073741759,1073741823,1073741823,1073741823,1073741823,1073741823,1073699775,1073602559,1073217535,1072693247,1073741823,1073741823,1073676287,1073741823:g7
1073741823,1073741759,1073741823,1073741823,1073741823,1073741759,1073741823,1073699839,1073602559,1073217535,1072693247,1073741823,1073741823,1073676287,1073741823:g7
1073741823,1073741759,1073741823,1073741823,1073741823,1073741823,1073741567,1073699839,1073602559,1073217535,1072693247,1073741823,1073741823,1073676287,1073741823:g7
1073741823,1073741759,1073741823,1073741823,1073741823,1073741823,1073741823,1073699839,1073602559,1073217279,1072693247,1073741823,1073741823,1073676287,1073741823:g7
1073741823,1073741759,1073741823,1073741823,1073741823,1073741823,1073741823,1073699839,1073601535,1073217535,1072693247,1073741823,1073741823,1073676287,1073741823:g7
1073741823,1073741759,1073741823,1073741823,1073741823,1073741823,1073741823,1073699583,1073602559,1073217535,1072693247,1073741823,1073741823,1073676287,1073741823:g7
1073741823,1073741759,1073741823,1073741823,1073741823,1073741567,1073741823,1073699839,1073602559,1073217535,1072693247,1073741823,1073741823,1073676287,1073741823:g7
1073741823,1073741759,1073741823,1073741823,1073741823,1073741823,1073740799,1073699839,1073602559,1073217535,1072693247,1073741823,1073741823,1073676287,1073741823:g7
1073741823,1073741759,1073741823,1073741823,1073741823,1073737727,1073741823,1073699839,1073602559,1073217535,1072693247,1073741823,1073741823,1073676287,1073741823:g10
1073741823,1073741759,1073741823,1073741823,1073741823,1073676287,1073741823,1073699839,1073602559,1073217535,1072693247,1073741823,1073741823,1073676287,1073741823:g7
1073741823,1073741759,1073741823,1073741823,1073741823,1073741823,1073741823,1073699839,1073602559,1073213439,1072693247,1073741823,1073741823,1073676287,1073741823:i7
1073741823,1073741759,1073741823,1073741823,1073741823,1073741823,1073741823,1073699839,1056825343,1073217535,1072693247,1073741823,1073741823,1073676287,1073741823:g7
1073741823,1073741759,1073741823,1073741823,1073741823,1073741823,1073741823,1073699839,1073602559,1073217535,1055916031,1073741823,1073741823,1073676287,1073741823:g7
1073741823,1073741759,1073741823,1073741823,1073741823,1073741823,1073741823,1073699839,1073602559,1073217535,1068498943,1073741823,1073741823,1073676287,1073741823:g7
1073741823,1073741759,1073741823,1073741823,1073741823,1073741823,1073741823,1073699839,1073602559,1073217535,1072693247,1073741823,1056964607,1073676287,1073741823:g7
1073741823,1073741759,1073741823,1073741823,1073741823,1073741823,1073741823,1073699839,1073602559,1073217535,1072693247,1073741823,1072693247,1073676287,1073741823:g7
1073741823,1073741759,1073741823,1073741823,1073741823,1073741823,1073741823,1073699839,1073602559,1073217535,1072693247,1073725439,1073741823,1073676287,1073741823:g7
1073741823,1073741759,1073741823,1073741823,1073741823,1073741823,1073741823,1069505535,1073602559,1073217535,1072693247,1073741823,1073741823,1073676287,1073741823:g7
1073741823,1073741759,1073741823,1073741823,1073741823,1073741823,1073741823,1073699839,1073602559,1069023231,1072693247,1073741823,1073741823,1073676287,1073741823:g7
1073741823,1073741759,1073741823,1073741823,1073741823,1073741823,1073741823,1073699839,1073602559,1072168959,1072693247,1073741823,1073741823,1073676287,1073741823:g7
1073741823,1073741759,1073741823,1073741823,1073741823,1073741823,1073741823,1073699839,1073602559,1073217535,1072693247,1069547519,1073741823,1073676287,1073741823:g7
1073741823,1073741759,1073741823,1073741823,1073741823,1073741823,1073741823,1073699839,1073602559,1073217535,1072693247,1073479679,1073741823,1073676287,1073741823:g7
1073741823,1073741759,1073741823,1073741823,1073741823,1073741823,1073741823,1073699839,1073602559,1073217535,1072431103,1073741823,1073741823,1073676287,1073741823:g7
1073741823,1073741759,1073741823,1073741823,1073741823,1073741823,1073741823,1073699839,1073602559,1073217535,1072693247,1073741823,1073741823,1073676287,1073725439:g7
1073741823,1073741759,1073741823,1073741823,1073741823,1073741823,1073741823,1073699839,1073602559,1073217535,1072693247,1073741823,1073741823,1073672191,1073741823:g7
1073741823,1073741759,1073741823,1073741823,1073741823,1073741823,1073741823,1073699839,1073602559,1073217535,1072693247,1073741823,1073741823,1073659903,1073741823:g7
1073741823,1073741759,1073741823,1073741823,1073741823,1073741823,1073741823,1073699839,1073602559,1073217535,1072693247,1073737727,1073741823,1073676287,1073741823:g7
1073741823,1073741759,1073741823,1073741823,1073741823,1073741823,1073741823,1073699839,1073602559,1073217535,1072693247,1073741823,1073725439,1073676287,1073741823:g7
1073741823,1073741759,1073741823,1073741823,1073741823,1073741823,1073741823,1073699839,1073602559,1073217535,1072693247,1073676287,1073741823,1073676287,1073741823:g7
1073741823,1073741759,1073741823,1073741823,1073741823,1073741823,1073741823,1073699839,1073602559,1073217535,1072693247,1073741823,1073676287,1073676287,1073741823:g7
1073741823,1073741759,1073741823,1073741823,1073741823,1073741823,1073741823,1073699839,1073602559,1073217535,1072693247,1072693247,1073741823,1073676287,1073741823:g7
1073741823,1073741759,1073741823,1073741823,1073741823,1073741823,1073741823,1073699839,1073602559,1073217535,1072693247,1073741823,1073479679,1073676287,1073741823:g7
1073741823,1073741759,1073741823,1073741823,1073741823,1073741823,1073741823,1073699839,1073602559,1073217535,1072693247,1073741823,1073741823,1072627711,1073741823:g7
1073741823,1073741759,1073741823,1073741823,1073741823,1073741823,1073741823,1073699839,1073602559,1073217535,1072693247,1073741823,1073741823,1073414143,1073741823:g7
1073741823,1073741759,1073741823,1073741823,1073741823,1073741823,1073741823,1073699839,1073602559,1073217535,1072693247,1073741823,1073741823,1073676287,1073479679:g7
1073741823,1073741759,1073741823,1073741823,1073741823,1073741823,1073741823,1073699839,1073602559,1073217535,1072693247,1073741823,1073741823,1073676287,1073676287:g7
1073741823,1073741759,1073741823,1073741823,1073741823,1073741823,1073741823,1073699839,1073602559,1073217535,1072689151,1073741823,1073741823,1073676287,1073741823:g7
1073741823,1073741759,1073741823,1073741823,1073741823,1073741823,1072693247,1073699839,1073602559,1073217535,1072693247,1073741823,1073741823,1073676287,1073741823:g7
1073741823,1073741759,1073741823,1073741823,1073741823,1073741823,1073741823,1073699839,1072553983,1073217535,1072693247,1073741823,1073741823,1073676287,1073741823:g7
1073741823,1073741759,1073741823,1073741823,1073741823,1073741823,1073741823,1073699839,1073340415,1073217535,1072693247,1073741823,1073741823,1073676287,1073741823:g7
1073741823,1073741759,1073741823,1073741823,1073741823,1073741823,1073741823,1073699839,1073602559,1073217535,1072627711,1073741823,1073741823,1073676287,1073741823:g7
1073741823,1073741759,1073741823,1073741823,1073741823,1073741823,1073741823,1073699839,1073602559,1073151999,1072693247,1073741823,1073741823,1073676287,1073741823:g7
1073741823,1073741759,1073741823,1073741819,1073741823,1073741823,1073741823,1073699839,1073602559,1073217535,1072693247,1073741823,1073741823,1073676287,1073741823:g7
1073741823,1073741759,1073741807,1073741823,1073741823,1073741823,1073741823,1073699839,1073602559,1073217535,1072693247,1073741823,1073741823,1073676287,1073741823:g7
1073741823,1073741755,1073741823,1073741823,1073741823,1073741823,1073741823,1073699839,1073602559,1073217535,1072693247,1073741823,1073741823,1073676287,1073741823:g7
1073741823,1073741743,1073741823,1073741823,1073741823,1073741823,1073741823,1073699839,1073602559,1073217535,1072693247,1073741823,1073741823,1073676287,1073741823:g7
1073741807,1073741759,1073741823,1073741823,1073741823,1073741823,1073741823,1073699839,1073602559,1073217535,1072693247,1073741823,1073741823,1073676287,1073741823:g7
1073741759,1073741759,1073741823,1073741823,1073741823,1073741823,1073741823,1073699839,1073602559,1073217535,1072693247,1073741823,1073741823,1073676287,1073741823:g7
1073741567,1073741759,1073741823,1073741823,1073741823,1073741823,1073741823,1073699839,1073602559,1073217535,1072693247,1073741823,1073741823,1073676287,1073741823:g7
1073741823,1073740735,1073741823,1073741823,1073741823,1073741823,1073741823,1073699839,1073602559,1073217535,1072693247,1073741823,1073741823,1073676287,1073741823:g7
1073741823,1073741503,1073741823,1073741823,1073741823,1073741823,1073741823,1073699839,1073602559,1073217535,1072693247,1073741823,1073741823,1073676287,1073741823:g7
1073741823,1073741759,1073741823,1073740799,1073741823,1073741823,1073741823,1073699839,1073602559,1073217535,1072693247,1073741823,1073741823,1073676287,1073741823:g7
1073741823,1073741759,1073741567,1073741823,1073741823,1073741823,1073741823,1073699839,1073602559,1073217535,1072693247,1073741823,1073741823,1073676287,1073741823:g7
1073741823,1073741759,1073741823,1073741759,1073741823,1073741823,1073741823,1073699839,1073602559,1073217535,1072693247,1073741823,1073741823,1073676287,1073741823:g7
1073741823,1073741759,1073741759,1073741823,1073741823,1073741823,1073741823,1073699839,1073602559,1073217535,1072693247,1073741823,1073741823,1073676287,1073741823:g7
1073741823,1073741759,1073741823,1073741823,1073741823,1073741823,1073741823,1073699839,1073602559,1073216511,1072693247,1073741823,1073741823,1073676287,1073741823:g7
1073741823,1073741759,1073741823,1073741823,1073741823,1073740799,1073741823,1073699839,1073602559,1073217535,1072693247,1073741823,1073741823,1073676287,1073741823:g11
1073741823,1073741759,1073741823,1073741823,1073741823,1073741823,1073737727,1073699839,1073602559,1073217535,1072693247,1073741823,1073741823,1073676287,1073741823:i7
1073741823,1073741759,1073741823,1073741823,1073741823,1073725439,1073741823,1073699839,1073602559,1073217535,1072693247,1073741823,1073741823,1073676287,1073741823:g7
1073741823,1073741759,1073741823,1073741823,1073741823,1073741823,1073725439,1073699839,1073602559,1073217535,1072693247,1073741823,1073741823,1073676287,1073741823:g7
1073741823,1073741759,1073741823,1073741823,1073741823,1073479679,1073741823,1073699839,1073602559,1073217535,1072693247,1073741823,1073741823,1073676287,1073741823:g7
1073741823,1073741759,1073741823,1073741823,1073741823,1073741823,1073676287,1073699839,1073602559,1073217535,1072693247,1073741823,1073741823,1073676287,1073741823:g7
1073741823,1073741759,1073741823,1073741823,1073741823,1073741823,1073741823,1073437695,1073602559,1073217535,1072693247,1073741823,1073741823,1073676287,1073741823:g7
1073741823,1073741759,1073741823,1073741823,1073741823,1073741823,1073741823,1073634303,1073602559,1073217535,1072693247,1073741823,1073741823,1073676287,1073741823:g7
1073741823,1073741759,1073741823,1073741823,1073741823,1073741823,1073741823,1073699839,1073602559,1073201151,1072693247,1073741823,1073741823,1073676287,1073741823:g7
1073741823,1073741759,1073741823,1073741823,1073741823,1073741823,1073741823,1073699839,1073586175,1073217535,1072693247,1073741823,1073741823,1073676287,1073741823:g7
1073741823,1073741759,1073741823,1073741823,1073741823,1073740799,1073741823,1073700863,1073610751,1073217535,1072693247,1073741823,1073741823,1073676287,1073741823:i8
1073741823,1073741759,1073741823,1073741823,1073741823,1073741823,1073737727,1073700863,1073610751,1073217535,1072693247,1073741823,1073741823,1073676287,1073741823:i8
1073741823,1073741759,1073741823,1073741823,1073741823,1073725439,1073741823,1073700863,1073610751,1073217535,1072693247,1073741823,1073741823,1073676287,1073741823:i8
1073741823,1073741759,1073741823,1073741823,1073741823,1073741823,1073725439,1073700863,1073610751,1073217535,1072693247,1073741823,1073741823,1073676287,1073741823:i8
1073741823,1073741759,1073741823,1073741823,1073741823,1073479679,1073741823,1073700863,1073610751,1073217535,1072693247,1073741823,1073741823,1073676287,1073741823:i8
1073741823,1073741759,1073741823,1073741823,1073741823,1073741823,1073676287,1073700863,1073610751,1073217535,1072693247,1073741823,1073741823,1073676287,1073741823:j8
1073741823,1073741759,1073741823,1073741823,1073741823,1073741823,1073741823,1073438719,1073610751,1073217535,1072693247,1073741823,1073741823,1073676287,1073741823:g7
1073741823,1073741759,1073741823,1073741823,1073741823,1073741823,1073741823,1073635327,1073610751,1073217535,1072693247,1073741823,1073741823,1073676287,1073741823:i10
1073741823,1073741759,1073741823,1073741823,1073741823,1073741823,1073741823,1073635327,1073610751,1073086463,1072676863,1073741823,1073741823,1073676287,1073741823:g7
1073741823,1073741759,1073741823,1073741823,1073741823,1072693247,1073741823,1073635327,1073610751,1073086463,1072693247,1073741823,1073741823,1073676287,1073741823:h9
1073741823,1073741759,1073741823,1073741823,1073741823,1073741823,1073479679,1073635327,1073610751,1073086463,1072693247,1073741823,1073741823,1073676287,1073741823:h9
1073741823,1073741759,1073741823,1073741823,1073741823,1073741823,1073741823,1072586751,1073610751,1073086463,1072693247,1073741823,1073741823,1073676287,1073741823:h9
1073741823,1073741759,1073741823,1073741823,1073741823,1073741823,1073741823,1073635327,1073610751,1073086207,1072693247,1073741823,1073741823,1073676287,1073741823:h9
1073741823,1073741759,1073741823,1073741823,1073741823,1073741823,1073741823,1073635327,1073609727,1073086463,1072693247,1073741823,1073741823,1073676287,1073741823:h9
1073741823,1073741759,1073741823,1073741823,1073741823,1073741823,1073741823,1073635071,1073610751,1073086463,1072693247,1073741823,1073741823,1073676287,1073741823:h9
1073741823,1073741759,1073741823,1073741823,1073741823,1073741567,1073741823,1073635327,1073610751,1073086463,1072693247,1073741823,1073741823,1073676287,1073741823:h9
1073741823,1073741759,1073741823,1073741823,1073741823,1073741823,1073740799,1073635327,1073610751,1073086463,1072693247,1073741823,1073741823,1073676287,1073741823:g7
1073741823,1073741759,1073741823,1073741823,1073741823,1073737727,1073741823,1073635327,1073610751,1073086463,1072693247,1073741823,1073741823,1073676287,1073741823:h9
1073741823,1073741759,1073741823,1073741823,1073741823,1073676287,1073741823,1073635327,1073610751,1073086463,1072693247,1073741823,1073741823,1073676287,1073741823:h9
1073741823,1073741759,1073741823,1073741823,1073741823,1073741823,1073741823,1073635327,1073610751,1073082367,1072693247,1073741823,1073741823,1073676287,1073741823:h9
1073741823,1073741759,1073741823,1073741823,1073741823,1073741823,1073741823,1073635327,1056833535,1073086463,1072693247,1073741823,1073741823,1073676287,1073741823:h9
1073741823,1073741759,1073741823,1073741823,1073741823,1073741823,1073741823,1073635327,1073610751,1073086463,1055916031,1073741823,1073741823,1073676287,1073741823:g7
1073741823,1073741759,1073741823,1073741823,1073741823,1073741823,1073741823,1073635327,1073610751,1073086463,1068498943,1073741823,1073741823,1073676287,1073741823:g7
1073741823,1073741759,1073741823,1073741823,1073741823,1073741823,1073741823,1073635327,1073610751,1073086463,1072693247,1073741823,1056964607,1073676287,1073741823:h9
1073741823,1073741759,1073741823,1073741823,1073741823,1073741823,1073741823,1073635327,1073610751,1073086463,1072693247,1073741823,1072693247,1073676287,1073741823:h9
1073741823,1073741759,1073741823,1073741823,1073741823,1073741823,1073741823,1073635327,1073610751,1073086463,1072693247,1073725439,1073741823,1073676287,1073741823:h9
1073741823,1073741759,1073741823,1073741823,1073741823,1073741823,1073741823,1069441023,1073610751,1073086463,1072693247,1073741823,1073741823,1073676287,1073741823:h9
1073741823,1073741759,1073741823,1073741823,1073741823,1073741823,1073741823,1073635327,1073610751,1068892159,1072693247,1073741823,1073741823,1073676287,1073741823:h9
1073741823,1073741759,1073741823,1073741823,1073741823,1073741823,1073741823,1073635327,1073610751,1072037887,1072693247,1073741823,1073741823,1073676287,1073741823:h9
1073741823,1073741759,1073741823,1073741823,1073741823,1073741823,1073741823,1073635327,1073610751,1073086463,1072693247,1069547519,1073741823,1073676287,1073741823:h9
1073741823,1073741759,1073741823,1073741823,1073741823,1073741823,1073741823,1073635327,1073610751,1073086463,1072693247,1073479679,1073741823,1073676287,1073741823:h9
1073741823,1073741759,1073741823,1073741823,1073741823,1073741823,1073741823,1073635327,1073610751,1073086463,1072431103,1073741823,1073741823,1073676287,1073741823:g7
1073741823,1073741759,1073741823,1073741823,1073741823,1073741823,1073741823,1073635327,1073610751,1073086463,1072693247,1073741823,1073741823,1073676287,1073725439:h9
1073741823,1073741759,1073741823,1073741823,1073741823,1073741823,1073741823,1073635327,1073610751,1073086463,1072693247,1073741823,1073741823,1073672191,1073741823:h9
1073741823,1073741759,1073741823,1073741823,1073741823,1073741823,1073741823,1073635327,1073610751,1073086463,1072693247,1073741823,1073741823,1073659903,1073741823:h9
1073741823,1073741759,1073741823,1073741823,1073741823,1073741823,1073741823,1073635327,1073610751,1073086463,1072693247,1073737727,1073741823,1073676287,1073741823:h9
1073741823,1073741759,1073741823,1073741823,1073741823,1073741823,1073741823,1073635327,1073610751,1073086463,1072693247,1073741823,1073725439,1073676287,1073741823:h9
1073741823,1073741759,1073741823,1073741823,1073741823,1073741823,1073741823,1073635327,1073610751,1073086463,1072693247,1073676287,1073741823,1073676287,1073741823:h9
1073741823,1073741759,1073741823,1073741823,1073741823,1073741823,1073741823,1073635327,1073610751,1073086463,1072693247,1073741823,1073676287,1073676287,1073741823:h9
1073741823,1073741759,1073741823,1073741823,1073741823,1073741823,1073741823,1073635327,1073610751,1073086463,1072693247,1072693247,1073741823,1073676287,1073741823:h9
1073741823,1073741759,1073741823,1073741823,1073741823,1073741823,1073741823,1073635327,1073610751,1073086463,1072693247,1073741823,1073479679,1073676287,1073741823:h9
1073741823,1073741759,1073741823,1073741823,1073741823,1073741823,1073741823,1073635327,1073610751,1073086463,1072693247,1073741823,1073741823,1072627711,1073741823:h9
1073741823,1073741759,1073741823,1073741823,1073741823,1073741823,1073741823,1073635327,1073610751,1073086463,1072693247,1073741823,1073741823,1073414143,1073741823:h9
1073741823,1073741759,1073741823,1073741823,1073741823,1073741823,1073741823,1073635327,1073610751,1073086463,1072693247,1073741823,1073741823,1073676287,1073479679:h9
1073741823,1073741759,1073741823,1073741823,1073741823,1073741823,1073741823,1073635327,1073610751,1073086463,1072693247,1073741823,1073741823,1073676287,1073676287:h9
1073741823,1073741759,1073741823,1073741823,1073741823,1073741823,1073741823,1073635327,1073610751,1073086463,1072689151,1073741823,1073741823,1073676287,1073741823:h9
1073741823,1073741759,1073741823,1073741823,1073741823,1073741823,1072693247,1073635327,1073610751,1073086463,1072693247,1073741823,1073741823,1073676287,1073741823:h9
1073741823,1073741759,1073741823,1073741823,1073741823,1073741823,1073741823,1073635327,1072562175,1073086463,1072693247,1073741823,1073741823,1073676287,1073741823:h9
1073741823,1073741759,1073741823,1073741823,1073741823,1073741823,1073741823,1073635327,1073348607,1073086463,1072693247,1073741823,1073741823,1073676287,1073741823:h9
1073741823,1073741759,1073741823,1073741823,1073741823,1073741823,1073741823,1073635327,1073610751,1073086463,1072627711,1073741823,1073741823,1073676287,1073741823:g7
1073741823,1073741759,1073741823,1073741819,1073741823,1073741823,1073741823,1073635327,1073610751,1073086463,1072693247,1073741823,1073741823,1073676287,1073741823:h9
1073741823,1073741759,1073741807,1073741823,1073741823,1073741823,1073741823,1073635327,1073610751,1073086463,1072693247,1073741823,1073741823,1073676287,1073741823:h9
1073741823,1073741755,1073741823,1073741823,1073741823,1073741823,1073741823,1073635327,1073610751,1073086463,1072693247,1073741823,1073741823,1073676287,1073741823:h9
1073741823,1073741743,1073741823,1073741823,1073741823,1073741823,1073741823,1073635327,1073610751,1073086463,1072693247,1073741823,1073741823,1073676287,1073741823:h9
1073741807,1073741759,1073741823,1073741823,1073741823,1073741823,1073741823,1073635327,1073610751,1073086463,1072693247,1073741823,1073741823,1073676287,1073741823:h9
1073741759,1073741759,1073741823,1073741823,1073741823,1073741823,1073741823,1073635327,1073610751,1073086463,1072693247,1073741823,1073741823,1073676287,1073741823:h9
1073741567,1073741759,1073741823,1073741823,1073741823,1073741823,1073741823,1073635327,1073610751,1073086463,1072693247,1073741823,1073741823,1073676287,1073741823:h9
1073741823,1073740735,1073741823,1073741823,1073741823,1073741823,1073741823,1073635327,1073610751,1073086463,1072693247,1073741823,1073741823,1073676287,1073741823:h9
1073741823,1073741503,1073741823,1073741823,1073741823,1073741823,1073741823,1073635327,1073610751,1073086463,1072693247,1073741823,1073741823,1073676287,1073741823:h9
1073741823,1073741759,1073741823,1073740799,1073741823,1073741823,1073741823,1073635327,1073610751,1073086463,1072693247,1073741823,1073741823,1073676287,1073741823:h9
1073741823,1073741759,1073741567,1073741823,1073741823,1073741823,1073741823,1073635327,1073610751,1073086463,1072693247,1073741823,1073741823,1073676287,1073741823:h9
1073741823,1073741759,1073741823,1073741759,1073741823,1073741823,1073741823,1073635327,1073610751,1073086463,1072693247,1073741823,1073741823,1073676287,1073741823:h9
1073741823,1073741759,1073741759,1073741823,1073741823,1073741823,1073741823,1073635327,1073610751,1073086463,1072693247,1073741823,1073741823,1073676287,1073741823:h9
1073741823,1073741759,1073741823,1073741823,1073741823,1073741823,1073741823,1073635327,1073610751,1073085439,1072693247,1073741823,1073741823,1073676287,1073741823:h9
1073741823,1073741759,1073741823,1073741823,1073741823,1073741823,1073741823,1073635327,1073606655,1073086463,1072693247,1073741823,1073741823,1073676287,1073741823:h9
1073741823,1073741759,1073741823,1073741823,1073741823,1073741823,1073741823,1073634303,1073610751,1073086463,1072693247,1073741823,1073741823,1073676287,1073741823:h9
1073741823,1073741759,1073741823,1073741823,1073741823,1073740799,1073741823,1073635327,1073610751,1073086463,1072693247,1073741823,1073741823,1073676287,1073741823:h9
1073741823,1073741759,1073741823,1073741823,1073741823,1073741823,1073737727,1073635327,1073610751,1073086463,1072693247,1073741823,1073741823,1073676287,1073741823:h9
1073741823,1073741759,1073741823,1073741823,1073741823,1073725439,1073741823,1073635327,1073610751,1073086463,1072693247,1073741823,1073741823,1073676287,1073741823:h9
1073741823,1073741759,1073741823,1073741823,1073741823,1073741823,1073725439,1073635327,1073610751,1073086463,1072693247,1073741823,1073741823,1073676287,1073741823:h9
1073741823,1073741759,1073741823,1073741823,1073741823,1073479679,1073741823,1073635327,1073610751,1073086463,1072693247,1073741823,1073741823,1073676287,1073741823:h9
1073741823,1073741759,1073741823,1073741823,1073741823,1073741823,1073676287,1073635327,1073610751,1073086463,1072693247,1073741823,1073741823,1073676287,1073741823:h9
1073741823,1073741759,1073741823,1073741823,1073741823,1073741823,1073741823,1073373183,1073610751,1073086463,1072693247,1073741823,1073741823,1073676287,1073741823:h9
1073741823,1073741759,1073741823,1073741823,1073741823,1073741823,1073741823,1073635327,1073610751,1073070079,1072693247,1073741823,1073741823,1073676287,1073741823:h9
1073741823,1073741759,1073741823,1073741823,1073741823,1073741823,1073741823,1073635327,1073594367,1073086463,1072693247,1073741823,1073741823,1073676287,1073741823:g7
1073741823,1073741759,1073741823,1073741823,1073741823,1073741823,1073741823,1073700863,1073610751,1073201151,1072693247,1073741823,1073741823,1073676287,1073741823:i8
1073741823,1073741759,1073741823,1073741823,1073741823,1073741823,1073741823,1073700863,1073594367,1073217535,1072693247,1073741823,1073741823,1073676287,1073741823:i8
1073741823,1073741759,1073741823,1073741823,1073741823,1073741823,1073741823,1073709055,1073610751,1073217535,1073676287,1073741823,1073741823,1073676287,1073741823:g7
1073741823,1073741759,1073741823,1073741823,1073741823,1073741823,1073741823,1073709055,1073610751,1073151999,1073741823,1073741823,1073741823,1073676287,1073741823:g7
1073741823,1073741759,1073741823,1073741819,1073741823,1073741823,1073741823,1073709055,1073610751,1073217535,1073741823,1073741823,1073741823,1073676287,1073741823:g7
1073741823,1073741759,1073741807,1073741823,1073741823,1073741823,1073741823,1073709055,1073610751,1073217535,1073741823,1073741823,1073741823,1073676287,1073741823:g7
1073741823,1073741755,1073741823,1073741823,1073741823,1073741823,1073741823,1073709055,1073610751,1073217535,1073741823,1073741823,1073741823,1073676287,1073741823:g7
1073741823,1073741743,1073741823,1073741823,1073741823,1073741823,1073741823,1073709055,1073610751,1073217535,1073741823,1073741823,1073741823,1073676287,1073741823:g7
1073741807,1073741759,1073741823,1073741823,1073741823,1073741823,1073741823,1073709055,1073610751,1073217535,1073741823,1073741823,1073741823,1073676287,1073741823:g7
1073741759,1073741759,1073741823,1073741823,1073741823,1073741823,1073741823,1073709055,1073610751,1073217535,1073741823,1073741823,1073741823,1073676287,1073741823:g7
1073741567,1073741759,1073741823,1073741823,1073741823,1073741823,1073741823,1073709055,1073610751,1073217535,1073741823,1073741823,1073741823,1073676287,1073741823:g7
1073741823,1073740735,1073741823,1073741823,1073741823,1073741823,1073741823,1073709055,1073610751,1073217535,1073741823,1073741823,1073741823,1073676287,1073741823:g7
1073741823,1073741503,1073741823,1073741823,1073741823,1073741823,1073741823,1073709055,1073610751,1073217535,1073741823,1073741823,1073741823,1073676287,1073741823:g7
1073741823,1073741759,1073741823,1073740799,1073741823,1073741823,1073741823,1073709055,1073610751,1073217535,1073741823,1073741823,1073741823,1073676287,1073741823:g7
1073741823,1073741759,1073741567,1073741823,1073741823,1073741823,1073741823,1073709055,1073610751,1073217535,1073741823,1073741823,1073741823,1073676287,1073741823:g7
1073741823,1073741759,1073741823,1073741759,1073741823,1073741823,1073741823,1073709055,1073610751,1073217535,1073741823,1073741823,1073741823,1073676287,1073741823:g7
1073741823,1073741759,1073741759,1073741823,1073741823,1073741823,1073741823,1073709055,1073610751,1073217535,1073741823,1073741823,1073741823,1073676287,1073741823:g7
1073741823,1073741759,1073741823,1073741823,1073741823,1073741823,1073741823,1073709055,1073610751,1073216511,1073741823,1073741823,1073741823,1073676287,1073741823:g7
1073741823,1073741759,1073741823,1073741823,1073741823,1073741823,1073741823,1073709055,1073606655,1073217535,1073741823,1073741823,1073741823,1073676287,1073741823:g7
1073741823,1073741759,1073741823,1073741823,1073741823,1073741823,1073741823,1073708031,1073610751,1073217535,1073741823,1073741823,1073741823,1073676287,1073741823:g7
1073741823,1073741759,1073741823,1073741823,1073741823,1073741823,1073741823,1073704959,1073610751,1073217535,1073741823,1073741823,1073741823,1073676287,1073741823:g7
1073741823,1073741759,1073741823,1073741823,1073741823,1073740799,1073741823,1073709055,1073610751,1073217535,1073741823,1073741823,1073741823,1073676287,1073741823:k11
1073741823,1073741759,1073741823,1073741823,1073741823,1073741823,1073737727,1073709055,1073610751,1073217535,1073741823,1073741823,1073741823,1073676287,1073741823:i10
1073741823,1073741759,1073741823,1073741823,1073741823,1073741823,1073737727,1073709055,1073610751,1073086463,1073725439,1073741823,1073741823,1073676287,1073741823:i8
1073741823,1073741759,1073741823,1073741823,1073741823,1073741823,1073737727,1073709055,1073610751,1073082367,1073741823,1073741823,1073741823,1073676287,1073741823:i12
1073741823,1073741759,1073741823,1073741823,1073741823,1073741823,1073737727,1073709055,1073610751,1073082367,1073741823,1073610495,1073741823,1073676287,1073741823:l12
1073741823,1073741759,1073741823,1073741823,1073741823,1073741823,1073737727,1073709055,1073610751,1073082367,1073740799,1073610751,1073741823,1073676287,1073741823:l12
1073741823,1073741759,1073741823,1073741823,1073741823,1073741823,1073737727,1073709055,1073610751,1073082111,1073741823,1073610751,1073741823,1073676287,1073741823:l12
1073741823,1073741759,1073741823,1073741823,1073741823,1073741823,1073737727,1073708799,1073610751,1073082367,1073741823,1073610751,1073741823,1073676287,1073741823:l12
1073741823,1073741759,1073741823,1073741823,1073741823,1073741823,1073737727,1073709055,1073609727,1073082367,1073741823,1073610751,1073741823,1073676287,1073741823:l12
1073741823,1073741759,1073741823,1073741823,1073741823,1073741823,1073737727,1073709055,1073610751,1073082367,1073725439,1073610751,1073741823,1073676287,1073741823:i11
1073741823,1073741759,1073741823,1073741823,1073741823,1073741823,1073737727,1072660479,1073610751,1073082367,1073741823,1073610751,1073741823,1073676287,1073741823:l12
1073741823,1073741759,1073741823,1073741823,1073741823,1073741823,1073737727,1073709055,1073610495,1073082367,1073741823,1073610751,1073741823,1073676287,1073741823:l12
1073741823,1073741759,1073741823,1073741823,1073741823,1073741823,1073737471,1073709055,1073610751,1073082367,1073741823,1073610751,1073741823,1073676287,1073741823:l12
1073741823,1073741759,1073741823,1073741823,1073741823,1073741823,1073736703,1073709055,1073610751,1073082367,1073741823,1073610751,1073741823,1073676287,1073741823:l12
1073741823,1073741759,1073741823,1073741823,1073741567,1073741823,1073737727,1073709055,1073610751,1073082367,1073741823,1073610751,1073741823,1073676287,1073741823:l12
1073741823,1073741759,1073741823,1073741823,1073737727,1073741823,1073737727,1073709055,1073610751,1073082367,1073741823,1073610751,1073741823,1073676287,1073741823:l12
1073741823,1073741759,1073741823,1073741823,1073741823,1073737727,1073737727,1073709055,1073610751,1073082367,1073741823,1073610751,1073741823,1073676287,1073741823:i11
1073741823,1073741759,1073741823,1073741823,1073676287,1073741823,1073737727,1073709055,1073610751,1073082367,1073741823,1073610751,1073741823,1073676287,1073741823:l12
1073741823,1073741759,1073741823,1073741823,1073741823,1073741823,1073737727,1073709055,1073610751,1073082367,1073741823,1073594367,1073741823,1073676287,1073741823:i11
1073741823,1073741759,1073741823,1073741823,1073741823,1073741823,1073737727,1069514751,1073610751,1073082367,1073741823,1073610751,1073741823,1073676287,1073741823:l12
1073741823,1073741759,1073741823,1073741823,1073741823,1073741823,1073737727,1073709055,1073610751,1068888063,1073741823,1073610751,1073741823,1073676287,1073741823:i11
1073741823,1073741759,1073741823,1073741823,1073741823,1073741823,1073737727,1073709055,1073610751,1072033791,1073741823,1073610751,1073741823,1073676287,1073741823:i11
1073741823,1073741759,1073741823,1073741823,1073741823,1073741823,1073737727,1073709055,1073610751,1073082367,1073741823,1069416447,1073741823,1073676287,1073741823:i11
1073741823,1073741759,1073741823,1073741823,1073741823,1073741823,1073737727,1073709055,1073610751,1073082367,1073741823,1073348607,1073741823,1073676287,1073741823:i11
1073741823,1073741759,1073741823,1073741823,1073741823,1073741823,1073737727,1073709055,1073610751,1073082367,1073479679,1073610751,1073741823,1073676287,1073741823:i11
1073741823,1073741759,1073741823,1073741823,1073741823,1073741823,1073737727,1073709055,1073610751,1073082367,1073741823,1073610751,1073741823,1073676287,1073725439:l12
1073741823,1073741759,1073741823,1073741823,1073741823,1073741823,1073737727,1073709055,1073610751,1073082367,1073741823,1073610751,1073741823,1073672191,1073741823:l12
1073741823,1073741759,1073741823,1073741823,1073741823,1073741823,1073737727,1073709055,1073610751,1073082367,1073741823,1073610751,1073741823,1073659903,1073741823:i11
1073741823,1073741759,1073741823,1073741823,1073741823,1073741823,1073737727,1073709055,1073610751,1073082367,1073741823,1073606655,1073741823,1073676287,1073741823:l12
1073741823,1073741759,1073741823,1073741823,1073741823,1073741823,1073737727,1073709055,1073610751,1073082367,1073741823,1073610751,1073725439,1073676287,1073741823:l12
1073741823,1073741759,1073741823,1073741823,1073741823,1073741823,1073737727,1073709055,1073610751,1073082367,1073741823,1073610751,1073676287,1073676287,1073741823:i7
1073741823,1073741759,1073741823,1073741823,1073741823,1073741823,1073737727,1073709055,1073610751,1073082367,1073741823,1072562175,1073741823,1073676287,1073741823:i11
1073741823,1073741759,1073741823,1073741823,1073741823,1073741823,1073737727,1073709055,1073610751,1073082367,1073741823,1073610751,1073479679,1073676287,1073741823:l12
1073741823,1073741759,1073741823,1073741823,1073741823,1073741823,1073737727,1073709055,1073610751,1073082367,1073741823,1073610751,1073741823,1072627711,1073741823:i11
1073741823,1073741759,1073741823,1073741823,1073741823,1073741823,1073737727,1073709055,1073610751,1073082367,1073741823,1073610751,1073741823,1073414143,1073741823:l12
1073741823,1073741759,1073741823,1073741823,1073741823,1073741823,1073737727,1073709055,1073610751,1073082367,1073741823,1073610751,1073741823,1073676287,1073479679:i11
1073741823,1073741759,1073741823,1073741823,1073741823,1073741823,1073737727,1073709055,1073610751,1073082367,1073741823,1073610751,1073741823,1073676287,1073676287:l12
1073741823,1073741759,1073741823,1073741823,1073741823,1073741823,1073737727,1073709055,1073610751,1073082367,1073737727,1073610751,1073741823,1073676287,1073741823:i11
1073741823,1073741759,1073741823,1073741823,1073741823,1073741823,1072689151,1073709055,1073610751,1073082367,1073741823,1073610751,1073741823,1073676287,1073741823:l12
1073741823,1073741759,1073741823,1073741823,1073741823,1073741823,1073737727,1073709055,1072562175,1073082367,1073741823,1073610751,1073741823,1073676287,1073741823:l12
1073741823,1073741759,1073741823,1073741823,1073741823,1073741823,1073737727,1073709055,1073348607,1073082367,1073741823,1073610751,1073741823,1073676287,1073741823:l12
1073741823,1073741759,1073741823,1073741823,1073741823,1073741823,1073737727,1073709055,1073610751,1073082367,1072693247,1073610751,1073741823,1073676287,1073741823:i11
1073741823,1073741759,1073741823,1073741823,1073741823,1073741823,1073737727,1073709055,1073610751,1073082367,1073676287,1073610751,1073741823,1073676287,1073741823:l12
1073741823,1073741759,1073741823,1073741819,1073741823,1073741823,1073737727,1073709055,1073610751,1073082367,1073741823,1073610751,1073741823,1073676287,1073741823:l12
1073741823,1073741759,1073741807,1073741823,1073741823,1073741823,1073737727,1073709055,1073610751,1073082367,1073741823,1073610751,1073741823,1073676287,1073741823:l12
1073741823,1073741755,1073741823,1073741823,1073741823,1073741823,1073737727,1073709055,1073610751,1073082367,1073741823,1073610751,1073741823,1073676287,1073741823:l12
1073741823,1073741743,1073741823,1073741823,1073741823,1073741823,1073737727,1073709055,1073610751,1073082367,1073741823,1073610751,1073741823,1073676287,1073741823:l12
1073741807,1073741759,1073741823,1073741823,1073741823,1073741823,1073737727,1073709055,1073610751,1073082367,1073741823,1073610751,1073741823,1073676287,1073741823:l12
1073741759,1073741759,1073741823,1073741823,1073741823,1073741823,1073737727,1073709055,1073610751,1073082367,1073741823,1073610751,1073741823,1073676287,1073741823:l12
1073741567,1073741759,1073741823,1073741823,1073741823,1073741823,1073737727,1073709055,1073610751,1073082367,1073741823,1073610751,1073741823,1073676287,1073741823:l12
1073741823,1073740735,1073741823,1073741823,1073741823,1073741823,1073737727,1073709055,1073610751,1073082367,1073741823,1073610751,1073741823,1073676287,1073741823:l12
1073741823,1073741503,1073741823,1073741823,1073741823,1073741823,1073737727,1073709055,1073610751,1073082367,1073741823,1073610751,1073741823,1073676287,1073741823:l12
1073741823,1073741759,1073741823,1073740799,1073741823,1073741823,1073737727,1073709055,1073610751,1073082367,1073741823,1073610751,1073741823,1073676287,1073741823:l12
1073741823,1073741759,1073741567,1073741823,1073741823,1073741823,1073737727,1073709055,1073610751,1073082367,1073741823,1073610751,1073741823,1073676287,1073741823:l12
1073741823,1073741759,1073741823,1073741759,1073741823,1073741823,1073737727,1073709055,1073610751,1073082367,1073741823,1073610751,1073741823,1073676287,1073741823:l12
1073741823,1073741759,1073741759,1073741823,1073741823,1073741823,1073737727,1073709055,1073610751,1073082367,1073741823,1073610751,1073741823,1073676287,1073741823:l12
1073741823,1073741759,1073741823,1073741823,1073741823,1073741823,1073737727,1073709055,1073610751,1073081343,1073741823,1073610751,1073741823,1073676287,1073741823:l12
1073741823,1073741759,1073741823,1073741823,1073741823,1073741823,1073737727,1073709055,1073606655,1073082367,1073741823,1073610751,1073741823,1073676287,1073741823:i11
1073741823,1073741759,1073741823,1073741823,1073741823,1073741823,1073737727,1073708031,1073610751,1073082367,1073741823,1073610751,1073741823,1073676287,1073741823:l12
1073741823,1073741759,1073741823,1073741823,1073741823,1073741823,1073737727,1073704959,1073610751,1073082367,1073741823,1073610751,1073741823,1073676287,1073741823:i11
1073741823,1073741759,1073741823,1073741823,1073741823,1073740799,1073737727,1073709055,1073610751,1073082367,1073741823,1073610751,1073741823,1073676287,1073741823:l12
1073741823,1073741759,1073741823,1073741823,1073741823,1073725439,1073737727,1073709055,1073610751,1073082367,1073741823,1073610751,1073741823,1073676287,1073741823:l12
1073741823,1073741759,1073741823,1073741823,1073741823,1073741823,1073721343,1073709055,1073610751,1073082367,1073741823,1073610751,1073741823,1073676287,1073741823:l12
1073741823,1073741759,1073741823,1073741823,1073741823,1073479679,1073737727,1073709055,1073610751,1073082367,1073741823,1073610751,1073741823,1073676287,1073741823:l12
1073741823,1073741759,1073741823,1073741823,1073741823,1073741823,1073672191,1073709055,1073610751,1073082367,1073741823,1073610751,1073741823,1073676287,1073741823:l12
1073741823,1073741759,1073741823,1073741823,1073741823,1073741823,1073737727,1073446911,1073610751,1073082367,1073741823,1073610751,1073741823,1073676287,1073741823:l12
1073741823,1073741759,1073741823,1073741823,1073741823,1073741823,1073737727,1073643519,1073610751,1073082367,1073741823,1073610751,1073741823,1073676287,1073741823:i11
1073741823,1073741759,1073741823,1073741823,1073741823,1073741823,1073737727,1073709055,1073610751,1073065983,1073741823,1073610751,1073741823,1073676287,1073741823:l12
1073741823,1073741759,1073741823,1073741823,1073741823,1073741823,1073737727,1073709055,1073594367,1073082367,1073741823,1073610751,1073741823,1073676287,1073741823:i11
1073741823,1073741759,1073741823,1073741823,1073741823,1073741823,1073737727,1072660479,1073610751,1073086463,1073741823,1073741823,1073741823,1073676287,1073741823:i7
1073741823,1073741759,1073741823,1073741823,1073741823,1073741823,1073737727,1073709055,1073610495,1073086463,1073741823,1073741823,1073741823,1073676287,1073741823:i7
1073741823,1073741759,1073741823,1073741823,1073741823,1073741823,1073737471,1073709055,1073610751,1073086463,1073741823,1073741823,1073741823,1073676287,1073741823:i7
1073741823,1073741759,1073741823,1073741823,1073741823,1073741823,1073736703,1073709055,1073610751,1073086463,1073741823,1073741823,1073741823,1073676287,1073741823:i11
1073741823,1073741759,1073741823,1073741823,1073741567,1073741823,1073737727,1073709055,1073610751,1073086463,1073741823,1073741823,1073741823,1073676287,1073741823:i7
1073741823,1073741759,1073741823,1073741823,1073737727,1073741823,1073737727,1073709055,1073610751,1073086463,1073741823,1073741823,1073741823,1073676287,1073741823:i7
1073741823,1073741759,1073741823,1073741823,1073741823,1073737727,1073737727,1073709055,1073610751,1073086463,1073741823,1073741823,1073741823,1073676287,1073741823:i11
1073741823,1073741759,1073741823,1073741823,1073676287,1073741823,1073737727,1073709055,1073610751,1073086463,1073741823,1073741823,1073741823,1073676287,1073741823:i7
1073741823,1073741759,1073741823,1073741823,1073741823,1073741823,1073737727,1073709055,1073610751,1073086463,1073741823,1073725439,1073741823,1073676287,1073741823:i7
1073741823,1073741759,1073741823,1073741823,1073741823,1073741823,1073737727,1069514751,1073610751,1073086463,1073741823,1073741823,1073741823,1073676287,1073741823:i7
1073741823,1073741759,1073741823,1073741823,1073741823,1073741823,1073737727,1073709055,1073610751,1068892159,1073741823,1073741823,1073741823,1073676287,1073741823:i8
1073741823,1073741759,1073741823,1073741823,1073741823,1073741823,1073737727,1073709055,1073610751,1072037887,1073741823,1073741823,1073741823,1073676287,1073741823:i8
1073741823,1073741759,1073741823,1073741823,1073741823,1073741823,1073737727,1073709055,1073610751,1073086463,1073741823,1069547519,1073741823,1073676287,1073741823:i7
1073741823,1073741759,1073741823,1073741823,1073741823,1073741823,1073737727,1073709055,1073610751,1073086463,1073741823,1073479679,1073741823,1073676287,1073741823:i7
1073741823,1073741759,1073741823,1073741823,1073741823,1073741823,1073737727,1073709055,1073610751,1073086463,1073479679,1073741823,1073741823,1073676287,1073741823:i7
1073741823,1073741759,1073741823,1073741823,1073741823,1073741823,1073737727,1073709055,1073610751,1073086463,1073741823,1073741823,1073741823,1073676287,1073725439:i7
1073741823,1073741759,1073741823,1073741823,1073741823,1073741823,1073737727,1073709055,1073610751,1073086463,1073741823,1073741823,1073741823,1073672191,1073741823:i7
1073741823,1073741759,1073741823,1073741823,1073741823,1073741823,1073737727,1073709055,1073610751,1073086463,1073741823,1073741823,1073741823,1073659903,1073741823:i7
1073741823,1073741759,1073741823,1073741823,1073741823,1073741823,1073737727,1073709055,1073610751,1073086463,1073741823,1073737727,1073741823,1073676287,1073741823:i7
1073741823,1073741759,1073741823,1073741823,1073741823,1073741823,1073737727,1073709055,1073610751,1073086463,1073741823,1073741823,1073725439,1073676287,1073741823:i7
1073741823,1073741759,1073741823,1073741823,1073741823,1073741823,1073737727,1073709055,1073610751,1073086463,1073741823,1073676287,1073741823,1073676287,1073741823:i8
1073741823,1073741759,1073741823,1073741823,1073741823,1073741823,1073737727,1073709055,1073610751,1073086463,1073741823,1073741823,1073676287,1073676287,1073741823:i8
1073741823,1073741759,1073741823,1073741823,1073741823,1073741823,1073737727,1073709055,1073610751,1073086463,1073741823,1072693247,1073741823,1073676287,1073741823:i7
1073741823,1073741759,1073741823,1073741823,1073741823,1073741823,1073737727,1073709055,1073610751,1073086463,1073741823,1073741823,1073479679,1073676287,1073741823:i7
1073741823,1073741759,1073741823,1073741823,1073741823,1073741823,1073737727,1073709055,1073610751,1073086463,1073741823,1073741823,1073741823,1072627711,1073741823:i7
1073741823,1073741759,1073741823,1073741823,1073741823,1073741823,1073737727,1073709055,1073610751,1073086463,1073741823,1073741823,1073741823,1073414143,1073741823:i7
1073741823,1073741759,1073741823,1073741823,1073741823,1073741823,1073737727,1073709055,1073610751,1073086463,1073741823,1073741823,1073741823,1073676287,1073479679:i7
1073741823,1073741759,1073741823,1073741823,1073741823,1073741823,1073737727,1073709055,1073610751,1073086463,1073741823,1073741823,1073741823,1073676287,1073676287:i8
1073741823,1073741759,1073741823,1073741823,1073741823,1073741823,1073737727,1073709055,1073610751,1073086463,1073737727,1073741823,1073741823,1073676287,1073741823:i7
1073741823,1073741759,1073741823,1073741823,1073741823,1073741823,1072689151,1073709055,1073610751,1073086463,1073741823,1073741823,1073741823,1073676287,1073741823:i7
1073741823,1073741759,1073741823,1073741823,1073741823,1073741823,1073737727,1073709055,1072562175,1073086463,1073741823,1073741823,1073741823,1073676287,1073741823:i7
1073741823,1073741759,1073741823,1073741823,1073741823,1073741823,1073737727,1073709055,1073348607,1073086463,1073741823,1073741823,1073741823,1073676287,1073741823:i8
1073741823,1073741759,1073741823,1073741823,1073741823,1073741823,1073737727,1073709055,1073610751,1073086463,1072693247,1073741823,1073741823,1073676287,1073741823:i7
1073741823,1073741759,1073741823,1073741823,1073741823,1073741823,1073737727,1073709055,1073610751,1073086463,1073676287,1073741823,1073741823,1073676287,1073741823:h10
1073741823,1073741759,1073741823,1073741819,1073741823,1073741823,1073737727,1073709055,1073610751,1073086463,1073741823,1073741823,1073741823,1073676287,1073741823:i7
1073741823,1073741759,1073741807,1073741823,1073741823,1073741823,1073737727,1073709055,1073610751,1073086463,1073741823,1073741823,1073741823,1073676287,1073741823:i7
1073741823,1073741755,1073741823,1073741823,1073741823,1073741823,1073737727,1073709055,1073610751,1073086463,1073741823,1073741823,1073741823,1073676287,1073741823:i7
1073741823,1073741743,1073741823,1073741823,1073741823,1073741823,1073737727,1073709055,1073610751,1073086463,1073741823,1073741823,1073741823,1073676287,1073741823:i7
1073741807,1073741759,1073741823,1073741823,1073741823,1073741823,1073737727,1073709055,1073610751,1073086463,1073741823,1073741823,1073741823,1073676287,1073741823:i7
1073741759,1073741759,1073741823,1073741823,1073741823,1073741823,1073737727,1073709055,1073610751,1073086463,1073741823,1073741823,1073741823,1073676287,1073741823:i7
1073741567,1073741759,1073741823,1073741823,1073741823,1073741823,1073737727,1073709055,1073610751,1073086463,1073741823,1073741823,1073741823,1073676287,1073741823:i7
1073741823,1073740735,1073741823,1073741823,1073741823,1073741823,1073737727,1073709055,1073610751,1073086463,1073741823,1073741823,1073741823,1073676287,1073741823:i7
1073741823,1073741503,1073741823,1073741823,1073741823,1073741823,1073737727,1073709055,1073610751,1073086463,1073741823,1073741823,1073741823,1073676287,1073741823:i7
1073741823,1073741759,1073741823,1073740799,1073741823,1073741823,1073737727,1073709055,1073610751,1073086463,1073741823,1073741823,1073741823,1073676287,1073741823:i7
1073741823,1073741759,1073741567,1073741823,1073741823,1073741823,1073737727,1073709055,1073610751,1073086463,1073741823,1073741823,1073741823,1073676287,1073741823:i7
1073741823,1073741759,1073741823,1073741759,1073741823,1073741823,1073737727,1073709055,1073610751,1073086463,1073741823,1073741823,1073741823,1073676287,1073741823:i7
1073741823,1073741759,1073741759,1073741823,1073741823,1073741823,1073737727,1073709055,1073610751,1073086463,1073741823,1073741823,1073741823,1073676287,1073741823:i7
1073741823,1073741759,1073741823,1073741823,1073741823,1073741823,1073737727,1073709055,1073610751,1073085439,1073741823,1073741823,1073741823,1073676287,1073741823:i8
1073741823,1073741759,1073741823,1073741823,1073741823,1073741823,1073737727,1073709055,1073606655,1073086463,1073741823,1073741823,1073741823,1073676287,1073741823:i11
1073741823,1073741759,1073741823,1073741823,1073741823,1073741823,1073737727,1073708031,1073610751,1073086463,1073741823,1073741823,1073741823,1073676287,1073741823:i8
1073741823,1073741759,1073741823,1073741823,1073741823,1073741823,1073737727,1073704959,1073610751,1073086463,1073741823,1073741823,1073741823,1073676287,1073741823:i11
1073741823,1073741759,1073741823,1073741823,1073741823,1073740799,1073737727,1073709055,1073610751,1073086463,1073741823,1073741823,1073741823,1073676287,1073741823:i8
1073741823,1073741759,1073741823,1073741823,1073741823,1073725439,1073737727,1073709055,1073610751,1073086463,1073741823,1073741823,1073741823,1073676287,1073741823:i8
1073741823,1073741759,1073741823,1073741823,1073741823,1073741823,1073721343,1073709055,1073610751,1073086463,1073741823,1073741823,1073741823,1073676287,1073741823:i11
1073741823,1073741759,1073741823,1073741823,1073741823,1073479679,1073737727,1073709055,1073610751,1073086463,1073741823,1073741823,1073741823,1073676287,1073741823:i8
1073741823,1073741759,1073741823,1073741823,1073741823,1073741823,1073672191,1073709055,1073610751,1073086463,1073741823,1073741823,1073741823,1073676287,1073741823:i11
1073741823,1073741759,1073741823,1073741823,1073741823,1073741823,1073737727,1073446911,1073610751,1073086463,1073741823,1073741823,1073741823,1073676287,1073741823:i12
1073741823,1073741759,1073741823,1073741823,1073741823,1073741823,1073475583,1073446911,1073610751,1073086463,1073741823,1073610751,1073741823,1073676287,1073741823:l12
1073741823,1073741759,1073741823,1073741823,1073741823,1069547519,1073737727,1073446911,1073610751,1073086463,1073741823,1073610751,1073741823,1073676287,1073741823:l12
1073741823,1073741759,1073741823,1073741823,1073741823,1073741823,1073737727,1073446911,1073610751,1073086463,1073725439,1073610751,1073741823,1073676287,1073741823:i11
1073741823,1073741759,1073741823,1073741823,1073741823,1073741823,1073737727,1073446911,1073610751,1073082367,1073741823,1073610751,1073741823,1073676287,1073741823:l12
1073741823,1073741759,1073741823,1073741823,1073741823,1073741823,1073737727,1072398335,1073610751,1073086463,1073741823,1073610751,1073741823,1073676287,1073741823:l12
1073741823,1073741759,1073741823,1073741823,1073741823,1073741823,1073737727,1073446911,1073610495,1073086463,1073741823,1073610751,1073741823,1073676287,1073741823:l12
1073741823,1073741759,1073741823,1073741823,1073741823,1073741823,1073737471,1073446911,1073610751,1073086463,1073741823,1073610751,1073741823,1073676287,1073741823:l12
1073741823,1073741759,1073741823,1073741823,1073741823,1073741823,1073736703,1073446911,1073610751,1073086463,1073741823,1073610751,1073741823,1073676287,1073741823:l12
1073741823,1073741759,1073741823,1073741823,1073741567,1073741823,1073737727,1073446911,1073610751,1073086463,1073741823,1073610751,1073741823,1073676287,1073741823:l12
1073741823,1073741759,1073741823,1073741823,1073737727,1073741823,1073737727,1073446911,1073610751,1073086463,1073741823,1073610751,1073741823,1073676287,1073741823:l12
1073741823,1073741759,1073741823,1073741823,1073741823,1073737727,1073737727,1073446911,1073610751,1073086463,1073741823,1073610751,1073741823,1073676287,1073741823:l12
1073741823,1073741759,1073741823,1073741823,1073676287,1073741823,1073737727,1073446911,1073610751,1073086463,1073741823,1073610751,1073741823,1073676287,1073741823:l12
1073741823,1073741759,1073741823,1073741823,1073741823,1073741823,1073737727,1073446911,1073610751,1073086463,1073741823,1073594367,1073741823,1073676287,1073741823:i11
1073741823,1073741759,1073741823,1073741823,1073741823,1073741823,1073737727,1069252607,1073610751,1073086463,1073741823,1073610751,1073741823,1073676287,1073741823:l12
1073741823,1073741759,1073741823,1073741823,1073741823,1073741823,1073737727,1073446911,1073610751,1068892159,1073741823,1073610751,1073741823,1073676287,1073741823:l12
1073741823,1073741759,1073741823,1073741823,1073741823,1073741823,1073737727,1073446911,1073610751,1072037887,1073741823,1073610751,1073741823,1073676287,1073741823:i11
1073741823,1073741759,1073741823,1073741823,1073741823,1073741823,1073737727,1073446911,1073610751,1073086463,1073741823,1069416447,1073741823,1073676287,1073741823:i11
1073741823,1073741759,1073741823,1073741823,1073741823,1073741823,1073737727,1073446911,1073610751,1073086463,1073741823,1073348607,1073741823,1073676287,1073741823:i11
1073741823,1073741759,1073741823,1073741823,1073741823,1073741823,1073737727,1073446911,1073610751,1073086463,1073479679,1073610751,1073741823,1073676287,1073741823:i11
1073741823,1073741759,1073741823,1073741823,1073741823,1073741823,1073737727,1073446911,1073610751,1073086463,1073741823,1073610751,1073741823,1073676287,1073725439:l12
1073741823,1073741759,1073741823,1073741823,1073741823,1073741823,1073737727,1073446911,1073610751,1073086463,1073741823,1073610751,1073741823,1073672191,1073741823:l12
1073741823,1073741759,1073741823,1073741823,1073741823,1073741823,1073737727,1073446911,1073610751,1073086463,1073741823,1073610751,1073741823,1073659903,1073741823:i11
1073741823,1073741759,1073741823,1073741823,1073741823,1073741823,1073737727,1073446911,1073610751,1073086463,1073741823,1073606655,1073741823,1073676287,1073741823:l12
1073741823,1073741759,1073741823,1073741823,1073741823,1073741823,1073737727,1073446911,1073610751,1073086463,1073741823,1073610751,1073725439,1073676287,1073741823:l12
1073741823,1073741759,1073741823,1073741823,1073741823,1073741823,1073737727,1073446911,1073610751,1073086463,1073741823,1073610751,1073676287,1073676287,1073741823:i8
1073741823,1073741759,1073741823,1073741823,1073741823,1073741823,1073737727,1073446911,1073610751,1073086463,1073741823,1072562175,1073741823,1073676287,1073741823:i11
1073741823,1073741759,1073741823,1073741823,1073741823,1073741823,1073737727,1073446911,1073610751,1073086463,1073741823,1073610751,1073479679,1073676287,1073741823:l12
1073741823,1073741759,1073741823,1073741823,1073741823,1073741823,1073737727,1073446911,1073610751,1073086463,1073741823,1073610751,1073741823,1072627711,1073741823:i11
1073741823,1073741759,1073741823,1073741823,1073741823,1073741823,1073737727,1073446911,1073610751,1073086463,1073741823,1073610751,1073741823,1073414143,1073741823:l12
1073741823,1073741759,1073741823,1073741823,1073741823,1073741823,1073737727,1073446911,1073610751,1073086463,1073741823,1073610751,1073741823,1073676287,1073479679:l12
1073741823,1073741759,1073741823,1073741823,1073741823,1073741823,1073737727,1073446911,1073610751,1073086463,1073741823,1073610751,1073741823,1073676287,1073676287:l12
1073741823,1073741759,1073741823,1073741823,1073741823,1073741823,1073737727,1073446911,1073610751,1073086463,1073737727,1073610751,1073741823,1073676287,1073741823:l12
1073741823,1073741759,1073741823,1073741823,1073741823,1073741823,1072689151,1073446911,1073610751,1073086463,1073741823,1073610751,1073741823,1073676287,1073741823:l12
1073741823,1073741759,1073741823,1073741823,1073741823,1073741823,1073737727,1073446911,1072562175,1073086463,1073741823,1073610751,1073741823,1073676287,1073741823:l12
1073741823,1073741759,1073741823,1073741823,1073741823,1073741823,1073737727,1073446911,1073348607,1073086463,1073741823,1073610751,1073741823,1073676287,1073741823:l12
1073741823,1073741759,1073741823,1073741823,1073741823,1073741823,1073737727,1073446911,1073610751,1073086463,1072693247,1073610751,1073741823,1073676287,1073741823:i11
1073741823,1073741759,1073741823,1073741823,1073741823,1073741823,1073737727,1073446911,1073610751,1073086463,1073676287,1073610751,1073741823,1073676287,1073741823:l12
1073741823,1073741759,1073741823,1073741819,1073741823,1073741823,1073737727,1073446911,1073610751,1073086463,1073741823,1073610751,1073741823,1073676287,1073741823:l12
1073741823,1073741759,1073741807,1073741823,1073741823,1073741823,1073737727,1073446911,1073610751,1073086463,1073741823,1073610751,1073741823,1073676287,1073741823:l12
1073741823,1073741755,1073741823,1073741823,1073741823,1073741823,1073737727,1073446911,1073610751,1073086463,1073741823,1073610751,1073741823,1073676287,1073741823:l12
1073741823,1073741743,1073741823,1073741823,1073741823,1073741823,1073737727,1073446911,1073610751,1073086463,1073741823,1073610751,1073741823,1073676287,1073741823:l12
1073741807,1073741759,1073741823,1073741823,1073741823,1073741823,1073737727,1073446911,1073610751,1073086463,1073741823,1073610751,1073741823,1073676287,1073741823:l12
1073741759,1073741759,1073741823,1073741823,1073741823,1073741823,1073737727,1073446911,1073610751,1073086463,1073741823,1073610751,1073741823,1073676287,1073741823:l12
1073741567,1073741759,1073741823,1073741823,1073741823,1073741823,1073737727,1073446911,1073610751,1073086463,1073741823,1073610751,1073741823,1073676287,1073741823:l12
1073741823,1073740735,1073741823,1073741823,1073741823,1073741823,1073737727,1073446911,1073610751,1073086463,1073741823,1073610751,1073741823,1073676287,1073741823:l12
1073741823,1073741503,1073741823,1073741823,1073741823,1073741823,1073737727,1073446911,1073610751,1073086463,1073741823,1073610751,1073741823,1073676287,1073741823:l12
1073741823,1073741759,1073741823,1073740799,1073741823,1073741823,1073737727,1073446911,1073610751,1073086463,1073741823,1073610751,1073741823,1073676287,1073741823:l12
1073741823,1073741759,1073741567,1073741823,1073741823,1073741823,1073737727,1073446911,1073610751,1073086463,1073741823,1073610751,1073741823,1073676287,1073741823:l12
1073741823,1073741759,1073741823,1073741759,1073741823,1073741823,1073737727,1073446911,1073610751,1073086463,1073741823,1073610751,1073741823,1073676287,1073741823:l12
1073741823,1073741759,1073741759,1073741823,1073741823,1073741823,1073737727,1073446911,1073610751,1073086463,1073741823,1073610751,1073741823,1073676287,1073741823:l12
1073741823,1073741759,1073741823,1073741823,1073741823,1073741823,1073737727,1073446911,1073610751,1073085439,1073741823,1073610751,1073741823,1073676287,1073741823:l12
1073741823,1073741759,1073741823,1073741823,1073741823,1073741823,1073737727,1073446911,1073606655,1073086463,1073741823,1073610751,1073741823,1073676287,1073741823:l12
1073741823,1073741759,1073741823,1073741823,1073741823,1073741823,1073737727,1073445887,1073610751,1073086463,1073741823,1073610751,1073741823,1073676287,1073741823:l12
1073741823,1073741759,1073741823,1073741823,1073741823,1073741823,1073737727,1073442815,1073610751,1073086463,1073741823,1073610751,1073741823,1073676287,1073741823:l12
1073741823,1073741759,1073741823,1073741823,1073741823,1073740799,1073737727,1073446911,1073610751,1073086463,1073741823,1073610751,1073741823,1073676287,1073741823:l12
1073741823,1073741759,1073741823,1073741823,1073741823,1073725439,1073737727,1073446911,1073610751,1073086463,1073741823,1073610751,1073741823,1073676287,1073741823:l12
1073741823,1073741759,1073741823,1073741823,1073741823,1073741823,1073721343,1073446911,1073610751,1073086463,1073741823,1073610751,1073741823,1073676287,1073741823:l12
1073741823,1073741759,1073741823,1073741823,1073741823,1073479679,1073737727,1073446911,1073610751,1073086463,1073741823,1073610751,1073741823,1073676287,1073741823:l12
1073741823,1073741759,1073741823,1073741823,1073741823,1073741823,1073672191,1073446911,1073610751,1073086463,1073741823,1073610751,1073741823,1073676287,1073741823:l12
1073741823,1073741759,1073741823,1073741823,1073741823,1073741823,1073737727,1073381375,1073610751,1073086463,1073741823,1073610751,1073741823,1073676287,1073741823:l12
1073741823,1073741759,1073741823,1073741823,1073741823,1073741823,1073737727,1073446911,1073610751,1073070079,1073741823,1073610751,1073741823,1073676287,1073741823:l12
1073741823,1073741759,1073741823,1073741823,1073741823,1073741823,1073737727,1073446911,1073594367,1073086463,1073741823,1073610751,1073741823,1073676287,1073741823:l12
1073741823,1073741759,1073741823,1073741823,1073741823,1073741823,1073737727,1073643519,1073610751,1073086463,1073741823,1073741823,1073741823,1073676287,1073741823:h9
1073741823,1073741759,1073741823,1073741823,1073741823,1073741823,1073737727,1073643519,1073577983,1073086463,1073740799,1073741823,1073741823,1073676287,1073741823:h10
1073741823,1073741759,1073741823,1073741823,1073741823,1073741823,1073737727,1073643519,1073576959,1073086463,1073741823,1073741823,1073741823,1073676287,1073741823:h10
1073741823,1073741759,1073741823,1073741823,1073741823,1073676287,1073737727,1073643519,1073577983,1073086463,1073741823,1073741823,1073741823,1073676287,1073741823:h10
1073741823,1073741759,1073741823,1073741823,1073741823,1072693247,1073737727,1073643519,1073577983,1073086463,1073741823,1073741823,1073741823,1073676287,1073741823:h10
1073741823,1073741759,1073741823,1073741823,1073741823,1073741823,1073475583,1073643519,1073577983,1073086463,1073741823,1073741823,1073741823,1073676287,1073741823:h10
1073741823,1073741759,1073741823,1073741823,1073741823,1073741823,1073737727,1073643519,1073577983,1073086463,1073725439,1073741823,1073741823,1073676287,1073741823:j9
1073741823,1073741759,1073741823,1073741823,1073741823,1073741823,1073737727,1073643519,1073577983,1073082367,1073741823,1073741823,1073741823,1073676287,1073741823:h11
1073741823,1073741759,1073741823,1073741823,1073741823,1073741823,1073737727,1072594943,1073577983,1073086463,1073741823,1073741823,1073741823,1073676287,1073741823:h10
1073741823,1073741759,1073741823,1073741823,1073741823,1073741823,1073737727,1073643519,1073577727,1073086463,1073741823,1073741823,1073741823,1073676287,1073741823:h10
1073741823,1073741759,1073741823,1073741823,1073741823,1073741823,1073737471,1073643519,1073577983,1073086463,1073741823,1073741823,1073741823,1073676287,1073741823:h10
1073741823,1073741759,1073741823,1073741823,1073741823,1073741823,1073736703,1073643519,1073577983,1073086463,1073741823,1073741823,1073741823,1073676287,1073741823:h10
1073741823,1073741759,1073741823,1073741823,1073741567,1073741823,1073737727,1073643519,1073577983,1073086463,1073741823,1073741823,1073741823,1073676287,1073741823:h10
1073741823,1073741759,1073741823,1073741823,1073737727,1073741823,1073737727,1073643519,1073577983,1073086463,1073741823,1073741823,1073741823,1073676287,1073741823:h10
1073741823,1073741759,1073741823,1073741823,1073741823,1073737727,1073737727,1073643519,1073577983,1073086463,1073741823,1073741823,1073741823,1073676287,1073741823:h10
1073741823,1073741759,1073741823,1073741823,1073676287,1073741823,1073737727,1073643519,1073577983,1073086463,1073741823,1073741823,1073741823,1073676287,1073741823:h10
1073741823,1073741759,1073741823,1073741823,1073741823,1073741823,1073737727,1073643519,1073577983,1073086463,1073741823,1073725439,1073741823,1073676287,1073741823:h10
1073741823,1073741759,1073741823,1073741823,1073741823,1073741823,1073737727,1069449215,1073577983,1073086463,1073741823,1073741823,1073741823,1073676287,1073741823:h10
1073741823,1073741759,1073741823,1073741823,1073741823,1073741823,1073737727,1073643519,1073577983,1068892159,1073741823,1073741823,1073741823,1073676287,1073741823:h10
1073741823,1073741759,1073741823,1073741823,1073741823,1073741823,1073737727,1073643519,1073577983,1072037887,1073741823,1073741823,1073741823,1073676287,1073741823:h11
1073741823,1073741759,1073741823,1073741823,1073741823,1073741823,1073737727,1073643519,1073577983,1073086463,1073741823,1069547519,1073741823,1073676287,1073741823:h10
1073741823,1073741759,1073741823,1073741823,1073741823,1073741823,1073737727,1073643519,1073577983,1073086463,1073741823,1073479679,1073741823,1073676287,1073741823:h10
1073741823,1073741759,1073741823,1073741823,1073741823,1073741823,1073737727,1073643519,1073577983,1073086463,1073479679,1073741823,1073741823,1073676287,1073741823:h10
1073741823,1073741759,1073741823,1073741823,1073741823,1073741823,1073737727,1073643519,1073577983,1073086463,1073741823,1073741823,1073741823,1073676287,1073725439:h10
1073741823,1073741759,1073741823,1073741823,1073741823,1073741823,1073737727,1073643519,1073577983,1073086463,1073741823,1073741823,1073741823,1073672191,1073741823:h10
1073741823,1073741759,1073741823,1073741823,1073741823,1073741823,1073737727,1073643519,1073577983,1073086463,1073741823,1073741823,1073741823,1073659903,1073741823:h10
1073741823,1073741759,1073741823,1073741823,1073741823,1073741823,1073737727,1073643519,1073577983,1073086463,1073741823,1073737727,1073741823,1073676287,1073741823:h10
1073741823,1073741759,1073741823,1073741823,1073741823,1073741823,1073737727,1073643519,1073577983,1073086463,1073741823,1073741823,1073725439,1073676287,1073741823:h10
1073741823,1073741759,1073741823,1073741823,1073741823,1073741823,1073737727,1073643519,1073577983,1073086463,1073741823,1073676287,1073741823,1073676287,1073741823:h10
1073741823,1073741759,1073741823,1073741823,1073741823,1073741823,1073737727,1073643519,1073577983,1073086463,1073741823,1073741823,1073676287,1073676287,1073741823:h10
1073741823,1073741759,1073741823,1073741823,1073741823,1073741823,1073737727,1073643519,1073577983,1073086463,1073741823,1072693247,1073741823,1073676287,1073741823:h10
1073741823,1073741759,1073741823,1073741823,1073741823,1073741823,1073737727,1073643519,1073577983,1073086463,1073741823,1073741823,1073479679,1073676287,1073741823:h10
1073741823,1073741759,1073741823,1073741823,1073741823,1073741823,1073737727,1073643519,1073577983,1073086463,1073741823,1073741823,1073741823,1072627711,1073741823:h10
1073741823,1073741759,1073741823,1073741823,1073741823,1073741823,1073737727,1073643519,1073577983,1073086463,1073741823,1073741823,1073741823,1073414143,1073741823:h10
1073741823,1073741759,1073741823,1073741823,1073741823,1073741823,1073737727,1073643519,1073577983,1073086463,1073741823,1073741823,1073741823,1073676287,1073479679:h10
1073741823,1073741759,1073741823,1073741823,1073741823,1073741823,1073737727,1073643519,1073577983,1073086463,1073741823,1073741823,1073741823,1073676287,1073676287:h10
1073741823,1073741759,1073741823,1073741823,1073741823,1073741823,1073737727,1073643519,1073577983,1073086463,1073737727,1073741823,1073741823,1073676287,1073741823:h10
1073741823,1073741759,1073741823,1073741823,1073741823,1073741823,1072689151,1073643519,1073577983,1073086463,1073741823,1073741823,1073741823,1073676287,1073741823:h10
1073741823,1073741759,1073741823,1073741823,1073741823,1073741823,1073737727,1073643519,1072529407,1073086463,1073741823,1073741823,1073741823,1073676287,1073741823:h10
1073741823,1073741759,1073741823,1073741823,1073741823,1073741823,1073737727,1073643519,1073315839,1073086463,1073741823,1073741823,1073741823,1073676287,1073741823:h10
1073741823,1073741759,1073741823,1073741823,1073741823,1073741823,1073737727,1073643519,1073577983,1073086463,1072693247,1073741823,1073741823,1073676287,1073741823:h10
1073741823,1073741759,1073741823,1073741823,1073741823,1073741823,1073737727,1073643519,1073577983,1073086463,1073676287,1073741823,1073741823,1073676287,1073741823:h10
1073741823,1073741759,1073741823,1073741819,1073741823,1073741823,1073737727,1073643519,1073577983,1073086463,1073741823,1073741823,1073741823,1073676287,1073741823:h10
1073741823,1073741759,1073741807,1073741823,1073741823,1073741823,1073737727,1073643519,1073577983,1073086463,1073741823,1073741823,1073741823,1073676287,1073741823:h10
1073741823,1073741755,1073741823,1073741823,1073741823,1073741823,1073737727,1073643519,1073577983,1073086463,1073741823,1073741823,1073741823,1073676287,1073741823:h10
1073741823,1073741743,1073741823,1073741823,1073741823,1073741823,1073737727,1073643519,1073577983,1073086463,1073741823,1073741823,1073741823,1073676287,1073741823:h10
1073741807,1073741759,1073741823,1073741823,1073741823,1073741823,1073737727,1073643519,1073577983,1073086463,1073741823,1073741823,1073741823,1073676287,1073741823:h10
1073741759,1073741759,1073741823,1073741823,1073741823,1073741823,1073737727,1073643519,1073577983,1073086463,1073741823,1073741823,1073741823,1073676287,1073741823:h10
1073741567,1073741759,1073741823,1073741823,1073741823,1073741823,1073737727,1073643519,1073577983,1073086463,1073741823,1073741823,1073741823,1073676287,1073741823:h10
1073741823,1073740735,1073741823,1073741823,1073741823,1073741823,1073737727,1073643519,1073577983,1073086463,1073741823,1073741823,1073741823,1073676287,1073741823:h10
1073741823,1073741503,1073741823,1073741823,1073741823,1073741823,1073737727,1073643519,1073577983,1073086463,1073741823,1073741823,1073741823,1073676287,1073741823:h10
1073741823,1073741759,1073741823,1073740799,1073741823,1073741823,1073737727,1073643519,1073577983,1073086463,1073741823,1073741823,1073741823,1073676287,1073741823:h10
1073741823,1073741759,1073741567,1073741823,1073741823,1073741823,1073737727,1073643519,1073577983,1073086463,1073741823,1073741823,1073741823,1073676287,1073741823:h10
1073741823,1073741759,1073741823,1073741759,1073741823,1073741823,1073737727,1073643519,1073577983,1073086463,1073741823,1073741823,1073741823,1073676287,1073741823:h10
1073741823,1073741759,1073741759,1073741823,1073741823,1073741823,1073737727,1073643519,1073577983,1073086463,1073741823,1073741823,1073741823,1073676287,1073741823:h10
1073741823,1073741759,1073741823,1073741823,1073741823,1073741823,1073737727,1073643519,1073577983,1073085439,1073741823,1073741823,1073741823,1073676287,1073741823:h10
1073741823,1073741759,1073741823,1073741823,1073741823,1073741823,1073737727,1073643519,1073573887,1073086463,1073741823,1073741823,1073741823,1073676287,1073741823:h10
1073741823,1073741759,1073741823,1073741823,1073741823,1073741823,1073737727,1073642495,1073577983,1073086463,1073741823,1073741823,1073741823,1073676287,1073741823:h10
1073741823,1073741759,1073741823,1073741823,1073741823,1073741823,1073737727,1073639423,1073577983,1073086463,1073741823,1073741823,1073741823,1073676287,1073741823:h10
1073741823,1073741759,1073741823,1073741823,1073741823,1073740799,1073737727,1073643519,1073577983,1073086463,1073741823,1073741823,1073741823,1073676287,1073741823:h10
1073741823,1073741759,1073741823,1073741823,1073741823,1073725439,1073737727,1073643519,1073577983,1073086463,1073741823,1073741823,1073741823,1073676287,1073741823:h10
1073741823,1073741759,1073741823,1073741823,1073741823,1073741823,1073721343,1073643519,1073577983,1073086463,1073741823,1073741823,1073741823,1073676287,1073741823:j9
1073741823,1073741759,1073741823,1073741823,1073741823,1073479679,1073737727,1073643519,1073577983,1073086463,1073741823,1073741823,1073741823,1073676287,1073741823:h10
1073741823,1073741759,1073741823,1073741823,1073741823,1073741823,1073672191,1073643519,1073577983,1073086463,1073741823,1073741823,1073741823,1073676287,1073741823:h10
1073741823,1073741759,1073741823,1073741823,1073741823,1073741823,1073737727,1073381375,1073577983,1073086463,1073741823,1073741823,1073741823,1073676287,1073741823:h10
1073741823,1073741759,1073741823,1073741823,1073741823,1073741823,1073737727,1073643519,1073577983,1073070079,1073741823,1073741823,1073741823,1073676287,1073741823:j9
1073741823,1073741759,1073741823,1073741823,1073741823,1073741823,1073737727,1073709055,1073610751,1073070079,1073741823,1073741823,1073741823,1073676287,1073741823:i8
1073741823,1073741759,1073741823,1073741823,1073741823,1073741823,1073737727,1073709055,1073594367,1073086463,1073741823,1073741823,1073741823,1073676287,1073741823:i8
1073741823,1073741759,1073741823,1073741823,1073741823,1073725439,1073741823,1073709055,1073610751,1073217535,1073741823,1073741823,1073741823,1073676287,1073741823:g7
1073741823,1073741759,1073741823,1073741823,1073741823,1073741823,1073725439,1073709055,1073610751,1073217535,1073741823,1073741823,1073741823,1073676287,1073741823:g7
1073741823,1073741759,1073741823,1073741823,1073741823,1073479679,1073741823,1073709055,1073610751,1073217535,1073741823,1073741823,1073741823,1073676287,1073741823:g7
1073741823,1073741759,1073741823,1073741823,1073741823,1073741823,1073676287,1073709055,1073610751,1073217535,1073741823,1073741823,1073741823,1073676287,1073741823:g7
1073741823,1073741759,1073741823,1073741823,1073741823,1073741823,1073741823,1073446911,1073610751,1073217535,1073741823,1073741823,1073741823,1073676287,1073741823:g7
1073741823,1073741759,1073741823,1073741823,1073741823,1073741823,1073741823,1073643519,1073610751,1073217535,1073741823,1073741823,1073741823,1073676287,1073741823:g7
1073741823,1073741759,1073741823,1073741823,1073741823,1073741823,1073741823,1073709055,1073610751,1073201151,1073741823,1073741823,1073741823,1073676287,1073741823:g7
1073741823,1073741759,1073741823,1073741823,1073741823,1073741823,1073741823,1073709055,1073594367,1073217535,1073741823,1073741823,1073741823,1073676287,1073741823:g7
