1073741823,1073741823,1073741823,1073741823,1073741823,1073741823,1073594367,1073573887,1073479679,1073741823,1073741823,1073741823,1073741823,1073741823,1073741823:g9
1073741823,1073741823,1073741823,1073741823,1073741823,1073741823,1073594367,1073573887,1073471487,1073741823,1073741567,1073741823,1073741823,1073741823,1073741823:j6
1073741823,1073741823,1073741823,1073741823,1073741823,1073741823,1073594367,1073573887,1073471231,1073741823,1073741823,1073741823,1073741823,1073741823,1073741823:j6
1073741823,1073741823,1073741823,1073741823,1073741823,1073741823,1073594111,1073573887,1073471487,1073741823,1073741823,1073741823,1073741823,1073741823,1073741823:j6
1073741823,1073741823,1073741823,1073741823,1073741823,1073741823,1073594367,1073573887,1073471487,1073741823,1073676287,1073741823,1073741823,1073741823,1073741823:j6
1073741823,1073741823,1073741823,1073741823,1073741823,1073741823,1073594367,1073573887,1073471487,1073741823,1073737727,1073741823,1073741823,1073741823,1073741823:j6
1073741823,1073741823,1073741823,1073741823,1073741823,1073741823,1073594367,1073573887,1073471487,1073741567,1073741823,1073741823,1073741823,1073741823,1073741823:j6
1073741823,1073741823,1073741823,1073741823,1073741823,1073741823,1073594367,1073573631,1073471487,1073741823,1073741823,1073741823,1073741823,1073741823,1073741823:j6
1073741823,1073741823,1073741823,1073741823,1073741823,1073741567,1073594367,1073573887,1073471487,1073741823,1073741823,1073741823,1073741823,1073741823,1073741823:j6
1073741823,1073741823,1073741823,1073741823,1073741823,1073741823,1073594367,1073573887,1073471487,1073737727,1073741823,1073741823,1073741823,1073741823,1073741823:j6
1073741823,1073741823,1073741823,1073741823,1073741823,1072693247,1073594367,1073573887,1073471487,1073741823,1073741823,1073741823,1073741823,1073741823,1073741823:j6
1073741823,1073741823,1073741823,1073741823,1073741823,1073741823,1073594367,1073573887,1073471487,1073741823,1073725439,1073741823,1073741823,1073741823,1073741823:j6
1073741823,1073741823,1073741823,1073741823,1073741823,1073741823,1073594367,1073573887,1073471487,1073676287,1073741823,1073741823,1073741823,1073741823,1073741823:j6
1073741823,1073741823,1073741823,1073741823,1073741823,1073741823,1069400063,1073573887,1073471487,1073741823,1073741823,1073741823,1073741823,1073741823,1073741823:j6
1073741823,1073741823,1073741823,1073741823,1073741823,1073741823,1073594367,1072525311,1073471487,1073741823,1073741823,1073741823,1073741823,1073741823,1073741823:j6
1073741823,1073741823,1073741823,1073741823,1073741823,1073741823,1073594367,1073573887,1069277183,1073741823,1073741823,1073741823,1073741823,1073741823,1073741823:j6
1073741823,1073741823,1073741823,1073741823,1073741823,1073741823,1073594367,1073573887,1073471487,1073741823,1069547519,1073741823,1073741823,1073741823,1073741823:j6
1073741823,1073741823,1073741823,1073741823,1073741823,1073741823,1073594367,1073573887,1073471487,1072693247,1073741823,1073741823,1073741823,1073741823,1073741823:j6
1073741823,1073741823,1073741823,1073741823,1073741823,1073741823,1073594367,1073573887,1073471487,1073741823,1073479679,1073741823,1073741823,1073741823,1073741823:j6
1073741823,1073741823,1073741823,1073741823,1073737727,1073741823,1073594367,1073573887,1073471487,1073741823,1073741823,1073741823,1073741823,1073741823,1073741823:j6
1073741823,1073741823,1073741823,1073741823,1073676287,1073741823,1073594367,1073573887,1073471487,1073741823,1073741823,1073741823,1073741823,1073741823,1073741823:j6
1073741823,1073741823,1073741823,1073741823,1072693247,1073741823,1073594367,1073573887,1073471487,1073741823,1073741823,1073741823,1073741823,1073741823,1073741823:f10
1073741823,1073741823,1073741823,1073741823,1073741823,1073741823,1072545791,1073573887,1073471487,1073741823,1073741823,1073741823,1073741823,1073741823,1073741823:j6
1073741823,1073741823,1073741823,1073741823,1073741823,1073741823,1073594367,1073573887,1072422911,1073741823,1073741823,1073741823,1073741823,1073741823,1073741823:j6
1073741823,1073741823,1073741823,1073741823,1073741823,1073741823,1073594367,1073573887,1073470463,1073741823,1073741823,1073741823,1073741823,1073741823,1073741823:j6
1073741823,1073741823,1073741823,1073741823,1073741823,1073741823,1073593343,1073573887,1073471487,1073741823,1073741823,1073741823,1073741823,1073741823,1073741823:j6
1073741823,1073741823,1073741823,1073741823,1073740799,1073741823,1073594367,1073573887,1073471487,1073741823,1073741823,1073741823,1073741823,1073741823,1073741823:j6
1073741823,1073741823,1073741823,1073741823,1073741823,1073737727,1073594367,1073573887,1073471487,1073741823,1073741823,1073741823,1073741823,1073741823,1073741823:j6
1073741823,1073741823,1073741823,1073741823,1073725439,1073741823,1073594367,1073573887,1073471487,1073741823,1073741823,1073741823,1073741823,1073741823,1073741823:j6
1073741823,1073741823,1073741823,1073741823,1073479679,1073741823,1073594367,1073573887,1073471487,1073741823,1073741823,1073741823,1073741823,1073741823,1073741823:j6
1073741823,1073741823,1073741823,1073741823,1073741823,1073676287,1073594367,1073573887,1073471487,1073741823,1073741823,1073741823,1073741823,1073741823,1073741823:j6
1073741823,1073741823,1073741823,1073741823,1073741823,1073741823,1073332223,1073573887,1073471487,1073741823,1073741823,1073741823,1073741823,1073741823,1073741823:j6
1073741823,1073741823,1073741823,1073741823,1073741823,1073741823,1073594367,1073573887,1073471487,1073740799,1073741823,1073741823,1073741823,1073741823,1073741823:i6
1073741823,1073741823,1073741823,1073737727,1073741823,1073610751,1073594367,1073573887,1073471487,1073740799,1073741823,1073741823,1073741823,1073741823,1073741823:i5
1073741823,1073741823,1073741823,1073676287,1073741823,1073610751,1073594367,1073573887,1073471487,1073740799,1073741823,1073741823,1073741823,1073741823,1073741823:i9
1073741823,1073741823,1073741823,1072693247,1073741823,1073610751,1073594367,1073573887,1073471487,1073740799,1073741823,1073741823,1073741823,1073741823,1073741823:i5
1073741823,1073741823,1073741823,1073741823,1073741823,1073610751,1073594367,1073573887,1073471487,1073740799,1073741823,1073741759,1073741823,1073741823,1073741823:i5
1073741823,1073741823,1073741823,1073741823,1073741823,1073610751,1073594367,1073573887,1073471487,1073740735,1073741823,1073741823,1073741823,1073741823,1073741823:i5
1073741823,1073741823,1073741823,1073741823,1073741823,1073610751,1073594367,1073573823,1073471487,1073740799,1073741823,1073741823,1073741823,1073741823,1073741823:i5
1073741823,1073741823,1073741823,1073741823,1073741823,1073610751,1073594367,1073573887,1073471487,1073740799,1073741823,1073725439,1073741823,1073741823,1073741823:i5
1073741823,1073741823,1073741823,1073741823,1073741823,1073610751,1073594367,1073573887,1073471487,1073740799,1073741823,1073740799,1073741823,1073741823,1073741823:i5
1073741823,1073741823,1073741823,1073741823,1073741823,1073610751,1073594367,1073573887,1073471487,1073740799,1073740799,1073741823,1073741823,1073741823,1073741823:i5
1073741823,1073741823,1073741823,1073741823,1073741823,1073610751,1073594367,1073573887,1073471487,1073740799,1073741567,1073741823,1073741823,1073741823,1073741823:i5
1073741823,1073741823,1073741823,1073741823,1073741823,1073610751,1073594367,1073573887,1073471231,1073740799,1073741823,1073741823,1073741823,1073741823,1073741823:i5
1073741823,1073741823,1073741823,1073741823,1073741823,1073610751,1073594111,1073573887,1073471487,1073740799,1073741823,1073741823,1073741823,1073741823,1073741823:i5
1073741823,1073741823,1073741823,1073741823,1073741823,1073610751,1073594367,1073573887,1073471487,1073740799,1073676287,1073741823,1073741823,1073741823,1073741823:i5
1073741823,1073741823,1073741823,1073741823,1073741823,1073610751,1073594367,1073573887,1073471487,1073740799,1073737727,1073741823,1073741823,1073741823,1073741823:i5
1073741823,1073741823,1073741823,1073741823,1073741823,1073610751,1073594367,1073573887,1073471487,1073740543,1073741823,1073741823,1073741823,1073741823,1073741823:i5
1073741823,1073741823,1073741823,1073741823,1073741823,1073610751,1073594367,1073573631,1073471487,1073740799,1073741823,1073741823,1073741823,1073741823,1073741823:i5
1073741823,1073741823,1073741823,1073741823,1073741823,1073610495,1073594367,1073573887,1073471487,1073740799,1073741823,1073741823,1073741823,1073741823,1073741823:i5
1073741823,1073741823,1073741823,1073741823,1073741823,1073610751,1073594367,1073573887,1073471487,1073736703,1073741823,1073741823,1073741823,1073741823,1073741823:i5
1073741823,1073741823,1073741823,1073741823,1073741823,1072562175,1073594367,1073573887,1073471487,1073740799,1073741823,1073741823,1073741823,1073741823,1073741823:i5
1073741823,1073741823,1073741823,1073741823,1073741823,1073610751,1073594367,1073573887,1073471487,1073740799,1073725439,1073741823,1073741823,1073741823,1073741823:i5
1073741823,1073741823,1073741823,1073741823,1073741823,1073610751,1073594367,1073573887,1073471487,1073675263,1073741823,1073741823,1073741823,1073741823,1073741823:i5
1073741823,1073741823,1073741823,1073741823,1073741823,1073610751,1069400063,1073573887,1073471487,1073740799,1073741823,1073741823,1073741823,1073741823,1073741823:i5
1073741823,1073741823,1073741823,1073741823,1073741823,1073610751,1073594367,1072525311,1073471487,1073740799,1073741823,1073741823,1073741823,1073741823,1073741823:i5
1073741823,1073741823,1073741823,1073741823,1073741823,1073610751,1073594367,1073573887,1069277183,1073740799,1073741823,1073741823,1073741823,1073741823,1073741823:i5
1073741823,1073741823,1073741823,1073741823,1073741823,1073610751,1073594367,1073573887,1073471487,1073740799,1069547519,1073741823,1073741823,1073741823,1073741823:i5
1073741823,1073741823,1073741823,1073741823,1073741823,1073610751,1073594367,1073573887,1073471487,1072692223,1073741823,1073741823,1073741823,1073741823,1073741823:i5
1073741823,1073741823,1073741823,1073741823,1073741823,1073610751,1073594367,1073573887,1073471487,1073740799,1073479679,1073741823,1073741823,1073741823,1073741823:i5
1073741823,1073741823,1073741823,1073741823,1073737727,1073610751,1073594367,1073573887,1073471487,1073740799,1073741823,1073741823,1073741823,1073741823,1073741823:i5
1073741823,1073741823,1073741823,1073741823,1073676287,1073610751,1073594367,1073573887,1073471487,1073740799,1073741823,1073741823,1073741823,1073741823,1073741823:j6
1073741823,1073741823,1073741823,1069547519,1073676287,1073086463,1073594367,1073573887,1073471487,1073740799,1073741823,1073741823,1073741823,1073741823,1073741823:k5
1073741823,1073741823,1073741823,1073741823,1073676287,1068892159,1073594367,1073573887,1073471487,1073740799,1073741823,1073741823,1073741823,1073741823,1073741823:k5
1073741823,1073741823,1073741823,1073741823,1073676287,1073086463,1073594367,1069379583,1073471487,1073740799,1073741823,1073741823,1073741823,1073741823,1073741823:k5
1073741823,1073741823,1073737727,1073741823,1073676287,1073086463,1073594367,1073573887,1073471487,1073740799,1073741823,1073741823,1073741823,1073741823,1073741823:k6
1073741823,1073741823,1073741823,1073725439,1073676287,1073086463,1073594367,1073573887,1073471487,1073740799,1073741823,1073741823,1073741823,1073741823,1073741823:k5
1073741823,1073741823,1073676287,1073741823,1073676287,1073086463,1073594367,1073573887,1073471487,1073740799,1073741823,1073741823,1073741823,1073741823,1073741823:k6
1073741823,1073741823,1072693247,1073741823,1073676287,1073086463,1073594367,1073573887,1073471487,1073740799,1073741823,1073741823,1073741823,1073741823,1073741823:k5
1073741823,1073741823,1073741823,1073479679,1073676287,1073086463,1073594367,1073573887,1073471487,1073740799,1073741823,1073741823,1073741823,1073741823,1073741823:k5
1073741823,1073741823,1073741823,1073737727,1073676287,1073086463,1073594367,1073573887,1073471487,1073740799,1073741823,1073741823,1073741823,1073741823,1073741823:k6
1073741823,1073741823,1073741823,1073676287,1073676287,1073086463,1073594367,1073573887,1073471487,1073740799,1073741823,1073741823,1073741823,1073741823,1073741823:k6
1073741823,1073741823,1073741823,1072693247,1073676287,1073086463,1073594367,1073573887,1073471487,1073740799,1073741823,1073741823,1073741823,1073741823,1073741823:k5
1073741823,1073741823,1073741823,1073741823,1073676287,1073086463,1073594367,1073573887,1073471487,1073740799,1073741823,1073741759,1073741823,1073741823,1073741823:k6
1073741823,1073741823,1073741823,1073741823,1073676287,1073086463,1073594367,1073573887,1073471487,1073740735,1073741823,1073741823,1073741823,1073741823,1073741823:k6
1073741823,1073741823,1073741823,1073741823,1073676287,1073086463,1073594367,1073573823,1073471487,1073740799,1073741823,1073741823,1073741823,1073741823,1073741823:k6
1073741823,1073741823,1073741823,1073741823,1073676287,1073086463,1073594367,1073573887,1073471487,1073740799,1073741823,1073725439,1073741823,1073741823,1073741823:k6
1073741823,1073741823,1073741823,1073741823,1073676287,1073086463,1073594367,1073573887,1073471487,1073740799,1073741823,1073740799,1073741823,1073741823,1073741823:k6
1073741823,1073741823,1073741823,1073741823,1073676287,1073086463,1073594367,1073573887,1073471487,1073740799,1073740799,1073741823,1073741823,1073741823,1073741823:k6
1073741823,1073741823,1073741823,1073741823,1073676287,1073086463,1073594367,1073573887,1073471487,1073740799,1073741567,1073741823,1073741823,1073741823,1073741823:k6
1073741823,1073741823,1073741823,1073741823,1073676287,1073086463,1073594367,1073573887,1073471231,1073740799,1073741823,1073741823,1073741823,1073741823,1073741823:k5
1073741823,1073741823,1073741823,1073741823,1073676287,1073086463,1073594111,1073573887,1073471487,1073740799,1073741823,1073741823,1073741823,1073741823,1073741823:k6
1073741823,1073741823,1073741823,1073741823,1073676287,1073086463,1073594367,1073573887,1073471487,1073740799,1073676287,1073741823,1073741823,1073741823,1073741823:k6
1073741823,1073741823,1073741823,1073741823,1073676287,1073086463,1073594367,1073573887,1073471487,1073740799,1073737727,1073741823,1073741823,1073741823,1073741823:k6
1073741823,1073741823,1073741823,1073741823,1073676287,1073086463,1073594367,1073573887,1073471487,1073740543,1073741823,1073741823,1073741823,1073741823,1073741823:k5
1073741823,1073741823,1073741823,1073741823,1073676287,1073086463,1073594367,1073573631,1073471487,1073740799,1073741823,1073741823,1073741823,1073741823,1073741823:k6
1073741823,1073741823,1073741823,1073741823,1073676287,1073086207,1073594367,1073573887,1073471487,1073740799,1073741823,1073741823,1073741823,1073741823,1073741823:k5
1073741823,1073741823,1073741823,1073741823,1073676287,1073086463,1073594367,1073573887,1073471487,1073736703,1073741823,1073741823,1073741823,1073741823,1073741823:k6
1073741823,1073741823,1073741823,1073741823,1073676287,1072037887,1073594367,1073573887,1073471487,1073740799,1073741823,1073741823,1073741823,1073741823,1073741823:k5
1073741823,1073741823,1073741823,1073741823,1073676287,1073086463,1073594367,1073573887,1073471487,1073740799,1073725439,1073741823,1073741823,1073741823,1073741823:k6
1073741823,1073741823,1073741823,1073741823,1073676287,1073086463,1073594367,1073573887,1073471487,1073675263,1073741823,1073741823,1073741823,1073741823,1073741823:k5
1073741823,1073741823,1073741823,1073741823,1073676287,1073086463,1069400063,1073573887,1073471487,1073740799,1073741823,1073741823,1073741823,1073741823,1073741823:k5
1073741823,1073741823,1073741823,1073741823,1073676287,1073086463,1073594367,1072525311,1073471487,1073740799,1073741823,1073741823,1073741823,1073741823,1073741823:k5
1073741823,1073741823,1073741823,1073741823,1073676287,1073086463,1073594367,1073573887,1069277183,1073740799,1073741823,1073741823,1073741823,1073741823,1073741823:k5
1073741823,1073741823,1073741823,1073741823,1073676287,1073086463,1073594367,1073573887,1073471487,1073740799,1069547519,1073741823,1073741823,1073741823,1073741823:k6
1073741823,1073741823,1073741823,1073741823,1073676287,1073086463,1073594367,1073573887,1073471487,1072692223,1073741823,1073741823,1073741823,1073741823,1073741823:k6
1073741823,1073741823,1073741823,1073741823,1073676287,1073086463,1073594367,1073573887,1073471487,1073740799,1073479679,1073741823,1073741823,1073741823,1073741823:k5
1073741823,1073741823,1073741823,1073741823,1073672191,1073086463,1073594367,1073573887,1073471487,1073740799,1073741823,1073741823,1073741823,1073741823,1073741823:k6
1073741823,1073741823,1073741823,1073741823,1072627711,1073086463,1073594367,1073573887,1073471487,1073740799,1073741823,1073741823,1073741823,1073741823,1073741823:i9
1073741823,1073741823,1073741823,1073741823,1073676287,1073086463,1072545791,1073573887,1073471487,1073740799,1073741823,1073741823,1073741823,1073741823,1073741823:k5
1073741823,1073741823,1073741823,1073741823,1073676287,1073086463,1073594367,1073573887,1072422911,1073740799,1073741823,1073741823,1073741823,1073741823,1073741823:k5
1073741823,1073741823,1073741823,1073741823,1073676287,1073086463,1073594367,1073573887,1073470463,1073740799,1073741823,1073741823,1073741823,1073741823,1073741823:k5
1073741823,1073741823,1073741823,1073741823,1073676287,1073086463,1073593343,1073573887,1073471487,1073740799,1073741823,1073741823,1073741823,1073741823,1073741823:k5
1073741823,1073741823,1073741823,1073741823,1073675263,1073086463,1073594367,1073573887,1073471487,1073740799,1073741823,1073741823,1073741823,1073741823,1073741823:k6
1073741823,1073741823,1073741823,1073741823,1073676287,1073082367,1073594367,1073573887,1073471487,1073740799,1073741823,1073741823,1073741823,1073741823,1073741823:k6
1073741823,1073741823,1073741823,1073741823,1073659903,1073086463,1073594367,1073573887,1073471487,1073740799,1073741823,1073741823,1073741823,1073741823,1073741823:k5
1073741823,1073741823,1073741823,1073741823,1073414143,1073086463,1073594367,1073573887,1073471487,1073740799,1073741823,1073741823,1073741823,1073741823,1073741823:k5
1073741823,1073741823,1073741823,1073741823,1073676287,1073086463,1073332223,1073573887,1073471487,1073740799,1073741823,1073741823,1073741823,1073741823,1073741823:k5
1073741823,1073741823,1073741823,1073741823,1073676287,1073086463,1073594367,1073572863,1073471487,1073740799,1073741823,1073741823,1073741823,1073741823,1073741823:k5
1073741823,1073741823,1073741823,1073741823,1073676287,1073085439,1073594367,1073573887,1073471487,1073740799,1073741823,1073741823,1073741823,1073741823,1073741823:k6
1073741823,1073741823,1073741823,1073741823,1073676287,1073086463,1073590271,1073573887,1073471487,1073740799,1073741823,1073741823,1073741823,1073741823,1073741823:k5
1073741823,1073741823,1073741823,1073741823,1073676287,1073070079,1073594367,1073573887,1073471487,1073740799,1073741823,1073741823,1073741823,1073741823,1073741823:k5
1073741823,1073741823,1073741823,1073741823,1073676287,1073086463,1073594367,1073311743,1073471487,1073740799,1073741823,1073741823,1073741823,1073741823,1073741823:k6
1073741823,1073741823,1073741823,1073741823,1073676287,1073086463,1073594367,1073573887,1073471487,1073478655,1073741823,1073741823,1073741823,1073741823,1073741823:k6
1073741823,1073741823,1073741823,1073741823,1073676287,1073086463,1073594367,1073573887,1073405951,1073740799,1073741823,1073741823,1073741823,1073741823,1073741823:k5
1073741823,1073741823,1073741823,1073741823,1073676287,1073086463,1073594367,1073573887,1073471487,1073724415,1073741823,1073741823,1073741823,1073741823,1073741823:k6
1073741823,1073741823,1073741823,1073741823,1073676287,1073086463,1073594367,1073573887,1073455103,1073740799,1073741823,1073741823,1073741823,1073741823,1073741823:k5
1073741823,1073741823,1073741823,1073741823,1072693247,1073610751,1073594367,1073573887,1073471487,1073740799,1073741823,1073741823,1073741823,1073741823,1073741823:i5
1073741823,1073741823,1073741823,1073741823,1073741823,1073610751,1072545791,1073573887,1073471487,1073740799,1073741823,1073741823,1073741823,1073741823,1073741823:i5
1073741823,1073741823,1073741823,1073741823,1073741823,1073610751,1073594367,1073573887,1072422911,1073740799,1073741823,1073741823,1073741823,1073741823,1073741823:i5
1073741823,1073741823,1073741823,1073741823,1073741823,1073610751,1073594367,1073573887,1073470463,1073740799,1073741823,1073741823,1073741823,1073741823,1073741823:i5
1073741823,1073741823,1073741823,1073741823,1073741823,1073610751,1073593343,1073573887,1073471487,1073740799,1073741823,1073741823,1073741823,1073741823,1073741823:i5
1073741823,1073741823,1073741823,1073741823,1073740799,1073610751,1073594367,1073573887,1073471487,1073740799,1073741823,1073741823,1073741823,1073741823,1073741823:i5
1073741823,1073741823,1073741823,1073741823,1073741823,1073606655,1073594367,1073573887,1073471487,1073740799,1073741823,1073741823,1073741823,1073741823,1073741823:i5
1073741823,1073741823,1073741823,1073741823,1073725439,1073610751,1073594367,1073573887,1073471487,1073740799,1073741823,1073741823,1073741823,1073741823,1073741823:i5
1073741823,1073741823,1073741823,1073741823,1073479679,1073610751,1073594367,1073573887,1073471487,1073740799,1073741823,1073741823,1073741823,1073741823,1073741823:i5
1073741823,1073741823,1073741823,1073741823,1073741823,1073610751,1073332223,1073573887,1073471487,1073740799,1073741823,1073741823,1073741823,1073741823,1073741823:i5
1073741823,1073741823,1073741823,1073741823,1073741823,1073610751,1073594367,1073572863,1073471487,1073740799,1073741823,1073741823,1073741823,1073741823,1073741823:i5
1073741823,1073741823,1073741823,1073741823,1073741823,1073609727,1073594367,1073573887,1073471487,1073740799,1073741823,1073741823,1073741823,1073741823,1073741823:i5
1073741823,1073741823,1073741823,1073741823,1073741823,1073610751,1073590271,1073573887,1073471487,1073740799,1073741823,1073741823,1073741823,1073741823,1073741823:i5
1073741823,1073741823,1073741823,1073741823,1073741823,1073594367,1073594367,1073573887,1073471487,1073740799,1073741823,1073741823,1073741823,1073741823,1073741823:i5
1073741823,1073741823,1073741823,1073741823,1073741823,1073348607,1073594367,1073573887,1073471487,1073740799,1073741823,1073741823,1073741823,1073741823,1073741823:i5
1073741823,1073741823,1073741823,1073741823,1073741823,1073610751,1073594367,1073311743,1073471487,1073740799,1073741823,1073741823,1073741823,1073741823,1073741823:i5
1073741823,1073741823,1073741823,1073741823,1073741823,1073610751,1073594367,1073573887,1073471487,1073478655,1073741823,1073741823,1073741823,1073741823,1073741823:i5
1073741823,1073741823,1073741823,1073741823,1073741823,1073610751,1073594367,1073573887,1073405951,1073740799,1073741823,1073741823,1073741823,1073741823,1073741823:h5
1073741823,1073741823,1073740799,1073741823,1073709055,1073610751,1073594367,1073573887,1073405951,1073740799,1073741823,1073741823,1073741823,1073741823,1073741823:i4
1073741823,1073741823,1073725439,1073741823,1073709055,1073610751,1073594367,1073573887,1073405951,1073740799,1073741823,1073741823,1073741823,1073741823,1073741823:j7
1073741823,1073741823,1073741823,1073725439,1073709055,1073610751,1073594367,1073573887,1073405951,1073740799,1073741823,1073741823,1073741823,1073741823,1073741823:j7
1073741823,1073741823,1073479679,1073741823,1073709055,1073610751,1073594367,1073573887,1073405951,1073740799,1073741823,1073741823,1073741823,1073741823,1073741823:j7
1073741823,1073741823,1073741823,1073741823,1073709055,1073610751,1073594367,1073573887,1073405951,1073740799,1072693247,1073741823,1073741823,1073741823,1073741823:j7
1073741823,1073741823,1073741823,1073737727,1073709055,1073610751,1073594367,1073573887,1073405951,1073740799,1073741823,1073741823,1073741823,1073741823,1073741823:i4
1073741823,1073741823,1073741823,1073676287,1073709055,1073610751,1073594367,1073573887,1073405951,1073740799,1073741823,1073741823,1073741823,1073741823,1073741823:j7
1073741823,1073741823,1073741823,1072693247,1073709055,1073610751,1073594367,1073573887,1073405951,1073740799,1073741823,1073741823,1073741823,1073741823,1073741823:j7
1073741823,1073741823,1073741823,1073741823,1073709055,1073610751,1073594367,1073573887,1073405951,1073740799,1073741823,1073741759,1073741823,1073741823,1073741823:j7
1073741823,1073741823,1073741823,1073741823,1073709055,1073610751,1073594367,1073573887,1073405951,1073740735,1073741823,1073741823,1073741823,1073741823,1073741823:j7
1073741823,1073741823,1073741823,1073741823,1073709055,1073610751,1073594367,1073573823,1073405951,1073740799,1073741823,1073741823,1073741823,1073741823,1073741823:j7
1073741823,1073741823,1073741823,1073741823,1073709055,1073610751,1073594367,1073573887,1073405951,1073740799,1073741823,1073725439,1073741823,1073741823,1073741823:j7
1073741823,1073741823,1073741823,1073741823,1073709055,1073610751,1073594367,1073573887,1073405951,1073740799,1073741823,1073740799,1073741823,1073741823,1073741823:j7
1073741823,1073741823,1073741823,1073741823,1073709055,1073610751,1073594367,1073573887,1073405951,1073740799,1073740799,1073741823,1073741823,1073741823,1073741823:j7
1073741823,1073741823,1073741823,1073741823,1073709055,1073610751,1073594367,1073573887,1073405951,1073740799,1073741567,1073741823,1073741823,1073741823,1073741823:j7
1073741823,1073741823,1073741823,1073741823,1073709055,1073610751,1073594367,1073573887,1073405695,1073740799,1073741823,1073741823,1073741823,1073741823,1073741823:j7
1073741823,1073741823,1073741823,1073741823,1073709055,1073610751,1073594111,1073573887,1073405951,1073740799,1073741823,1073741823,1073741823,1073741823,1073741823:j7
1073741823,1073741823,1073741823,1073741823,1073709055,1073610751,1073594367,1073573887,1073405951,1073740799,1073676287,1073741823,1073741823,1073741823,1073741823:j7
1073741823,1073741823,1073741823,1073741823,1073709055,1073610751,1073594367,1073573887,1073405951,1073740799,1073737727,1073741823,1073741823,1073741823,1073741823:j7
1073741823,1073741823,1073741823,1073741823,1073709055,1073610751,1073594367,1073573887,1073405951,1073740543,1073741823,1073741823,1073741823,1073741823,1073741823:i5
1073741823,1073741823,1073741823,1073741823,1073709055,1073610751,1073594367,1073573631,1073405951,1073740799,1073741823,1073741823,1073741823,1073741823,1073741823:j7
1073741823,1073741823,1073741823,1073741823,1073709055,1073610495,1073594367,1073573887,1073405951,1073740799,1073741823,1073741823,1073741823,1073741823,1073741823:j7
1073741823,1073741823,1073741823,1073741823,1073709055,1073610751,1073594367,1073573887,1073405951,1073736703,1073741823,1073741823,1073741823,1073741823,1073741823:j7
1073741823,1073741823,1073741823,1073741823,1073709055,1072562175,1073594367,1073573887,1073405951,1073740799,1073741823,1073741823,1073741823,1073741823,1073741823:i5
1073741823,1073741823,1073741823,1073741823,1073709055,1073610751,1073594367,1073573887,1073405951,1073740799,1073725439,1073741823,1073741823,1073741823,1073741823:i4
1073741823,1073741823,1073741823,1073741823,1073709055,1073610751,1073594367,1073573887,1073405951,1073675263,1073741823,1073741823,1073741823,1073741823,1073741823:i4
1073741823,1073741823,1073741823,1073741823,1073709055,1073610751,1069400063,1073573887,1073405951,1073740799,1073741823,1073741823,1073741823,1073741823,1073741823:i4
1073741823,1073741823,1073741823,1073741823,1073709055,1073610751,1073594367,1072525311,1073405951,1073740799,1073741823,1073741823,1073741823,1073741823,1073741823:i4
1073741823,1073741823,1073741823,1073741823,1073709055,1073610751,1073594367,1073573887,1069211647,1073740799,1073741823,1073741823,1073741823,1073741823,1073741823:i5
1073741823,1073741823,1073741823,1073741823,1073709055,1073610751,1073594367,1073573887,1073405951,1073740799,1069547519,1073741823,1073741823,1073741823,1073741823:j7
1073741823,1073741823,1073741823,1073741823,1073709055,1073610751,1073594367,1073573887,1073405951,1072692223,1073741823,1073741823,1073741823,1073741823,1073741823:j7
1073741823,1073741823,1073741823,1073741823,1073709055,1073610751,1073594367,1073573887,1073405951,1073740799,1073479679,1073741823,1073741823,1073741823,1073741823:j7
1073741823,1073741823,1073741823,1073741823,1073704959,1073610751,1073594367,1073573887,1073405951,1073740799,1073741823,1073741823,1073741823,1073741823,1073741823:j7
1073741823,1073741823,1073741823,1073741823,1073643519,1073610751,1073594367,1073573887,1073405951,1073740799,1073741823,1073741823,1073741823,1073741823,1073741823:j7
1073741823,1073741823,1073741823,1073741823,1072660479,1073610751,1073594367,1073573887,1073405951,1073740799,1073741823,1073741823,1073741823,1073741823,1073741823:i5
1073741823,1073741823,1073741823,1073741823,1073709055,1073610751,1072545791,1073573887,1073405951,1073740799,1073741823,1073741823,1073741823,1073741823,1073741823:j7
1073741823,1073741823,1073741823,1073741823,1073709055,1073610751,1073594367,1073573887,1072357375,1073740799,1073741823,1073741823,1073741823,1073741823,1073741823:i5
1073741823,1073741823,1073741823,1073741823,1073709055,1073610751,1073594367,1073573887,1073404927,1073740799,1073741823,1073741823,1073741823,1073741823,1073741823:i5
1073741823,1073741823,1073741823,1073741823,1073709055,1073610751,1073593343,1073573887,1073405951,1073740799,1073741823,1073741823,1073741823,1073741823,1073741823:j7
1073741823,1073741823,1073741823,1073741823,1073708031,1073610751,1073594367,1073573887,1073405951,1073740799,1073741823,1073741823,1073741823,1073741823,1073741823:j7
1073741823,1073741823,1073741823,1073741823,1073709055,1073606655,1073594367,1073573887,1073405951,1073740799,1073741823,1073741823,1073741823,1073741823,1073741823:j7
1073741823,1073741823,1073741823,1073741823,1073446911,1073610751,1073594367,1073573887,1073405951,1073740799,1073741823,1073741823,1073741823,1073741823,1073741823:j7
1073741823,1073741823,1073741823,1073741823,1073709055,1073610751,1073332223,1073573887,1073405951,1073740799,1073741823,1073741823,1073741823,1073741823,1073741823:i4
1073741823,1073741823,1073741823,1073741823,1073709055,1073610751,1073594367,1073572863,1073405951,1073740799,1073741823,1073741823,1073741823,1073741823,1073741823:j7
1073741823,1073741823,1073741823,1073741823,1073709055,1073609727,1073594367,1073573887,1073405951,1073740799,1073741823,1073741823,1073741823,1073741823,1073741823:j7
1073741823,1073741823,1073741823,1073741823,1073709055,1073610751,1073590271,1073573887,1073405951,1073740799,1073741823,1073741823,1073741823,1073741823,1073741823:j7
1073741823,1073741823,1073741823,1073741823,1073709055,1073594367,1073594367,1073573887,1073405951,1073740799,1073741823,1073741823,1073741823,1073741823,1073741823:i5
1073741823,1073741823,1073741823,1073741823,1073709055,1073348607,1073594367,1073573887,1073405951,1073740799,1073741823,1073741823,1073741823,1073741823,1073741823:i5
1073741823,1073741823,1073741823,1073741823,1073709055,1073610751,1073594367,1073311743,1073405951,1073740799,1073741823,1073741823,1073741823,1073741823,1073741823:j7
1073741823,1073741823,1073741823,1073741823,1073709055,1073610751,1073594367,1073573887,1073405951,1073478655,1073741823,1073741823,1073741823,1073741823,1073741823:j7
1073741823,1073741823,1073741823,1073741823,1073709055,1073610751,1073594367,1073573887,1073405951,1073724415,1073741823,1073741823,1073741823,1073741823,1073741823:j7
1073741823,1073741823,1073741823,1073741823,1073709055,1073610751,1073594367,1073573887,1073389567,1073740799,1073741823,1073741823,1073741823,1073741823,1073741823:i4
1073741823,1073741823,1073741823,1073741823,1073741823,1073610751,1073594367,1073573887,1073471487,1073724415,1073741823,1073741823,1073741823,1073741823,1073741823:i5
1073741823,1073741823,1073741823,1073741823,1073741823,1073610751,1073594367,1073573887,1073455103,1073740799,1073741823,1073741823,1073741823,1073741823,1073741823:i5
1073741823,1073741823,1073741823,1073741823,1073741823,1073741823,1073594367,1073572863,1073471487,1073741823,1073741823,1073741823,1073741823,1073741823,1073741823:j6
1073741823,1073741823,1073741823,1073741823,1073741823,1073740799,1073594367,1073573887,1073471487,1073741823,1073741823,1073741823,1073741823,1073741823,1073741823:j6
1073741823,1073741823,1073741823,1073741823,1073741823,1073741823,1073590271,1073573887,1073471487,1073741823,1073741823,1073741823,1073741823,1073741823,1073741823:j6
1073741823,1073741823,1073741823,1073741823,1073741823,1073725439,1073594367,1073573887,1073471487,1073741823,1073741823,1073741823,1073741823,1073741823,1073741823:j6
1073741823,1073741823,1073741823,1073741823,1073741823,1073479679,1073594367,1073573887,1073471487,1073741823,1073741823,1073741823,1073741823,1073741823,1073741823:f9
1073741823,1073741823,1073741823,1073741823,1073741823,1073741823,1073594367,1073311743,1073471487,1073741823,1073741823,1073741823,1073741823,1073741823,1073741823:j6
1073741823,1073741823,1073741823,1073741823,1073741823,1073741823,1073594367,1073573887,1073471487,1073479679,1073741823,1073741823,1073741823,1073741823,1073741823:j6
1073741823,1073741823,1073741823,1073741823,1073741823,1073741823,1073594367,1073573887,1073405951,1073741823,1073741823,1073741823,1073741823,1073741823,1073741823:j6
1073741823,1073741823,1073741823,1073741823,1073741823,1073741823,1073594367,1073573887,1073471487,1073725439,1073741823,1073741823,1073741823,1073741823,1073741823:j6
1073741823,1073741823,1073741823,1073741823,1073741823,1073741823,1073594367,1073573887,1073455103,1073741823,1073741823,1073741823,1073741823,1073741823,1073741823:j6
