1073741823,1073741823,1073741823,1073741823,1073741823,1073741823,1073594367,1073577983,1073479679,1073741823,1069547519,1073741823,1073741823,1073741823,1073741823:i9
1073741823,1073741823,1073741823,1073741823,1073741823,1073741823,1073594367,1073577983,1073348607,1073741823,1069543423,1073741823,1073741823,1073741823,1073741823:i6
1073741823,1073741823,1073741823,1073741823,1073741823,1073741823,1073594367,1073577983,1073348607,1073741823,1069481983,1073741823,1073741823,1073741823,1073741823:i6
1073741823,1073741823,1073741823,1073741823,1073741823,1073741823,1073594367,1073577983,1073348607,1073741823,1069547519,1073741823,1073479679,1073741823,1073741823:i6
1073741823,1073741823,1073741823,1073741823,1073741823,1073741823,1073594367,1073577983,1073348607,1073741823,1069547519,1072693247,1073741823,1073741823,1073741823:i6
1073741823,1073741823,1073741823,1073741823,1073741823,1073741823,1073594367,1073577983,1073348607,1073741823,1068498943,1073741823,1073741823,1073741823,1073741823:i6
1073741823,1073741823,1073741823,1073741823,1073741823,1073741823,1073594367,1073577983,1073348607,1069547519,1069547519,1073741823,1073741823,1073741823,1073741823:i6
1073741823,1073741823,1073741823,1073741823,1073741823,1073741823,1073594367,1073577983,1006239743,1073741823,1069547519,1073741823,1073741823,1073741823,1073741823:i6
1073741823,1073741823,1073741823,1073741823,1073741823,1073741823,1073594367,1073577983,1073348607,1056964607,1069547519,1073741823,1073741823,1073741823,1073741823:i6
1073741823,1073741823,1073741823,1073741823,1073741823,1073741823,1073594367,1073577983,1073348607,1073741823,1002438655,1073741823,1073741823,1073741823,1073741823:i6
1073741823,1073741823,1073741823,1073741823,1073741823,1073741823,1073594367,1073577983,1073348607,1073741823,1052770303,1073741823,1073741823,1073741823,1073741823:i6
1073741823,1073741823,1073741823,1073741823,1073741823,1073741823,1073594367,1073577983,1073348607,1073741823,1069547519,1073741823,1006632959,1073741823,1073741823:i6
1073741823,1073741823,1073741823,1073741823,1073741823,1073741823,1073594367,1073577983,1073348607,1073741823,1069547519,1056964607,1073741823,1073741823,1073741823:i6
1073741823,1073741823,1073741823,1073741823,1073741823,1073741823,1073594367,1073577983,1073348607,1073741823,1069547519,1073741823,1069547519,1073741823,1073741823:i6
1073741823,1073741823,1073741823,1073741823,1073741823,1073741823,1073594367,1073577983,1073348607,1073741823,1069547519,1069547519,1073741823,1073741823,1073741823:i6
1073741823,1073741823,1073741823,1073741823,1073741823,1073741823,1073594367,1073577983,1073348607,1073737727,1069547519,1073741823,1073741823,1073741823,1073741823:i6
1073741823,1073741823,1073741823,1073741823,1073741823,1072693247,1073594367,1073577983,1073348607,1073741823,1069547519,1073741823,1073741823,1073741823,1073741823:i6
1073741823,1073741823,1073741823,1073741823,1073741823,1073741823,1073594367,1073577983,1073348607,1073741823,1069531135,1073741823,1073741823,1073741823,1073741823:i6
1073741823,1073741823,1073741823,1073741823,1073741823,1073741823,1073594367,1073577983,1073348607,1073676287,1069547519,1073741823,1073741823,1073741823,1073741823:i5
1073741823,1073741823,1073741823,1073741823,1073741823,1073741823,1069400063,1073577983,1073348607,1073741823,1069547519,1073741823,1073741823,1073741823,1073741823:i6
1073741823,1073741823,1073741823,1073741823,1073741823,1073741823,1073594367,1072529407,1073348607,1073741823,1069547519,1073741823,1073741823,1073741823,1073741823:i6
1073741823,1073741823,1073741823,1073741823,1073741823,1073741823,1073594367,1073577983,1069154303,1073741823,1069547519,1073741823,1073741823,1073741823,1073741823:i6
1073741823,1073741823,1073741823,1073741823,1073741823,1073741823,1073594367,1073577983,1073348607,1072693247,1069547519,1073741823,1073741823,1073741823,1073741823:i6
1073741823,1073741823,1073741823,1073741823,1073741823,1073741823,1073594367,1073577983,1073348607,1073741823,1069285375,1073741823,1073741823,1073741823,1073741823:i6
1073741823,1073741823,1073741823,1073741823,1073737727,1073741823,1073594367,1073577983,1073348607,1073741823,1069547519,1073741823,1073741823,1073741823,1073741823:i6
1073741823,1073741823,1073741823,1073741823,1073676287,1073741823,1073594367,1073577983,1073348607,1073741823,1069547519,1073741823,1073741823,1073741823,1073741823:i10
1073741823,1073741823,1073741823,1073741823,1072693247,1073741823,1073594367,1073577983,1073348607,1073741823,1069547519,1073741823,1073741823,1073741823,1073741823:i6
1073741823,1073741823,1073741823,1073741823,1073741823,1073741823,1072545791,1073577983,1073348607,1073741823,1069547519,1073741823,1073741823,1073741823,1073741823:i6
1073741823,1073741823,1073741823,1073741823,1073741823,1073741823,1073594367,1073577983,1072300031,1073741823,1069547519,1073741823,1073741823,1073741823,1073741823:i6
1073741823,1073741823,1073741823,1073741823,1073741823,1073741823,1073594367,1073577983,1073347583,1073741823,1069547519,1073741823,1073741823,1073741823,1073741823:i6
1073741823,1073741823,1073741823,1073741823,1073741823,1073741823,1073593343,1073577983,1073348607,1073741823,1069547519,1073741823,1073741823,1073741823,1073741823:i6
1073741823,1073741823,1073741823,1073741823,1073740799,1073741823,1073594367,1073577983,1073348607,1073741823,1069547519,1073741823,1073741823,1073741823,1073741823:i6
1073741823,1073741823,1073741823,1073741823,1073741823,1073737727,1073594367,1073577983,1073348607,1073741823,1069547519,1073741823,1073741823,1073741823,1073741823:i6
1073741823,1073741823,1073741823,1073741823,1073725439,1073741823,1073594367,1073577983,1073348607,1073741823,1069547519,1073741823,1073741823,1073741823,1073741823:i6
1073741823,1073741823,1073741823,1073741823,1073479679,1073741823,1073594367,1073577983,1073348607,1073741823,1069547519,1073741823,1073741823,1073741823,1073741823:i6
1073741823,1073741823,1073741823,1073741823,1073741823,1073676287,1073594367,1073577983,1073348607,1073741823,1069547519,1073741823,1073741823,1073741823,1073741823:i11
1073741823,1073741823,1073741823,1073741823,1073741823,1073741823,1073332223,1073577983,1073348607,1073741823,1069547519,1073741823,1073741823,1073741823,1073741823:i6
1073741823,1073741823,1073741823,1073741823,1073741823,1073741823,1073594367,1073577983,1073348607,1073740799,1069547519,1073741823,1073741823,1073741823,1073741823:i6
1073741823,1073741823,1073741823,1073741823,1073741823,1073741823,1073594367,1073577983,1073344511,1073741823,1069547519,1073741823,1073741823,1073741823,1073741823:i6
1073741823,1073741823,1073741823,1073741823,1073741823,1073741823,1073594367,1073576959,1073348607,1073741823,1069547519,1073741823,1073741823,1073741823,1073741823:i6
1073741823,1073741823,1073741823,1073741823,1073741823,1073741823,1073594367,1073573887,1073348607,1073741823,1069547519,1073741823,1073741823,1073741823,1073741823:i6
1073741823,1073741823,1073741823,1073741823,1073741823,1073740799,1073594367,1073577983,1073348607,1073741823,1069547519,1073741823,1073741823,1073741823,1073741823:i6
1073741823,1073741823,1073741823,1073741823,1073741823,1073741823,1073590271,1073577983,1073348607,1073741823,1069547519,1073741823,1073741823,1073741823,1073741823:i6
1073741823,1073741823,1073741823,1073741823,1073741823,1073725439,1073594367,1073577983,1073348607,1073741823,1069547519,1073741823,1073741823,1073741823,1073741823:i6
1073741823,1073741823,1073741823,1073741823,1073741823,1073479679,1073594367,1073577983,1073348607,1073741823,1069547519,1073741823,1073741823,1073741823,1073741823:i6
1073741823,1073741823,1073741823,1073741823,1073741823,1073741823,1073594367,1073315839,1073348607,1073741823,1069547519,1073741823,1073741823,1073741823,1073741823:i6
1073741823,1073741823,1073741823,1073741823,1073741823,1073741823,1073594367,1073577983,1073348607,1073479679,1069547519,1073741823,1073741823,1073741823,1073741823:i6
1073741823,1073741823,1073741823,1073741823,1073741823,1073741823,1073594367,1073577983,1073348607,1073725439,1069547519,1073741823,1073741823,1073741823,1073741823:i6
1073741823,1073741823,1073741823,1073741823,1073741823,1073741823,1073594367,1073577983,1073332223,1073741823,1069547519,1073741823,1073741823,1073741823,1073741823:i6
