1073741823,1073732287,1073741823,1073741823,1073741823,1073741823,1073741823,1073180671,1073610751,1073741823,1073741823,1073741823,1073741823,1073741823,1073741823:h10
1073741823,1073732287,1073741823,1073741823,1073741823,1073741823,1073741823,1073180671,1073610751,1073709055,1073741823,1073740799,1073741823,1073741823,1073741823:h9
1073741823,1073732287,1073741823,1073741823,1073741823,1073741823,1073741823,1073180671,1073610751,1073709055,1073741823,1073479679,1073741823,1073741823,1073741823:h9
1073741823,1073732287,1073741823,1073741823,1073741823,1073741823,1073741823,1073180671,1073610751,1073709055,1073741823,1073725439,1073741823,1073741823,1073741823:h9
1073741823,1073732287,1073741823,1073741823,1073741823,1073741823,1073741823,1073180671,1073610751,1073709055,1073725439,1073741823,1073741823,1073741823,1073741823:k7
1073741823,1073732287,1073741823,1073741823,1073741823,1073741823,1073741823,1073180671,1073610751,1073708799,1073741823,1073741823,1073741823,1073741823,1073741823:j10
1073741823,1073732287,1073741823,1073741823,1073741823,1073741823,1073741823,1073180671,1073609727,1073709055,1073741823,1073741823,1073741823,1073741823,1073741823:j10
1073741823,1073732287,1073741823,1073741823,1073741823,1073741823,1073741823,1073180415,1073610751,1073709055,1073741823,1073741823,1073741823,1073741823,1073741823:h9
1073741823,1073732287,1073741823,1073741823,1073741823,1073741567,1073741823,1073180671,1073610751,1073709055,1073741823,1073741823,1073741823,1073741823,1073741823:h9
1073741823,1073732287,1073741823,1073741823,1073741823,1073741823,1073740799,1073180671,1073610751,1073709055,1073741823,1073741823,1073741823,1073741823,1073741823:h9
1073741823,1073732287,1073741823,1073741823,1073741823,1073737727,1073741823,1073180671,1073610751,1073709055,1073741823,1073741823,1073741823,1073741823,1073741823:k7
1073741823,1073732287,1073741823,1073741823,1073741823,1073676287,1073741823,1073180671,1073610751,1073709055,1073741823,1073741823,1073741823,1073741823,1073741823:j10
1073741823,1073732287,1073741823,1073741823,1073741823,1073741823,1073741823,1073180671,1073610751,1073704959,1073741823,1073741823,1073741823,1073741823,1073741823:k7
1073725439,1073732287,1073741823,1073741823,1073741823,1073741823,1073741823,1073180671,1073610751,1073709055,1073741823,1073741823,1073741823,1073741823,1073741823:h9
1073741823,1073666751,1073741823,1073741823,1073741823,1073741823,1073741823,1073180671,1073610751,1073709055,1073741823,1073741823,1073741823,1073741823,1073741823:h9
1073741823,1073732287,1073741823,1073676287,1073741823,1073741823,1073741823,1073180671,1073610751,1073709055,1073741823,1073741823,1073741823,1073741823,1073741823:h9
1073741823,1073732287,1073725439,1073741823,1073741823,1073741823,1073741823,1073180671,1073610751,1073709055,1073741823,1073741823,1073741823,1073741823,1073741823:h9
1073741823,1073732287,1073741823,1073741819,1073741823,1073741823,1073741823,1073180671,1073610751,1073709055,1073741823,1073741823,1073741823,1073741823,1073741823:k7
1073741823,1073732287,1073741807,1073741823,1073741823,1073741823,1073741823,1073180671,1073610751,1073709055,1073741823,1073741823,1073741823,1073741823,1073741823:k7
1073741823,1073732283,1073741823,1073741823,1073741823,1073741823,1073741823,1073180671,1073610751,1073709055,1073741823,1073741823,1073741823,1073741823,1073741823:c2
1073741823,1073732251,1073741823,1073741822,1073741823,1073741823,1073741823,1073180671,1073610751,1073709055,1073741823,1073741823,1073741823,1073741823,1073741823:h9
1073741823,1073732251,1073741822,1073741823,1073741823,1073741823,1073741823,1073180671,1073610751,1073709055,1073741823,1073741823,1073741823,1073741823,1073741823:h9
1073741823,1073732250,1073741823,1073741823,1073741823,1073741823,1073741823,1073180671,1073610751,1073709055,1073741823,1073741823,1073741823,1073741823,1073741823:h9
1073741822,1073732251,1073741823,1073741823,1073741823,1073741823,1073741823,1073180671,1073610751,1073709055,1073741823,1073741823,1073741823,1073741823,1073741823:h9
1073741819,1073732251,1073741823,1073741823,1073741823,1073741823,1073741823,1073180671,1073610751,1073709055,1073741823,1073741823,1073741823,1073741823,1073741823:h9
1073741823,1073732251,1073741819,1073741823,1073741823,1073741823,1073741823,1073180671,1073610751,1073709055,1073741823,1073741823,1073741823,1073741823,1073741823:h9
1073741823,1073732251,1073741823,1073741823,1073741823,1073741823,1073741823,1073180671,1073610751,1073709055,1073741823,1073740799,1073741823,1073741823,1073741823:h9
1073741823,1073732251,1073741823,1073741823,1073741823,1073741823,1073741823,1073180671,1073610751,1073709055,1073741823,1073479679,1073741823,1073741823,1073741823:h9
1073741823,1073732251,1073741823,1073741823,1073741823,1073741823,1073741823,1073180671,1073610751,1073709055,1073741823,1073725439,1073741823,1073741823,1073741823:h9
1073741823,1073732251,1073741823,1073741823,1073741823,1073741823,1073741823,1073180671,1073610751,1073709055,1073725439,1073741823,1073741823,1073741823,1073741823:k7
1073741823,1073732251,1073741823,1073741823,1073741823,1073741823,1073741823,1073180671,1073610751,1073708799,1073741823,1073741823,1073741823,1073741823,1073741823:j10
1073741823,1073732251,1073741823,1073741823,1073741823,1073741823,1073741823,1073180671,1073609727,1073709055,1073741823,1073741823,1073741823,1073741823,1073741823:j10
1073741823,1073732251,1073741823,1073741823,1073741823,1073741823,1073741823,1073180415,1073610751,1073709055,1073741823,1073741823,1073741823,1073741823,1073741823:h9
1073741823,1073732251,1073741823,1073741823,1073741823,1073741567,1073741823,1073180671,1073610751,1073709055,1073741823,1073741823,1073741823,1073741823,1073741823:h9
1073741823,1073732251,1073741823,1073741823,1073741823,1073741823,1073740799,1073180671,1073610751,1073709055,1073741823,1073741823,1073741823,1073741823,1073741823:h9
1073741823,1073732251,1073741823,1073741823,1073741823,1073737727,1073741823,1073180671,1073610751,1073709055,1073741823,1073741823,1073741823,1073741823,1073741823:k7
1073741823,1073732251,1073741823,1073741823,1073741823,1073676287,1073741823,1073180671,1073610751,1073709055,1073741823,1073741823,1073741823,1073741823,1073741823:j10
1073741823,1073732251,1073741823,1073741823,1073741823,1073741823,1073741823,1073180671,1073610751,1073704959,1073741823,1073741823,1073741823,1073741823,1073741823:k7
1073725439,1073732251,1073741823,1073741823,1073741823,1073741823,1073741823,1073180671,1073610751,1073709055,1073741823,1073741823,1073741823,1073741823,1073741823:h9
1073741823,1073666715,1073741823,1073741823,1073741823,1073741823,1073741823,1073180671,1073610751,1073709055,1073741823,1073741823,1073741823,1073741823,1073741823:h9
1073741823,1073732251,1073741823,1073676287,1073741823,1073741823,1073741823,1073180671,1073610751,1073709055,1073741823,1073741823,1073741823,1073741823,1073741823:h9
1073741823,1073732251,1073725439,1073741823,1073741823,1073741823,1073741823,1073180671,1073610751,1073709055,1073741823,1073741823,1073741823,1073741823,1073741823:h9
1073741823,1073732251,1073741823,1073741819,1073741823,1073741823,1073741823,1073180671,1073610751,1073709055,1073741823,1073741823,1073741823,1073741823,1073741823:h9
1073741823,1073732251,1073741807,1073741823,1073741823,1073741823,1073741823,1073180671,1073610751,1073709055,1073741823,1073741823,1073741823,1073741823,1073741823:h9
1073741807,1073732251,1073741823,1073741823,1073741823,1073741823,1073741823,1073180671,1073610751,1073709055,1073741823,1073741823,1073741823,1073741823,1073741823:h9
1073741823,1073732251,1073741823,1073741823,1073741823,1073741823,1073479679,1073180671,1073610751,1073709055,1073741823,1073741823,1073741823,1073741823,1073741823:h9
1073741823,1073732251,1073741823,1073741823,1073741823,1069547519,1073741823,1073180671,1073610751,1073709055,1073741823,1073741823,1073741823,1073741823,1073741823:h9
1073741823,1073732251,1073741823,1073741823,1073741823,1073741823,1073741823,1068986367,1073610751,1073709055,1073741823,1073741823,1073741823,1073741823,1073741823:h9
1073741823,1073732251,1073741823,1073741823,1073741823,1073741823,1073741823,1072132095,1073610751,1073709055,1073741823,1073741823,1073741823,1073741823,1073741823:h9
1073741823,1073732251,1073741823,1073741823,1073741823,1073741823,1073741823,1073180671,1073610751,1069514751,1073741823,1073741823,1073741823,1073741823,1073741823:h9
1073741823,1073732251,1073741823,1073741759,1073741823,1073741823,1073741823,1073180671,1073610751,1073709055,1073741823,1073741823,1073741823,1073741823,1073741823:h9
1073737727,1073732251,1073741823,1073741823,1073741823,1073741823,1073741823,1073180671,1073610751,1073709055,1073741823,1073741823,1073741823,1073741823,1073741823:h9
1073741823,1073715867,1073741823,1073741823,1073741823,1073741823,1073741823,1073180671,1073610751,1073709055,1073741823,1073741823,1073741823,1073741823,1073741823:h9
1073741823,1073732251,1073741823,1073725439,1073741823,1073741823,1073741823,1073180671,1073610751,1073709055,1073741823,1073741823,1073741823,1073741823,1073741823:h9
1073741823,1073732251,1073737727,1073741823,1073741823,1073741823,1073741823,1073180671,1073610751,1073709055,1073741823,1073741823,1073741823,1073741823,1073741823:h9
1073741823,1073732251,1073741823,1073740799,1073741823,1073741823,1073741823,1073180671,1073610751,1073709055,1073741823,1073741823,1073741823,1073741823,1073741823:h9
1073741823,1073732251,1073741823,1073741823,1073741823,1073741823,1073741823,1073180671,1073610751,1073709055,1073737727,1073741823,1073741823,1073741823,1073741823:h9
1073741823,1073732251,1073741823,1073741823,1073741823,1073741823,1073741823,1073180671,1073577983,1073709055,1073475583,1073741823,1073741823,1073741823,1073741823:h7
1073741823,1073732251,1073741823,1073741823,1073741823,1073741823,1073741823,1073180671,1073577983,1073709055,1073737727,1073741823,1073741567,1073741823,1073741823:h7
1073741823,1073732251,1073741823,1073741823,1073741823,1073741823,1073741823,1073180671,1073577983,1073709055,1073737471,1073741823,1073741823,1073741823,1073741823:h7
1073741823,1073732251,1073741823,1073741823,1073741823,1073741823,1073741823,1073180671,1073577983,1073709055,1073736703,1073741823,1073741823,1073741823,1073741823:h7
1073741823,1073732251,1073741823,1073741823,1073741823,1073741823,1073741823,1073180671,1073577727,1073709055,1073737727,1073741823,1073741823,1073741823,1073741823:h7
1073741823,1073732251,1073741823,1073741823,1073741823,1073741823,1073741823,1073180671,1073577983,1073709055,1073737727,1073741823,1073676287,1073741823,1073741823:h7
1073741823,1073732251,1073741823,1073741823,1073741823,1073741823,1073741823,1073180671,1073577983,1073709055,1073737727,1073741823,1073737727,1073741823,1073741823:h7
1073741823,1073732251,1073741823,1073741823,1073741823,1073741823,1073741823,1073180671,1073577983,1073709055,1073737727,1073737727,1073741823,1073741823,1073741823:h7
1073741823,1073732251,1073741823,1073741822,1073741823,1073741823,1073741823,1073180671,1073577983,1073709055,1073737727,1073741823,1073741823,1073741823,1073741823:h7
1073741823,1073732251,1073741822,1073741823,1073741823,1073741823,1073741823,1073180671,1073577983,1073709055,1073737727,1073741823,1073741823,1073741823,1073741823:h7
1073741823,1073732250,1073741823,1073741823,1073741823,1073741823,1073741823,1073180671,1073577983,1073709055,1073737727,1073741823,1073741823,1073741823,1073741823:h7
1073741822,1073732251,1073741823,1073741823,1073741823,1073741823,1073741823,1073180671,1073577983,1073709055,1073737727,1073741823,1073741823,1073741823,1073741823:h7
1073741819,1073732251,1073741823,1073741823,1073741823,1073741823,1073741823,1073180671,1073577983,1073709055,1073737727,1073741823,1073741823,1073741823,1073741823:h7
1073741823,1073732251,1073741819,1073741823,1073741823,1073741823,1073741823,1073180671,1073577983,1073709055,1073737727,1073741823,1073741823,1073741823,1073741823:h7
1073741823,1073732251,1073741823,1073741823,1073741823,1073741823,1073741823,1073180671,1073577983,1073709055,1073737727,1073740799,1073741823,1073741823,1073741823:h7
1073741823,1073732251,1073741823,1073741823,1073741823,1073741823,1073741823,1073180671,1073577983,1073709055,1073737727,1073479679,1073741823,1073741823,1073741823:h7
1073741823,1073732251,1073741823,1073741823,1073741823,1073741823,1073741823,1073180671,1073577983,1073709055,1073737727,1073725439,1073741823,1073741823,1073741823:h7
1073741823,1073732251,1073741823,1073741823,1073741823,1073741823,1073741823,1073180671,1073577983,1073709055,1073721343,1073741823,1073741823,1073741823,1073741823:h6
1073741823,1073732251,1073741823,1073741823,1073741823,1073741823,1073741823,1073180671,1073577983,1073708799,1073737727,1073741823,1073741823,1073741823,1073741823:h7
1073741823,1073732251,1073741823,1073741823,1073741823,1073741823,1073741823,1073180671,1073576959,1073709055,1073737727,1073741823,1073741823,1073741823,1073741823:h7
1073741823,1073732251,1073741823,1073741823,1073741823,1073741823,1073741823,1073180415,1073577983,1073709055,1073737727,1073741823,1073741823,1073741823,1073741823:h7
1073741823,1073732251,1073741823,1073741823,1073741823,1073741567,1073741823,1073180671,1073577983,1073709055,1073737727,1073741823,1073741823,1073741823,1073741823:h7
1073741823,1073732251,1073741823,1073741823,1073741823,1073741823,1073740799,1073180671,1073577983,1073709055,1073737727,1073741823,1073741823,1073741823,1073741823:h7
1073741823,1073732251,1073741823,1073741823,1073741823,1073737727,1073741823,1073180671,1073577983,1073709055,1073737727,1073741823,1073741823,1073741823,1073741823:h7
1073741823,1073732251,1073741823,1073741823,1073741823,1073676287,1073741823,1073180671,1073577983,1073709055,1073737727,1073741823,1073741823,1073741823,1073741823:h7
1073741823,1073732251,1073741823,1073741823,1073741823,1073741823,1073741823,1073180671,1073577983,1073704959,1073737727,1073741823,1073741823,1073741823,1073741823:h7
1073725439,1073732251,1073741823,1073741823,1073741823,1073741823,1073741823,1073180671,1073577983,1073709055,1073737727,1073741823,1073741823,1073741823,1073741823:h7
1073741823,1073666715,1073741823,1073741823,1073741823,1073741823,1073741823,1073180671,1073577983,1073709055,1073737727,1073741823,1073741823,1073741823,1073741823:h7
1073741823,1073732251,1073741823,1073676287,1073741823,1073741823,1073741823,1073180671,1073577983,1073709055,1073737727,1073741823,1073741823,1073741823,1073741823:h7
1073741823,1073732251,1073725439,1073741823,1073741823,1073741823,1073741823,1073180671,1073577983,1073709055,1073737727,1073741823,1073741823,1073741823,1073741823:h7
1073741823,1073732251,1073741823,1073741819,1073741823,1073741823,1073741823,1073180671,1073577983,1073709055,1073737727,1073741823,1073741823,1073741823,1073741823:h7
1073741823,1073732251,1073741807,1073741823,1073741823,1073741823,1073741823,1073180671,1073577983,1073709055,1073737727,1073741823,1073741823,1073741823,1073741823:h7
1073741807,1073732251,1073741823,1073741823,1073741823,1073741823,1073741823,1073180671,1073577983,1073709055,1073737727,1073741823,1073741823,1073741823,1073741823:h7
1073741823,1073732251,1073741823,1073741823,1073741823,1073741823,1073479679,1073180671,1073577983,1073709055,1073737727,1073741823,1073741823,1073741823,1073741823:h7
1073741823,1073732251,1073741823,1073741823,1073741823,1069547519,1073741823,1073180671,1073577983,1073709055,1073737727,1073741823,1073741823,1073741823,1073741823:h7
1073741823,1073732251,1073741823,1073741823,1073741823,1073741823,1073741823,1068986367,1073577983,1073709055,1073737727,1073741823,1073741823,1073741823,1073741823:h7
1073741823,1073732251,1073741823,1073741823,1073741823,1073741823,1073741823,1072132095,1073577983,1073709055,1073737727,1073741823,1073741823,1073741823,1073741823:h7
1073741823,1073732251,1073741823,1073741823,1073741823,1073741823,1073741823,1073180671,1073577983,1069514751,1073737727,1073741823,1073741823,1073741823,1073741823:h7
1073741823,1073732251,1073741823,1073741759,1073741823,1073741823,1073741823,1073180671,1073577983,1073709055,1073737727,1073741823,1073741823,1073741823,1073741823:h7
1073737727,1073732251,1073741823,1073741823,1073741823,1073741823,1073741823,1073180671,1073577983,1073709055,1073737727,1073741823,1073741823,1073741823,1073741823:h7
1073741823,1073715867,1073741823,1073741823,1073741823,1073741823,1073741823,1073180671,1073577983,1073709055,1073737727,1073741823,1073741823,1073741823,1073741823:h7
1073741823,1073732251,1073741823,1073725439,1073741823,1073741823,1073741823,1073180671,1073577983,1073709055,1073737727,1073741823,1073741823,1073741823,1073741823:h7
1073741823,1073732251,1073737727,1073741823,1073741823,1073741823,1073741823,1073180671,1073577983,1073709055,1073737727,1073741823,1073741823,1073741823,1073741823:h7
1073741823,1073732251,1073741823,1073740799,1073741823,1073741823,1073741823,1073180671,1073577983,1073709055,1073737727,1073741823,1073741823,1073741823,1073741823:h7
1073741823,1073732251,1073741823,1073741823,1073741823,1073741823,1072693247,1073180671,1073577983,1073709055,1073737727,1073741823,1073741823,1073741823,1073741823:h7
1073741823,1073732251,1073741823,1073741823,1073741823,1073741823,1073741823,1073180671,1072529407,1073709055,1073737727,1073741823,1073741823,1073741823,1073741823:h7
1073741823,1073732251,1073741823,1073741823,1073741823,1073741823,1073741823,1073180671,1073315839,1073709055,1073737727,1073741823,1073741823,1073741823,1073741823:h7
1073741823,1073732251,1073741823,1073741823,1073741823,1073741823,1073741823,1073180671,1073577983,1073709055,1072689151,1073741823,1073741823,1073741823,1073741823:h7
1073741823,1073732251,1073741823,1073741823,1073741823,1073741823,1073741823,1073180671,1073577983,1073709055,1073672191,1073741823,1073741823,1073741823,1073741823:h7
1073741823,1073732251,1073741823,1073741823,1073741823,1073741823,1073741823,1073180671,1073577983,1073643519,1073737727,1073741823,1073741823,1073741823,1073741823:h7
1073741823,1073732251,1073741823,1073741807,1073741823,1073741823,1073741823,1073180671,1073577983,1073709055,1073737727,1073741823,1073741823,1073741823,1073741823:h7
1073741823,1073732251,1073741759,1073741823,1073741823,1073741823,1073741823,1073180671,1073577983,1073709055,1073737727,1073741823,1073741823,1073741823,1073741823:h7
1073741759,1073732251,1073741823,1073741823,1073741823,1073741823,1073741823,1073180671,1073577983,1073709055,1073737727,1073741823,1073741823,1073741823,1073741823:h7
1073741567,1073732251,1073741823,1073741823,1073741823,1073741823,1073741823,1073180671,1073577983,1073709055,1073737727,1073741823,1073741823,1073741823,1073741823:h7
1073740799,1073732251,1073741823,1073741823,1073741823,1073741823,1073741823,1073180671,1073577983,1073709055,1073737727,1073741823,1073741823,1073741823,1073741823:h7
1073741823,1073732251,1073741823,1073737727,1073741823,1073741823,1073741823,1073180671,1073577983,1073709055,1073737727,1073741823,1073741823,1073741823,1073741823:h7
1073741823,1073732251,1073740799,1073741823,1073741823,1073741823,1073741823,1073180671,1073577983,1073709055,1073737727,1073741823,1073741823,1073741823,1073741823:h7
1073741823,1073732251,1073741823,1073741567,1073741823,1073741823,1073741823,1073180671,1073577983,1073709055,1073737727,1073741823,1073741823,1073741823,1073741823:h7
1073741823,1073732251,1073741567,1073741823,1073741823,1073741823,1073741823,1073180671,1073577983,1073709055,1073737727,1073741823,1073741823,1073741823,1073741823:h7
1073741823,1073732251,1073741823,1073741823,1073741823,1073741823,1073741823,1073180671,1073577983,1073708031,1073737727,1073741823,1073741823,1073741823,1073741823:h7
1073741823,1073732251,1073741823,1073741823,1073741823,1073741823,1073741823,1073180671,1073573887,1073709055,1073737727,1073741823,1073741823,1073741823,1073741823:h7
1073741823,1073732251,1073741823,1073741823,1073741823,1073741823,1073741823,1073179647,1073577983,1073709055,1073737727,1073741823,1073741823,1073741823,1073741823:h7
1073741823,1073732251,1073741823,1073741823,1073741823,1073740799,1073741823,1073180671,1073577983,1073709055,1073737727,1073741823,1073741823,1073741823,1073741823:h7
1073741823,1073732251,1073741823,1073741823,1073741823,1073741823,1073737727,1073180671,1073577983,1073709055,1073737727,1073741823,1073741823,1073741823,1073741823:h7
1073741823,1073732251,1073741823,1073741823,1073741823,1073725439,1073741823,1073180671,1073577983,1073709055,1073737727,1073741823,1073741823,1073741823,1073741823:h11
1073741823,1073732251,1073741823,1073741823,1073741823,1073741823,1073725439,1073180671,1073577983,1073709055,1073737727,1073741823,1073741823,1073741823,1073741823:j10
1073741823,1073732251,1073741823,1073741823,1073741823,1073479679,1073741823,1073180671,1073577983,1073709055,1073737727,1073741823,1073741823,1073741823,1073741823:h7
1073741823,1073732251,1073741823,1073741823,1073741823,1073741823,1073676287,1073180671,1073577983,1073709055,1073737727,1073741823,1073741823,1073741823,1073741823:h7
1073741823,1073732251,1073741823,1073741823,1073741823,1073741823,1073741823,1073115135,1073577983,1073709055,1073737727,1073741823,1073741823,1073741823,1073741823:h7
1073741823,1073732251,1073741823,1073741823,1073741823,1073741823,1073741823,1073180671,1073577983,1073446911,1073737727,1073741823,1073741823,1073741823,1073741823:h7
1073741823,1073732251,1073741823,1073741823,1073741823,1073741823,1072693247,1073180671,1073610751,1073709055,1073741823,1073741823,1073741823,1073741823,1073741823:h9
1073741823,1073732251,1073741823,1073741823,1073741823,1073741823,1073741823,1073180671,1072562175,1073709055,1073741823,1073741823,1073741823,1073741823,1073741823:k7
1073741823,1073732251,1073741823,1073741823,1073741823,1073741823,1073741823,1073180671,1073348607,1073709055,1073741823,1073741823,1073741823,1073741823,1073741823:k7
1073741823,1073732251,1073741823,1073741823,1073741823,1073741823,1073741823,1073180671,1073610751,1073709055,1072693247,1073741823,1073741823,1073741823,1073741823:h9
1073741823,1073732251,1073741823,1073741823,1073741823,1073741823,1073741823,1073180671,1073610751,1073709055,1073676287,1073741823,1073741823,1073741823,1073741823:h9
1073741823,1073732251,1073741823,1073741823,1073741823,1073741823,1073741823,1073180671,1073610751,1073643519,1073741823,1073741823,1073741823,1073741823,1073741823:h9
1073741823,1073732251,1073741823,1073741807,1073741823,1073741823,1073741823,1073180671,1073610751,1073709055,1073741823,1073741823,1073741823,1073741823,1073741823:h9
1073741823,1073732251,1073741759,1073741823,1073741823,1073741823,1073741823,1073180671,1073610751,1073709055,1073741823,1073741823,1073741823,1073741823,1073741823:h9
1073741759,1073732251,1073741823,1073741823,1073741823,1073741823,1073741823,1073180671,1073610751,1073709055,1073741823,1073741823,1073741823,1073741823,1073741823:h9
1073741567,1073732251,1073741823,1073741823,1073741823,1073741823,1073741823,1073180671,1073610751,1073709055,1073741823,1073741823,1073741823,1073741823,1073741823:h9
1073740799,1073732251,1073741823,1073741823,1073741823,1073741823,1073741823,1073180671,1073610751,1073709055,1073741823,1073741823,1073741823,1073741823,1073741823:h9
1073741823,1073732251,1073741823,1073737727,1073741823,1073741823,1073741823,1073180671,1073610751,1073709055,1073741823,1073741823,1073741823,1073741823,1073741823:h9
1073741823,1073732251,1073740799,1073741823,1073741823,1073741823,1073741823,1073180671,1073610751,1073709055,1073741823,1073741823,1073741823,1073741823,1073741823:h9
1073741823,1073732251,1073741823,1073741567,1073741823,1073741823,1073741823,1073180671,1073610751,1073709055,1073741823,1073741823,1073741823,1073741823,1073741823:h9
1073741823,1073732251,1073741567,1073741823,1073741823,1073741823,1073741823,1073180671,1073610751,1073709055,1073741823,1073741823,1073741823,1073741823,1073741823:h9
1073741823,1073732251,1073741823,1073741823,1073741823,1073741823,1073741823,1073180671,1073610751,1073708031,1073741823,1073741823,1073741823,1073741823,1073741823:h9
1073741823,1073732251,1073741823,1073741823,1073741823,1073741823,1073741823,1073180671,1073606655,1073709055,1073741823,1073741823,1073741823,1073741823,1073741823:k7
1073741823,1073732251,1073741823,1073741823,1073741823,1073741823,1073741823,1073179647,1073610751,1073709055,1073741823,1073741823,1073741823,1073741823,1073741823:h9
1073741823,1073732251,1073741823,1073741823,1073741823,1073740799,1073741823,1073180671,1073610751,1073709055,1073741823,1073741823,1073741823,1073741823,1073741823:h9
1073741823,1073732251,1073741823,1073741823,1073741823,1073741823,1073737727,1073180671,1073610751,1073709055,1073741823,1073741823,1073741823,1073741823,1073741823:k7
1073741823,1073732251,1073741823,1073741823,1073741823,1073725439,1073741823,1073180671,1073610751,1073709055,1073741823,1073741823,1073741823,1073741823,1073741823:h9
1073741823,1073732251,1073741823,1073741823,1073741823,1073741823,1073725439,1073180671,1073610751,1073709055,1073741823,1073741823,1073741823,1073741823,1073741823:k7
1073741823,1073732251,1073741823,1073741823,1073741823,1073479679,1073741823,1073180671,1073610751,1073709055,1073741823,1073741823,1073741823,1073741823,1073741823:h9
1073741823,1073732251,1073741823,1073741823,1073741823,1073741823,1073676287,1073180671,1073610751,1073709055,1073741823,1073741823,1073741823,1073741823,1073741823:h9
1073741823,1073732251,1073741823,1073741823,1073741823,1073741823,1073741823,1073115135,1073610751,1073709055,1073741823,1073741823,1073741823,1073741823,1073741823:h9
1073741823,1073732251,1073741823,1073741823,1073741823,1073741823,1073741823,1073180671,1073610751,1073446911,1073741823,1073741823,1073741823,1073741823,1073741823:h9
1073741823,1073732251,1073741823,1073741823,1073741823,1073741823,1073741823,1073180671,1073594367,1073709055,1073741823,1073741823,1073741823,1073741823,1073741823:k7
1073741807,1073732287,1073741823,1073741823,1073741823,1073741823,1073741823,1073180671,1073610751,1073709055,1073741823,1073741823,1073741823,1073741823,1073741823:h9
1073741823,1073732287,1073741823,1073741823,1073741823,1073741823,1073479679,1073180671,1073610751,1073709055,1073741823,1073741823,1073741823,1073741823,1073741823:h9
1073741823,1073732287,1073741823,1073741823,1073741823,1069547519,1073741823,1073180671,1073610751,1073709055,1073741823,1073741823,1073741823,1073741823,1073741823:h9
1073741823,1073732287,1073741823,1073741823,1073741823,1073741823,1073741823,1068986367,1073610751,1073709055,1073741823,1073741823,1073741823,1073741823,1073741823:h9
1073741823,1073732287,1073741823,1073741823,1073741823,1073741823,1073741823,1072132095,1073610751,1073709055,1073741823,1073741823,1073741823,1073741823,1073741823:h9
1073741823,1073732287,1073741823,1073741823,1073741823,1073741823,1073741823,1073180671,1073610751,1069514751,1073741823,1073741823,1073741823,1073741823,1073741823:h9
1073741823,1073732287,1073741823,1073741759,1073741823,1073741823,1073741823,1073180671,1073610751,1073709055,1073741823,1073741823,1073741823,1073741823,1073741823:k7
1073737727,1073732287,1073741823,1073741823,1073741823,1073741823,1073741823,1073180671,1073610751,1073709055,1073741823,1073741823,1073741823,1073741823,1073741823:h9
1073741823,1073715903,1073741823,1073741823,1073741823,1073741823,1073741823,1073180671,1073610751,1073709055,1073741823,1073741823,1073741823,1073741823,1073741823:h9
1073741823,1073732287,1073741823,1073725439,1073741823,1073741823,1073741823,1073180671,1073610751,1073709055,1073741823,1073741823,1073741823,1073741823,1073741823:h9
1073741823,1073732287,1073737727,1073741823,1073741823,1073741823,1073741823,1073180671,1073610751,1073709055,1073741823,1073741823,1073741823,1073741823,1073741823:h9
1073741823,1073732287,1073741823,1073740799,1073741823,1073741823,1073741823,1073180671,1073610751,1073709055,1073741823,1073741823,1073741823,1073741823,1073741823:h9
1073741823,1073732287,1073741823,1073741823,1073741823,1073741823,1073741823,1073180671,1073610751,1073709055,1073737727,1073741823,1073741823,1073741823,1073741823:h9
1073741823,1073732287,1073741823,1073741823,1073741823,1073741823,1073741823,1073180671,1073577983,1073709055,1073475583,1073741823,1073741823,1073741823,1073741823:h7
1073741823,1073732287,1073741823,1073741823,1073741823,1073741823,1073741823,1073180671,1073577983,1073709055,1073737727,1073741823,1073741567,1073741823,1073741823:h7
1073741823,1073732287,1073741823,1073741823,1073741823,1073741823,1073741823,1073180671,1073577983,1073709055,1073737471,1073741823,1073741823,1073741823,1073741823:h7
1073741823,1073732287,1073741823,1073741823,1073741823,1073741823,1073741823,1073180671,1073577983,1073709055,1073736703,1073741823,1073741823,1073741823,1073741823:h7
1073741823,1073732287,1073741823,1073741823,1073741823,1073741823,1073741823,1073180671,1073577727,1073709055,1073737727,1073741823,1073741823,1073741823,1073741823:h7
1073741823,1073732287,1073741823,1073741823,1073741823,1073741823,1073741823,1073180671,1073577983,1073709055,1073737727,1073741823,1073676287,1073741823,1073741823:h7
1073741823,1073732287,1073741823,1073741823,1073741823,1073741823,1073741823,1073180671,1073577983,1073709055,1073737727,1073741823,1073737727,1073741823,1073741823:h7
1073741823,1073732287,1073741823,1073741823,1073741823,1073741823,1073741823,1073180671,1073577983,1073709055,1073737727,1073737727,1073741823,1073741823,1073741823:h7
1073741823,1073732287,1073741823,1073741823,1073741823,1073741823,1073741823,1073180671,1073577983,1073709055,1073737727,1073740799,1073741823,1073741823,1073741823:h7
1073741823,1073732287,1073741823,1073741823,1073741823,1073741823,1073741823,1073180671,1073577983,1073709055,1073737727,1073479679,1073741823,1073741823,1073741823:h7
1073741823,1073732287,1073741823,1073741823,1073741823,1073741823,1073741823,1073180671,1073577983,1073709055,1073737727,1073725439,1073741823,1073741823,1073741823:h7
1073741823,1073732287,1073741823,1073741823,1073741823,1073741823,1073741823,1073180671,1073577983,1073709055,1073721343,1073741823,1073741823,1073741823,1073741823:h6
1073741823,1073732287,1073741823,1073741823,1073741823,1073741823,1073741823,1073180671,1073577983,1073708799,1073737727,1073741823,1073741823,1073741823,1073741823:h7
1073741823,1073732287,1073741823,1073741823,1073741823,1073741823,1073741823,1073180671,1073576959,1073709055,1073737727,1073741823,1073741823,1073741823,1073741823:h7
1073741823,1073732287,1073741823,1073741823,1073741823,1073741823,1073741823,1073180415,1073577983,1073709055,1073737727,1073741823,1073741823,1073741823,1073741823:h7
1073741823,1073732287,1073741823,1073741823,1073741823,1073741567,1073741823,1073180671,1073577983,1073709055,1073737727,1073741823,1073741823,1073741823,1073741823:h7
1073741823,1073732287,1073741823,1073741823,1073741823,1073741823,1073740799,1073180671,1073577983,1073709055,1073737727,1073741823,1073741823,1073741823,1073741823:h7
1073741823,1073732287,1073741823,1073741823,1073741823,1073737727,1073741823,1073180671,1073577983,1073709055,1073737727,1073741823,1073741823,1073741823,1073741823:h7
1073741823,1073732287,1073741823,1073741823,1073741823,1073676287,1073741823,1073180671,1073577983,1073709055,1073737727,1073741823,1073741823,1073741823,1073741823:h7
1073741823,1073732287,1073741823,1073741823,1073741823,1073741823,1073741823,1073180671,1073577983,1073704959,1073737727,1073741823,1073741823,1073741823,1073741823:h7
1073725439,1073732287,1073741823,1073741823,1073741823,1073741823,1073741823,1073180671,1073577983,1073709055,1073737727,1073741823,1073741823,1073741823,1073741823:h7
1073741823,1073666751,1073741823,1073741823,1073741823,1073741823,1073741823,1073180671,1073577983,1073709055,1073737727,1073741823,1073741823,1073741823,1073741823:h7
1073741823,1073732287,1073741823,1073676287,1073741823,1073741823,1073741823,1073180671,1073577983,1073709055,1073737727,1073741823,1073741823,1073741823,1073741823:h7
1073741823,1073732287,1073725439,1073741823,1073741823,1073741823,1073741823,1073180671,1073577983,1073709055,1073737727,1073741823,1073741823,1073741823,1073741823:h7
1073741823,1073732287,1073741823,1073741819,1073741823,1073741823,1073741823,1073180671,1073577983,1073709055,1073737727,1073741823,1073741823,1073741823,1073741823:h7
1073741823,1073732287,1073741807,1073741823,1073741823,1073741823,1073741823,1073180671,1073577983,1073709055,1073737727,1073741823,1073741823,1073741823,1073741823:h7
1073741823,1073732283,1073741823,1073741823,1073741823,1073741823,1073741823,1073180671,1073577983,1073709055,1073737727,1073741823,1073741823,1073741823,1073741823:c2
1073741823,1073732251,1073741823,1073741823,1073741823,1073741823,1073741823,1073180671,1073577983,1073709055,1073475583,1073741823,1073741823,1073741823,1073741823:h7
1073741823,1073732251,1073741823,1073741823,1073741823,1073741823,1073741823,1073180671,1073577983,1073709055,1073737727,1073741823,1073741567,1073741823,1073741823:h7
1073741823,1073732251,1073741823,1073741823,1073741823,1073741823,1073741823,1073180671,1073577983,1073709055,1073737471,1073741823,1073741823,1073741823,1073741823:h7
1073741823,1073732251,1073741823,1073741823,1073741823,1073741823,1073741823,1073180671,1073577983,1073709055,1073736703,1073741823,1073741823,1073741823,1073741823:h7
1073741823,1073732251,1073741823,1073741823,1073741823,1073741823,1073741823,1073180671,1073577727,1073709055,1073737727,1073741823,1073741823,1073741823,1073741823:h7
1073741823,1073732251,1073741823,1073741823,1073741823,1073741823,1073741823,1073180671,1073577983,1073709055,1073737727,1073741823,1073676287,1073741823,1073741823:h7
1073741823,1073732251,1073741823,1073741823,1073741823,1073741823,1073741823,1073180671,1073577983,1073709055,1073737727,1073741823,1073737727,1073741823,1073741823:h7
1073741823,1073732251,1073741823,1073741823,1073741823,1073741823,1073741823,1073180671,1073577983,1073709055,1073737727,1073737727,1073741823,1073741823,1073741823:h7
1073741823,1073732251,1073741823,1073741822,1073741823,1073741823,1073741823,1073180671,1073577983,1073709055,1073737727,1073741823,1073741823,1073741823,1073741823:h7
1073741823,1073732251,1073741822,1073741823,1073741823,1073741823,1073741823,1073180671,1073577983,1073709055,1073737727,1073741823,1073741823,1073741823,1073741823:h7
1073741823,1073732250,1073741823,1073741823,1073741823,1073741823,1073741823,1073180671,1073577983,1073709055,1073737727,1073741823,1073741823,1073741823,1073741823:h7
1073741822,1073732251,1073741823,1073741823,1073741823,1073741823,1073741823,1073180671,1073577983,1073709055,1073737727,1073741823,1073741823,1073741823,1073741823:h7
1073741819,1073732251,1073741823,1073741823,1073741823,1073741823,1073741823,1073180671,1073577983,1073709055,1073737727,1073741823,1073741823,1073741823,1073741823:h7
1073741823,1073732251,1073741819,1073741823,1073741823,1073741823,1073741823,1073180671,1073577983,1073709055,1073737727,1073741823,1073741823,1073741823,1073741823:h7
1073741823,1073732251,1073741823,1073741823,1073741823,1073741823,1073741823,1073180671,1073577983,1073709055,1073737727,1073740799,1073741823,1073741823,1073741823:h7
1073741823,1073732251,1073741823,1073741823,1073741823,1073741823,1073741823,1073180671,1073577983,1073709055,1073737727,1073479679,1073741823,1073741823,1073741823:h7
1073741823,1073732251,1073741823,1073741823,1073741823,1073741823,1073741823,1073180671,1073577983,1073709055,1073737727,1073725439,1073741823,1073741823,1073741823:h7
1073741823,1073732251,1073741823,1073741823,1073741823,1073741823,1073741823,1073180671,1073577983,1073709055,1073721343,1073741823,1073741823,1073741823,1073741823:h6
1073741823,1073732251,1073741823,1073741823,1073741823,1073741823,1073741823,1073180671,1073577983,1073708799,1073737727,1073741823,1073741823,1073741823,1073741823:h7
1073741823,1073732251,1073741823,1073741823,1073741823,1073741823,1073741823,1073180671,1073576959,1073709055,1073737727,1073741823,1073741823,1073741823,1073741823:h7
1073741823,1073732251,1073741823,1073741823,1073741823,1073741823,1073741823,1073180415,1073577983,1073709055,1073737727,1073741823,1073741823,1073741823,1073741823:h7
1073741823,1073732251,1073741823,1073741823,1073741823,1073741567,1073741823,1073180671,1073577983,1073709055,1073737727,1073741823,1073741823,1073741823,1073741823:h7
1073741823,1073732251,1073741823,1073741823,1073741823,1073741823,1073740799,1073180671,1073577983,1073709055,1073737727,1073741823,1073741823,1073741823,1073741823:h7
1073741823,1073732251,1073741823,1073741823,1073741823,1073737727,1073741823,1073180671,1073577983,1073709055,1073737727,1073741823,1073741823,1073741823,1073741823:h7
1073741823,1073732251,1073741823,1073741823,1073741823,1073676287,1073741823,1073180671,1073577983,1073709055,1073737727,1073741823,1073741823,1073741823,1073741823:h7
1073741823,1073732251,1073741823,1073741823,1073741823,1073741823,1073741823,1073180671,1073577983,1073704959,1073737727,1073741823,1073741823,1073741823,1073741823:h7
1073725439,1073732251,1073741823,1073741823,1073741823,1073741823,1073741823,1073180671,1073577983,1073709055,1073737727,1073741823,1073741823,1073741823,1073741823:h7
1073741823,1073666715,1073741823,1073741823,1073741823,1073741823,1073741823,1073180671,1073577983,1073709055,1073737727,1073741823,1073741823,1073741823,1073741823:h7
1073741823,1073732251,1073741823,1073676287,1073741823,1073741823,1073741823,1073180671,1073577983,1073709055,1073737727,1073741823,1073741823,1073741823,1073741823:h7
1073741823,1073732251,1073725439,1073741823,1073741823,1073741823,1073741823,1073180671,1073577983,1073709055,1073737727,1073741823,1073741823,1073741823,1073741823:h7
1073741823,1073732251,1073741823,1073741819,1073741823,1073741823,1073741823,1073180671,1073577983,1073709055,1073737727,1073741823,1073741823,1073741823,1073741823:h7
1073741823,1073732251,1073741807,1073741823,1073741823,1073741823,1073741823,1073180671,1073577983,1073709055,1073737727,1073741823,1073741823,1073741823,1073741823:h7
1073741807,1073732251,1073741823,1073741823,1073741823,1073741823,1073741823,1073180671,1073577983,1073709055,1073737727,1073741823,1073741823,1073741823,1073741823:h7
1073741823,1073732251,1073741823,1073741823,1073741823,1073741823,1073479679,1073180671,1073577983,1073709055,1073737727,1073741823,1073741823,1073741823,1073741823:h7
1073741823,1073732251,1073741823,1073741823,1073741823,1069547519,1073741823,1073180671,1073577983,1073709055,1073737727,1073741823,1073741823,1073741823,1073741823:h7
1073741823,1073732251,1073741823,1073741823,1073741823,1073741823,1073741823,1068986367,1073577983,1073709055,1073737727,1073741823,1073741823,1073741823,1073741823:h7
1073741823,1073732251,1073741823,1073741823,1073741823,1073741823,1073741823,1072132095,1073577983,1073709055,1073737727,1073741823,1073741823,1073741823,1073741823:h7
1073741823,1073732251,1073741823,1073741823,1073741823,1073741823,1073741823,1073180671,1073577983,1069514751,1073737727,1073741823,1073741823,1073741823,1073741823:h7
1073741823,1073732251,1073741823,1073741759,1073741823,1073741823,1073741823,1073180671,1073577983,1073709055,1073737727,1073741823,1073741823,1073741823,1073741823:h7
1073737727,1073732251,1073741823,1073741823,1073741823,1073741823,1073741823,1073180671,1073577983,1073709055,1073737727,1073741823,1073741823,1073741823,1073741823:h7
1073741823,1073715867,1073741823,1073741823,1073741823,1073741823,1073741823,1073180671,1073577983,1073709055,1073737727,1073741823,1073741823,1073741823,1073741823:h7
1073741823,1073732251,1073741823,1073725439,1073741823,1073741823,1073741823,1073180671,1073577983,1073709055,1073737727,1073741823,1073741823,1073741823,1073741823:h7
1073741823,1073732251,1073737727,1073741823,1073741823,1073741823,1073741823,1073180671,1073577983,1073709055,1073737727,1073741823,1073741823,1073741823,1073741823:h7
1073741823,1073732251,1073741823,1073740799,1073741823,1073741823,1073741823,1073180671,1073577983,1073709055,1073737727,1073741823,1073741823,1073741823,1073741823:h7
1073741823,1073732251,1073741823,1073741823,1073741823,1073741823,1072693247,1073180671,1073577983,1073709055,1073737727,1073741823,1073741823,1073741823,1073741823:h7
1073741823,1073732251,1073741823,1073741823,1073741823,1073741823,1073741823,1073180671,1072529407,1073709055,1073737727,1073741823,1073741823,1073741823,1073741823:h7
1073741823,1073732251,1073741823,1073741823,1073741823,1073741823,1073741823,1073180671,1073315839,1073709055,1073737727,1073741823,1073741823,1073741823,1073741823:h7
1073741823,1073732251,1073741823,1073741823,1073741823,1073741823,1073741823,1073180671,1073577983,1073709055,1072689151,1073741823,1073741823,1073741823,1073741823:h7
1073741823,1073732251,1073741823,1073741823,1073741823,1073741823,1073741823,1073180671,1073577983,1073709055,1073672191,1073741823,1073741823,1073741823,1073741823:h7
1073741823,1073732251,1073741823,1073741823,1073741823,1073741823,1073741823,1073180671,1073577983,1073643519,1073737727,1073741823,1073741823,1073741823,1073741823:h7
1073741823,1073732251,1073741823,1073741807,1073741823,1073741823,1073741823,1073180671,1073577983,1073709055,1073737727,1073741823,1073741823,1073741823,1073741823:h7
1073741823,1073732251,1073741759,1073741823,1073741823,1073741823,1073741823,1073180671,1073577983,1073709055,1073737727,1073741823,1073741823,1073741823,1073741823:h7
1073741759,1073732251,1073741823,1073741823,1073741823,1073741823,1073741823,1073180671,1073577983,1073709055,1073737727,1073741823,1073741823,1073741823,1073741823:h7
1073741567,1073732251,1073741823,1073741823,1073741823,1073741823,1073741823,1073180671,1073577983,1073709055,1073737727,1073741823,1073741823,1073741823,1073741823:h7
1073740799,1073732251,1073741823,1073741823,1073741823,1073741823,1073741823,1073180671,1073577983,1073709055,1073737727,1073741823,1073741823,1073741823,1073741823:h7
1073741823,1073732251,1073741823,1073737727,1073741823,1073741823,1073741823,1073180671,1073577983,1073709055,1073737727,1073741823,1073741823,1073741823,1073741823:h7
1073741823,1073732251,1073740799,1073741823,1073741823,1073741823,1073741823,1073180671,1073577983,1073709055,1073737727,1073741823,1073741823,1073741823,1073741823:h7
1073741823,1073732251,1073741823,1073741567,1073741823,1073741823,1073741823,1073180671,1073577983,1073709055,1073737727,1073741823,1073741823,1073741823,1073741823:h7
1073741823,1073732251,1073741567,1073741823,1073741823,1073741823,1073741823,1073180671,1073577983,1073709055,1073737727,1073741823,1073741823,1073741823,1073741823:h7
1073741823,1073732251,1073741823,1073741823,1073741823,1073741823,1073741823,1073180671,1073577983,1073708031,1073737727,1073741823,1073741823,1073741823,1073741823:h7
1073741823,1073732251,1073741823,1073741823,1073741823,1073741823,1073741823,1073180671,1073573887,1073709055,1073737727,1073741823,1073741823,1073741823,1073741823:h7
1073741823,1073732251,1073741823,1073741823,1073741823,1073741823,1073741823,1073179647,1073577983,1073709055,1073737727,1073741823,1073741823,1073741823,1073741823:h7
1073741823,1073732251,1073741823,1073741823,1073741823,1073740799,1073741823,1073180671,1073577983,1073709055,1073737727,1073741823,1073741823,1073741823,1073741823:h7
1073741823,1073732251,1073741823,1073741823,1073741823,1073741823,1073737727,1073180671,1073577983,1073709055,1073737727,1073741823,1073741823,1073741823,1073741823:h7
1073741823,1073732251,1073741823,1073741823,1073741823,1073725439,1073741823,1073180671,1073577983,1073709055,1073737727,1073741823,1073741823,1073741823,1073741823:h11
1073741823,1073732251,1073741823,1073741823,1073741823,1073741823,1073725439,1073180671,1073577983,1073709055,1073737727,1073741823,1073741823,1073741823,1073741823:j10
1073741823,1073732251,1073741823,1073741823,1073741823,1073479679,1073741823,1073180671,1073577983,1073709055,1073737727,1073741823,1073741823,1073741823,1073741823:h7
1073741823,1073732251,1073741823,1073741823,1073741823,1073741823,1073676287,1073180671,1073577983,1073709055,1073737727,1073741823,1073741823,1073741823,1073741823:h7
1073741823,1073732251,1073741823,1073741823,1073741823,1073741823,1073741823,1073115135,1073577983,1073709055,1073737727,1073741823,1073741823,1073741823,1073741823:h7
1073741823,1073732251,1073741823,1073741823,1073741823,1073741823,1073741823,1073180671,1073577983,1073446911,1073737727,1073741823,1073741823,1073741823,1073741823:h7
1073741807,1073732287,1073741823,1073741823,1073741823,1073741823,1073741823,1073180671,1073577983,1073709055,1073737727,1073741823,1073741823,1073741823,1073741823:h7
1073741823,1073732287,1073741823,1073741823,1073741823,1073741823,1073479679,1073180671,1073577983,1073709055,1073737727,1073741823,1073741823,1073741823,1073741823:h7
1073741823,1073732287,1073741823,1073741823,1073741823,1069547519,1073741823,1073180671,1073577983,1073709055,1073737727,1073741823,1073741823,1073741823,1073741823:h7
1073741823,1073732287,1073741823,1073741823,1073741823,1073741823,1073741823,1068986367,1073577983,1073709055,1073737727,1073741823,1073741823,1073741823,1073741823:h7
1073741823,1073732287,1073741823,1073741823,1073741823,1073741823,1073741823,1072132095,1073577983,1073709055,1073737727,1073741823,1073741823,1073741823,1073741823:h7
1073741823,1073732287,1073741823,1073741823,1073741823,1073741823,1073741823,1073180671,1073577983,1069514751,1073737727,1073741823,1073741823,1073741823,1073741823:h7
1073741823,1073732287,1073741823,1073741759,1073741823,1073741823,1073741823,1073180671,1073577983,1073709055,1073737727,1073741823,1073741823,1073741823,1073741823:h7
1073737727,1073732287,1073741823,1073741823,1073741823,1073741823,1073741823,1073180671,1073577983,1073709055,1073737727,1073741823,1073741823,1073741823,1073741823:h7
1073741823,1073715903,1073741823,1073741823,1073741823,1073741823,1073741823,1073180671,1073577983,1073709055,1073737727,1073741823,1073741823,1073741823,1073741823:h7
1073741823,1073732287,1073741823,1073725439,1073741823,1073741823,1073741823,1073180671,1073577983,1073709055,1073737727,1073741823,1073741823,1073741823,1073741823:h7
1073741823,1073732287,1073737727,1073741823,1073741823,1073741823,1073741823,1073180671,1073577983,1073709055,1073737727,1073741823,1073741823,1073741823,1073741823:h7
1073741823,1073732287,1073741823,1073740799,1073741823,1073741823,1073741823,1073180671,1073577983,1073709055,1073737727,1073741823,1073741823,1073741823,1073741823:h7
1073741823,1073732287,1073741823,1073741823,1073741823,1073741823,1072693247,1073180671,1073577983,1073709055,1073737727,1073741823,1073741823,1073741823,1073741823:h7
1073741823,1073732287,1073741823,1073741823,1073741823,1073741823,1073741823,1073180671,1072529407,1073709055,1073737727,1073741823,1073741823,1073741823,1073741823:h7
1073741823,1073732287,1073741823,1073741823,1073741823,1073741823,1073741823,1073180671,1073315839,1073709055,1073737727,1073741823,1073741823,1073741823,1073741823:h7
1073741823,1073732287,1073741823,1073741823,1073741823,1073741823,1073741823,1073180671,1073577983,1073709055,1072689151,1073741823,1073741823,1073741823,1073741823:h7
1073741823,1073732287,1073741823,1073741823,1073741823,1073741823,1073741823,1073180671,1073577983,1073709055,1073672191,1073741823,1073741823,1073741823,1073741823:h7
1073741823,1073732287,1073741823,1073741823,1073741823,1073741823,1073741823,1073180671,1073577983,1073643519,1073737727,1073741823,1073741823,1073741823,1073741823:h7
1073741823,1073732287,1073741823,1073741807,1073741823,1073741823,1073741823,1073180671,1073577983,1073709055,1073737727,1073741823,1073741823,1073741823,1073741823:h7
1073741823,1073732287,1073741759,1073741823,1073741823,1073741823,1073741823,1073180671,1073577983,1073709055,1073737727,1073741823,1073741823,1073741823,1073741823:h7
1073741823,1073732271,1073741823,1073741823,1073741823,1073741823,1073741823,1073180671,1073577983,1073709055,1073737727,1073741823,1073741823,1073741823,1073741823:b2
1073741823,1073732263,1073741823,1073741823,1073741823,1073741823,1073741823,1073180671,1073577983,1073709055,1073475583,1073741823,1073741823,1073741823,1073741823:h7
1073741823,1073732263,1073741823,1073741823,1073741823,1073741823,1073741823,1073180671,1073577983,1073709055,1073737727,1073741823,1073741567,1073741823,1073741823:h7
1073741823,1073732263,1073741823,1073741823,1073741823,1073741823,1073741823,1073180671,1073577983,1073709055,1073737471,1073741823,1073741823,1073741823,1073741823:h7
1073741823,1073732263,1073741823,1073741823,1073741823,1073741823,1073741823,1073180671,1073577983,1073709055,1073736703,1073741823,1073741823,1073741823,1073741823:h7
1073741823,1073732263,1073741823,1073741823,1073741823,1073741823,1073741823,1073180671,1073577727,1073709055,1073737727,1073741823,1073741823,1073741823,1073741823:h7
1073741823,1073732263,1073741823,1073741823,1073741823,1073741823,1073741823,1073180671,1073577983,1073709055,1073737727,1073741823,1073676287,1073741823,1073741823:h7
1073741823,1073732263,1073741823,1073741823,1073741823,1073741823,1073741823,1073180671,1073577983,1073709055,1073737727,1073741823,1073737727,1073741823,1073741823:h7
1073741823,1073732263,1073741823,1073741823,1073741823,1073741823,1073741823,1073180671,1073577983,1073709055,1073737727,1073737727,1073741823,1073741823,1073741823:h7
1073741823,1073732263,1073741822,1073741823,1073741823,1073741823,1073741823,1073180671,1073577983,1073709055,1073737727,1073741823,1073741823,1073741823,1073741823:h7
1073741822,1073732263,1073741823,1073741823,1073741823,1073741823,1073741823,1073180671,1073577983,1073709055,1073737727,1073741823,1073741823,1073741823,1073741823:h7
1073741823,1073732263,1073741823,1073741822,1073741823,1073741823,1073741823,1073180671,1073577983,1073709055,1073737727,1073741823,1073741823,1073741823,1073741823:h7
1073741823,1073732263,1073741819,1073741823,1073741823,1073741823,1073741823,1073180671,1073577983,1073709055,1073737727,1073741823,1073741823,1073741823,1073741823:h7
1073741823,1073732262,1073741823,1073741823,1073741823,1073741823,1073741823,1073180671,1073577983,1073709055,1073737727,1073741823,1073741823,1073741823,1073741823:h7
1073741819,1073732263,1073741823,1073741823,1073741823,1073741823,1073741823,1073180671,1073577983,1073709055,1073737727,1073741823,1073741823,1073741823,1073741823:h7
1073741823,1073732263,1073741823,1073741823,1073741823,1073741823,1073741823,1073180671,1073577983,1073709055,1073737727,1073740799,1073741823,1073741823,1073741823:h7
1073741823,1073732263,1073741823,1073741823,1073741823,1073741823,1073741823,1073180671,1073577983,1073709055,1073737727,1073479679,1073741823,1073741823,1073741823:h7
1073741823,1073732263,1073741823,1073741823,1073741823,1073741823,1073741823,1073180671,1073577983,1073709055,1073737727,1073725439,1073741823,1073741823,1073741823:h7
1073741823,1073732263,1073741823,1073741823,1073741823,1073741823,1073741823,1073180671,1073577983,1073709055,1073721343,1073741823,1073741823,1073741823,1073741823:h6
1073741823,1073732263,1073741823,1073741823,1073741823,1073741823,1073741823,1073180671,1073577983,1073708799,1073737727,1073741823,1073741823,1073741823,1073741823:h7
1073741823,1073732263,1073741823,1073741823,1073741823,1073741823,1073741823,1073180671,1073576959,1073709055,1073737727,1073741823,1073741823,1073741823,1073741823:h7
1073741823,1073732263,1073741823,1073741823,1073741823,1073741823,1073741823,1073180415,1073577983,1073709055,1073737727,1073741823,1073741823,1073741823,1073741823:h7
1073741823,1073732263,1073741823,1073741823,1073741823,1073741567,1073741823,1073180671,1073577983,1073709055,1073737727,1073741823,1073741823,1073741823,1073741823:h7
1073741823,1073732263,1073741823,1073741823,1073741823,1073741823,1073740799,1073180671,1073577983,1073709055,1073737727,1073741823,1073741823,1073741823,1073741823:h7
1073741823,1073732263,1073741823,1073741823,1073741823,1073737727,1073741823,1073180671,1073577983,1073709055,1073737727,1073741823,1073741823,1073741823,1073741823:h7
1073741823,1073732263,1073741823,1073741823,1073741823,1073676287,1073741823,1073180671,1073577983,1073709055,1073737727,1073741823,1073741823,1073741823,1073741823:h7
1073741823,1073732263,1073741823,1073741823,1073741823,1073741823,1073741823,1073180671,1073577983,1073704959,1073737727,1073741823,1073741823,1073741823,1073741823:h7
1073725439,1073732263,1073741823,1073741823,1073741823,1073741823,1073741823,1073180671,1073577983,1073709055,1073737727,1073741823,1073741823,1073741823,1073741823:h7
1073741823,1073666727,1073741823,1073741823,1073741823,1073741823,1073741823,1073180671,1073577983,1073709055,1073737727,1073741823,1073741823,1073741823,1073741823:h7
1073741823,1073732263,1073741823,1073676287,1073741823,1073741823,1073741823,1073180671,1073577983,1073709055,1073737727,1073741823,1073741823,1073741823,1073741823:h7
1073741823,1073732263,1073725439,1073741823,1073741823,1073741823,1073741823,1073180671,1073577983,1073709055,1073737727,1073741823,1073741823,1073741823,1073741823:h7
1073741823,1073732263,1073741823,1073741819,1073741823,1073741823,1073741823,1073180671,1073577983,1073709055,1073737727,1073741823,1073741823,1073741823,1073741823:h7
1073741823,1073732263,1073741807,1073741823,1073741823,1073741823,1073741823,1073180671,1073577983,1073709055,1073737727,1073741823,1073741823,1073741823,1073741823:h7
1073741807,1073732263,1073741823,1073741823,1073741823,1073741823,1073741823,1073180671,1073577983,1073709055,1073737727,1073741823,1073741823,1073741823,1073741823:h7
1073741823,1073732263,1073741823,1073741823,1073741823,1073741823,1073479679,1073180671,1073577983,1073709055,1073737727,1073741823,1073741823,1073741823,1073741823:h7
1073741823,1073732263,1073741823,1073741823,1073741823,1069547519,1073741823,1073180671,1073577983,1073709055,1073737727,1073741823,1073741823,1073741823,1073741823:h7
1073741823,1073732263,1073741823,1073741823,1073741823,1073741823,1073741823,1068986367,1073577983,1073709055,1073737727,1073741823,1073741823,1073741823,1073741823:h7
1073741823,1073732263,1073741823,1073741823,1073741823,1073741823,1073741823,1072132095,1073577983,1073709055,1073737727,1073741823,1073741823,1073741823,1073741823:h7
1073741823,1073732263,1073741823,1073741823,1073741823,1073741823,1073741823,1073180671,1073577983,1069514751,1073737727,1073741823,1073741823,1073741823,1073741823:h7
1073741823,1073732263,1073741823,1073741759,1073741823,1073741823,1073741823,1073180671,1073577983,1073709055,1073737727,1073741823,1073741823,1073741823,1073741823:h7
1073737727,1073732263,1073741823,1073741823,1073741823,1073741823,1073741823,1073180671,1073577983,1073709055,1073737727,1073741823,1073741823,1073741823,1073741823:h7
1073741823,1073715879,1073741823,1073741823,1073741823,1073741823,1073741823,1073180671,1073577983,1073709055,1073737727,1073741823,1073741823,1073741823,1073741823:h7
1073741823,1073732263,1073741823,1073725439,1073741823,1073741823,1073741823,1073180671,1073577983,1073709055,1073737727,1073741823,1073741823,1073741823,1073741823:h7
1073741823,1073732263,1073737727,1073741823,1073741823,1073741823,1073741823,1073180671,1073577983,1073709055,1073737727,1073741823,1073741823,1073741823,1073741823:h7
1073741823,1073732263,1073741823,1073740799,1073741823,1073741823,1073741823,1073180671,1073577983,1073709055,1073737727,1073741823,1073741823,1073741823,1073741823:h7
1073741823,1073732263,1073741823,1073741823,1073741823,1073741823,1072693247,1073180671,1073577983,1073709055,1073737727,1073741823,1073741823,1073741823,1073741823:h7
1073741823,1073732263,1073741823,1073741823,1073741823,1073741823,1073741823,1073180671,1072529407,1073709055,1073737727,1073741823,1073741823,1073741823,1073741823:h7
1073741823,1073732263,1073741823,1073741823,1073741823,1073741823,1073741823,1073180671,1073315839,1073709055,1073737727,1073741823,1073741823,1073741823,1073741823:h7
1073741823,1073732263,1073741823,1073741823,1073741823,1073741823,1073741823,1073180671,1073577983,1073709055,1072689151,1073741823,1073741823,1073741823,1073741823:h7
1073741823,1073732263,1073741823,1073741823,1073741823,1073741823,1073741823,1073180671,1073577983,1073709055,1073672191,1073741823,1073741823,1073741823,1073741823:h7
1073741823,1073732263,1073741823,1073741823,1073741823,1073741823,1073741823,1073180671,1073577983,1073643519,1073737727,1073741823,1073741823,1073741823,1073741823:h7
1073741823,1073732263,1073741823,1073741807,1073741823,1073741823,1073741823,1073180671,1073577983,1073709055,1073737727,1073741823,1073741823,1073741823,1073741823:h7
1073741823,1073732263,1073741759,1073741823,1073741823,1073741823,1073741823,1073180671,1073577983,1073709055,1073737727,1073741823,1073741823,1073741823,1073741823:h7
1073741759,1073732263,1073741823,1073741823,1073741823,1073741823,1073741823,1073180671,1073577983,1073709055,1073737727,1073741823,1073741823,1073741823,1073741823:h7
1073741567,1073732263,1073741823,1073741823,1073741823,1073741823,1073741823,1073180671,1073577983,1073709055,1073737727,1073741823,1073741823,1073741823,1073741823:h7
1073740799,1073732263,1073741823,1073741823,1073741823,1073741823,1073741823,1073180671,1073577983,1073709055,1073737727,1073741823,1073741823,1073741823,1073741823:h7
1073741823,1073732263,1073741823,1073737727,1073741823,1073741823,1073741823,1073180671,1073577983,1073709055,1073737727,1073741823,1073741823,1073741823,1073741823:h7
1073741823,1073732263,1073740799,1073741823,1073741823,1073741823,1073741823,1073180671,1073577983,1073709055,1073737727,1073741823,1073741823,1073741823,1073741823:h7
1073741823,1073732263,1073741823,1073741567,1073741823,1073741823,1073741823,1073180671,1073577983,1073709055,1073737727,1073741823,1073741823,1073741823,1073741823:h7
1073741823,1073732263,1073741567,1073741823,1073741823,1073741823,1073741823,1073180671,1073577983,1073709055,1073737727,1073741823,1073741823,1073741823,1073741823:h7
1073741823,1073732263,1073741823,1073741823,1073741823,1073741823,1073741823,1073180671,1073577983,1073708031,1073737727,1073741823,1073741823,1073741823,1073741823:h7
1073741823,1073732263,1073741823,1073741823,1073741823,1073741823,1073741823,1073180671,1073573887,1073709055,1073737727,1073741823,1073741823,1073741823,1073741823:h7
1073741823,1073732263,1073741823,1073741823,1073741823,1073741823,1073741823,1073179647,1073577983,1073709055,1073737727,1073741823,1073741823,1073741823,1073741823:h7
1073741823,1073732263,1073741823,1073741823,1073741823,1073740799,1073741823,1073180671,1073577983,1073709055,1073737727,1073741823,1073741823,1073741823,1073741823:h7
1073741823,1073732263,1073741823,1073741823,1073741823,1073741823,1073737727,1073180671,1073577983,1073709055,1073737727,1073741823,1073741823,1073741823,1073741823:h7
1073741823,1073732263,1073741823,1073741823,1073741823,1073725439,1073741823,1073180671,1073577983,1073709055,1073737727,1073741823,1073741823,1073741823,1073741823:h11
1073741823,1073732263,1073741823,1073741823,1073741823,1073741823,1073725439,1073180671,1073577983,1073709055,1073737727,1073741823,1073741823,1073741823,1073741823:j10
1073741823,1073732263,1073741823,1073741823,1073741823,1073479679,1073741823,1073180671,1073577983,1073709055,1073737727,1073741823,1073741823,1073741823,1073741823:h7
1073741823,1073732263,1073741823,1073741823,1073741823,1073741823,1073676287,1073180671,1073577983,1073709055,1073737727,1073741823,1073741823,1073741823,1073741823:h7
1073741823,1073732263,1073741823,1073741823,1073741823,1073741823,1073741823,1073115135,1073577983,1073709055,1073737727,1073741823,1073741823,1073741823,1073741823:h7
1073741823,1073732263,1073741823,1073741823,1073741823,1073741823,1073741823,1073180671,1073577983,1073446911,1073737727,1073741823,1073741823,1073741823,1073741823:h7
1073741759,1073732287,1073741823,1073741823,1073741823,1073741823,1073741823,1073180671,1073577983,1073709055,1073737727,1073741823,1073741823,1073741823,1073741823:h7
1073741567,1073732287,1073741823,1073741823,1073741823,1073741823,1073741823,1073180671,1073577983,1073709055,1073737727,1073741823,1073741823,1073741823,1073741823:h7
1073740799,1073732287,1073741823,1073741823,1073741823,1073741823,1073741823,1073180671,1073577983,1073709055,1073737727,1073741823,1073741823,1073741823,1073741823:h7
1073741823,1073732287,1073741823,1073737727,1073741823,1073741823,1073741823,1073180671,1073577983,1073709055,1073737727,1073741823,1073741823,1073741823,1073741823:h7
1073741823,1073732287,1073740799,1073741823,1073741823,1073741823,1073741823,1073180671,1073577983,1073709055,1073737727,1073741823,1073741823,1073741823,1073741823:h7
1073741823,1073732287,1073741823,1073741567,1073741823,1073741823,1073741823,1073180671,1073577983,1073709055,1073737727,1073741823,1073741823,1073741823,1073741823:h7
1073741823,1073732287,1073741567,1073741823,1073741823,1073741823,1073741823,1073180671,1073577983,1073709055,1073737727,1073741823,1073741823,1073741823,1073741823:h7
1073741823,1073732287,1073741823,1073741823,1073741823,1073741823,1073741823,1073180671,1073577983,1073708031,1073737727,1073741823,1073741823,1073741823,1073741823:h7
1073741823,1073732287,1073741823,1073741823,1073741823,1073741823,1073741823,1073180671,1073573887,1073709055,1073737727,1073741823,1073741823,1073741823,1073741823:h7
1073741823,1073732287,1073741823,1073741823,1073741823,1073741823,1073741823,1073179647,1073577983,1073709055,1073737727,1073741823,1073741823,1073741823,1073741823:h7
1073741823,1073732287,1073741823,1073741823,1073741823,1073740799,1073741823,1073180671,1073577983,1073709055,1073737727,1073741823,1073741823,1073741823,1073741823:h7
1073741823,1073732287,1073741823,1073741823,1073741823,1073741823,1073737727,1073180671,1073577983,1073709055,1073737727,1073741823,1073741823,1073741823,1073741823:h7
1073741823,1073732287,1073741823,1073741823,1073741823,1073725439,1073741823,1073180671,1073577983,1073709055,1073737727,1073741823,1073741823,1073741823,1073741823:h11
1073741823,1073732287,1073741823,1073741823,1073741823,1073741823,1073725439,1073180671,1073577983,1073709055,1073737727,1073741823,1073741823,1073741823,1073741823:j10
1073741823,1073732287,1073741823,1073741823,1073741823,1073479679,1073741823,1073180671,1073577983,1073709055,1073737727,1073741823,1073741823,1073741823,1073741823:h7
1073741823,1073732287,1073741823,1073741823,1073741823,1073741823,1073676287,1073180671,1073577983,1073709055,1073737727,1073741823,1073741823,1073741823,1073741823:h7
1073741823,1073732287,1073741823,1073741823,1073741823,1073741823,1073741823,1073115135,1073577983,1073709055,1073737727,1073741823,1073741823,1073741823,1073741823:h7
1073741823,1073732287,1073741823,1073741823,1073741823,1073741823,1073741823,1073180671,1073577983,1073446911,1073737727,1073741823,1073741823,1073741823,1073741823:h7
1073741823,1073732287,1073741823,1073741823,1073741823,1073741823,1072693247,1073180671,1073610751,1073709055,1073741823,1073741823,1073741823,1073741823,1073741823:h9
1073741823,1073732287,1073741823,1073741823,1073741823,1073741823,1073741823,1073180671,1072562175,1073709055,1073741823,1073741823,1073741823,1073741823,1073741823:k7
1073741823,1073732287,1073741823,1073741823,1073741823,1073741823,1073741823,1073180671,1073348607,1073709055,1073741823,1073741823,1073741823,1073741823,1073741823:k7
1073741823,1073732287,1073741823,1073741823,1073741823,1073741823,1073741823,1073180671,1073610751,1073709055,1072693247,1073741823,1073741823,1073741823,1073741823:h9
1073741823,1073732287,1073741823,1073741823,1073741823,1073741823,1073741823,1073180671,1073610751,1073709055,1073676287,1073741823,1073741823,1073741823,1073741823:h9
1073741823,1073732287,1073741823,1073741823,1073741823,1073741823,1073741823,1073180671,1073610751,1073643519,1073741823,1073741823,1073741823,1073741823,1073741823:h9
1073741823,1073732287,1073741823,1073741807,1073741823,1073741823,1073741823,1073180671,1073610751,1073709055,1073741823,1073741823,1073741823,1073741823,1073741823:k7
1073741823,1073732287,1073741759,1073741823,1073741823,1073741823,1073741823,1073180671,1073610751,1073709055,1073741823,1073741823,1073741823,1073741823,1073741823:k7
1073741823,1073732271,1073741823,1073741823,1073741823,1073741823,1073741823,1073180671,1073610751,1073709055,1073741823,1073741823,1073741823,1073741823,1073741823:b2
1073741823,1073732263,1073741822,1073741823,1073741823,1073741823,1073741823,1073180671,1073610751,1073709055,1073741823,1073741823,1073741823,1073741823,1073741823:h9
1073741822,1073732263,1073741823,1073741823,1073741823,1073741823,1073741823,1073180671,1073610751,1073709055,1073741823,1073741823,1073741823,1073741823,1073741823:h9
1073741823,1073732263,1073741823,1073741822,1073741823,1073741823,1073741823,1073180671,1073610751,1073709055,1073741823,1073741823,1073741823,1073741823,1073741823:h9
1073741823,1073732263,1073741819,1073741823,1073741823,1073741823,1073741823,1073180671,1073610751,1073709055,1073741823,1073741823,1073741823,1073741823,1073741823:h9
1073741823,1073732262,1073741823,1073741823,1073741823,1073741823,1073741823,1073180671,1073610751,1073709055,1073741823,1073741823,1073741823,1073741823,1073741823:h9
1073741819,1073732263,1073741823,1073741823,1073741823,1073741823,1073741823,1073180671,1073610751,1073709055,1073741823,1073741823,1073741823,1073741823,1073741823:h9
1073741823,1073732263,1073741823,1073741823,1073741823,1073741823,1073741823,1073180671,1073610751,1073709055,1073741823,1073740799,1073741823,1073741823,1073741823:h9
1073741823,1073732263,1073741823,1073741823,1073741823,1073741823,1073741823,1073180671,1073610751,1073709055,1073741823,1073479679,1073741823,1073741823,1073741823:h9
1073741823,1073732263,1073741823,1073741823,1073741823,1073741823,1073741823,1073180671,1073610751,1073709055,1073741823,1073725439,1073741823,1073741823,1073741823:h9
1073741823,1073732263,1073741823,1073741823,1073741823,1073741823,1073741823,1073180671,1073610751,1073709055,1073725439,1073741823,1073741823,1073741823,1073741823:k7
1073741823,1073732263,1073741823,1073741823,1073741823,1073741823,1073741823,1073180671,1073610751,1073708799,1073741823,1073741823,1073741823,1073741823,1073741823:j10
1073741823,1073732263,1073741823,1073741823,1073741823,1073741823,1073741823,1073180671,1073609727,1073709055,1073741823,1073741823,1073741823,1073741823,1073741823:j10
1073741823,1073732263,1073741823,1073741823,1073741823,1073741823,1073741823,1073180415,1073610751,1073709055,1073741823,1073741823,1073741823,1073741823,1073741823:h9
1073741823,1073732263,1073741823,1073741823,1073741823,1073741567,1073741823,1073180671,1073610751,1073709055,1073741823,1073741823,1073741823,1073741823,1073741823:h9
1073741823,1073732263,1073741823,1073741823,1073741823,1073741823,1073740799,1073180671,1073610751,1073709055,1073741823,1073741823,1073741823,1073741823,1073741823:h9
1073741823,1073732263,1073741823,1073741823,1073741823,1073737727,1073741823,1073180671,1073610751,1073709055,1073741823,1073741823,1073741823,1073741823,1073741823:k7
1073741823,1073732263,1073741823,1073741823,1073741823,1073676287,1073741823,1073180671,1073610751,1073709055,1073741823,1073741823,1073741823,1073741823,1073741823:j10
1073741823,1073732263,1073741823,1073741823,1073741823,1073741823,1073741823,1073180671,1073610751,1073704959,1073741823,1073741823,1073741823,1073741823,1073741823:k7
1073725439,1073732263,1073741823,1073741823,1073741823,1073741823,1073741823,1073180671,1073610751,1073709055,1073741823,1073741823,1073741823,1073741823,1073741823:h9
1073741823,1073666727,1073741823,1073741823,1073741823,1073741823,1073741823,1073180671,1073610751,1073709055,1073741823,1073741823,1073741823,1073741823,1073741823:h9
1073741823,1073732263,1073741823,1073676287,1073741823,1073741823,1073741823,1073180671,1073610751,1073709055,1073741823,1073741823,1073741823,1073741823,1073741823:h9
1073741823,1073732263,1073725439,1073741823,1073741823,1073741823,1073741823,1073180671,1073610751,1073709055,1073741823,1073741823,1073741823,1073741823,1073741823:h9
1073741823,1073732263,1073741823,1073741819,1073741823,1073741823,1073741823,1073180671,1073610751,1073709055,1073741823,1073741823,1073741823,1073741823,1073741823:h9
1073741823,1073732263,1073741807,1073741823,1073741823,1073741823,1073741823,1073180671,1073610751,1073709055,1073741823,1073741823,1073741823,1073741823,1073741823:h9
1073741807,1073732263,1073741823,1073741823,1073741823,1073741823,1073741823,1073180671,1073610751,1073709055,1073741823,1073741823,1073741823,1073741823,1073741823:h9
1073741823,1073732263,1073741823,1073741823,1073741823,1073741823,1073479679,1073180671,1073610751,1073709055,1073741823,1073741823,1073741823,1073741823,1073741823:h9
1073741823,1073732263,1073741823,1073741823,1073741823,1069547519,1073741823,1073180671,1073610751,1073709055,1073741823,1073741823,1073741823,1073741823,1073741823:h9
1073741823,1073732263,1073741823,1073741823,1073741823,1073741823,1073741823,1068986367,1073610751,1073709055,1073741823,1073741823,1073741823,1073741823,1073741823:h9
1073741823,1073732263,1073741823,1073741823,1073741823,1073741823,1073741823,1072132095,1073610751,1073709055,1073741823,1073741823,1073741823,1073741823,1073741823:h9
1073741823,1073732263,1073741823,1073741823,1073741823,1073741823,1073741823,1073180671,1073610751,1069514751,1073741823,1073741823,1073741823,1073741823,1073741823:h9
1073741823,1073732263,1073741823,1073741759,1073741823,1073741823,1073741823,1073180671,1073610751,1073709055,1073741823,1073741823,1073741823,1073741823,1073741823:h9
1073737727,1073732263,1073741823,1073741823,1073741823,1073741823,1073741823,1073180671,1073610751,1073709055,1073741823,1073741823,1073741823,1073741823,1073741823:h9
1073741823,1073715879,1073741823,1073741823,1073741823,1073741823,1073741823,1073180671,1073610751,1073709055,1073741823,1073741823,1073741823,1073741823,1073741823:h9
1073741823,1073732263,1073741823,1073725439,1073741823,1073741823,1073741823,1073180671,1073610751,1073709055,1073741823,1073741823,1073741823,1073741823,1073741823:h9
1073741823,1073732263,1073737727,1073741823,1073741823,1073741823,1073741823,1073180671,1073610751,1073709055,1073741823,1073741823,1073741823,1073741823,1073741823:h9
1073741823,1073732263,1073741823,1073740799,1073741823,1073741823,1073741823,1073180671,1073610751,1073709055,1073741823,1073741823,1073741823,1073741823,1073741823:h9
1073741823,1073732263,1073741823,1073741823,1073741823,1073741823,1073741823,1073180671,1073610751,1073709055,1073737727,1073741823,1073741823,1073741823,1073741823:h9
1073741823,1073732263,1073741823,1073741823,1073741823,1073741823,1073741823,1073180671,1073577983,1073709055,1073475583,1073741823,1073741823,1073741823,1073741823:h7
1073741823,1073732263,1073741823,1073741823,1073741823,1073741823,1073741823,1073180671,1073577983,1073709055,1073737727,1073741823,1073741567,1073741823,1073741823:h7
1073741823,1073732263,1073741823,1073741823,1073741823,1073741823,1073741823,1073180671,1073577983,1073709055,1073737471,1073741823,1073741823,1073741823,1073741823:h7
1073741823,1073732263,1073741823,1073741823,1073741823,1073741823,1073741823,1073180671,1073577983,1073709055,1073736703,1073741823,1073741823,1073741823,1073741823:h7
1073741823,1073732263,1073741823,1073741823,1073741823,1073741823,1073741823,1073180671,1073577727,1073709055,1073737727,1073741823,1073741823,1073741823,1073741823:h7
1073741823,1073732263,1073741823,1073741823,1073741823,1073741823,1073741823,1073180671,1073577983,1073709055,1073737727,1073741823,1073676287,1073741823,1073741823:h7
1073741823,1073732263,1073741823,1073741823,1073741823,1073741823,1073741823,1073180671,1073577983,1073709055,1073737727,1073741823,1073737727,1073741823,1073741823:h7
1073741823,1073732263,1073741823,1073741823,1073741823,1073741823,1073741823,1073180671,1073577983,1073709055,1073737727,1073737727,1073741823,1073741823,1073741823:h7
1073741823,1073732263,1073741822,1073741823,1073741823,1073741823,1073741823,1073180671,1073577983,1073709055,1073737727,1073741823,1073741823,1073741823,1073741823:h7
1073741822,1073732263,1073741823,1073741823,1073741823,1073741823,1073741823,1073180671,1073577983,1073709055,1073737727,1073741823,1073741823,1073741823,1073741823:h7
1073741823,1073732263,1073741823,1073741822,1073741823,1073741823,1073741823,1073180671,1073577983,1073709055,1073737727,1073741823,1073741823,1073741823,1073741823:h7
1073741823,1073732263,1073741819,1073741823,1073741823,1073741823,1073741823,1073180671,1073577983,1073709055,1073737727,1073741823,1073741823,1073741823,1073741823:h7
1073741823,1073732262,1073741823,1073741823,1073741823,1073741823,1073741823,1073180671,1073577983,1073709055,1073737727,1073741823,1073741823,1073741823,1073741823:h7
1073741819,1073732263,1073741823,1073741823,1073741823,1073741823,1073741823,1073180671,1073577983,1073709055,1073737727,1073741823,1073741823,1073741823,1073741823:h7
1073741823,1073732263,1073741823,1073741823,1073741823,1073741823,1073741823,1073180671,1073577983,1073709055,1073737727,1073740799,1073741823,1073741823,1073741823:h7
1073741823,1073732263,1073741823,1073741823,1073741823,1073741823,1073741823,1073180671,1073577983,1073709055,1073737727,1073479679,1073741823,1073741823,1073741823:h7
1073741823,1073732263,1073741823,1073741823,1073741823,1073741823,1073741823,1073180671,1073577983,1073709055,1073737727,1073725439,1073741823,1073741823,1073741823:h7
1073741823,1073732263,1073741823,1073741823,1073741823,1073741823,1073741823,1073180671,1073577983,1073709055,1073721343,1073741823,1073741823,1073741823,1073741823:h6
1073741823,1073732263,1073741823,1073741823,1073741823,1073741823,1073741823,1073180671,1073577983,1073708799,1073737727,1073741823,1073741823,1073741823,1073741823:h7
1073741823,1073732263,1073741823,1073741823,1073741823,1073741823,1073741823,1073180671,1073576959,1073709055,1073737727,1073741823,1073741823,1073741823,1073741823:h7
1073741823,1073732263,1073741823,1073741823,1073741823,1073741823,1073741823,1073180415,1073577983,1073709055,1073737727,1073741823,1073741823,1073741823,1073741823:h7
1073741823,1073732263,1073741823,1073741823,1073741823,1073741567,1073741823,1073180671,1073577983,1073709055,1073737727,1073741823,1073741823,1073741823,1073741823:h7
1073741823,1073732263,1073741823,1073741823,1073741823,1073741823,1073740799,1073180671,1073577983,1073709055,1073737727,1073741823,1073741823,1073741823,1073741823:h7
1073741823,1073732263,1073741823,1073741823,1073741823,1073737727,1073741823,1073180671,1073577983,1073709055,1073737727,1073741823,1073741823,1073741823,1073741823:h7
1073741823,1073732263,1073741823,1073741823,1073741823,1073676287,1073741823,1073180671,1073577983,1073709055,1073737727,1073741823,1073741823,1073741823,1073741823:h7
1073741823,1073732263,1073741823,1073741823,1073741823,1073741823,1073741823,1073180671,1073577983,1073704959,1073737727,1073741823,1073741823,1073741823,1073741823:h7
1073725439,1073732263,1073741823,1073741823,1073741823,1073741823,1073741823,1073180671,1073577983,1073709055,1073737727,1073741823,1073741823,1073741823,1073741823:h7
1073741823,1073666727,1073741823,1073741823,1073741823,1073741823,1073741823,1073180671,1073577983,1073709055,1073737727,1073741823,1073741823,1073741823,1073741823:h7
1073741823,1073732263,1073741823,1073676287,1073741823,1073741823,1073741823,1073180671,1073577983,1073709055,1073737727,1073741823,1073741823,1073741823,1073741823:h7
1073741823,1073732263,1073725439,1073741823,1073741823,1073741823,1073741823,1073180671,1073577983,1073709055,1073737727,1073741823,1073741823,1073741823,1073741823:h7
1073741823,1073732263,1073741823,1073741819,1073741823,1073741823,1073741823,1073180671,1073577983,1073709055,1073737727,1073741823,1073741823,1073741823,1073741823:h7
1073741823,1073732263,1073741807,1073741823,1073741823,1073741823,1073741823,1073180671,1073577983,1073709055,1073737727,1073741823,1073741823,1073741823,1073741823:h7
1073741807,1073732263,1073741823,1073741823,1073741823,1073741823,1073741823,1073180671,1073577983,1073709055,1073737727,1073741823,1073741823,1073741823,1073741823:h7
1073741823,1073732263,1073741823,1073741823,1073741823,1073741823,1073479679,1073180671,1073577983,1073709055,1073737727,1073741823,1073741823,1073741823,1073741823:h7
1073741823,1073732263,1073741823,1073741823,1073741823,1069547519,1073741823,1073180671,1073577983,1073709055,1073737727,1073741823,1073741823,1073741823,1073741823:h7
1073741823,1073732263,1073741823,1073741823,1073741823,1073741823,1073741823,1068986367,1073577983,1073709055,1073737727,1073741823,1073741823,1073741823,1073741823:h7
1073741823,1073732263,1073741823,1073741823,1073741823,1073741823,1073741823,1072132095,1073577983,1073709055,1073737727,1073741823,1073741823,1073741823,1073741823:h7
1073741823,1073732263,1073741823,1073741823,1073741823,1073741823,1073741823,1073180671,1073577983,1069514751,1073737727,1073741823,1073741823,1073741823,1073741823:h7
1073741823,1073732263,1073741823,1073741759,1073741823,1073741823,1073741823,1073180671,1073577983,1073709055,1073737727,1073741823,1073741823,1073741823,1073741823:h7
1073737727,1073732263,1073741823,1073741823,1073741823,1073741823,1073741823,1073180671,1073577983,1073709055,1073737727,1073741823,1073741823,1073741823,1073741823:h7
1073741823,1073715879,1073741823,1073741823,1073741823,1073741823,1073741823,1073180671,1073577983,1073709055,1073737727,1073741823,1073741823,1073741823,1073741823:h7
1073741823,1073732263,1073741823,1073725439,1073741823,1073741823,1073741823,1073180671,1073577983,1073709055,1073737727,1073741823,1073741823,1073741823,1073741823:h7
1073741823,1073732263,1073737727,1073741823,1073741823,1073741823,1073741823,1073180671,1073577983,1073709055,1073737727,1073741823,1073741823,1073741823,1073741823:h7
1073741823,1073732263,1073741823,1073740799,1073741823,1073741823,1073741823,1073180671,1073577983,1073709055,1073737727,1073741823,1073741823,1073741823,1073741823:h7
1073741823,1073732263,1073741823,1073741823,1073741823,1073741823,1072693247,1073180671,1073577983,1073709055,1073737727,1073741823,1073741823,1073741823,1073741823:h7
1073741823,1073732263,1073741823,1073741823,1073741823,1073741823,1073741823,1073180671,1072529407,1073709055,1073737727,1073741823,1073741823,1073741823,1073741823:h7
1073741823,1073732263,1073741823,1073741823,1073741823,1073741823,1073741823,1073180671,1073315839,1073709055,1073737727,1073741823,1073741823,1073741823,1073741823:h7
1073741823,1073732263,1073741823,1073741823,1073741823,1073741823,1073741823,1073180671,1073577983,1073709055,1072689151,1073741823,1073741823,1073741823,1073741823:h7
1073741823,1073732263,1073741823,1073741823,1073741823,1073741823,1073741823,1073180671,1073577983,1073709055,1073672191,1073741823,1073741823,1073741823,1073741823:h7
1073741823,1073732263,1073741823,1073741823,1073741823,1073741823,1073741823,1073180671,1073577983,1073643519,1073737727,1073741823,1073741823,1073741823,1073741823:h7
1073741823,1073732263,1073741823,1073741807,1073741823,1073741823,1073741823,1073180671,1073577983,1073709055,1073737727,1073741823,1073741823,1073741823,1073741823:h7
1073741823,1073732263,1073741759,1073741823,1073741823,1073741823,1073741823,1073180671,1073577983,1073709055,1073737727,1073741823,1073741823,1073741823,1073741823:h7
1073741759,1073732263,1073741823,1073741823,1073741823,1073741823,1073741823,1073180671,1073577983,1073709055,1073737727,1073741823,1073741823,1073741823,1073741823:h7
1073741567,1073732263,1073741823,1073741823,1073741823,1073741823,1073741823,1073180671,1073577983,1073709055,1073737727,1073741823,1073741823,1073741823,1073741823:h7
1073740799,1073732263,1073741823,1073741823,1073741823,1073741823,1073741823,1073180671,1073577983,1073709055,1073737727,1073741823,1073741823,1073741823,1073741823:h7
1073741823,1073732263,1073741823,1073737727,1073741823,1073741823,1073741823,1073180671,1073577983,1073709055,1073737727,1073741823,1073741823,1073741823,1073741823:h7
1073741823,1073732263,1073740799,1073741823,1073741823,1073741823,1073741823,1073180671,1073577983,1073709055,1073737727,1073741823,1073741823,1073741823,1073741823:h7
1073741823,1073732263,1073741823,1073741567,1073741823,1073741823,1073741823,1073180671,1073577983,1073709055,1073737727,1073741823,1073741823,1073741823,1073741823:h7
1073741823,1073732263,1073741567,1073741823,1073741823,1073741823,1073741823,1073180671,1073577983,1073709055,1073737727,1073741823,1073741823,1073741823,1073741823:h7
1073741823,1073732263,1073741823,1073741823,1073741823,1073741823,1073741823,1073180671,1073577983,1073708031,1073737727,1073741823,1073741823,1073741823,1073741823:h7
1073741823,1073732263,1073741823,1073741823,1073741823,1073741823,1073741823,1073180671,1073573887,1073709055,1073737727,1073741823,1073741823,1073741823,1073741823:h7
1073741823,1073732263,1073741823,1073741823,1073741823,1073741823,1073741823,1073179647,1073577983,1073709055,1073737727,1073741823,1073741823,1073741823,1073741823:h7
1073741823,1073732263,1073741823,1073741823,1073741823,1073740799,1073741823,1073180671,1073577983,1073709055,1073737727,1073741823,1073741823,1073741823,1073741823:h7
1073741823,1073732263,1073741823,1073741823,1073741823,1073741823,1073737727,1073180671,1073577983,1073709055,1073737727,1073741823,1073741823,1073741823,1073741823:h7
1073741823,1073732263,1073741823,1073741823,1073741823,1073725439,1073741823,1073180671,1073577983,1073709055,1073737727,1073741823,1073741823,1073741823,1073741823:h11
1073741823,1073732263,1073741823,1073741823,1073741823,1073741823,1073725439,1073180671,1073577983,1073709055,1073737727,1073741823,1073741823,1073741823,1073741823:j10
1073741823,1073732263,1073741823,1073741823,1073741823,1073479679,1073741823,1073180671,1073577983,1073709055,1073737727,1073741823,1073741823,1073741823,1073741823:h7
1073741823,1073732263,1073741823,1073741823,1073741823,1073741823,1073676287,1073180671,1073577983,1073709055,1073737727,1073741823,1073741823,1073741823,1073741823:h7
1073741823,1073732263,1073741823,1073741823,1073741823,1073741823,1073741823,1073115135,1073577983,1073709055,1073737727,1073741823,1073741823,1073741823,1073741823:h7
1073741823,1073732263,1073741823,1073741823,1073741823,1073741823,1073741823,1073180671,1073577983,1073446911,1073737727,1073741823,1073741823,1073741823,1073741823:h7
1073741823,1073732263,1073741823,1073741823,1073741823,1073741823,1072693247,1073180671,1073610751,1073709055,1073741823,1073741823,1073741823,1073741823,1073741823:h9
1073741823,1073732263,1073741823,1073741823,1073741823,1073741823,1073741823,1073180671,1072562175,1073709055,1073741823,1073741823,1073741823,1073741823,1073741823:k7
1073741823,1073732263,1073741823,1073741823,1073741823,1073741823,1073741823,1073180671,1073348607,1073709055,1073741823,1073741823,1073741823,1073741823,1073741823:k7
1073741823,1073732263,1073741823,1073741823,1073741823,1073741823,1073741823,1073180671,1073610751,1073709055,1072693247,1073741823,1073741823,1073741823,1073741823:h9
1073741823,1073732263,1073741823,1073741823,1073741823,1073741823,1073741823,1073180671,1073610751,1073709055,1073676287,1073741823,1073741823,1073741823,1073741823:h9
1073741823,1073732263,1073741823,1073741823,1073741823,1073741823,1073741823,1073180671,1073610751,1073643519,1073741823,1073741823,1073741823,1073741823,1073741823:h9
1073741823,1073732263,1073741823,1073741807,1073741823,1073741823,1073741823,1073180671,1073610751,1073709055,1073741823,1073741823,1073741823,1073741823,1073741823:h9
1073741823,1073732263,1073741759,1073741823,1073741823,1073741823,1073741823,1073180671,1073610751,1073709055,1073741823,1073741823,1073741823,1073741823,1073741823:h9
1073741759,1073732263,1073741823,1073741823,1073741823,1073741823,1073741823,1073180671,1073610751,1073709055,1073741823,1073741823,1073741823,1073741823,1073741823:h9
1073741567,1073732263,1073741823,1073741823,1073741823,1073741823,1073741823,1073180671,1073610751,1073709055,1073741823,1073741823,1073741823,1073741823,1073741823:h9
1073740799,1073732263,1073741823,1073741823,1073741823,1073741823,1073741823,1073180671,1073610751,1073709055,1073741823,1073741823,1073741823,1073741823,1073741823:h9
1073741823,1073732263,1073741823,1073737727,1073741823,1073741823,1073741823,1073180671,1073610751,1073709055,1073741823,1073741823,1073741823,1073741823,1073741823:h9
1073741823,1073732263,1073740799,1073741823,1073741823,1073741823,1073741823,1073180671,1073610751,1073709055,1073741823,1073741823,1073741823,1073741823,1073741823:h9
1073741823,1073732263,1073741823,1073741567,1073741823,1073741823,1073741823,1073180671,1073610751,1073709055,1073741823,1073741823,1073741823,1073741823,1073741823:h9
1073741823,1073732263,1073741567,1073741823,1073741823,1073741823,1073741823,1073180671,1073610751,1073709055,1073741823,1073741823,1073741823,1073741823,1073741823:h9
1073741823,1073732263,1073741823,1073741823,1073741823,1073741823,1073741823,1073180671,1073610751,1073708031,1073741823,1073741823,1073741823,1073741823,1073741823:h9
1073741823,1073732263,1073741823,1073741823,1073741823,1073741823,1073741823,1073180671,1073606655,1073709055,1073741823,1073741823,1073741823,1073741823,1073741823:k7
1073741823,1073732263,1073741823,1073741823,1073741823,1073741823,1073741823,1073179647,1073610751,1073709055,1073741823,1073741823,1073741823,1073741823,1073741823:h9
1073741823,1073732263,1073741823,1073741823,1073741823,1073740799,1073741823,1073180671,1073610751,1073709055,1073741823,1073741823,1073741823,1073741823,1073741823:h9
1073741823,1073732263,1073741823,1073741823,1073741823,1073741823,1073737727,1073180671,1073610751,1073709055,1073741823,1073741823,1073741823,1073741823,1073741823:k7
1073741823,1073732263,1073741823,1073741823,1073741823,1073725439,1073741823,1073180671,1073610751,1073709055,1073741823,1073741823,1073741823,1073741823,1073741823:h9
1073741823,1073732263,1073741823,1073741823,1073741823,1073741823,1073725439,1073180671,1073610751,1073709055,1073741823,1073741823,1073741823,1073741823,1073741823:k7
1073741823,1073732263,1073741823,1073741823,1073741823,1073479679,1073741823,1073180671,1073610751,1073709055,1073741823,1073741823,1073741823,1073741823,1073741823:h9
1073741823,1073732263,1073741823,1073741823,1073741823,1073741823,1073676287,1073180671,1073610751,1073709055,1073741823,1073741823,1073741823,1073741823,1073741823:h9
1073741823,1073732263,1073741823,1073741823,1073741823,1073741823,1073741823,1073115135,1073610751,1073709055,1073741823,1073741823,1073741823,1073741823,1073741823:h9
1073741823,1073732263,1073741823,1073741823,1073741823,1073741823,1073741823,1073180671,1073610751,1073446911,1073741823,1073741823,1073741823,1073741823,1073741823:h9
1073741823,1073732263,1073741823,1073741823,1073741823,1073741823,1073741823,1073180671,1073594367,1073709055,1073741823,1073741823,1073741823,1073741823,1073741823:k7
1073741759,1073732287,1073741823,1073741823,1073741823,1073741823,1073741823,1073180671,1073610751,1073709055,1073741823,1073741823,1073741823,1073741823,1073741823:h9
1073741567,1073732287,1073741823,1073741823,1073741823,1073741823,1073741823,1073180671,1073610751,1073709055,1073741823,1073741823,1073741823,1073741823,1073741823:h9
1073740799,1073732287,1073741823,1073741823,1073741823,1073741823,1073741823,1073180671,1073610751,1073709055,1073741823,1073741823,1073741823,1073741823,1073741823:h9
1073741823,1073732287,1073741823,1073737727,1073741823,1073741823,1073741823,1073180671,1073610751,1073709055,1073741823,1073741823,1073741823,1073741823,1073741823:h9
1073741823,1073732287,1073740799,1073741823,1073741823,1073741823,1073741823,1073180671,1073610751,1073709055,1073741823,1073741823,1073741823,1073741823,1073741823:h9
1073741823,1073732287,1073741823,1073741567,1073741823,1073741823,1073741823,1073180671,1073610751,1073709055,1073741823,1073741823,1073741823,1073741823,1073741823:k7
1073741823,1073732287,1073741567,1073741823,1073741823,1073741823,1073741823,1073180671,1073610751,1073709055,1073741823,1073741823,1073741823,1073741823,1073741823:h9
1073741823,1073732287,1073741823,1073741823,1073741823,1073741823,1073741823,1073180671,1073610751,1073708031,1073741823,1073741823,1073741823,1073741823,1073741823:h9
1073741823,1073732287,1073741823,1073741823,1073741823,1073741823,1073741823,1073180671,1073606655,1073709055,1073741823,1073741823,1073741823,1073741823,1073741823:k7
1073741823,1073732287,1073741823,1073741823,1073741823,1073741823,1073741823,1073179647,1073610751,1073709055,1073741823,1073741823,1073741823,1073741823,1073741823:h9
1073741823,1073732287,1073741823,1073741823,1073741823,1073740799,1073741823,1073180671,1073610751,1073709055,1073741823,1073741823,1073741823,1073741823,1073741823:h9
1073741823,1073732287,1073741823,1073741823,1073741823,1073741823,1073737727,1073180671,1073610751,1073709055,1073741823,1073741823,1073741823,1073741823,1073741823:k7
1073741823,1073732287,1073741823,1073741823,1073741823,1073725439,1073741823,1073180671,1073610751,1073709055,1073741823,1073741823,1073741823,1073741823,1073741823:h9
1073741823,1073732287,1073741823,1073741823,1073741823,1073741823,1073725439,1073180671,1073610751,1073709055,1073741823,1073741823,1073741823,1073741823,1073741823:k7
1073741823,1073732287,1073741823,1073741823,1073741823,1073479679,1073741823,1073180671,1073610751,1073709055,1073741823,1073741823,1073741823,1073741823,1073741823:h9
1073741823,1073732287,1073741823,1073741823,1073741823,1073741823,1073676287,1073180671,1073610751,1073709055,1073741823,1073741823,1073741823,1073741823,1073741823:h9
1073741823,1073732287,1073741823,1073741823,1073741823,1073741823,1073741823,1073115135,1073610751,1073709055,1073741823,1073741823,1073741823,1073741823,1073741823:h9
1073741823,1073732287,1073741823,1073741823,1073741823,1073741823,1073741823,1073180671,1073610751,1073446911,1073741823,1073741823,1073741823,1073741823,1073741823:h9
1073741823,1073732287,1073741823,1073741823,1073741823,1073741823,1073741823,1073180671,1073594367,1073709055,1073741823,1073741823,1073741823,1073741823,1073741823:k7
