1073741823,1073741823,1073741823,1073741759,1073741759,1073741759,1073741695,1073184767,1073610751,1073741823,1072693247,1073741823,1073741823,1073741823,1073741823:h10
1073741823,1073741823,1073741823,1073741759,1073741759,1073741759,1073741695,1073184767,1073610751,1073709055,1072693247,1073740799,1073741823,1073741823,1073741823:i8
1073741823,1073741823,1073741823,1073741759,1073741759,1073741759,1073741695,1073184767,1073610751,1073704959,1072693247,1073741823,1073741823,1073741823,1073741823:i8
1073741823,1073741823,1073741823,1073741759,1073741759,1073741759,1073741695,1073184767,1073610751,1073709055,1072693247,1073725439,1073741823,1073741823,1073741823:i8
1073741823,1073741823,1073741823,1073741759,1073741759,1073741759,1073741695,1073184767,1073610751,1073709055,1072676863,1073741823,1073741823,1073741823,1073741823:k7
1073741823,1073741823,1073741823,1073741759,1073741759,1073741759,1073741695,1073184767,1073610751,1073709055,1072693247,1073741823,1073676287,1073741823,1073741823:i8
1073741823,1073741823,1073741823,1073741759,1073741759,1073741759,1073741695,1073184767,1073610751,1073709055,1072693247,1073479679,1073741823,1073741823,1073741823:i8
1073741823,1073741823,1073741823,1073741759,1073741759,1073741759,1073741695,1073184767,1073610751,1073709055,1072431103,1073741823,1073741823,1073741823,1073741823:k7
1073741823,1073741823,1073741823,1073741759,1073741759,1073741759,1073741695,1073184767,1073610751,1072660479,1072693247,1073741823,1073741823,1073741823,1073741823:k7
1073741823,1073741823,1073741823,1073741759,1073741759,1073741759,1073741695,1073184767,1056833535,1073709055,1072693247,1073741823,1073741823,1073741823,1073741823:i8
1073741823,1073741823,1073741823,1073741759,1073741759,1073741759,1073741695,1073184767,1073610751,1073709055,1055916031,1073741823,1073741823,1073741823,1073741823:i8
1073741823,1073741823,1073741823,1073741759,1073741759,1073741759,1073741695,1073184767,1073610751,1073709055,1068498943,1073741823,1073741823,1073741823,1073741823:i8
1073741823,1073741823,1073741823,1073741759,1073741759,1073741759,1073741695,1073184767,1073610751,1073709055,1072693247,1073741823,1056964607,1073741823,1073741823:i8
1073741823,1073741823,1073741823,1073741759,1073741759,1073741759,1073741695,1073184767,1073610751,1073709055,1072693247,1069547519,1073741823,1073741823,1073741823:i8
1073741823,1073741823,1073741823,1073741759,1073741759,1073741759,1073741695,1073184767,1073610751,1073709055,1072693247,1073741823,1072693247,1073741823,1073741823:i8
1073741823,1073741823,1073741823,1073741759,1073741759,1073741759,1073741695,1073184767,1073610751,1073709055,1072693247,1072693247,1073741823,1073741823,1073741823:h9
1073741823,1073741823,1073741823,1073741759,1073741759,1073741759,1073741695,1073184767,1073610747,1073709055,1072693247,1073741823,1073741823,1073741823,1073741823:i8
1073741823,1073741823,1073741823,1073741759,1073741759,1073741759,1073741695,1073184751,1073610751,1073709055,1072693247,1073741823,1073741823,1073741823,1073741823:i8
1073741823,1073741823,1073741823,1073741759,1073741759,1073741759,1073741695,1073184767,1073609727,1073709055,1072693247,1073741823,1073741823,1073741823,1073741823:i8
1073741823,1073741823,1073741823,1073741759,1073741759,1073741759,1073741695,1073184511,1073610751,1073709055,1072693247,1073741823,1073741823,1073741823,1073741823:i8
1073741823,1073741823,1073741823,1073741759,1073741759,1073741759,1073741695,1073184767,1073610687,1073709055,1072693247,1073741823,1073741823,1073741823,1073741823:i8
1073741823,1073741823,1073741823,1073741759,1073741759,1073741759,1073741691,1073184767,1073610751,1073709055,1072693247,1073741823,1073741823,1073741823,1073741823:i8
1073741823,1073741823,1073741823,1073741759,1073741755,1073741759,1073741695,1073184767,1073610751,1073709055,1072693247,1073741823,1073741823,1073741823,1073741823:k7
1073741823,1073741823,1073741819,1073741759,1073741759,1073741759,1073741695,1073184767,1073610751,1073709055,1072693247,1073741823,1073741823,1073741823,1073741823:k7
1073741823,1073741823,1073740799,1073741759,1073741759,1073741759,1073741695,1073184767,1073610751,1073709055,1072693247,1073741823,1073741823,1073741823,1073741823:k7
1073741823,1073741823,1073741823,1073741759,1073740735,1073741759,1073741695,1073184767,1073610751,1073709055,1072693247,1073741823,1073741823,1073741823,1073741823:k7
1073741823,1073741823,1073741823,1073741759,1073741759,1073741759,1073740671,1073184767,1073610751,1073709055,1072693247,1073741823,1073741823,1073741823,1073741823:h9
1073741823,1073741823,1073741823,1073741759,1073741759,1073741759,1073479551,1073184767,1073610751,1073709055,1072693247,1073741823,1073741823,1073741823,1073741823:i8
1073741823,1073741823,1073741823,1073741759,1073741759,1069547455,1073741695,1073184767,1073610751,1073709055,1072693247,1073741823,1073741823,1073741823,1073741823:i8
1073741823,1073741823,1073741823,1073741759,1073741759,1073741759,1073741695,1068990463,1073610751,1073709055,1072693247,1073741823,1073741823,1073741823,1073741823:i8
1073741823,1073741823,1073741823,1073741759,1073741759,1073741759,1073741695,1072136191,1073610751,1073709055,1072693247,1073741823,1073741823,1073741823,1073741823:k7
1073741823,1073741823,1073741823,1073741759,1073741759,1073741759,1073741695,1073184767,1073610751,1069514751,1072693247,1073741823,1073741823,1073741823,1073741823:i8
1073741823,1073741823,1073741823,1073741759,1073741759,1073741759,1073741695,1073184763,1073610751,1073709055,1072693247,1073741823,1073741823,1073741823,1073741823:i8
1073741823,1073741823,1073741823,1073741759,1073741759,1073741759,1073741679,1073184767,1073610751,1073709055,1072693247,1073741823,1073741823,1073741823,1073741823:i8
1073741823,1073741823,1073741823,1073741759,1073741759,1073741743,1073741695,1073184767,1073610751,1073709055,1072693247,1073741823,1073741823,1073741823,1073741823:i8
1073741823,1073741823,1073741823,1073741759,1073741759,1073741503,1073741695,1073184767,1073610751,1073709055,1072693247,1073741823,1073741823,1073741823,1073741823:h9
1073741823,1073741823,1073741823,1073741759,1073741759,1073741759,1073741439,1073184767,1073610751,1073709055,1072693247,1073741823,1073741823,1073741823,1073741823:i8
1073741823,1073741823,1073741823,1073741759,1073741759,1073741759,1073741695,1073184703,1073610751,1073709055,1072693247,1073741823,1073741823,1073741823,1073741823:i8
1073741823,1073741823,1073741823,1073741759,1073741759,1073741759,1073741695,1073184767,1073610751,1073709055,1072689151,1073741823,1073741823,1073741823,1073741823:i8
1073741823,1073741823,1073741823,1073741759,1073741759,1073741759,1072693119,1073184767,1073610751,1073709055,1072693247,1073741823,1073741823,1073741823,1073741823:h9
1073741823,1073741823,1073741823,1073741759,1073741759,1073741759,1073741695,1073184767,1072562175,1073709055,1072693247,1073741823,1073741823,1073741823,1073741823:h9
1073741823,1073741823,1073741823,1073741759,1073741759,1073741759,1073741695,1073184767,1073348607,1073709055,1072693247,1073741823,1073741823,1073741823,1073741823:i8
1073741823,1073741823,1073741823,1073741759,1073741759,1073741759,1073741695,1073184767,1073610751,1073709055,1072627711,1073741823,1073741823,1073741823,1073741823:i8
1073741823,1073741823,1073741823,1073741759,1073741759,1073741759,1073741695,1073184767,1073610751,1073643519,1072693247,1073741823,1073741823,1073741823,1073741823:h9
1073741823,1073741823,1073741823,1073741759,1073741759,1073741755,1073741695,1073184767,1073610751,1073709055,1072693247,1073741823,1073741823,1073741823,1073741823:i8
1073741823,1073741823,1073741823,1073741759,1073741743,1073741759,1073741695,1073184767,1073610751,1073709055,1072693247,1073741823,1073741823,1073741823,1073741823:i8
1073741823,1073741823,1073741823,1073741755,1073741759,1073741759,1073741695,1073184767,1073610751,1073709055,1072693247,1073741823,1073741823,1073741823,1073741823:i8
1073741823,1073741823,1073741823,1073741743,1073741759,1073741759,1073741695,1073184767,1073610751,1073709055,1072693247,1073741823,1073741823,1073741823,1073741823:k7
1073741823,1073741819,1073741823,1073741759,1073741759,1073741759,1073741695,1073184767,1073610751,1073709055,1072693247,1073741823,1073741823,1073741823,1073741823:i8
1073741823,1073741823,1073741807,1073741759,1073741759,1073741759,1073741695,1073184767,1073610751,1073709055,1072693247,1073741823,1073741823,1073741823,1073741823:k7
1073741823,1073741759,1073741823,1073741759,1073741759,1073741759,1073741695,1073184767,1073610751,1073709055,1072693247,1073741823,1073741823,1073741823,1073741823:d3
1073741819,1073741759,1073741695,1073741759,1073741759,1073741759,1073741695,1073184767,1073610751,1073709055,1072693247,1073741823,1073741823,1073741823,1073741823:i8
1073740799,1073741759,1073741695,1073741759,1073741759,1073741759,1073741695,1073184767,1073610751,1073709055,1072693247,1073741823,1073741823,1073741823,1073741823:i8
1073741823,1073741743,1073741695,1073741759,1073741759,1073741759,1073741695,1073184767,1073610751,1073709055,1072693247,1073741823,1073741823,1073741823,1073741823:i8
1073741807,1073741759,1073741695,1073741759,1073741759,1073741759,1073741695,1073184767,1073610751,1073709055,1072693247,1073741823,1073741823,1073741823,1073741823:i8
1073741759,1073741759,1073741695,1073741759,1073741759,1073741759,1073741695,1073184767,1073610751,1073709055,1072693247,1073741823,1073741823,1073741823,1073741823:i8
1073741567,1073741759,1073741695,1073741759,1073741759,1073741759,1073741695,1073184767,1073610751,1073709055,1072693247,1073741823,1073741823,1073741823,1073741823:i8
1073741823,1073741503,1073741695,1073741759,1073741759,1073741759,1073741695,1073184767,1073610751,1073709055,1072693247,1073741823,1073741823,1073741823,1073741823:i8
1073741823,1073741759,1073741695,1073741759,1073741759,1073741759,1073741695,1073184767,1073610751,1073709055,1072693247,1073740799,1073741823,1073741823,1073741823:i8
1073741823,1073741759,1073741695,1073741759,1073741759,1073741759,1073741695,1073184767,1073610751,1073704959,1072693247,1073741823,1073741823,1073741823,1073741823:i8
1073741823,1073741759,1073741695,1073741759,1073741759,1073741759,1073741695,1073184767,1073610751,1073709055,1072693247,1073725439,1073741823,1073741823,1073741823:i8
1073741823,1073741759,1073741695,1073741759,1073741759,1073741759,1073741695,1073184767,1073610751,1073709055,1072676863,1073741823,1073741823,1073741823,1073741823:k7
1073741823,1073741759,1073741695,1073741759,1073741759,1073741759,1073741695,1073184767,1073610751,1073709055,1072693247,1073741823,1073676287,1073741823,1073741823:i8
1073741823,1073741759,1073741695,1073741759,1073741759,1073741759,1073741695,1073184767,1073610751,1073709055,1072693247,1073479679,1073741823,1073741823,1073741823:i8
1073741823,1073741759,1073741695,1073741759,1073741759,1073741759,1073741695,1073184767,1073610751,1073709055,1072431103,1073741823,1073741823,1073741823,1073741823:k7
1073741823,1073741759,1073741695,1073741759,1073741759,1073741759,1073741695,1073184767,1073610751,1072660479,1072693247,1073741823,1073741823,1073741823,1073741823:k7
1073741823,1073741759,1073741695,1073741759,1073741759,1073741759,1073741695,1073184767,1056833535,1073709055,1072693247,1073741823,1073741823,1073741823,1073741823:i8
1073741823,1073741759,1073741695,1073741759,1073741759,1073741759,1073741695,1073184767,1073610751,1073709055,1055916031,1073741823,1073741823,1073741823,1073741823:i8
1073741823,1073741759,1073741695,1073741759,1073741759,1073741759,1073741695,1073184767,1073610751,1073709055,1068498943,1073741823,1073741823,1073741823,1073741823:i8
1073741823,1073741759,1073741695,1073741759,1073741759,1073741759,1073741695,1073184767,1073610751,1073709055,1072693247,1073741823,1056964607,1073741823,1073741823:i8
1073741823,1073741759,1073741695,1073741759,1073741759,1073741759,1073741695,1073184767,1073610751,1073709055,1072693247,1069547519,1073741823,1073741823,1073741823:i8
1073741823,1073741759,1073741695,1073741759,1073741759,1073741759,1073741695,1073184767,1073610751,1073709055,1072693247,1073741823,1072693247,1073741823,1073741823:i8
1073741823,1073741759,1073741695,1073741759,1073741759,1073741759,1073741695,1073184767,1073610751,1073709055,1072693247,1072693247,1073741823,1073741823,1073741823:h9
1073741823,1073741759,1073741695,1073741759,1073741759,1073741759,1073741695,1073184767,1073610747,1073709055,1072693247,1073741823,1073741823,1073741823,1073741823:i8
1073741823,1073741759,1073741695,1073741759,1073741759,1073741759,1073741695,1073184751,1073610751,1073709055,1072693247,1073741823,1073741823,1073741823,1073741823:i8
1073741823,1073741759,1073741695,1073741759,1073741759,1073741759,1073741695,1073184767,1073609727,1073709055,1072693247,1073741823,1073741823,1073741823,1073741823:i8
1073741823,1073741759,1073741695,1073741759,1073741759,1073741759,1073741695,1073184511,1073610751,1073709055,1072693247,1073741823,1073741823,1073741823,1073741823:i8
1073741823,1073741759,1073741695,1073741759,1073741759,1073741759,1073741695,1073184767,1073610687,1073709055,1072693247,1073741823,1073741823,1073741823,1073741823:i8
1073741823,1073741759,1073741695,1073741759,1073741759,1073741759,1073741691,1073184767,1073610751,1073709055,1072693247,1073741823,1073741823,1073741823,1073741823:i8
1073741823,1073741759,1073741695,1073741759,1073741755,1073741759,1073741695,1073184767,1073610751,1073709055,1072693247,1073741823,1073741823,1073741823,1073741823:i8
1073741823,1073741759,1073741691,1073741759,1073741759,1073741759,1073741695,1073184767,1073610751,1073709055,1072693247,1073741823,1073741823,1073741823,1073741823:i8
1073741823,1073741759,1073740671,1073741759,1073741759,1073741759,1073741695,1073184767,1073610751,1073709055,1072693247,1073741823,1073741823,1073741823,1073741823:i8
1073741823,1073741759,1073741695,1073741759,1073740735,1073741759,1073741695,1073184767,1073610751,1073709055,1072693247,1073741823,1073741823,1073741823,1073741823:i8
1073741823,1073741759,1073741695,1073741759,1073741759,1073741759,1073740671,1073184767,1073610751,1073709055,1072693247,1073741823,1073741823,1073741823,1073741823:h9
1073741823,1073741759,1073741695,1073741759,1073741759,1073741759,1073479551,1073184767,1073610751,1073709055,1072693247,1073741823,1073741823,1073741823,1073741823:i8
1073741823,1073741759,1073741695,1073741759,1073741759,1069547455,1073741695,1073184767,1073610751,1073709055,1072693247,1073741823,1073741823,1073741823,1073741823:i8
1073741823,1073741759,1073741695,1073741759,1073741759,1073741759,1073741695,1068990463,1073610751,1073709055,1072693247,1073741823,1073741823,1073741823,1073741823:i8
1073741823,1073741759,1073741695,1073741759,1073741759,1073741759,1073741695,1072136191,1073610751,1073709055,1072693247,1073741823,1073741823,1073741823,1073741823:k7
1073741823,1073741759,1073741695,1073741759,1073741759,1073741759,1073741695,1073184767,1073610751,1069514751,1072693247,1073741823,1073741823,1073741823,1073741823:i8
1073741823,1073741759,1073741695,1073741759,1073741759,1073741759,1073741695,1073184763,1073610751,1073709055,1072693247,1073741823,1073741823,1073741823,1073741823:i8
1073741823,1073741759,1073741695,1073741759,1073741759,1073741759,1073741679,1073184767,1073610751,1073709055,1072693247,1073741823,1073741823,1073741823,1073741823:i8
1073741823,1073741759,1073741695,1073741759,1073741759,1073741743,1073741695,1073184767,1073610751,1073709055,1072693247,1073741823,1073741823,1073741823,1073741823:i8
1073741823,1073741759,1073741695,1073741759,1073741759,1073741503,1073741695,1073184767,1073610751,1073709055,1072693247,1073741823,1073741823,1073741823,1073741823:h9
1073741823,1073741759,1073741695,1073741759,1073741759,1073741759,1073741439,1073184767,1073610751,1073709055,1072693247,1073741823,1073741823,1073741823,1073741823:i8
1073741823,1073741759,1073741695,1073741759,1073741759,1073741759,1073741695,1073184703,1073610751,1073709055,1072693247,1073741823,1073741823,1073741823,1073741823:i8
1073741823,1073741759,1073741695,1073741759,1073741759,1073741759,1073741695,1073184767,1073610751,1073709055,1072689151,1073741823,1073741823,1073741823,1073741823:i8
1073741823,1073741759,1073741695,1073741759,1073741759,1073741759,1072693119,1073184767,1073610751,1073709055,1072693247,1073741823,1073741823,1073741823,1073741823:h9
1073741823,1073741759,1073741695,1073741759,1073741759,1073741759,1073741695,1073184767,1072562175,1073709055,1072693247,1073741823,1073741823,1073741823,1073741823:h9
1073741823,1073741759,1073741695,1073741759,1073741759,1073741759,1073741695,1073184767,1073348607,1073709055,1072693247,1073741823,1073741823,1073741823,1073741823:i8
1073741823,1073741759,1073741695,1073741759,1073741759,1073741759,1073741695,1073184767,1073610751,1073709055,1072627711,1073741823,1073741823,1073741823,1073741823:i8
1073741823,1073741759,1073741695,1073741759,1073741759,1073741759,1073741695,1073184767,1073610751,1073643519,1072693247,1073741823,1073741823,1073741823,1073741823:h9
1073741823,1073741759,1073741695,1073741759,1073741759,1073741755,1073741695,1073184767,1073610751,1073709055,1072693247,1073741823,1073741823,1073741823,1073741823:i8
1073741823,1073741759,1073741695,1073741759,1073741743,1073741759,1073741695,1073184767,1073610751,1073709055,1072693247,1073741823,1073741823,1073741823,1073741823:i8
1073741823,1073741759,1073741695,1073741755,1073741759,1073741759,1073741695,1073184767,1073610751,1073709055,1072693247,1073741823,1073741823,1073741823,1073741823:i8
1073741823,1073741759,1073741695,1073741743,1073741759,1073741759,1073741695,1073184767,1073610751,1073709055,1072693247,1073741823,1073741823,1073741823,1073741823:h9
1073741823,1073741755,1073741695,1073741759,1073741759,1073741759,1073741695,1073184767,1073610751,1073709055,1072693247,1073741823,1073741823,1073741823,1073741823:i8
1073741823,1073741759,1073741679,1073741759,1073741759,1073741759,1073741695,1073184767,1073610751,1073709055,1072693247,1073741823,1073741823,1073741823,1073741823:i8
1073741823,1073740735,1073741695,1073741759,1073741759,1073741759,1073741695,1073184767,1073610751,1073709055,1072693247,1073741823,1073741823,1073741823,1073741823:i8
1073741823,1073741759,1073741439,1073741759,1073741759,1073741759,1073741695,1073184767,1073610751,1073709055,1072693247,1073741823,1073741823,1073741823,1073741823:i8
1073741823,1073741759,1073741695,1073740735,1073741759,1073741759,1073741695,1073184767,1073610751,1073709055,1072693247,1073741823,1073741823,1073741823,1073741823:i8
1073741823,1073741759,1073741695,1073741503,1073741759,1073741759,1073741695,1073184767,1073610751,1073709055,1072693247,1073741823,1073741823,1073741823,1073741823:i8
1073741823,1073741759,1073741695,1073741759,1073741503,1073741759,1073741695,1073184767,1073610751,1073709055,1072693247,1073741823,1073741823,1073741823,1073741823:i8
1073741823,1073741759,1073741695,1073741759,1073741759,1073741759,1073741695,1073184767,1073610751,1073708031,1072693247,1073741823,1073741823,1073741823,1073741823:i8
1073741823,1073741759,1073741695,1073741759,1073741759,1073741759,1073741695,1073184767,1073606655,1073709055,1072693247,1073741823,1073741823,1073741823,1073741823:i8
1073741823,1073741759,1073741695,1073741759,1073741759,1073741759,1073741695,1073183743,1073610751,1073709055,1072693247,1073741823,1073741823,1073741823,1073741823:i8
1073741823,1073741759,1073741695,1073741759,1073741759,1073741759,1073741695,1073180671,1073610751,1073709055,1072693247,1073741823,1073741823,1073741823,1073741823:h9
1073741823,1073741759,1073741695,1073741759,1073741759,1073740735,1073741695,1073184767,1073610751,1073709055,1072693247,1073741823,1073741823,1073741823,1073741823:i8
1073741823,1073741759,1073741695,1073741759,1073741759,1073741759,1073737599,1073184767,1073610751,1073709055,1072693247,1073741823,1073741823,1073741823,1073741823:i8
1073741823,1073741759,1073741695,1073741759,1073741759,1073725375,1073741695,1073184767,1073610751,1073709055,1072693247,1073741823,1073741823,1073741823,1073741823:i8
1073741823,1073741759,1073741695,1073741759,1073741759,1073741759,1073725311,1073184767,1073610751,1073709055,1072693247,1073741823,1073741823,1073741823,1073741823:i8
1073741823,1073741759,1073741695,1073741759,1073741759,1073479615,1073741695,1073184767,1073610751,1073709055,1072693247,1073741823,1073741823,1073741823,1073741823:i8
1073741823,1073741759,1073741695,1073741759,1073741759,1073741759,1073676159,1073184767,1073610751,1073709055,1072693247,1073741823,1073741823,1073741823,1073741823:h9
1073741823,1073741759,1073741695,1073741759,1073741759,1073741759,1073741695,1073119231,1073610751,1073709055,1072693247,1073741823,1073741823,1073741823,1073741823:k7
1073741823,1073741759,1073741695,1073741759,1073741759,1073741759,1073741695,1073184767,1073610751,1073446911,1072693247,1073741823,1073741823,1073741823,1073741823:i8
1073741823,1073741759,1073741695,1073741759,1073741759,1073741759,1073741695,1073184767,1073594367,1073709055,1072693247,1073741823,1073741823,1073741823,1073741823:k7
1073741823,1073741823,1073741759,1073741759,1073741759,1073741759,1073741695,1073184767,1073610751,1073709055,1072693247,1073741823,1073741823,1073741823,1073741823:d2
1073741807,1073741695,1073741759,1073741759,1073741759,1073741759,1073741695,1073184767,1073610751,1073709055,1072693247,1073741823,1073741823,1073741823,1073741823:i8
1073741567,1073741695,1073741759,1073741759,1073741759,1073741759,1073741695,1073184767,1073610751,1073709055,1072693247,1073741823,1073741823,1073741823,1073741823:i8
1073741819,1073741695,1073741759,1073741759,1073741759,1073741759,1073741695,1073184767,1073610751,1073709055,1072693247,1073741823,1073741823,1073741823,1073741823:i8
1073741823,1073741679,1073741759,1073741759,1073741759,1073741759,1073741695,1073184767,1073610751,1073709055,1072693247,1073741823,1073741823,1073741823,1073741823:i8
1073741759,1073741695,1073741759,1073741759,1073741759,1073741759,1073741695,1073184767,1073610751,1073709055,1072693247,1073741823,1073741823,1073741823,1073741823:i8
1073740799,1073741695,1073741759,1073741759,1073741759,1073741759,1073741695,1073184767,1073610751,1073709055,1072693247,1073741823,1073741823,1073741823,1073741823:i8
1073741823,1073741439,1073741759,1073741759,1073741759,1073741759,1073741695,1073184767,1073610751,1073709055,1072693247,1073741823,1073741823,1073741823,1073741823:i8
1073741823,1073741695,1073741759,1073741759,1073741759,1073741759,1073741695,1073184767,1073610751,1073709055,1072693247,1073740799,1073741823,1073741823,1073741823:i8
1073741823,1073741695,1073741759,1073741759,1073741759,1073741759,1073741695,1073184767,1073610751,1073704959,1072693247,1073741823,1073741823,1073741823,1073741823:i8
1073741823,1073741695,1073741759,1073741759,1073741759,1073741759,1073741695,1073184767,1073610751,1073709055,1072693247,1073725439,1073741823,1073741823,1073741823:i8
1073741823,1073741695,1073741759,1073741759,1073741759,1073741759,1073741695,1073184767,1073610751,1073709055,1072676863,1073741823,1073741823,1073741823,1073741823:k7
1073741823,1073741695,1073741759,1073741759,1073741759,1073741759,1073741695,1073184767,1073610751,1073709055,1072693247,1073741823,1073676287,1073741823,1073741823:i8
1073741823,1073741695,1073741759,1073741759,1073741759,1073741759,1073741695,1073184767,1073610751,1073709055,1072693247,1073479679,1073741823,1073741823,1073741823:i8
1073741823,1073741695,1073741759,1073741759,1073741759,1073741759,1073741695,1073184767,1073610751,1073709055,1072431103,1073741823,1073741823,1073741823,1073741823:k7
1073741823,1073741695,1073741759,1073741759,1073741759,1073741759,1073741695,1073184767,1073610751,1072660479,1072693247,1073741823,1073741823,1073741823,1073741823:k7
1073741823,1073741695,1073741759,1073741759,1073741759,1073741759,1073741695,1073184767,1056833535,1073709055,1072693247,1073741823,1073741823,1073741823,1073741823:i8
1073741823,1073741695,1073741759,1073741759,1073741759,1073741759,1073741695,1073184767,1073610751,1073709055,1055916031,1073741823,1073741823,1073741823,1073741823:i8
1073741823,1073741695,1073741759,1073741759,1073741759,1073741759,1073741695,1073184767,1073610751,1073709055,1068498943,1073741823,1073741823,1073741823,1073741823:i8
1073741823,1073741695,1073741759,1073741759,1073741759,1073741759,1073741695,1073184767,1073610751,1073709055,1072693247,1073741823,1056964607,1073741823,1073741823:i8
1073741823,1073741695,1073741759,1073741759,1073741759,1073741759,1073741695,1073184767,1073610751,1073709055,1072693247,1069547519,1073741823,1073741823,1073741823:i8
1073741823,1073741695,1073741759,1073741759,1073741759,1073741759,1073741695,1073184767,1073610751,1073709055,1072693247,1073741823,1072693247,1073741823,1073741823:i8
1073741823,1073741695,1073741759,1073741759,1073741759,1073741759,1073741695,1073184767,1073610751,1073709055,1072693247,1072693247,1073741823,1073741823,1073741823:h9
1073741823,1073741695,1073741759,1073741759,1073741759,1073741759,1073741695,1073184767,1073610747,1073709055,1072693247,1073741823,1073741823,1073741823,1073741823:i8
1073741823,1073741695,1073741759,1073741759,1073741759,1073741759,1073741695,1073184751,1073610751,1073709055,1072693247,1073741823,1073741823,1073741823,1073741823:i8
1073741823,1073741695,1073741759,1073741759,1073741759,1073741759,1073741695,1073184767,1073609727,1073709055,1072693247,1073741823,1073741823,1073741823,1073741823:i8
1073741823,1073741695,1073741759,1073741759,1073741759,1073741759,1073741695,1073184511,1073610751,1073709055,1072693247,1073741823,1073741823,1073741823,1073741823:i8
1073741823,1073741695,1073741759,1073741759,1073741759,1073741759,1073741695,1073184767,1073610687,1073709055,1072693247,1073741823,1073741823,1073741823,1073741823:i8
1073741823,1073741695,1073741759,1073741759,1073741759,1073741759,1073741691,1073184767,1073610751,1073709055,1072693247,1073741823,1073741823,1073741823,1073741823:i8
1073741823,1073741695,1073741759,1073741759,1073741755,1073741759,1073741695,1073184767,1073610751,1073709055,1072693247,1073741823,1073741823,1073741823,1073741823:i8
1073741823,1073741695,1073741755,1073741759,1073741759,1073741759,1073741695,1073184767,1073610751,1073709055,1072693247,1073741823,1073741823,1073741823,1073741823:i8
1073741823,1073741695,1073740735,1073741759,1073741759,1073741759,1073741695,1073184767,1073610751,1073709055,1072693247,1073741823,1073741823,1073741823,1073741823:i8
1073741823,1073741695,1073741759,1073741759,1073740735,1073741759,1073741695,1073184767,1073610751,1073709055,1072693247,1073741823,1073741823,1073741823,1073741823:i8
1073741823,1073741695,1073741759,1073741759,1073741759,1073741759,1073740671,1073184767,1073610751,1073709055,1072693247,1073741823,1073741823,1073741823,1073741823:h9
1073741823,1073741695,1073741759,1073741759,1073741759,1073741759,1073479551,1073184767,1073610751,1073709055,1072693247,1073741823,1073741823,1073741823,1073741823:i8
1073741823,1073741695,1073741759,1073741759,1073741759,1069547455,1073741695,1073184767,1073610751,1073709055,1072693247,1073741823,1073741823,1073741823,1073741823:i8
1073741823,1073741695,1073741759,1073741759,1073741759,1073741759,1073741695,1068990463,1073610751,1073709055,1072693247,1073741823,1073741823,1073741823,1073741823:i8
1073741823,1073741695,1073741759,1073741759,1073741759,1073741759,1073741695,1072136191,1073610751,1073709055,1072693247,1073741823,1073741823,1073741823,1073741823:k7
1073741823,1073741695,1073741759,1073741759,1073741759,1073741759,1073741695,1073184767,1073610751,1069514751,1072693247,1073741823,1073741823,1073741823,1073741823:i8
1073741823,1073741695,1073741759,1073741759,1073741759,1073741759,1073741695,1073184763,1073610751,1073709055,1072693247,1073741823,1073741823,1073741823,1073741823:i8
1073741823,1073741695,1073741759,1073741759,1073741759,1073741759,1073741679,1073184767,1073610751,1073709055,1072693247,1073741823,1073741823,1073741823,1073741823:i8
1073741823,1073741695,1073741759,1073741759,1073741759,1073741743,1073741695,1073184767,1073610751,1073709055,1072693247,1073741823,1073741823,1073741823,1073741823:i8
1073741823,1073741695,1073741759,1073741759,1073741759,1073741503,1073741695,1073184767,1073610751,1073709055,1072693247,1073741823,1073741823,1073741823,1073741823:h9
1073741823,1073741695,1073741759,1073741759,1073741759,1073741759,1073741439,1073184767,1073610751,1073709055,1072693247,1073741823,1073741823,1073741823,1073741823:i8
1073741823,1073741695,1073741759,1073741759,1073741759,1073741759,1073741695,1073184703,1073610751,1073709055,1072693247,1073741823,1073741823,1073741823,1073741823:i8
1073741823,1073741695,1073741759,1073741759,1073741759,1073741759,1073741695,1073184767,1073610751,1073709055,1072689151,1073741823,1073741823,1073741823,1073741823:i8
1073741823,1073741695,1073741759,1073741759,1073741759,1073741759,1072693119,1073184767,1073610751,1073709055,1072693247,1073741823,1073741823,1073741823,1073741823:h9
1073741823,1073741695,1073741759,1073741759,1073741759,1073741759,1073741695,1073184767,1072562175,1073709055,1072693247,1073741823,1073741823,1073741823,1073741823:h9
1073741823,1073741695,1073741759,1073741759,1073741759,1073741759,1073741695,1073184767,1073348607,1073709055,1072693247,1073741823,1073741823,1073741823,1073741823:i8
1073741823,1073741695,1073741759,1073741759,1073741759,1073741759,1073741695,1073184767,1073610751,1073709055,1072627711,1073741823,1073741823,1073741823,1073741823:i8
1073741823,1073741695,1073741759,1073741759,1073741759,1073741759,1073741695,1073184767,1073610751,1073643519,1072693247,1073741823,1073741823,1073741823,1073741823:h9
1073741823,1073741695,1073741759,1073741759,1073741759,1073741755,1073741695,1073184767,1073610751,1073709055,1072693247,1073741823,1073741823,1073741823,1073741823:i8
1073741823,1073741695,1073741759,1073741759,1073741743,1073741759,1073741695,1073184767,1073610751,1073709055,1072693247,1073741823,1073741823,1073741823,1073741823:i8
1073741823,1073741695,1073741759,1073741755,1073741759,1073741759,1073741695,1073184767,1073610751,1073709055,1072693247,1073741823,1073741823,1073741823,1073741823:i8
1073741823,1073741695,1073741759,1073741743,1073741759,1073741759,1073741695,1073184767,1073610751,1073709055,1072693247,1073741823,1073741823,1073741823,1073741823:h9
1073741823,1073741691,1073741759,1073741759,1073741759,1073741759,1073741695,1073184767,1073610751,1073709055,1072693247,1073741823,1073741823,1073741823,1073741823:i8
1073741823,1073741695,1073741743,1073741759,1073741759,1073741759,1073741695,1073184767,1073610751,1073709055,1072693247,1073741823,1073741823,1073741823,1073741823:i8
1073741823,1073740671,1073741759,1073741759,1073741759,1073741759,1073741695,1073184767,1073610751,1073709055,1072693247,1073741823,1073741823,1073741823,1073741823:i8
1073741823,1073741695,1073741503,1073741759,1073741759,1073741759,1073741695,1073184767,1073610751,1073709055,1072693247,1073741823,1073741823,1073741823,1073741823:i8
1073741823,1073741695,1073741759,1073740735,1073741759,1073741759,1073741695,1073184767,1073610751,1073709055,1072693247,1073741823,1073741823,1073741823,1073741823:i8
1073741823,1073741695,1073741759,1073741503,1073741759,1073741759,1073741695,1073184767,1073610751,1073709055,1072693247,1073741823,1073741823,1073741823,1073741823:i8
1073741823,1073741695,1073741759,1073741759,1073741503,1073741759,1073741695,1073184767,1073610751,1073709055,1072693247,1073741823,1073741823,1073741823,1073741823:i8
1073741823,1073741695,1073741759,1073741759,1073741759,1073741759,1073741695,1073184767,1073610751,1073708031,1072693247,1073741823,1073741823,1073741823,1073741823:i8
1073741823,1073741695,1073741759,1073741759,1073741759,1073741759,1073741695,1073184767,1073606655,1073709055,1072693247,1073741823,1073741823,1073741823,1073741823:i8
1073741823,1073741695,1073741759,1073741759,1073741759,1073741759,1073741695,1073183743,1073610751,1073709055,1072693247,1073741823,1073741823,1073741823,1073741823:i8
1073741823,1073741695,1073741759,1073741759,1073741759,1073741759,1073741695,1073180671,1073610751,1073709055,1072693247,1073741823,1073741823,1073741823,1073741823:h9
1073741823,1073741695,1073741759,1073741759,1073741759,1073740735,1073741695,1073184767,1073610751,1073709055,1072693247,1073741823,1073741823,1073741823,1073741823:i8
1073741823,1073741695,1073741759,1073741759,1073741759,1073741759,1073737599,1073184767,1073610751,1073709055,1072693247,1073741823,1073741823,1073741823,1073741823:i8
1073741823,1073741695,1073741759,1073741759,1073741759,1073725375,1073741695,1073184767,1073610751,1073709055,1072693247,1073741823,1073741823,1073741823,1073741823:i8
1073741823,1073741695,1073741759,1073741759,1073741759,1073741759,1073725311,1073184767,1073610751,1073709055,1072693247,1073741823,1073741823,1073741823,1073741823:i8
1073741823,1073741695,1073741759,1073741759,1073741759,1073479615,1073741695,1073184767,1073610751,1073709055,1072693247,1073741823,1073741823,1073741823,1073741823:i8
1073741823,1073741695,1073741759,1073741759,1073741759,1073741759,1073676159,1073184767,1073610751,1073709055,1072693247,1073741823,1073741823,1073741823,1073741823:h9
1073741823,1073741695,1073741759,1073741759,1073741759,1073741759,1073741695,1073119231,1073610751,1073709055,1072693247,1073741823,1073741823,1073741823,1073741823:k7
1073741823,1073741695,1073741759,1073741759,1073741759,1073741759,1073741695,1073184767,1073610751,1073446911,1072693247,1073741823,1073741823,1073741823,1073741823:i8
1073741823,1073741695,1073741759,1073741759,1073741759,1073741759,1073741695,1073184767,1073594367,1073709055,1072693247,1073741823,1073741823,1073741823,1073741823:k7
1073741823,1073740799,1073741823,1073741759,1073741759,1073741759,1073741695,1073184767,1073610751,1073709055,1072693247,1073741823,1073741823,1073741823,1073741823:k7
1073741823,1073741823,1073741567,1073741759,1073741759,1073741759,1073741695,1073184767,1073610751,1073709055,1072693247,1073741823,1073741823,1073741823,1073741823:k7
1073741823,1073741823,1073741823,1073740735,1073741759,1073741759,1073741695,1073184767,1073610751,1073709055,1072693247,1073741823,1073741823,1073741823,1073741823:k7
1073741823,1073741823,1073741823,1073741503,1073741759,1073741759,1073741695,1073184767,1073610751,1073709055,1072693247,1073741823,1073741823,1073741823,1073741823:k7
1073741823,1073741823,1073741823,1073741759,1073741503,1073741759,1073741695,1073184767,1073610751,1073709055,1072693247,1073741823,1073741823,1073741823,1073741823:i8
1073741823,1073741823,1073741823,1073741759,1073741759,1073741759,1073741695,1073184767,1073610751,1073708031,1072693247,1073741823,1073741823,1073741823,1073741823:i8
1073741823,1073741823,1073741823,1073741759,1073741759,1073741759,1073741695,1073184767,1073606655,1073709055,1072693247,1073741823,1073741823,1073741823,1073741823:i8
1073741823,1073741823,1073741823,1073741759,1073741759,1073741759,1073741695,1073183743,1073610751,1073709055,1072693247,1073741823,1073741823,1073741823,1073741823:i8
1073741823,1073741823,1073741823,1073741759,1073741759,1073741759,1073741695,1073180671,1073610751,1073709055,1072693247,1073741823,1073741823,1073741823,1073741823:h9
1073741823,1073741823,1073741823,1073741759,1073741759,1073740735,1073741695,1073184767,1073610751,1073709055,1072693247,1073741823,1073741823,1073741823,1073741823:i8
1073741823,1073741823,1073741823,1073741759,1073741759,1073741759,1073737599,1073184767,1073610751,1073709055,1072693247,1073741823,1073741823,1073741823,1073741823:i8
1073741823,1073741823,1073741823,1073741759,1073741759,1073725375,1073741695,1073184767,1073610751,1073709055,1072693247,1073741823,1073741823,1073741823,1073741823:i8
1073741823,1073741823,1073741823,1073741759,1073741759,1073741759,1073725311,1073184767,1073610751,1073709055,1072693247,1073741823,1073741823,1073741823,1073741823:i8
1073741823,1073741823,1073741823,1073741759,1073741759,1073479615,1073741695,1073184767,1073610751,1073709055,1072693247,1073741823,1073741823,1073741823,1073741823:i8
1073741823,1073741823,1073741823,1073741759,1073741759,1073741759,1073676159,1073184767,1073610751,1073709055,1072693247,1073741823,1073741823,1073741823,1073741823:h9
1073741823,1073741823,1073741823,1073741759,1073741759,1073741759,1073741695,1073119231,1073610751,1073709055,1072693247,1073741823,1073741823,1073741823,1073741823:k7
1073741823,1073741823,1073741823,1073741759,1073741759,1073741759,1073741695,1073184767,1073610751,1073446911,1072693247,1073741823,1073741823,1073741823,1073741823:i8
1073741823,1073741823,1073741823,1073741759,1073741759,1073741759,1073741695,1073184767,1073594367,1073709055,1072693247,1073741823,1073741823,1073741823,1073741823:k7
