1073741823,1073741823,1073741823,1073741823,1073676287,1073741823,1073643519,1073700863,1073610751,1073463295,1073741823,1073741823,1073741823,1073741823,1073741823:i8
1073741823,1073741823,1073741823,1073741823,1073676287,1072693247,1073643519,1073569791,1073610751,1073463295,1073741823,1073741823,1073741823,1073741823,1073741823:f8
1073741823,1073741823,1073741823,1073741823,1073676287,1073741823,1073643519,1072521215,1073610751,1073463295,1073741823,1073741823,1073741823,1073741823,1073741823:f9
1073741823,1073741823,1073737727,1073741823,1073676287,1073741823,1073643519,1073569791,1073610751,1073463295,1073741823,1073741823,1073741823,1073741823,1073741823:f8
1073741823,1073741823,1073741823,1073725439,1073676287,1073741823,1073643519,1073569791,1073610751,1073463295,1073741823,1073741823,1073741823,1073741823,1073741823:f8
1073741823,1073741823,1073676287,1073741823,1073676287,1073741823,1073643519,1073569791,1073610751,1073463295,1073741823,1073741823,1073741823,1073741823,1073741823:f8
1073741823,1073741823,1073741823,1073676287,1073676287,1073741823,1073643519,1073569791,1073610751,1073463295,1073741823,1073741823,1073741823,1073741823,1073741823:f8
1073741823,1073741823,1072693247,1073741823,1073676287,1073741823,1073643519,1073569791,1073610751,1073463295,1073741823,1073741823,1073741823,1073741823,1073741823:f9
1073741823,1073741823,1073741823,1073479679,1073676287,1073741823,1073643519,1073569791,1073610751,1073463295,1073741823,1073741823,1073741823,1073741823,1073741823:f8
1073741823,1073741823,1073741823,1073741823,1073675263,1073741823,1073643519,1073569791,1073610751,1073463295,1073741823,1073741823,1073741823,1073741823,1073741823:f9
1073741823,1073741823,1073741823,1073741823,1073659903,1073741823,1073643519,1073569791,1073610751,1073463295,1073741823,1073741823,1073741823,1073741823,1073741823:f8
1073741823,1073741823,1073741823,1073741823,1073414143,1073741823,1073643519,1073569791,1073610751,1073463295,1073741823,1073741823,1073741823,1073741823,1073741823:f8
1073741823,1073741823,1073741823,1073741823,1073676287,1073741823,1073643519,1073569791,1073610751,1073463295,1073741823,1073740799,1073741823,1073741823,1073741823:f9
1073741823,1073741823,1073741823,1073741823,1073676287,1073741823,1073643519,1073569791,1073610751,1073463295,1073725439,1073741823,1073741823,1073741823,1073741823:f9
1073741823,1073741823,1073741823,1073741823,1073676287,1073741823,1073643519,1073569791,1073610751,1073463039,1073741823,1073741823,1073741823,1073741823,1073741823:f8
1073741823,1073741823,1073741823,1073741823,1073676287,1073741823,1073643519,1073569791,1073609727,1073463295,1073741823,1073741823,1073741823,1073741823,1073741823:f8
1073741823,1073741823,1073741823,1073741823,1073676287,1073741823,1073643519,1073569535,1073610751,1073463295,1073741823,1073741823,1073741823,1073741823,1073741823:j8
1073741823,1073741823,1073741823,1073741823,1073676287,1073741567,1073643519,1073569791,1073610751,1073463295,1073741823,1073741823,1073741823,1073741823,1073741823:f8
1073741823,1073741823,1073741823,1073741823,1073676287,1073741823,1073642495,1073569791,1073610751,1073463295,1073741823,1073741823,1073741823,1073741823,1073741823:f8
1073741823,1073741823,1073741823,1073741823,1073676287,1073737727,1073643519,1073569791,1073610751,1073463295,1073741823,1073741823,1073741823,1073741823,1073741823:f8
1073741823,1073741823,1073741823,1073741823,1073676287,1073741823,1073643519,1073569791,1073610751,1073459199,1073741823,1073741823,1073741823,1073741823,1073741823:f8
1073741823,1073741823,1073741823,1073741823,1073676287,1073741823,1073643519,1073569791,1073610751,1073463295,1073741823,1073725439,1073741823,1073741823,1073741823:f9
1073741823,1073741823,1073741823,1073741823,1073676287,1073741823,1073643519,1069375487,1073610751,1073463295,1073741823,1073741823,1073741823,1073741823,1073741823:f9
1073741823,1073741823,1073741823,1073741823,1073676287,1073741823,1073643519,1073569791,1073610751,1069268991,1073741823,1073741823,1073741823,1073741823,1073741823:f8
1073741823,1073741823,1073741823,1073741823,1073676287,1073741823,1073643519,1073569791,1073610751,1072414719,1073741823,1073741823,1073741823,1073741823,1073741823:f8
1073741823,1073741823,1073741823,1073741823,1073676287,1073741823,1073643519,1073569791,1073610751,1073463295,1073741823,1069547519,1073741823,1073741823,1073741823:f9
1073741823,1073741823,1073741823,1073741823,1073676287,1073741823,1073643519,1073569791,1073610751,1073463295,1073741823,1073479679,1073741823,1073741823,1073741823:f8
1073741823,1073741823,1073741823,1073741823,1073676287,1073741823,1073643519,1073569791,1073610751,1073463295,1073479679,1073741823,1073741823,1073741823,1073741823:f8
1073741823,1073741823,1073741823,1073741823,1073676287,1073741823,1073643519,1073569791,1073610751,1073463295,1073737727,1073741823,1073741823,1073741823,1073741823:f9
1073741823,1073741823,1073741823,1073741823,1073676287,1073741823,1073643519,1073569791,1073348607,1073463295,1073741823,1073741823,1073741823,1073741823,1073741823:f8
1073741823,1073741823,1073741823,1073741823,1073676287,1073741823,1073643519,1073569791,1073610751,1073463295,1072693247,1073741823,1073741823,1073741823,1073741823:f9
1073741823,1073741823,1073741823,1073741823,1073676287,1073741823,1073643519,1073569791,1073610751,1073463295,1073676287,1073741823,1073741823,1073741823,1073741823:f9
1073741823,1073741823,1073741823,1073741823,1073676287,1073741823,1073643519,1073569791,1073610751,1073397759,1073741823,1073741823,1073741823,1073741823,1073741823:f8
1073741823,1073741823,1073741823,1073741823,1073672191,1073741823,1073643519,1073569791,1073610751,1073463295,1073741823,1073741823,1073741823,1073741823,1073741823:f8
1073741823,1073741823,1073741823,1073741823,1073676287,1073676287,1073643519,1073569791,1073610751,1073463295,1073741823,1073741823,1073741823,1073741823,1073741823:f8
1073741823,1073741823,1073741823,1073741823,1072627711,1073741823,1073643519,1073569791,1073610751,1073463295,1073741823,1073741823,1073741823,1073741823,1073741823:f8
1073741823,1073741823,1073741823,1073741823,1073676287,1073741823,1072594943,1073569791,1073610751,1073463295,1073741823,1073741823,1073741823,1073741823,1073741823:f9
1073741823,1073741823,1073741823,1073741823,1073676287,1073741823,1073381375,1073569791,1073610751,1073463295,1073741823,1073741823,1073741823,1073741823,1073741823:f8
1073741823,1073741823,1073741823,1073741823,1073676287,1073741823,1073643519,1073569791,1072562175,1073463295,1073741823,1073741823,1073741823,1073741823,1073741823:f9
1073741823,1073741823,1073741823,1073741823,1073676287,1073741823,1073643519,1073569791,1073610751,1073462271,1073741823,1073741823,1073741823,1073741823,1073741823:f8
1073741823,1073741823,1073741823,1073741823,1073676287,1073741823,1073643519,1073569791,1073606655,1073463295,1073741823,1073741823,1073741823,1073741823,1073741823:f8
1073741823,1073741823,1073741823,1073741823,1073676287,1073741823,1073643519,1073568767,1073610751,1073463295,1073741823,1073741823,1073741823,1073741823,1073741823:i6
1073741823,1073741823,1073741823,1073737727,1073676287,1073610751,1073643519,1073568767,1073610751,1073463295,1073741823,1073741823,1073741823,1073741823,1073741823:j5
1073741823,1073741823,1073741823,1072693247,1073676287,1073610751,1073643519,1073568767,1073610751,1073463295,1073741823,1073741823,1073741823,1073741823,1073741823:f9
1073741823,1073741823,1073741823,1073741823,1073676287,1073610751,1073643519,1073568767,1073610751,1073463231,1073741823,1073741823,1073741823,1073741823,1073741823:j5
1073741823,1073741823,1073741823,1073741823,1073676287,1073610751,1073643519,1073568767,1073610495,1073463295,1073741823,1073741823,1073741823,1073741823,1073741823:j5
1073741823,1073741823,1073741823,1073741823,1073676287,1073610751,1073643519,1073568703,1073610751,1073463295,1073741823,1073741823,1073741823,1073741823,1073741823:j5
1073741823,1073741823,1073741823,1073741823,1073676287,1073610687,1073643519,1073568767,1073610751,1073463295,1073741823,1073741823,1073741823,1073741823,1073741823:j5
1073741823,1073741823,1073741823,1073741823,1073676287,1073610751,1073643263,1073568767,1073610751,1073463295,1073741823,1073741823,1073741823,1073741823,1073741823:j5
1073741823,1073741823,1073741823,1073741823,1073676287,1072562175,1073643519,1073568767,1073610751,1073463295,1073741823,1073741823,1073741823,1073741823,1073741823:j5
1073741823,1073741823,1073741823,1073741823,1073676287,1073610751,1073643519,1072520191,1073610751,1073463295,1073741823,1073741823,1073741823,1073741823,1073741823:j5
1073741823,1073741823,1073737727,1073741823,1073676287,1073610751,1073643519,1073568767,1073610751,1073463295,1073741823,1073741823,1073741823,1073741823,1073741823:j5
1073741823,1073741823,1073741823,1073725439,1073676287,1073610751,1073643519,1073568767,1073610751,1073463295,1073741823,1073741823,1073741823,1073741823,1073741823:j5
1073741823,1073741823,1073676287,1073741823,1073676287,1073610751,1073643519,1073568767,1073610751,1073463295,1073741823,1073741823,1073741823,1073741823,1073741823:j5
1073741823,1073741823,1073741823,1073676287,1073676287,1073610751,1073643519,1073568767,1073610751,1073463295,1073741823,1073741823,1073741823,1073741823,1073741823:j5
1073741823,1073741823,1072693247,1073741823,1073676287,1073610751,1073643519,1073568767,1073610751,1073463295,1073741823,1073741823,1073741823,1073741823,1073741823:j5
1073741823,1073741823,1073741823,1073479679,1073676287,1073610751,1073643519,1073568767,1073610751,1073463295,1073741823,1073741823,1073741823,1073741823,1073741823:j5
1073741823,1073741823,1073741823,1073741823,1073675263,1073610751,1073643519,1073568767,1073610751,1073463295,1073741823,1073741823,1073741823,1073741823,1073741823:j5
1073741823,1073741823,1073741823,1073741823,1073659903,1073610751,1073643519,1073568767,1073610751,1073463295,1073741823,1073741823,1073741823,1073741823,1073741823:j5
1073741823,1073741823,1073741823,1073741823,1073414143,1073610751,1073643519,1073568767,1073610751,1073463295,1073741823,1073741823,1073741823,1073741823,1073741823:h5
1073741823,1073741823,1073741823,1073741823,1073676287,1073610751,1073643519,1073568767,1073610751,1073463295,1073741823,1073740799,1073741823,1073741823,1073741823:j5
1073741823,1073741823,1073741823,1073741823,1073676287,1073610751,1073643519,1073568767,1073610751,1073463295,1073725439,1073741823,1073741823,1073741823,1073741823:j5
1073741823,1073741823,1073741823,1073741823,1073676287,1073610751,1073643519,1073568767,1073610751,1073463039,1073741823,1073741823,1073741823,1073741823,1073741823:j5
1073741823,1073741823,1073741823,1073741823,1073676287,1073610751,1073643519,1073568767,1073609727,1073463295,1073741823,1073741823,1073741823,1073741823,1073741823:h5
1073741823,1073741823,1073741823,1073741823,1073676287,1073610751,1073643519,1073568511,1073610751,1073463295,1073741823,1073741823,1073741823,1073741823,1073741823:j5
1073741823,1073741823,1073741823,1073741823,1073676287,1073610495,1073643519,1073568767,1073610751,1073463295,1073741823,1073741823,1073741823,1073741823,1073741823:j5
1073741823,1073741823,1073741823,1073741823,1073676287,1073610751,1073642495,1073568767,1073610751,1073463295,1073741823,1073741823,1073741823,1073741823,1073741823:j5
1073741823,1073741823,1073741823,1073741823,1073676287,1073606655,1073643519,1073568767,1073610751,1073463295,1073741823,1073741823,1073741823,1073741823,1073741823:j5
1073741823,1073741823,1073741823,1073741823,1073676287,1073610751,1073643519,1073568767,1073610751,1073459199,1073741823,1073741823,1073741823,1073741823,1073741823:j5
1073741823,1073741823,1073741823,1073741823,1073676287,1073610751,1073643519,1073568767,1073610751,1073463295,1073741823,1073725439,1073741823,1073741823,1073741823:j5
1073741823,1073741823,1073741823,1073741823,1073676287,1073610751,1073643519,1069374463,1073610751,1073463295,1073741823,1073741823,1073741823,1073741823,1073741823:j5
1073741823,1073741823,1073741823,1073741823,1073676287,1073610751,1073643519,1073568767,1073610751,1069268991,1073741823,1073741823,1073741823,1073741823,1073741823:j5
1073741823,1073741823,1073741823,1073741823,1073676287,1073610751,1073643519,1073568767,1073610751,1072414719,1073741823,1073741823,1073741823,1073741823,1073741823:j5
1073741823,1073741823,1073741823,1073741823,1073676287,1073610751,1073643519,1073568767,1073610751,1073463295,1073741823,1069547519,1073741823,1073741823,1073741823:j5
1073741823,1073741823,1073741823,1073741823,1073676287,1073610751,1073643519,1073568767,1073610751,1073463295,1073741823,1073479679,1073741823,1073741823,1073741823:j5
1073741823,1073741823,1073741823,1073741823,1073676287,1073610751,1073643519,1073568767,1073610751,1073463295,1073479679,1073741823,1073741823,1073741823,1073741823:j5
1073741823,1073741823,1073741823,1073741823,1073676287,1073610751,1073643519,1073568767,1073610751,1073463295,1073737727,1073741823,1073741823,1073741823,1073741823:j5
1073741823,1073741823,1073741823,1073741823,1073676287,1073610751,1073643519,1073568767,1073348607,1073463295,1073741823,1073741823,1073741823,1073741823,1073741823:j5
1073741823,1073741823,1073741823,1073741823,1073676287,1073610751,1073643519,1073568767,1073610751,1073463295,1072693247,1073741823,1073741823,1073741823,1073741823:j5
1073741823,1073741823,1073741823,1073741823,1073676287,1073610751,1073643519,1073568767,1073610751,1073463295,1073676287,1073741823,1073741823,1073741823,1073741823:j5
1073741823,1073741823,1073741823,1073741823,1073676287,1073610751,1073643519,1073568767,1073610751,1073397759,1073741823,1073741823,1073741823,1073741823,1073741823:j5
1073741823,1073741823,1073741823,1073741823,1073672191,1073610751,1073643519,1073568767,1073610751,1073463295,1073741823,1073741823,1073741823,1073741823,1073741823:j5
1073741823,1073741823,1073741823,1073741823,1072627711,1073610751,1073643519,1073568767,1073610751,1073463295,1073741823,1073741823,1073741823,1073741823,1073741823:j5
1073741823,1073741823,1073741823,1073741823,1073676287,1073610751,1072594943,1073568767,1073610751,1073463295,1073741823,1073741823,1073741823,1073741823,1073741823:j5
1073741823,1073741823,1073741823,1073741823,1073676287,1073610751,1073381375,1073568767,1073610751,1073463295,1073741823,1073741823,1073741823,1073741823,1073741823:j5
1073741823,1073741823,1073741823,1073741823,1073676287,1073610751,1073643519,1073568767,1072562175,1073463295,1073741823,1073741823,1073741823,1073741823,1073741823:j5
1073741823,1073741823,1073741823,1073741823,1073676287,1073610751,1073643519,1073568767,1073610751,1073462271,1073741823,1073741823,1073741823,1073741823,1073741823:j5
1073741823,1073741823,1073741823,1073741823,1073676287,1073610751,1073643519,1073568767,1073606655,1073463295,1073741823,1073741823,1073741823,1073741823,1073741823:j5
1073741823,1073741823,1073741823,1073741823,1073676287,1073609727,1073643519,1073568767,1073610751,1073463295,1073741823,1073741823,1073741823,1073741823,1073741823:j5
1073741823,1073741823,1073741823,1073741823,1073676287,1073610751,1073639423,1073568767,1073610751,1073463295,1073741823,1073741823,1073741823,1073741823,1073741823:j5
1073741823,1073741823,1073741823,1073741823,1073676287,1073594367,1073643519,1073568767,1073610751,1073463295,1073741823,1073741823,1073741823,1073741823,1073741823:j5
1073741823,1073741823,1073741823,1073741823,1073676287,1073348607,1073643519,1073568767,1073610751,1073463295,1073741823,1073741823,1073741823,1073741823,1073741823:j5
1073741823,1073741823,1073741823,1073741823,1073676287,1073610751,1073643519,1073306623,1073610751,1073463295,1073741823,1073741823,1073741823,1073741823,1073741823:j5
1073741823,1073741823,1073741823,1073741823,1073676287,1073610751,1073643519,1073568767,1073594367,1073463295,1073741823,1073741823,1073741823,1073741823,1073741823:j5
1073741823,1073741823,1073741823,1073741823,1073676287,1073740799,1073643519,1073569791,1073610751,1073463295,1073741823,1073741823,1073741823,1073741823,1073741823:f8
1073741823,1073741823,1073741823,1073741823,1073676287,1073741823,1073639423,1073569791,1073610751,1073463295,1073741823,1073741823,1073741823,1073741823,1073741823:f8
1073741823,1073741823,1073741823,1073741823,1073676287,1073725439,1073643519,1073569791,1073610751,1073463295,1073741823,1073741823,1073741823,1073741823,1073741823:f9
1073741823,1073741823,1073741823,1073741823,1073676287,1073479679,1073643519,1073569791,1073610751,1073463295,1073741823,1073741823,1073741823,1073741823,1073741823:f8
1073741823,1073741823,1073741823,1073741823,1073676287,1073741823,1073643519,1073307647,1073610751,1073463295,1073741823,1073741823,1073741823,1073741823,1073741823:f9
1073741823,1073741823,1073741823,1073741823,1073676287,1073741823,1073643519,1073307647,1073608703,1073463295,1073741759,1073741823,1073741823,1073741823,1073741823:j9
1073741823,1073741823,1073741823,1073741823,1073676287,1073741823,1073643519,1073307647,1073608639,1073463295,1073741823,1073741823,1073741823,1073741823,1073741823:i6
1073741823,1073741823,1073741823,1073741823,1073676287,1073741823,1073643519,1073307647,1073608447,1073463295,1073741823,1073741823,1073741823,1073741823,1073741823:j9
1073741823,1073741823,1073741823,1073741823,1073676287,1073741823,1073643455,1073307647,1073608703,1073463295,1073741823,1073741823,1073741823,1073741823,1073741823:j9
1073741823,1073741823,1073741823,1073741823,1073676287,1073741823,1073643519,1073307647,1073608703,1073463295,1073740799,1073741823,1073741823,1073741823,1073741823:j9
1073741823,1073741823,1073741823,1073741823,1073676287,1069547519,1073643519,1073307647,1073608703,1073463295,1073741823,1073741823,1073741823,1073741823,1073741823:j9
1073741823,1073741823,1073741823,1073741823,1073676287,1072693247,1073643519,1073307647,1073608703,1073463295,1073741823,1073741823,1073741823,1073741823,1073741823:j9
1073741823,1073741823,1073741823,1073741823,1073676287,1073741823,1073643519,1072259071,1073608703,1073463295,1073741823,1073741823,1073741823,1073741823,1073741823:i6
1073741823,1073741823,1073737727,1073741823,1073676287,1073741823,1073643519,1073307647,1073608703,1073463295,1073741823,1073741823,1073741823,1073741823,1073741823:j9
1073741823,1073741823,1073741823,1073725439,1073676287,1073741823,1073643519,1073307647,1073608703,1073463295,1073741823,1073741823,1073741823,1073741823,1073741823:j9
1073741823,1073741823,1073676287,1073741823,1073676287,1073741823,1073643519,1073307647,1073608703,1073463295,1073741823,1073741823,1073741823,1073741823,1073741823:i6
1073741823,1073741823,1073741823,1073676287,1073676287,1073741823,1073643519,1073307647,1073608703,1073463295,1073741823,1073741823,1073741823,1073741823,1073741823:i6
1073741823,1073741823,1072693247,1073741823,1073676287,1073741823,1073643519,1073307647,1073608703,1073463295,1073741823,1073741823,1073741823,1073741823,1073741823:j9
1073741823,1073741823,1073741823,1073479679,1073676287,1073741823,1073643519,1073307647,1073608703,1073463295,1073741823,1073741823,1073741823,1073741823,1073741823:j9
1073741823,1073741823,1073741823,1073741823,1073675263,1073741823,1073643519,1073307647,1073608703,1073463295,1073741823,1073741823,1073741823,1073741823,1073741823:j9
1073741823,1073741823,1073741823,1073741823,1073659903,1073741823,1073643519,1073307647,1073608703,1073463295,1073741823,1073741823,1073741823,1073741823,1073741823:i6
1073741823,1073741823,1073741823,1073741823,1073414143,1073741823,1073643519,1073307647,1073608703,1073463295,1073741823,1073741823,1073741823,1073741823,1073741823:j9
1073741823,1073741823,1073741823,1073741823,1073676287,1073741823,1073643519,1073307647,1073608703,1073463295,1073741823,1073740799,1073741823,1073741823,1073741823:j9
1073741823,1073741823,1073741823,1073741823,1073676287,1073741823,1073643519,1073307647,1073608703,1073463295,1073725439,1073741823,1073741823,1073741823,1073741823:i6
1073741823,1073741823,1073741823,1073741823,1073676287,1073741823,1073643519,1073307647,1073608703,1073463039,1073741823,1073741823,1073741823,1073741823,1073741823:j9
1073741823,1073741823,1073741823,1073741823,1073676287,1073741823,1073643519,1073307391,1073608703,1073463295,1073741823,1073741823,1073741823,1073741823,1073741823:i6
1073741823,1073741823,1073741823,1073741823,1073676287,1073741567,1073643519,1073307647,1073608703,1073463295,1073741823,1073741823,1073741823,1073741823,1073741823:j9
1073741823,1073741823,1073741823,1073741823,1073676287,1073741823,1073642495,1073307647,1073608703,1073463295,1073741823,1073741823,1073741823,1073741823,1073741823:i6
1073741823,1073741823,1073741823,1073741823,1073676287,1073737727,1073643519,1073307647,1073608703,1073463295,1073741823,1073741823,1073741823,1073741823,1073741823:i6
1073741823,1073741823,1073741823,1073741823,1073676287,1073741823,1073643519,1073307647,1073608703,1073459199,1073741823,1073741823,1073741823,1073741823,1073741823:i6
1073741823,1073741823,1073741823,1073741823,1073676287,1073741823,1073643519,1073307647,1073608703,1073463295,1073741823,1073725439,1073741823,1073741823,1073741823:j9
1073741823,1073741823,1073741823,1073741823,1073676287,1073741823,1073643519,1069113343,1073608703,1073463295,1073741823,1073741823,1073741823,1073741823,1073741823:j9
1073741823,1073741823,1073741823,1073741823,1073676287,1073741823,1073643519,1073307647,1073608703,1069268991,1073741823,1073741823,1073741823,1073741823,1073741823:i6
1073741823,1073741823,1073741823,1073741823,1073676287,1073741823,1073643519,1073307647,1073608703,1072414719,1073741823,1073741823,1073741823,1073741823,1073741823:i6
1073741823,1073741823,1073741823,1073741823,1073676287,1073741823,1073643519,1073307647,1073608703,1073463295,1073741823,1069547519,1073741823,1073741823,1073741823:j9
1073741823,1073741823,1073741823,1073741823,1073676287,1073741823,1073643519,1073307647,1073608703,1073463295,1073741823,1073479679,1073741823,1073741823,1073741823:i6
1073741823,1073741823,1073741823,1073741823,1073676287,1073741823,1073643519,1073307647,1073608703,1073463295,1073479679,1073741823,1073741823,1073741823,1073741823:i6
1073741823,1073741823,1073741823,1073741823,1073676287,1073741823,1073643519,1073307647,1073608703,1073463295,1073737727,1073741823,1073741823,1073741823,1073741823:j9
1073741823,1073741823,1073741823,1073741823,1073676287,1073741823,1073643519,1073307647,1073346559,1073463295,1073741823,1073741823,1073741823,1073741823,1073741823:i6
1073741823,1073741823,1073741823,1073741823,1073676287,1073741823,1073643519,1073307647,1073608703,1073463295,1072693247,1073741823,1073741823,1073741823,1073741823:j9
1073741823,1073741823,1073741823,1073741823,1073676287,1073741823,1073643519,1073307647,1073608703,1073463295,1073676287,1073741823,1073741823,1073741823,1073741823:i6
1073741823,1073741823,1073741823,1073741823,1073676287,1073741823,1073643519,1073307647,1073608703,1073397759,1073741823,1073741823,1073741823,1073741823,1073741823:i6
1073741823,1073741823,1073741823,1073741823,1073672191,1073741823,1073643519,1073307647,1073608703,1073463295,1073741823,1073741823,1073741823,1073741823,1073741823:i6
1073741823,1073741823,1073741823,1073741823,1073676287,1073676287,1073643519,1073307647,1073608703,1073463295,1073741823,1073741823,1073741823,1073741823,1073741823:e8
1073741823,1073741823,1073741823,1073741823,1072627711,1073741823,1073643519,1073307647,1073608703,1073463295,1073741823,1073741823,1073741823,1073741823,1073741823:j9
1073741823,1073741823,1073741823,1073741823,1073676287,1073741823,1072594943,1073307647,1073608703,1073463295,1073741823,1073741823,1073741823,1073741823,1073741823:j9
1073741823,1073741823,1073741823,1073741823,1073676287,1073741823,1073381375,1073307647,1073608703,1073463295,1073741823,1073741823,1073741823,1073741823,1073741823:i6
1073741823,1073741823,1073741823,1073741823,1073676287,1073741823,1073643519,1073307647,1072560127,1073463295,1073741823,1073741823,1073741823,1073741823,1073741823:i6
1073741823,1073741823,1073741823,1073741823,1073676287,1073741823,1073643519,1073307647,1073608703,1073462271,1073741823,1073741823,1073741823,1073741823,1073741823:i6
1073741823,1073741823,1073741823,1073741823,1073676287,1073741823,1073643519,1073307647,1073604607,1073463295,1073741823,1073741823,1073741823,1073741823,1073741823:i6
1073741823,1073741823,1073741823,1073741823,1073676287,1073741823,1073643519,1073306623,1073608703,1073463295,1073741823,1073741823,1073741823,1073741823,1073741823:i6
1073741823,1073741823,1073741823,1073741823,1073676287,1073740799,1073643519,1073307647,1073608703,1073463295,1073741823,1073741823,1073741823,1073741823,1073741823:j9
1073741823,1073741823,1073741823,1073741823,1073676287,1073741823,1073639423,1073307647,1073608703,1073463295,1073741823,1073741823,1073741823,1073741823,1073741823:j9
1073741823,1073741823,1073741823,1073741823,1073676287,1073725439,1073643519,1073307647,1073608703,1073463295,1073741823,1073741823,1073741823,1073741823,1073741823:i6
1073741823,1073741823,1073741823,1073741823,1073676287,1073479679,1073643519,1073307647,1073608703,1073463295,1073741823,1073741823,1073741823,1073741823,1073741823:j9
1073741823,1073741823,1073741823,1073741823,1073676287,1073741823,1073643519,1073307647,1073592319,1073463295,1073741823,1073741823,1073741823,1073741823,1073741823:i6
1073741823,1073741823,1073741823,1073741823,1073676287,1073741823,1073643519,1073569791,1073594367,1073463295,1073741823,1073741823,1073741823,1073741823,1073741823:f8
