1073741823,1073741823,1073741823,1073741823,1073741823,1073741823,1073643519,1073635327,1073610751,1073463295,1073741823,1073741823,1073741823,1073741823,1073741823:h6
1073741823,1073741823,1073741823,1073740799,1073741823,1073709055,1073643519,1073635327,1073610751,1073463295,1073741823,1073741823,1073741823,1073741823,1073741823:h5
1073741823,1073741823,1073741823,1073725439,1073741823,1073709055,1073643519,1073635327,1073610751,1073463295,1073741823,1073741823,1073741823,1073741823,1073741823:h9
1073741823,1073741823,1073741823,1073479679,1073741823,1073709055,1073643519,1073635327,1073610751,1073463295,1073741823,1073741823,1073741823,1073741823,1073741823:h5
1073741823,1073741823,1073741823,1073741823,1073741823,1072660479,1073643519,1073635327,1073610751,1073463295,1073741823,1073741823,1073741823,1073741823,1073741823:h5
1073741823,1073741823,1073741823,1073741823,1073741823,1073709055,1073643519,1072586751,1073610751,1073463295,1073741823,1073741823,1073741823,1073741823,1073741823:h5
1073741823,1073741823,1073741823,1073741823,1073740799,1073709055,1073643519,1073635327,1073610751,1073463295,1073741823,1073741823,1073741823,1073741823,1073741823:h5
1073741823,1073741823,1073741823,1073741823,1073725439,1073709055,1073643519,1073635327,1073610751,1073463295,1073741823,1073741823,1073741823,1073741823,1073741823:i6
1073741823,1073741823,1073741823,1072693247,1073725439,1073577983,1073643519,1073635327,1073610751,1073463295,1073741823,1073741823,1073741823,1073741823,1073741823:f6
1073741823,1073741823,1073740799,1073741823,1073725439,1073577983,1073643519,1073635327,1073610751,1073463295,1073741823,1073741823,1073741823,1073741823,1073741823:f6
1073741823,1073741823,1073741823,1073737727,1073725439,1073577983,1073643519,1073635327,1073610751,1073463295,1073741823,1073741823,1073741823,1073741823,1073741823:f6
1073741823,1073741823,1073725439,1073741823,1073725439,1073577983,1073643519,1073635327,1073610751,1073463295,1073741823,1073741823,1073741823,1073741823,1073741823:f6
1073741823,1073741823,1073479679,1073741823,1073725439,1073577983,1073643519,1073635327,1073610751,1073463295,1073741823,1073741823,1073741823,1073741823,1073741823:g6
1073741823,1073741823,1073741823,1073676287,1073725439,1073577983,1073643519,1073635327,1073610751,1073463295,1073741823,1073741823,1073741823,1073741823,1073741823:g6
1073741823,1073741823,1073741823,1073740799,1073725439,1073577983,1073643519,1073635327,1073610751,1073463295,1073741823,1073741823,1073741823,1073741823,1073741823:f6
1073741823,1073741823,1073741823,1073725439,1073725439,1073577983,1073643519,1073635327,1073610751,1073463295,1073741823,1073741823,1073741823,1073741823,1073741823:f6
1073741823,1073741823,1073741823,1073479679,1073725439,1073577983,1073643519,1073635327,1073610751,1073463295,1073741823,1073741823,1073741823,1073741823,1073741823:f6
1073741823,1073741823,1073741823,1073741823,1073725439,1072529407,1073643519,1073635327,1073610751,1073463295,1073741823,1073741823,1073741823,1073741823,1073741823:f6
1073741823,1073741823,1073741823,1073741823,1073725439,1073577983,1073643519,1072586751,1073610751,1073463295,1073741823,1073741823,1073741823,1073741823,1073741823:f6
1073741823,1073741823,1073741823,1073741823,1073724415,1073577983,1073643519,1073635327,1073610751,1073463295,1073741823,1073741823,1073741823,1073741823,1073741823:g6
1073741823,1073741823,1073741823,1073741823,1073463295,1073577983,1073643519,1073635327,1073610751,1073463295,1073741823,1073741823,1073741823,1073741823,1073741823:f6
1073741823,1073741823,1073741823,1073741823,1073725439,1073577983,1073643519,1073635327,1073610751,1073463295,1073741823,1073740799,1073741823,1073741823,1073741823:f6
1073741823,1073741823,1073741823,1073741823,1073725439,1073577983,1073643519,1073635327,1073610751,1073463295,1073725439,1073741823,1073741823,1073741823,1073741823:f6
1073741823,1073741823,1073741823,1073741823,1073725439,1073577983,1073643519,1073635327,1073610751,1073463039,1073741823,1073741823,1073741823,1073741823,1073741823:f6
1073741823,1073741823,1073741823,1073741823,1073725439,1073577983,1073643519,1073635327,1073609727,1073463295,1073741823,1073741823,1073741823,1073741823,1073741823:g6
1073741823,1073741823,1073741823,1073741567,1073725439,1073569791,1073643519,1073635327,1073609727,1073463295,1073741823,1073741823,1073741823,1073741823,1073741823:f6
1073741823,1073741823,1073741823,1073741823,1073725439,1073569791,1073643519,1073635327,1073609727,1073463295,1073741759,1073741823,1073741823,1073741823,1073741823:f6
1073741823,1073741823,1073741823,1073741823,1073725439,1073569791,1073643519,1073635327,1073609663,1073463295,1073741823,1073741823,1073741823,1073741823,1073741823:f6
1073741823,1073741823,1073741823,1073741823,1073725439,1073569791,1073643519,1073635327,1073609471,1073463295,1073741823,1073741823,1073741823,1073741823,1073741823:f6
1073741823,1073741823,1073741823,1073741823,1073725439,1073569791,1073643455,1073635327,1073609727,1073463295,1073741823,1073741823,1073741823,1073741823,1073741823:f6
1073741823,1073741823,1073741823,1073741823,1073725439,1073569791,1073643519,1073635327,1073609727,1073463295,1073740799,1073741823,1073741823,1073741823,1073741823:f6
1073741823,1073741823,1073741823,1072693247,1073725439,1073569791,1073643519,1073635327,1073609727,1073463295,1073741823,1073741823,1073741823,1073741823,1073741823:f6
1073741823,1073741823,1073740799,1073741823,1073725439,1073569791,1073643519,1073635327,1073609727,1073463295,1073741823,1073741823,1073741823,1073741823,1073741823:f6
1073741823,1073741823,1073741823,1073737727,1073725439,1073569791,1073643519,1073635327,1073609727,1073463295,1073741823,1073741823,1073741823,1073741823,1073741823:f6
1073741823,1073741823,1073725439,1073741823,1073725439,1073569791,1073643519,1073635327,1073609727,1073463295,1073741823,1073741823,1073741823,1073741823,1073741823:f6
1073741823,1073741823,1073479679,1073741823,1073725439,1073569791,1073643519,1073635327,1073609727,1073463295,1073741823,1073741823,1073741823,1073741823,1073741823:f6
1073741823,1073741823,1073741823,1073676287,1073725439,1073569791,1073643519,1073635327,1073609727,1073463295,1073741823,1073741823,1073741823,1073741823,1073741823:f6
1073741823,1073741823,1073741823,1073740799,1073725439,1073569791,1073643519,1073635327,1073609727,1073463295,1073741823,1073741823,1073741823,1073741823,1073741823:f6
1073741823,1073741823,1073741823,1073725439,1073725439,1073569791,1073643519,1073635327,1073609727,1073463295,1073741823,1073741823,1073741823,1073741823,1073741823:f6
1073741823,1073741823,1073741823,1073479679,1073725439,1073569791,1073643519,1073635327,1073609727,1073463295,1073741823,1073741823,1073741823,1073741823,1073741823:f6
1073741823,1073741823,1073741823,1073741823,1073725439,1072521215,1073643519,1073635327,1073609727,1073463295,1073741823,1073741823,1073741823,1073741823,1073741823:f6
1073741823,1073741823,1073741823,1073741823,1073725439,1073569791,1073643519,1072586751,1073609727,1073463295,1073741823,1073741823,1073741823,1073741823,1073741823:f6
1073741823,1073741823,1073741823,1073741823,1073724415,1073569791,1073643519,1073635327,1073609727,1073463295,1073741823,1073741823,1073741823,1073741823,1073741823:f6
1073741823,1073741823,1073741823,1073741823,1073463295,1073569791,1073643519,1073635327,1073609727,1073463295,1073741823,1073741823,1073741823,1073741823,1073741823:f6
1073741823,1073741823,1073741823,1073741823,1073725439,1073569791,1073643519,1073635327,1073609727,1073463295,1073741823,1073740799,1073741823,1073741823,1073741823:f6
1073741823,1073741823,1073741823,1073741823,1073725439,1073569791,1073643519,1073635327,1073609727,1073463295,1073725439,1073741823,1073741823,1073741823,1073741823:f6
1073741823,1073741823,1073741823,1073741823,1073725439,1073569791,1073643519,1073635327,1073609727,1073463039,1073741823,1073741823,1073741823,1073741823,1073741823:f6
1073741823,1073741823,1073741823,1073741823,1073725439,1073569791,1073643519,1073635071,1073609727,1073463295,1073741823,1073741823,1073741823,1073741823,1073741823:f6
1073741823,1073741823,1073741823,1073741823,1073725439,1073569535,1073643519,1073635327,1073609727,1073463295,1073741823,1073741823,1073741823,1073741823,1073741823:f6
1073741823,1073741823,1073741823,1073741823,1073725439,1073569791,1073642495,1073635327,1073609727,1073463295,1073741823,1073741823,1073741823,1073741823,1073741823:f6
1073741823,1073741823,1073741823,1073741823,1073725439,1073569791,1073643519,1073635327,1073609727,1073459199,1073741823,1073741823,1073741823,1073741823,1073741823:f6
1073741823,1073741823,1073741823,1073741823,1073725439,1073569791,1073643519,1073635327,1073609727,1073463295,1073741823,1073725439,1073741823,1073741823,1073741823:f6
1073741823,1073741823,1073741823,1073741823,1073725439,1073569791,1073643519,1069441023,1073609727,1073463295,1073741823,1073741823,1073741823,1073741823,1073741823:f6
1073741823,1073741823,1073741823,1073741823,1073725439,1073569791,1073643519,1073635327,1073609727,1069268991,1073741823,1073741823,1073741823,1073741823,1073741823:f6
1073741823,1073741823,1073741823,1073741823,1073725439,1073569791,1073643519,1073635327,1073609727,1072414719,1073741823,1073741823,1073741823,1073741823,1073741823:f6
1073741823,1073741823,1073741823,1073741823,1073725439,1073569791,1073643519,1073635327,1073609727,1073463295,1073741823,1069547519,1073741823,1073741823,1073741823:f6
1073741823,1073741823,1073741823,1073741823,1073725439,1073569791,1073643519,1073635327,1073609727,1073463295,1073741823,1073479679,1073741823,1073741823,1073741823:f6
1073741823,1073741823,1073741823,1073741823,1073725439,1073569791,1073643519,1073635327,1073609727,1073463295,1073479679,1073741823,1073741823,1073741823,1073741823:f6
1073741823,1073741823,1073741823,1073741823,1073725439,1073569791,1073643519,1073635327,1073609727,1073463295,1073737727,1073741823,1073741823,1073741823,1073741823:f6
1073741823,1073741823,1073741823,1073741823,1073725439,1073569791,1073643519,1073635327,1073347583,1073463295,1073741823,1073741823,1073741823,1073741823,1073741823:f6
1073741823,1073741823,1073741823,1073741823,1073725439,1073569791,1073643519,1073635327,1073609727,1073463295,1072693247,1073741823,1073741823,1073741823,1073741823:f6
1073741823,1073741823,1073741823,1073741823,1073725439,1073569791,1073643519,1073635327,1073609727,1073463295,1073676287,1073741823,1073741823,1073741823,1073741823:f6
1073741823,1073741823,1073741823,1073741823,1073725439,1073569791,1073643519,1073635327,1073609727,1073397759,1073741823,1073741823,1073741823,1073741823,1073741823:f6
1073741823,1073741823,1073741823,1073741823,1073721343,1073569791,1073643519,1073635327,1073609727,1073463295,1073741823,1073741823,1073741823,1073741823,1073741823:f6
1073741823,1073741823,1073741823,1073741823,1073659903,1073569791,1073643519,1073635327,1073609727,1073463295,1073741823,1073741823,1073741823,1073741823,1073741823:f6
1073741823,1073741823,1073741823,1073741823,1072676863,1073569791,1073643519,1073635327,1073609727,1073463295,1073741823,1073741823,1073741823,1073741823,1073741823:f6
1073741823,1073741823,1073741823,1073741823,1073725439,1073569791,1072594943,1073635327,1073609727,1073463295,1073741823,1073741823,1073741823,1073741823,1073741823:f6
1073741823,1073741823,1073741823,1073741823,1073725439,1073569791,1073381375,1073635327,1073609727,1073463295,1073741823,1073741823,1073741823,1073741823,1073741823:f6
1073741823,1073741823,1073741823,1073741823,1073725439,1073569791,1073643519,1073635327,1072561151,1073463295,1073741823,1073741823,1073741823,1073741823,1073741823:f6
1073741823,1073741823,1073741823,1073741823,1073725439,1073569791,1073643519,1073635327,1073609727,1073462271,1073741823,1073741823,1073741823,1073741823,1073741823:f6
1073741823,1073741823,1073741823,1073741823,1073725439,1073569791,1073643519,1073635327,1073605631,1073463295,1073741823,1073741823,1073741823,1073741823,1073741823:f6
1073741823,1073741823,1073741823,1073741823,1073725439,1073569791,1073643519,1073634303,1073609727,1073463295,1073741823,1073741823,1073741823,1073741823,1073741823:f6
1073741823,1073741823,1073741823,1073741823,1073725439,1073568767,1073643519,1073635327,1073609727,1073463295,1073741823,1073741823,1073741823,1073741823,1073741823:j6
1073741823,1073741823,1073741823,1073741823,1073725439,1073569791,1073639423,1073635327,1073609727,1073463295,1073741823,1073741823,1073741823,1073741823,1073741823:f6
1073741823,1073741823,1073741823,1073741823,1073725439,1073307647,1073643519,1073635327,1073609727,1073463295,1073741823,1073741823,1073741823,1073741823,1073741823:f6
1073741823,1073741823,1073741823,1073741823,1073725439,1073569791,1073643519,1073373183,1073609727,1073463295,1073741823,1073741823,1073741823,1073741823,1073741823:f6
1073741823,1073741823,1073741823,1073741823,1073725439,1073569791,1073643519,1073635327,1073593343,1073463295,1073741823,1073741823,1073741823,1073741823,1073741823:f6
1073741823,1073741823,1073741823,1073741823,1073725439,1073577983,1073643519,1073635071,1073610751,1073463295,1073741823,1073741823,1073741823,1073741823,1073741823:g6
1073741823,1073741823,1073741823,1073741823,1073725439,1073577727,1073643519,1073635327,1073610751,1073463295,1073741823,1073741823,1073741823,1073741823,1073741823:g6
1073741823,1073741823,1073741823,1073741823,1073725439,1073577983,1073642495,1073635327,1073610751,1073463295,1073741823,1073741823,1073741823,1073741823,1073741823:g6
1073741823,1073741823,1073741823,1073741823,1073725439,1073573887,1073643519,1073635327,1073610751,1073463295,1073741823,1073741823,1073741823,1073741823,1073741823:j5
1073741823,1073741823,1073741823,1073741823,1073725439,1073577983,1073643519,1073635327,1073610751,1073459199,1073741823,1073741823,1073741823,1073741823,1073741823:j5
1073741823,1073741823,1073741823,1073741823,1073725439,1073577983,1073643519,1073635327,1073610751,1073463295,1073741823,1073725439,1073741823,1073741823,1073741823:f6
1073741823,1073741823,1073741823,1073741823,1073725439,1073577983,1073643519,1069441023,1073610751,1073463295,1073741823,1073741823,1073741823,1073741823,1073741823:f6
1073741823,1073741823,1073741823,1073741823,1073725439,1073577983,1073643519,1073635327,1073610751,1069268991,1073741823,1073741823,1073741823,1073741823,1073741823:j5
1073741823,1073741823,1073741823,1073741823,1073725439,1073577983,1073643519,1073635327,1073610751,1072414719,1073741823,1073741823,1073741823,1073741823,1073741823:j5
1073741823,1073741823,1073741823,1073741823,1073725439,1073577983,1073643519,1073635327,1073610751,1073463295,1073741823,1069547519,1073741823,1073741823,1073741823:f6
1073741823,1073741823,1073741823,1073741823,1073725439,1073577983,1073643519,1073635327,1073610751,1073463295,1073741823,1073479679,1073741823,1073741823,1073741823:f6
1073741823,1073741823,1073741823,1073741823,1073725439,1073577983,1073643519,1073635327,1073610751,1073463295,1073479679,1073741823,1073741823,1073741823,1073741823:f6
1073741823,1073741823,1073741823,1073741823,1073725439,1073577983,1073643519,1073635327,1073610751,1073463295,1073737727,1073741823,1073741823,1073741823,1073741823:f6
1073741823,1073741823,1073741823,1073741823,1073725439,1073577983,1073643519,1073635327,1073348607,1073463295,1073741823,1073741823,1073741823,1073741823,1073741823:j5
1073741823,1073741823,1073741823,1073741823,1073725439,1073577983,1073643519,1073635327,1073610751,1073463295,1072693247,1073741823,1073741823,1073741823,1073741823:f6
1073741823,1073741823,1073741823,1073741823,1073725439,1073577983,1073643519,1073635327,1073610751,1073463295,1073676287,1073741823,1073741823,1073741823,1073741823:f6
1073741823,1073741823,1073741823,1073741823,1073725439,1073577983,1073643519,1073635327,1073610751,1073397759,1073741823,1073741823,1073741823,1073741823,1073741823:j5
1073741823,1073741823,1073741823,1073741823,1073721343,1073577983,1073643519,1073635327,1073610751,1073463295,1073741823,1073741823,1073741823,1073741823,1073741823:j5
1073741823,1073741823,1073741823,1073741823,1073659903,1073577983,1073643519,1073635327,1073610751,1073463295,1073741823,1073741823,1073741823,1073741823,1073741823:g6
1073741823,1073741823,1073741823,1073741823,1072676863,1073577983,1073643519,1073635327,1073610751,1073463295,1073741823,1073741823,1073741823,1073741823,1073741823:f6
1073741823,1073741823,1073741823,1073741823,1073725439,1073577983,1072594943,1073635327,1073610751,1073463295,1073741823,1073741823,1073741823,1073741823,1073741823:f6
1073741823,1073741823,1073741823,1073741823,1073725439,1073577983,1073381375,1073635327,1073610751,1073463295,1073741823,1073741823,1073741823,1073741823,1073741823:j5
1073741823,1073741823,1073741823,1073741823,1073725439,1073577983,1073643519,1073635327,1072562175,1073463295,1073741823,1073741823,1073741823,1073741823,1073741823:f6
1073741823,1073741823,1073741823,1073741823,1073725439,1073577983,1073643519,1073635327,1073610751,1073462271,1073741823,1073741823,1073741823,1073741823,1073741823:j5
1073741823,1073741823,1073741823,1073741823,1073725439,1073577983,1073643519,1073635327,1073606655,1073463295,1073741823,1073741823,1073741823,1073741823,1073741823:f6
1073741823,1073741823,1073741823,1073741823,1073725439,1073577983,1073643519,1073634303,1073610751,1073463295,1073741823,1073741823,1073741823,1073741823,1073741823:g6
1073741823,1073741823,1073741823,1073741823,1073725439,1073576959,1073643519,1073635327,1073610751,1073463295,1073741823,1073741823,1073741823,1073741823,1073741823:j5
1073741823,1073741823,1073741823,1073741823,1073725439,1073577983,1073639423,1073635327,1073610751,1073463295,1073741823,1073741823,1073741823,1073741823,1073741823:j5
1073741823,1073741823,1073741823,1073741823,1073725439,1073315839,1073643519,1073635327,1073610751,1073463295,1073741823,1073741823,1073741823,1073741823,1073741823:j5
1073741823,1073741823,1073741823,1073741823,1073725439,1073577983,1073643519,1073373183,1073610751,1073463295,1073741823,1073741823,1073741823,1073741823,1073741823:j5
1073741823,1073741823,1073741823,1073741823,1073725439,1073577983,1073643519,1073635327,1073594367,1073463295,1073741823,1073741823,1073741823,1073741823,1073741823:f6
1073741823,1073741823,1073741823,1073741823,1073479679,1073709055,1073643519,1073635327,1073610751,1073463295,1073741823,1073741823,1073741823,1073741823,1073741823:h5
1073741823,1073741823,1073741823,1073741823,1073741823,1073709055,1073643519,1073635327,1073610751,1073463295,1073741823,1073740799,1073741823,1073741823,1073741823:h5
1073741823,1073741823,1073741823,1073741823,1073741823,1073709055,1073643519,1073635327,1073610751,1073463295,1073725439,1073741823,1073741823,1073741823,1073741823:h5
1073741823,1073741823,1073741823,1073741823,1073741823,1073709055,1073643519,1073635327,1073610751,1073463039,1073741823,1073741823,1073741823,1073741823,1073741823:h5
1073741823,1073741823,1073741823,1073741823,1073741823,1073709055,1073643519,1073635327,1073609727,1073463295,1073741823,1073741823,1073741823,1073741823,1073741823:h5
1073741823,1073741823,1073741823,1073741823,1073741823,1073709055,1073643519,1073635071,1073610751,1073463295,1073741823,1073741823,1073741823,1073741823,1073741823:h5
1073741823,1073741823,1073741823,1073741823,1073741823,1073708799,1073643519,1073635327,1073610751,1073463295,1073741823,1073741823,1073741823,1073741823,1073741823:h5
1073741823,1073741823,1073741823,1073741823,1073741823,1073709055,1073642495,1073635327,1073610751,1073463295,1073741823,1073741823,1073741823,1073741823,1073741823:h5
1073741823,1073741823,1073741823,1073741823,1073741823,1073704959,1073643519,1073635327,1073610751,1073463295,1073741823,1073741823,1073741823,1073741823,1073741823:h5
1073741823,1073741823,1073741823,1073741823,1073741823,1073709055,1073643519,1073635327,1073610751,1073459199,1073741823,1073741823,1073741823,1073741823,1073741823:h5
1073741823,1073741823,1073741823,1073741823,1073741823,1073709055,1073643519,1073635327,1073610751,1073463295,1073741823,1073725439,1073741823,1073741823,1073741823:h5
1073741823,1073741823,1073741823,1073741823,1073741823,1073709055,1073643519,1069441023,1073610751,1073463295,1073741823,1073741823,1073741823,1073741823,1073741823:h5
1073741823,1073741823,1073741823,1073741823,1073741823,1073709055,1073643519,1073635327,1073610751,1069268991,1073741823,1073741823,1073741823,1073741823,1073741823:h5
1073741823,1073741823,1073741823,1073741823,1073741823,1073709055,1073643519,1073635327,1073610751,1072414719,1073741823,1073741823,1073741823,1073741823,1073741823:h5
1073741823,1073741823,1073741823,1073741823,1073741823,1073709055,1073643519,1073635327,1073610751,1073463295,1073741823,1069547519,1073741823,1073741823,1073741823:h5
1073741823,1073741823,1073741823,1073741823,1073741823,1073709055,1073643519,1073635327,1073610751,1073463295,1073741823,1073479679,1073741823,1073741823,1073741823:h5
1073741823,1073741823,1073741823,1073741823,1073741823,1073709055,1073643519,1073635327,1073610751,1073463295,1073479679,1073741823,1073741823,1073741823,1073741823:h5
1073741823,1073741823,1073741823,1073741823,1073741823,1073709055,1073643519,1073635327,1073610751,1073463295,1073737727,1073741823,1073741823,1073741823,1073741823:h5
1073741823,1073741823,1073741823,1073741823,1073741823,1073709055,1073643519,1073635327,1073348607,1073463295,1073741823,1073741823,1073741823,1073741823,1073741823:h5
1073741823,1073741823,1073741823,1073741823,1073741823,1073709055,1073643519,1073635327,1073610751,1073463295,1072693247,1073741823,1073741823,1073741823,1073741823:h5
1073741823,1073741823,1073741823,1073741823,1073741823,1073709055,1073643519,1073635327,1073610751,1073463295,1073676287,1073741823,1073741823,1073741823,1073741823:h5
1073741823,1073741823,1073741823,1073741823,1073741823,1073709055,1073643519,1073635327,1073610751,1073397759,1073741823,1073741823,1073741823,1073741823,1073741823:h5
1073741823,1073741823,1073741823,1073741823,1073737727,1073709055,1073643519,1073635327,1073610751,1073463295,1073741823,1073741823,1073741823,1073741823,1073741823:h5
1073741823,1073741823,1073741823,1073741823,1073676287,1073709055,1073643519,1073635327,1073610751,1073463295,1073741823,1073741823,1073741823,1073741823,1073741823:h5
1073741823,1073741823,1073741823,1073741823,1073741823,1073643519,1073643519,1073635327,1073610751,1073463295,1073741823,1073741823,1073741823,1073741823,1073741823:h5
1073741823,1073741823,1073741823,1073741823,1072693247,1073709055,1073643519,1073635327,1073610751,1073463295,1073741823,1073741823,1073741823,1073741823,1073741823:h5
1073741823,1073741823,1073741823,1073741823,1073741823,1073709055,1072594943,1073635327,1073610751,1073463295,1073741823,1073741823,1073741823,1073741823,1073741823:h5
1073741823,1073741823,1073741823,1073741823,1073741823,1073709055,1073381375,1073635327,1073610751,1073463295,1073741823,1073741823,1073741823,1073741823,1073741823:h5
1073741823,1073741823,1073741823,1073741823,1073741823,1073709055,1073643519,1073635327,1072562175,1073463295,1073741823,1073741823,1073741823,1073741823,1073741823:h5
1073741823,1073741823,1073741823,1073741823,1073741823,1073709055,1073643519,1073635327,1073610751,1073462271,1073741823,1073741823,1073741823,1073741823,1073741823:h5
1073741823,1073741823,1073741823,1073741823,1073741823,1073709055,1073643519,1073635327,1073606655,1073463295,1073741823,1073741823,1073741823,1073741823,1073741823:h5
1073741823,1073741823,1073741823,1073741823,1073741823,1073709055,1073643519,1073634303,1073610751,1073463295,1073741823,1073741823,1073741823,1073741823,1073741823:h5
1073741823,1073741823,1073741823,1073741823,1073741823,1073708031,1073643519,1073635327,1073610751,1073463295,1073741823,1073741823,1073741823,1073741823,1073741823:h5
1073741823,1073741823,1073741823,1073741823,1073741823,1073709055,1073639423,1073635327,1073610751,1073463295,1073741823,1073741823,1073741823,1073741823,1073741823:h5
1073741823,1073741823,1073741823,1073741823,1073741823,1073446911,1073643519,1073635327,1073610751,1073463295,1073741823,1073741823,1073741823,1073741823,1073741823:h5
1073741823,1073741823,1073741823,1073741823,1073741823,1073709055,1073643519,1073373183,1073610751,1073463295,1073741823,1073741823,1073741823,1073741823,1073741823:h5
1073741823,1073741823,1073741823,1073741823,1073741823,1073709055,1073643519,1073635327,1073594367,1073463295,1073741823,1073741823,1073741823,1073741823,1073741823:i6
1073741823,1073741823,1073741823,1073737727,1073741823,1073577983,1073643519,1073635327,1073594367,1073463295,1073741823,1073741823,1073741823,1073741823,1073741823:f6
1073741823,1073741823,1073741823,1073676287,1073741823,1073577983,1073643519,1073635327,1073594367,1073463295,1073741823,1073741823,1073741823,1073741823,1073741823:f6
1073741823,1073741823,1073741823,1072693247,1073741823,1073577983,1073643519,1073635327,1073594367,1073463295,1073741823,1073741823,1073741823,1073741823,1073741823:f6
1073741823,1073741823,1073741823,1073741823,1073741823,1073577983,1073643519,1073635327,1073594367,1073463295,1073740799,1073741823,1073741823,1073741823,1073741823:j5
1073741823,1073741823,1073741823,1073740799,1073741823,1073577983,1073643519,1073635327,1073594367,1073463295,1073741823,1073741823,1073741823,1073741823,1073741823:f6
1073741823,1073741823,1073741823,1073725439,1073741823,1073577983,1073643519,1073635327,1073594367,1073463295,1073741823,1073741823,1073741823,1073741823,1073741823:f6
1073741823,1073741823,1073741823,1073479679,1073741823,1073577983,1073643519,1073635327,1073594367,1073463295,1073741823,1073741823,1073741823,1073741823,1073741823:f6
1073741823,1073741823,1073741823,1073741823,1073741823,1072529407,1073643519,1073635327,1073594367,1073463295,1073741823,1073741823,1073741823,1073741823,1073741823:j5
1073741823,1073741823,1073741823,1073741823,1073741823,1073577983,1073643519,1072586751,1073594367,1073463295,1073741823,1073741823,1073741823,1073741823,1073741823:f6
1073741823,1073741823,1073741823,1073741823,1073740799,1073577983,1073643519,1073635327,1073594367,1073463295,1073741823,1073741823,1073741823,1073741823,1073741823:j5
1073741823,1073741823,1073741823,1073741823,1073725439,1073577983,1073643519,1073635327,1073594367,1073463295,1073741823,1073741823,1073741823,1073741823,1073741823:f6
1073741823,1073741823,1073741823,1073741823,1073479679,1073577983,1073643519,1073635327,1073594367,1073463295,1073741823,1073741823,1073741823,1073741823,1073741823:f6
1073741823,1073741823,1073741823,1073741823,1073741823,1073577983,1073643519,1073635327,1073594367,1073463295,1073741823,1073740799,1073741823,1073741823,1073741823:f6
1073741823,1073741823,1073741823,1073741823,1073741823,1073577983,1073643519,1073635327,1073594367,1073463295,1073725439,1073741823,1073741823,1073741823,1073741823:j5
1073741823,1073741823,1073741823,1073741823,1073741823,1073577983,1073643519,1073635327,1073594367,1073463039,1073741823,1073741823,1073741823,1073741823,1073741823:f6
1073741823,1073741823,1073741823,1073741823,1073741823,1073577983,1073643519,1073635327,1073593343,1073463295,1073741823,1073741823,1073741823,1073741823,1073741823:f6
1073741823,1073741823,1073741823,1073741823,1073741823,1073577983,1073643519,1073635071,1073594367,1073463295,1073741823,1073741823,1073741823,1073741823,1073741823:j5
1073741823,1073741823,1073741823,1073741823,1073741823,1073577727,1073643519,1073635327,1073594367,1073463295,1073741823,1073741823,1073741823,1073741823,1073741823:j5
1073741823,1073741823,1073741823,1073741823,1073741823,1073577983,1073642495,1073635327,1073594367,1073463295,1073741823,1073741823,1073741823,1073741823,1073741823:j5
1073741823,1073741823,1073741823,1073741823,1073741823,1073573887,1073643519,1073635327,1073594367,1073463295,1073741823,1073741823,1073741823,1073741823,1073741823:j5
1073741823,1073741823,1073741823,1073741823,1073741823,1073577983,1073643519,1073635327,1073594367,1073459199,1073741823,1073741823,1073741823,1073741823,1073741823:j5
1073741823,1073741823,1073741823,1073741823,1073741823,1073577983,1073643519,1073635327,1073594367,1073463295,1073741823,1073725439,1073741823,1073741823,1073741823:f6
1073741823,1073741823,1073741823,1073741823,1073741823,1073577983,1073643519,1069441023,1073594367,1073463295,1073741823,1073741823,1073741823,1073741823,1073741823:f6
1073741823,1073741823,1073741823,1073741823,1073741823,1073577983,1073643519,1073635327,1073594367,1069268991,1073741823,1073741823,1073741823,1073741823,1073741823:j5
1073741823,1073741823,1073741823,1073741823,1073741823,1073577983,1073643519,1073635327,1073594367,1072414719,1073741823,1073741823,1073741823,1073741823,1073741823:j5
1073741823,1073741823,1073741823,1073741823,1073741823,1073577983,1073643519,1073635327,1073594367,1073463295,1073741823,1069547519,1073741823,1073741823,1073741823:f6
1073741823,1073741823,1073741823,1073741823,1073741823,1073577983,1073643519,1073635327,1073594367,1073463295,1073741823,1073479679,1073741823,1073741823,1073741823:f6
1073741823,1073741823,1073741823,1073741823,1073741823,1073577983,1073643519,1073635327,1073594367,1073463295,1073479679,1073741823,1073741823,1073741823,1073741823:f6
1073741823,1073741823,1073741823,1073741823,1073741823,1073577983,1073643519,1073635327,1073594367,1073463295,1073737727,1073741823,1073741823,1073741823,1073741823:f6
1073741823,1073741823,1073741823,1073741823,1073741823,1073577983,1073643519,1073635327,1073332223,1073463295,1073741823,1073741823,1073741823,1073741823,1073741823:j5
1073741823,1073741823,1073741823,1073741823,1073741823,1073577983,1073643519,1073635327,1073594367,1073463295,1072693247,1073741823,1073741823,1073741823,1073741823:f6
1073741823,1073741823,1073741823,1073741823,1073741823,1073577983,1073643519,1073635327,1073594367,1073463295,1073676287,1073741823,1073741823,1073741823,1073741823:f6
1073741823,1073741823,1073741823,1073741823,1073741823,1073577983,1073643519,1073635327,1073594367,1073397759,1073741823,1073741823,1073741823,1073741823,1073741823:j5
1073741823,1073741823,1073741823,1073741823,1073737727,1073577983,1073643519,1073635327,1073594367,1073463295,1073741823,1073741823,1073741823,1073741823,1073741823:f6
1073741823,1073741823,1073741823,1073741823,1073676287,1073577983,1073643519,1073635327,1073594367,1073463295,1073741823,1073741823,1073741823,1073741823,1073741823:j5
1073741823,1073741823,1073741823,1073741823,1072693247,1073577983,1073643519,1073635327,1073594367,1073463295,1073741823,1073741823,1073741823,1073741823,1073741823:f6
1073741823,1073741823,1073741823,1073741823,1073741823,1073577983,1072594943,1073635327,1073594367,1073463295,1073741823,1073741823,1073741823,1073741823,1073741823:f6
1073741823,1073741823,1073741823,1073741823,1073741823,1073577983,1073381375,1073635327,1073594367,1073463295,1073741823,1073741823,1073741823,1073741823,1073741823:j5
1073741823,1073741823,1073741823,1073741823,1073741823,1073577983,1073643519,1073635327,1072545791,1073463295,1073741823,1073741823,1073741823,1073741823,1073741823:f6
1073741823,1073741823,1073741823,1073741823,1073741823,1073577983,1073643519,1073635327,1073594367,1073462271,1073741823,1073741823,1073741823,1073741823,1073741823:j5
1073741823,1073741823,1073741823,1073741823,1073741823,1073577983,1073643519,1073635327,1073590271,1073463295,1073741823,1073741823,1073741823,1073741823,1073741823:f6
1073741823,1073741823,1073741823,1073741823,1073741823,1073577983,1073643519,1073634303,1073594367,1073463295,1073741823,1073741823,1073741823,1073741823,1073741823:j5
1073741823,1073741823,1073741823,1073741823,1073741823,1073576959,1073643519,1073635327,1073594367,1073463295,1073741823,1073741823,1073741823,1073741823,1073741823:j5
1073741823,1073741823,1073741823,1073741823,1073741823,1073577983,1073639423,1073635327,1073594367,1073463295,1073741823,1073741823,1073741823,1073741823,1073741823:j5
1073741823,1073741823,1073741823,1073741823,1073741823,1073315839,1073643519,1073635327,1073594367,1073463295,1073741823,1073741823,1073741823,1073741823,1073741823:j5
1073741823,1073741823,1073741823,1073741823,1073741823,1073577983,1073643519,1073373183,1073594367,1073463295,1073741823,1073741823,1073741823,1073741823,1073741823:j5
