1073741823,1073741823,1073741823,1073741823,1073741823,1073741823,1072545791,1073700863,1073741823,1073479679,1073741823,1073741823,1073741823,1073741823,1073741823:g6
1073741823,1073741823,1073741823,1073741567,1073741823,1073733631,1072545791,1073700863,1073741823,1073479679,1073741823,1073741823,1073741823,1073741823,1073741823:g5
1073741823,1073741823,1073741823,1073737727,1073741823,1073733631,1072545791,1073700863,1073741823,1073479679,1073741823,1073741823,1073741823,1073741823,1073741823:g7
1073741823,1073741823,1073741823,1073676287,1073741823,1073733631,1072545791,1073700863,1073741823,1073479679,1073741823,1073741823,1073741823,1073741823,1073741823:g5
1073741823,1073741823,1073741823,1073741823,1073741823,1072685055,1072545791,1073700863,1073741823,1073479679,1073741823,1073741823,1073741823,1073741823,1073741823:g5
1073741823,1073741823,1073741823,1073741823,1056964607,1073733631,1072545791,1073700863,1073741823,1073479679,1073741823,1073741823,1073741823,1073741823,1073741823:g5
1073741823,1073741823,1073741823,1073741823,1073741823,1069539327,1072545791,1073700863,1073741823,1073479679,1073741823,1073741823,1073741823,1073741823,1073741823:g5
1073741823,1073741823,1073741823,1073741823,1073741823,1073733631,1055768575,1073700863,1073741823,1073479679,1073741823,1073741823,1073741823,1073741823,1073741823:g5
1073741823,1073741823,1073741823,1073741823,1073741823,1073733631,1068351487,1073700863,1073741823,1073479679,1073741823,1073741823,1073741823,1073741823,1073741823:g5
1073741823,1073741823,1073741823,1073741823,1073741823,1073733631,1072545791,1073700863,1056964607,1073479679,1073741823,1073741823,1073741823,1073741823,1073741823:g5
1073741823,1073741823,1073741823,1073741823,1073741823,1073733631,1072545791,1072652287,1073741823,1073479679,1073741823,1073741823,1073741823,1073741823,1073741823:g7
1073741823,1073741823,1073741823,1073741823,1073741823,1073733631,1072545791,1073700863,1073741823,1073479423,1073741823,1073741823,1073741823,1073741823,1073741823:g5
1073741823,1073741823,1073741823,1073741823,1073741823,1073733631,1072545791,1073700607,1073741823,1073479679,1073741823,1073741823,1073741823,1073741823,1073741823:g5
1073741823,1073741823,1073741823,1073741823,1073741823,1073733375,1072545791,1073700863,1073741823,1073479679,1073741823,1073741823,1073741823,1073741823,1073741823:g5
1073741823,1073741823,1073741823,1073741823,1073741823,1073733631,1072545791,1073700863,1073741823,1073475583,1073741823,1073741823,1073741823,1073741823,1073741823:g5
1073741823,1073741823,1073741823,1073741823,1073741823,1073733631,1072545791,1073700863,1073741823,1073479679,1073741823,1073725439,1073741823,1073741823,1073741823:g5
1073741823,1073741823,1073741823,1073741823,1073741823,1073733631,1072545791,1073700863,1073741823,1073479679,1073676287,1073741823,1073741823,1073741823,1073741823:g5
1073741823,1073741823,1073741823,1073741823,1073741823,1073733631,1072545791,1073700863,1073741823,1073414143,1073741823,1073741823,1073741823,1073741823,1073741823:g5
1073741823,1073741823,1073741823,1073741823,1073741823,1073733631,1072545791,1069506559,1073741823,1073479679,1073741823,1073741823,1073741823,1073741823,1073741823:g5
1073741823,1073741823,1073741823,1073741823,1073741823,1073733631,1072545791,1073700863,1073741823,1069285375,1073741823,1073741823,1073741823,1073741823,1073741823:g5
1073741823,1073741823,1073741823,1073741823,1073741823,1073733631,1072545791,1073700863,1073741823,1072431103,1073741823,1073741823,1073741823,1073741823,1073741823:g5
1073741823,1073741823,1073741823,1073741823,1073741823,1073733631,1072545791,1073700863,1073741823,1073479679,1073741823,1069547519,1073741823,1073741823,1073741823:g5
1073741823,1073741823,1073741823,1073741823,1073741823,1073733631,1072545791,1073700863,1073741823,1073479679,1072693247,1073741823,1073741823,1073741823,1073741823:g5
1073741823,1073741823,1073741823,1073741823,1073741823,1073733631,1072545791,1073700863,1073741823,1073479679,1073741823,1073479679,1073741823,1073741823,1073741823:g5
1073741823,1073741823,1073741823,1073741823,1073741823,1073733631,1072545791,1073700863,1073741823,1073479679,1073479679,1073741823,1073741823,1073741823,1073741823:g5
1073741823,1073741823,1073741823,1073741823,1073737727,1073733631,1072545791,1073700863,1073741823,1073479679,1073741823,1073741823,1073741823,1073741823,1073741823:i8
1073741823,1073741823,1073741823,1073741823,1073737727,1073733631,1072545535,1073569791,1073741823,1073479679,1073741823,1073741823,1073741823,1073741823,1073741823:i6
1073741823,1073741823,1073741823,1073741823,1073737471,1073733631,1072545791,1073569791,1073741823,1073479679,1073741823,1073741823,1073741823,1073741823,1073741823:i10
1073741823,1073741823,1073741567,1073741823,1073737727,1073733631,1072545791,1073569791,1073741823,1073479679,1073741823,1073741823,1073741823,1073741823,1073741823:i6
1073741823,1073741823,1073741823,1073740799,1073737727,1073733631,1072545791,1073569791,1073741823,1073479679,1073741823,1073741823,1073741823,1073741823,1073741823:i6
1073741823,1073741823,1073737727,1073741823,1073737727,1073733631,1072545791,1073569791,1073741823,1073479679,1073741823,1073741823,1073741823,1073741823,1073741823:i6
1073741823,1073741823,1073676287,1073741823,1073737727,1073733631,1072545791,1073569791,1073741823,1073479679,1073741823,1073741823,1073741823,1073741823,1073741823:i6
1073741823,1073741823,1073741823,1073725439,1073737727,1073733631,1072545791,1073569791,1073741823,1073479679,1073741823,1073741823,1073741823,1073741823,1073741823:i6
1073741823,1073741823,1073741823,1073741567,1073737727,1073733631,1072545791,1073569791,1073741823,1073479679,1073741823,1073741823,1073741823,1073741823,1073741823:i6
1073741823,1073741823,1073741823,1073737727,1073737727,1073733631,1072545791,1073569791,1073741823,1073479679,1073741823,1073741823,1073741823,1073741823,1073741823:i6
1073741823,1073741823,1073741823,1073676287,1073737727,1073733631,1072545791,1073569791,1073741823,1073479679,1073741823,1073741823,1073741823,1073741823,1073741823:i6
1073741823,1073741823,1073741823,1073741823,1073737727,1072685055,1072545791,1073569791,1073741823,1073479679,1073741823,1073741823,1073741823,1073741823,1073741823:i10
1073741823,1073741823,1073741823,1073741823,1056960511,1073733631,1072545791,1073569791,1073741823,1073479679,1073741823,1073741823,1073741823,1073741823,1073741823:j6
1073741823,1073741823,1073741823,1073741823,1073737727,1069539327,1072545791,1073569791,1073741823,1073479679,1073741823,1073741823,1073741823,1073741823,1073741823:j6
1073741823,1073741823,1073741823,1073741823,1073737727,1073733631,1055768575,1073569791,1073741823,1073479679,1073741823,1073741823,1073741823,1073741823,1073741823:i6
1073741823,1073741823,1073741823,1073741823,1073737727,1073733631,1068351487,1073569791,1073741823,1073479679,1073741823,1073741823,1073741823,1073741823,1073741823:i6
1073741823,1073741823,1073741823,1073741823,1073737727,1073733631,1072545791,1073569791,1056964607,1073479679,1073741823,1073741823,1073741823,1073741823,1073741823:i6
1073741823,1073741823,1073741823,1073741823,1073737727,1073733631,1072545791,1072521215,1073741823,1073479679,1073741823,1073741823,1073741823,1073741823,1073741823:i6
1073741823,1073741823,1073741823,1073741823,1073737727,1073733631,1072545791,1073569791,1073741823,1073479423,1073741823,1073741823,1073741823,1073741823,1073741823:i6
1073741823,1073741823,1073741823,1073741823,1073737727,1073733631,1072545791,1073569535,1073741823,1073479679,1073741823,1073741823,1073741823,1073741823,1073741823:i6
1073741823,1073741823,1073741823,1073741823,1073737727,1073733375,1072545791,1073569791,1073741823,1073479679,1073741823,1073741823,1073741823,1073741823,1073741823:i6
1073741823,1073741823,1073741823,1073741823,1073737727,1073733631,1072545791,1073569791,1073741823,1073475583,1073741823,1073741823,1073741823,1073741823,1073741823:i6
1073741823,1073741823,1073741823,1073741823,1073737727,1073733631,1072545791,1073569791,1073741823,1073479679,1073741823,1073725439,1073741823,1073741823,1073741823:i6
1073741823,1073741823,1073741823,1073741823,1073737727,1073733631,1072545791,1073569791,1073741823,1073479679,1073676287,1073741823,1073741823,1073741823,1073741823:i6
1073741823,1073741823,1073741823,1073741823,1073737727,1073733631,1072545791,1073569791,1073741823,1073414143,1073741823,1073741823,1073741823,1073741823,1073741823:i6
1073741823,1073741823,1073741823,1073741823,1073737727,1073733631,1072545791,1069375487,1073741823,1073479679,1073741823,1073741823,1073741823,1073741823,1073741823:i6
1073741823,1073741823,1073741823,1073741823,1073737727,1073733631,1072545791,1073569791,1073741823,1069285375,1073741823,1073741823,1073741823,1073741823,1073741823:i6
1073741823,1073741823,1073741823,1073741823,1073737727,1073733631,1072545791,1073569791,1073741823,1072431103,1073741823,1073741823,1073741823,1073741823,1073741823:i6
1073741823,1073741823,1073741823,1073741823,1073737727,1073733631,1072545791,1073569791,1073741823,1073479679,1073741823,1069547519,1073741823,1073741823,1073741823:i6
1073741823,1073741823,1073741823,1073741823,1073737727,1073733631,1072545791,1073569791,1073741823,1073479679,1072693247,1073741823,1073741823,1073741823,1073741823:i6
1073741823,1073741823,1073741823,1073741823,1073737727,1073733631,1072545791,1073569791,1073741823,1073479679,1073741823,1073479679,1073741823,1073741823,1073741823:i6
1073741823,1073741823,1073741823,1073741823,1073737727,1073733631,1072545791,1073569791,1073741823,1073479679,1073479679,1073741823,1073741823,1073741823,1073741823:i6
1073741823,1073741823,1073741823,1073741823,1073672191,1073733631,1072545791,1073569791,1073741823,1073479679,1073741823,1073741823,1073741823,1073741823,1073741823:i10
1073741823,1073741823,1073741823,1073741823,1072689151,1073733631,1072545791,1073569791,1073741823,1073479679,1073741823,1073741823,1073741823,1073741823,1073741823:i10
1073741823,1073741823,1073741823,1073741823,1073737727,1073733631,1072545791,1073569791,1072693247,1073479679,1073741823,1073741823,1073741823,1073741823,1073741823:i6
1073741823,1073741823,1073741823,1073741823,1073737727,1073733631,1072545791,1073569791,1073740799,1073479679,1073741823,1073741823,1073741823,1073741823,1073741823:i6
1073741823,1073741823,1073741823,1073741823,1073737727,1073733631,1072544767,1073569791,1073741823,1073479679,1073741823,1073741823,1073741823,1073741823,1073741823:i6
1073741823,1073741823,1073741823,1073741823,1073736703,1073733631,1072545791,1073569791,1073741823,1073479679,1073741823,1073741823,1073741823,1073741823,1073741823:i10
1073741823,1073741823,1073741823,1073741823,1073721343,1073733631,1072545791,1073569791,1073741823,1073479679,1073741823,1073741823,1073741823,1073741823,1073741823:i10
1073741823,1073741823,1073741823,1073741823,1073475583,1073733631,1072545791,1073569791,1073741823,1073479679,1073741823,1073741823,1073741823,1073741823,1073741823:f8
1073741823,1073741823,1073741823,1073741823,1073737727,1073668095,1072545791,1073569791,1073741823,1073479679,1073741823,1073741823,1073741823,1073741823,1073741823:f8
1073741823,1073741823,1073741823,1073741823,1073737727,1073733631,1072283647,1073569791,1073741823,1073479679,1073741823,1073741823,1073741823,1073741823,1073741823:i6
1073741823,1073741823,1073741823,1073741823,1073737727,1073733631,1072545791,1073569791,1073479679,1073479679,1073741823,1073741823,1073741823,1073741823,1073741823:i6
1073741823,1073741823,1073741823,1073741823,1073737727,1073733631,1072545791,1073569791,1073741823,1073478655,1073741823,1073741823,1073741823,1073741823,1073741823:i6
1073741823,1073741823,1073741823,1073741823,1073737727,1073733631,1072545791,1073569791,1073737727,1073479679,1073741823,1073741823,1073741823,1073741823,1073741823:i10
1073741823,1073741823,1073741823,1073741823,1073737727,1073733631,1072545791,1073568767,1073741823,1073479679,1073741823,1073741823,1073741823,1073741823,1073741823:i6
1073741823,1073741823,1073741823,1073741823,1073737727,1073732607,1072545791,1073569791,1073741823,1073479679,1073741823,1073741823,1073741823,1073741823,1073741823:i10
1073741823,1073741823,1073741823,1073741823,1073737727,1073733631,1072541695,1073569791,1073741823,1073479679,1073741823,1073741823,1073741823,1073741823,1073741823:i6
1073741823,1073741823,1073741823,1073741823,1073737727,1073717247,1072545791,1073569791,1073741823,1073479679,1073741823,1073741823,1073741823,1073741823,1073741823:i10
1073741823,1073741823,1073741823,1073741823,1073737727,1073471487,1072545791,1073569791,1073741823,1073479679,1073741823,1073741823,1073741823,1073741823,1073741823:i10
1073741823,1073741823,1073741823,1073741823,1073737727,1073733631,1072545791,1073307647,1073741823,1073479679,1073741823,1073741823,1073741823,1073741823,1073741823:j6
1073741823,1073741823,1073741823,1073741823,1073737727,1073733631,1072545791,1073569791,1073676287,1073479679,1073741823,1073741823,1073741823,1073741823,1073741823:f8
1073741823,1073741823,1073741823,1073741823,1073737727,1073733631,1072545791,1073569791,1073741823,1073463295,1073741823,1073741823,1073741823,1073741823,1073741823:j6
1073741823,1073741823,1073741823,1073741823,1073737727,1073733631,1072545791,1073569791,1073725439,1073479679,1073741823,1073741823,1073741823,1073741823,1073741823:i6
1073741823,1073741823,1073741823,1073741823,1073676287,1073733631,1072545791,1073700863,1073741823,1073479679,1073741823,1073741823,1073741823,1073741823,1073741823:g5
1073741823,1073741823,1073741823,1073741823,1072693247,1073733631,1072545791,1073700863,1073741823,1073479679,1073741823,1073741823,1073741823,1073741823,1073741823:g5
1073741823,1073741823,1073741823,1073741823,1073741823,1073733631,1072545791,1073700863,1072693247,1073479679,1073741823,1073741823,1073741823,1073741823,1073741823:g9
1073741823,1073741823,1073741823,1073741823,1073741823,1073733631,1072545791,1073700863,1073740799,1073479679,1073741823,1073741823,1073741823,1073741823,1073741823:g5
1073741823,1073741823,1073741823,1073741823,1073741823,1073733631,1072544767,1073700863,1073741823,1073479679,1073741823,1073741823,1073741823,1073741823,1073741823:g7
1073741823,1073741823,1073741823,1073741823,1073740799,1073733631,1072545791,1073700863,1073741823,1073479679,1073741823,1073741823,1073741823,1073741823,1073741823:g5
1073741823,1073741823,1073741823,1073741823,1073725439,1073733631,1072545791,1073700863,1073741823,1073479679,1073741823,1073741823,1073741823,1073741823,1073741823:g5
1073741823,1073741823,1073741823,1073741823,1073479679,1073733631,1072545791,1073700863,1073741823,1073479679,1073741823,1073741823,1073741823,1073741823,1073741823:g5
1073741823,1073741823,1073741823,1073741823,1073741823,1073668095,1072545791,1073700863,1073741823,1073479679,1073741823,1073741823,1073741823,1073741823,1073741823:g5
1073741823,1073741823,1073741823,1073741823,1073741823,1073733631,1072283647,1073700863,1073741823,1073479679,1073741823,1073741823,1073741823,1073741823,1073741823:g5
1073741823,1073741823,1073741823,1073741823,1073741823,1073733631,1072545791,1073700863,1073479679,1073479679,1073741823,1073741823,1073741823,1073741823,1073741823:g5
1073741823,1073741823,1073741823,1073741823,1073741823,1073733631,1072545791,1073700863,1073741823,1073478655,1073741823,1073741823,1073741823,1073741823,1073741823:g5
1073741823,1073741823,1073741823,1073741823,1073741823,1073733631,1072545791,1073700863,1073737727,1073479679,1073741823,1073741823,1073741823,1073741823,1073741823:i8
1073741823,1073741823,1073741823,1073741823,1073741823,1073733631,1072545791,1073569791,1073737727,1073479679,1073741567,1073741823,1073741823,1073741823,1073741823:i6
1073741823,1073741823,1073741823,1073741823,1073741823,1073733631,1072545791,1073569791,1073737471,1073479679,1073741823,1073741823,1073741823,1073741823,1073741823:f8
1073741823,1073741823,1073741823,1073741823,1073741823,1073733631,1072545535,1073569791,1073737727,1073479679,1073741823,1073741823,1073741823,1073741823,1073741823:i6
1073741823,1073741823,1073741823,1073741823,1073741823,1073733631,1072545791,1073569791,1073737727,1073479679,1073737727,1073741823,1073741823,1073741823,1073741823:f8
1073741823,1073741823,1073741823,1073741567,1073741823,1073733631,1072545791,1073569791,1073737727,1073479679,1073741823,1073741823,1073741823,1073741823,1073741823:i6
1073741823,1073741823,1073741823,1073737727,1073741823,1073733631,1072545791,1073569791,1073737727,1073479679,1073741823,1073741823,1073741823,1073741823,1073741823:i6
1073741823,1073741823,1073741823,1073676287,1073741823,1073733631,1072545791,1073569791,1073737727,1073479679,1073741823,1073741823,1073741823,1073741823,1073741823:i6
1073741823,1073741823,1073741823,1073741823,1073741823,1072685055,1072545791,1073569791,1073737727,1073479679,1073741823,1073741823,1073741823,1073741823,1073741823:i6
1073741823,1073741823,1073741823,1073741823,1056964607,1073733631,1072545791,1073569791,1073737727,1073479679,1073741823,1073741823,1073741823,1073741823,1073741823:f8
1073741823,1073741823,1073741823,1073741823,1073741823,1069539327,1072545791,1073569791,1073737727,1073479679,1073741823,1073741823,1073741823,1073741823,1073741823:f8
1073741823,1073741823,1073741823,1073741823,1073741823,1073733631,1055768575,1073569791,1073737727,1073479679,1073741823,1073741823,1073741823,1073741823,1073741823:i6
1073741823,1073741823,1073741823,1073741823,1073741823,1073733631,1068351487,1073569791,1073737727,1073479679,1073741823,1073741823,1073741823,1073741823,1073741823:i6
1073741823,1073741823,1073741823,1073741823,1073741823,1073733631,1072545791,1073569791,1056960511,1073479679,1073741823,1073741823,1073741823,1073741823,1073741823:i10
1073741823,1073741823,1073741823,1073741823,1073741823,1073733631,1072545791,1072521215,1073737727,1073479679,1073741823,1073741823,1073741823,1073741823,1073741823:i6
1073741823,1073741823,1073741823,1073741823,1073741823,1073733631,1072545791,1073569791,1073737727,1073479423,1073741823,1073741823,1073741823,1073741823,1073741823:i6
1073741823,1073741823,1073741823,1073741823,1073741823,1073733631,1072545791,1073569535,1073737727,1073479679,1073741823,1073741823,1073741823,1073741823,1073741823:i6
1073741823,1073741823,1073741823,1073741823,1073741823,1073733375,1072545791,1073569791,1073737727,1073479679,1073741823,1073741823,1073741823,1073741823,1073741823:i6
1073741823,1073741823,1073741823,1073741823,1073741823,1073733631,1072545791,1073569791,1073737727,1073475583,1073741823,1073741823,1073741823,1073741823,1073741823:i6
1073741823,1073741823,1073741823,1073741823,1073741823,1073733631,1072545791,1073569791,1073737727,1073479679,1073741823,1073725439,1073741823,1073741823,1073741823:i6
1073741823,1073741823,1073741823,1073741823,1073741823,1073733631,1072545791,1073569791,1073737727,1073479679,1073676287,1073741823,1073741823,1073741823,1073741823:i6
1073741823,1073741823,1073741823,1073741823,1073741823,1073733631,1072545791,1073569791,1073737727,1073414143,1073741823,1073741823,1073741823,1073741823,1073741823:i6
1073741823,1073741823,1073741823,1073741823,1073741823,1073733631,1072545791,1069375487,1073737727,1073479679,1073741823,1073741823,1073741823,1073741823,1073741823:f8
1073741823,1073741823,1073741823,1073741823,1073741823,1073733631,1072545791,1073569791,1073737727,1069285375,1073741823,1073741823,1073741823,1073741823,1073741823:i6
1073741823,1073741823,1073741823,1073741823,1073741823,1073733631,1072545791,1073569791,1073737727,1072431103,1073741823,1073741823,1073741823,1073741823,1073741823:i6
1073741823,1073741823,1073741823,1073741823,1073741823,1073733631,1072545791,1073569791,1073737727,1073479679,1073741823,1069547519,1073741823,1073741823,1073741823:i6
1073741823,1073741823,1073741823,1073741823,1073741823,1073733631,1072545791,1073569791,1073737727,1073479679,1072693247,1073741823,1073741823,1073741823,1073741823:i6
1073741823,1073741823,1073741823,1073741823,1073741823,1073733631,1072545791,1073569791,1073737727,1073479679,1073741823,1073479679,1073741823,1073741823,1073741823:i6
1073741823,1073741823,1073741823,1073741823,1073741823,1073733631,1072545791,1073569791,1073737727,1073479679,1073479679,1073741823,1073741823,1073741823,1073741823:i6
1073741823,1073741823,1073741823,1073741823,1073737727,1073733631,1072545791,1073569791,1073737727,1073479679,1073741823,1073741823,1073741823,1073741823,1073741823:i10
1073741823,1073741823,1073741823,1073741823,1073676287,1073733631,1072545791,1073569791,1073737727,1073479679,1073741823,1073741823,1073741823,1073741823,1073741823:i10
1073741823,1073741823,1073741823,1073741823,1072693247,1073733631,1072545791,1073569791,1073737727,1073479679,1073741823,1073741823,1073741823,1073741823,1073741823:i6
1073741823,1073741823,1073741823,1073741823,1073741823,1073733631,1072545791,1073569791,1072689151,1073479679,1073741823,1073741823,1073741823,1073741823,1073741823:f8
1073741823,1073741823,1073741823,1073741823,1073741823,1073733631,1072545791,1073569791,1073736703,1073479679,1073741823,1073741823,1073741823,1073741823,1073741823:f8
1073741823,1073741823,1073741823,1073741823,1073741823,1073733631,1072544767,1073569791,1073737727,1073479679,1073741823,1073741823,1073741823,1073741823,1073741823:i6
1073741823,1073741823,1073741823,1073741823,1073740799,1073733631,1072545791,1073569791,1073737727,1073479679,1073741823,1073741823,1073741823,1073741823,1073741823:i6
1073741823,1073741823,1073741823,1073741823,1073725439,1073733631,1072545791,1073569791,1073737727,1073479679,1073741823,1073741823,1073741823,1073741823,1073741823:i6
1073741823,1073741823,1073741823,1073741823,1073479679,1073733631,1072545791,1073569791,1073737727,1073479679,1073741823,1073741823,1073741823,1073741823,1073741823:i6
1073741823,1073741823,1073741823,1073741823,1073741823,1073668095,1072545791,1073569791,1073737727,1073479679,1073741823,1073741823,1073741823,1073741823,1073741823:f8
1073741823,1073741823,1073741823,1073741823,1073741823,1073733631,1072283647,1073569791,1073737727,1073479679,1073741823,1073741823,1073741823,1073741823,1073741823:i6
1073741823,1073741823,1073741823,1073741823,1073741823,1073733631,1072545791,1073569791,1073475583,1073479679,1073741823,1073741823,1073741823,1073741823,1073741823:f8
1073741823,1073741823,1073741823,1073741823,1073741823,1073733631,1072545791,1073569791,1073737727,1073478655,1073741823,1073741823,1073741823,1073741823,1073741823:i6
1073741823,1073741823,1073741823,1073741823,1073741823,1073733631,1072545791,1073568767,1073737727,1073479679,1073741823,1073741823,1073741823,1073741823,1073741823:i6
1073741823,1073741823,1073741823,1073741823,1073741823,1073732607,1072545791,1073569791,1073737727,1073479679,1073741823,1073741823,1073741823,1073741823,1073741823:i10
1073741823,1073741823,1073741823,1073741823,1073741823,1073733631,1072541695,1073569791,1073737727,1073479679,1073741823,1073741823,1073741823,1073741823,1073741823:i6
1073741823,1073741823,1073741823,1073741823,1073741823,1073717247,1072545791,1073569791,1073737727,1073479679,1073741823,1073741823,1073741823,1073741823,1073741823:i10
1073741823,1073741823,1073741823,1073741823,1073741823,1073471487,1072545791,1073569791,1073737727,1073479679,1073741823,1073741823,1073741823,1073741823,1073741823:i10
1073741823,1073741823,1073741823,1073741823,1073741823,1073733631,1072545791,1073307647,1073737727,1073479679,1073741823,1073741823,1073741823,1073741823,1073741823:e8
1073741823,1073741823,1073741823,1073741823,1073741823,1073733631,1072545791,1073569791,1073672191,1073479679,1073741823,1073741823,1073741823,1073741823,1073741823:f8
1073741823,1073741823,1073741823,1073741823,1073741823,1073733631,1072545791,1073569791,1073737727,1073463295,1073741823,1073741823,1073741823,1073741823,1073741823:f8
1073741823,1073741823,1073741823,1073741823,1073741823,1073733631,1072545791,1073569791,1073721343,1073479679,1073741823,1073741823,1073741823,1073741823,1073741823:f8
1073741823,1073741823,1073741823,1073741823,1073741823,1073733631,1072545791,1073699839,1073741823,1073479679,1073741823,1073741823,1073741823,1073741823,1073741823:g9
1073741823,1073741823,1073741823,1073741823,1073741823,1073732607,1072545791,1073700863,1073741823,1073479679,1073741823,1073741823,1073741823,1073741823,1073741823:g5
1073741823,1073741823,1073741823,1073741823,1073741823,1073733631,1072541695,1073700863,1073741823,1073479679,1073741823,1073741823,1073741823,1073741823,1073741823:i8
1073741823,1073741823,1073741823,1073741823,1073741823,1073733631,1072541695,1073569791,1073741567,1073479679,1073741823,1073741823,1073741823,1073741823,1073741823:i6
1073741823,1073741823,1073741823,1073741823,1073741823,1073733631,1072541439,1073569791,1073741823,1073479679,1073741823,1073741823,1073741823,1073741823,1073741823:i6
1073741823,1073741823,1073741823,1073741823,1073741567,1073733631,1072541695,1073569791,1073741823,1073479679,1073741823,1073741823,1073741823,1073741823,1073741823:i6
1073741823,1073741823,1073741823,1073741567,1073741823,1073733631,1072541695,1073569791,1073741823,1073479679,1073741823,1073741823,1073741823,1073741823,1073741823:i6
1073741823,1073741823,1073741823,1073737727,1073741823,1073733631,1072541695,1073569791,1073741823,1073479679,1073741823,1073741823,1073741823,1073741823,1073741823:i6
1073741823,1073741823,1073741823,1073676287,1073741823,1073733631,1072541695,1073569791,1073741823,1073479679,1073741823,1073741823,1073741823,1073741823,1073741823:i6
1073741823,1073741823,1073741823,1073741823,1073741823,1072685055,1072541695,1073569791,1073741823,1073479679,1073741823,1073741823,1073741823,1073741823,1073741823:i6
1073741823,1073741823,1073741823,1073741823,1056964607,1073733631,1072541695,1073569791,1073741823,1073479679,1073741823,1073741823,1073741823,1073741823,1073741823:j6
1073741823,1073741823,1073741823,1073741823,1073741823,1069539327,1072541695,1073569791,1073741823,1073479679,1073741823,1073741823,1073741823,1073741823,1073741823:j6
1073741823,1073741823,1073741823,1073741823,1073741823,1073733631,1055764479,1073569791,1073741823,1073479679,1073741823,1073741823,1073741823,1073741823,1073741823:i6
1073741823,1073741823,1073741823,1073741823,1073741823,1073733631,1068347391,1073569791,1073741823,1073479679,1073741823,1073741823,1073741823,1073741823,1073741823:i6
1073741823,1073741823,1073741823,1073741823,1073741823,1073733631,1072541695,1073569791,1056964607,1073479679,1073741823,1073741823,1073741823,1073741823,1073741823:i6
1073741823,1073741823,1073741823,1073741823,1073741823,1073733631,1072541695,1072521215,1073741823,1073479679,1073741823,1073741823,1073741823,1073741823,1073741823:i6
1073741823,1073741823,1073741823,1073741823,1073741823,1073733631,1072541695,1073569791,1073741823,1073479423,1073741823,1073741823,1073741823,1073741823,1073741823:i6
1073741823,1073741823,1073741823,1073741823,1073741823,1073733631,1072541695,1073569535,1073741823,1073479679,1073741823,1073741823,1073741823,1073741823,1073741823:i6
1073741823,1073741823,1073741823,1073741823,1073741823,1073733375,1072541695,1073569791,1073741823,1073479679,1073741823,1073741823,1073741823,1073741823,1073741823:i6
1073741823,1073741823,1073741823,1073741823,1073741823,1073733631,1072541695,1073569791,1073741823,1073475583,1073741823,1073741823,1073741823,1073741823,1073741823:i6
1073741823,1073741823,1073741823,1073741823,1073741823,1073733631,1072541695,1073569791,1073741823,1073479679,1073741823,1073725439,1073741823,1073741823,1073741823:i6
1073741823,1073741823,1073741823,1073741823,1073741823,1073733631,1072541695,1073569791,1073741823,1073479679,1073676287,1073741823,1073741823,1073741823,1073741823:i6
1073741823,1073741823,1073741823,1073741823,1073741823,1073733631,1072541695,1073569791,1073741823,1073414143,1073741823,1073741823,1073741823,1073741823,1073741823:i6
1073741823,1073741823,1073741823,1073741823,1073741823,1073733631,1072541695,1069375487,1073741823,1073479679,1073741823,1073741823,1073741823,1073741823,1073741823:i6
1073741823,1073741823,1073741823,1073741823,1073741823,1073733631,1072541695,1073569791,1073741823,1069285375,1073741823,1073741823,1073741823,1073741823,1073741823:i6
1073741823,1073741823,1073741823,1073741823,1073741823,1073733631,1072541695,1073569791,1073741823,1072431103,1073741823,1073741823,1073741823,1073741823,1073741823:i6
1073741823,1073741823,1073741823,1073741823,1073741823,1073733631,1072541695,1073569791,1073741823,1073479679,1073741823,1069547519,1073741823,1073741823,1073741823:i6
1073741823,1073741823,1073741823,1073741823,1073741823,1073733631,1072541695,1073569791,1073741823,1073479679,1072693247,1073741823,1073741823,1073741823,1073741823:i6
1073741823,1073741823,1073741823,1073741823,1073741823,1073733631,1072541695,1073569791,1073741823,1073479679,1073741823,1073479679,1073741823,1073741823,1073741823:i6
1073741823,1073741823,1073741823,1073741823,1073741823,1073733631,1072541695,1073569791,1073741823,1073479679,1073479679,1073741823,1073741823,1073741823,1073741823:i6
1073741823,1073741823,1073741823,1073741823,1073737727,1073733631,1072541695,1073569791,1073741823,1073479679,1073741823,1073741823,1073741823,1073741823,1073741823:i6
1073741823,1073741823,1073741823,1073741823,1073676287,1073733631,1072541695,1073569791,1073741823,1073479679,1073741823,1073741823,1073741823,1073741823,1073741823:i10
1073741823,1073741823,1073741823,1073741823,1072693247,1073733631,1072541695,1073569791,1073741823,1073479679,1073741823,1073741823,1073741823,1073741823,1073741823:i6
1073741823,1073741823,1073741823,1073741823,1073741823,1073733631,1072541695,1073569791,1072693247,1073479679,1073741823,1073741823,1073741823,1073741823,1073741823:i6
1073741823,1073741823,1073741823,1073741823,1073741823,1073733631,1072541695,1073569791,1073740799,1073479679,1073741823,1073741823,1073741823,1073741823,1073741823:i6
1073741823,1073741823,1073741823,1073741823,1073741823,1073733631,1072540671,1073569791,1073741823,1073479679,1073741823,1073741823,1073741823,1073741823,1073741823:i6
1073741823,1073741823,1073741823,1073741823,1073740799,1073733631,1072541695,1073569791,1073741823,1073479679,1073741823,1073741823,1073741823,1073741823,1073741823:i6
1073741823,1073741823,1073741823,1073741823,1073725439,1073733631,1072541695,1073569791,1073741823,1073479679,1073741823,1073741823,1073741823,1073741823,1073741823:i6
1073741823,1073741823,1073741823,1073741823,1073479679,1073733631,1072541695,1073569791,1073741823,1073479679,1073741823,1073741823,1073741823,1073741823,1073741823:i6
1073741823,1073741823,1073741823,1073741823,1073741823,1073668095,1072541695,1073569791,1073741823,1073479679,1073741823,1073741823,1073741823,1073741823,1073741823:f8
1073741823,1073741823,1073741823,1073741823,1073741823,1073733631,1072279551,1073569791,1073741823,1073479679,1073741823,1073741823,1073741823,1073741823,1073741823:i6
1073741823,1073741823,1073741823,1073741823,1073741823,1073733631,1072541695,1073569791,1073479679,1073479679,1073741823,1073741823,1073741823,1073741823,1073741823:i6
1073741823,1073741823,1073741823,1073741823,1073741823,1073733631,1072541695,1073569791,1073741823,1073478655,1073741823,1073741823,1073741823,1073741823,1073741823:i6
1073741823,1073741823,1073741823,1073741823,1073741823,1073733631,1072541695,1073569791,1073737727,1073479679,1073741823,1073741823,1073741823,1073741823,1073741823:i6
1073741823,1073741823,1073741823,1073741823,1073741823,1073733631,1072541695,1073568767,1073741823,1073479679,1073741823,1073741823,1073741823,1073741823,1073741823:i6
1073741823,1073741823,1073741823,1073741823,1073741823,1073732607,1072541695,1073569791,1073741823,1073479679,1073741823,1073741823,1073741823,1073741823,1073741823:i10
1073741823,1073741823,1073741823,1073741823,1073741823,1073717247,1072541695,1073569791,1073741823,1073479679,1073741823,1073741823,1073741823,1073741823,1073741823:i10
1073741823,1073741823,1073741823,1073741823,1073741823,1073471487,1072541695,1073569791,1073741823,1073479679,1073741823,1073741823,1073741823,1073741823,1073741823:i10
1073741823,1073741823,1073741823,1073741823,1073741823,1073733631,1072541695,1073307647,1073741823,1073479679,1073741823,1073741823,1073741823,1073741823,1073741823:j6
1073741823,1073741823,1073741823,1073741823,1073741823,1073733631,1072541695,1073569791,1073676287,1073479679,1073741823,1073741823,1073741823,1073741823,1073741823:j6
1073741823,1073741823,1073741823,1073741823,1073741823,1073733631,1072541695,1073569791,1073741823,1073463295,1073741823,1073741823,1073741823,1073741823,1073741823:j6
1073741823,1073741823,1073741823,1073741823,1073741823,1073733631,1072541695,1073569791,1073725439,1073479679,1073741823,1073741823,1073741823,1073741823,1073741823:i6
1073741823,1073741823,1073741823,1073741823,1073741823,1073717247,1072545791,1073700863,1073741823,1073479679,1073741823,1073741823,1073741823,1073741823,1073741823:g9
1073741823,1073741823,1073741823,1073741823,1073741823,1073471487,1072545791,1073700863,1073741823,1073479679,1073741823,1073741823,1073741823,1073741823,1073741823:g5
1073741823,1073741823,1073741823,1073741823,1073741823,1073733631,1072545791,1073438719,1073741823,1073479679,1073741823,1073741823,1073741823,1073741823,1073741823:g9
1073741823,1073741823,1073741823,1073741823,1073741823,1073733631,1072545791,1073635327,1073741823,1073479679,1073741823,1073741823,1073741823,1073741823,1073741823:g9
1073741823,1073741823,1073741823,1073741823,1073741823,1073733631,1072545791,1073700863,1073676287,1073479679,1073741823,1073741823,1073741823,1073741823,1073741823:g5
1073741823,1073741823,1073741823,1073741823,1073741823,1073733631,1072545791,1073700863,1073741823,1073463295,1073741823,1073741823,1073741823,1073741823,1073741823:g5
1073741823,1073741823,1073741823,1073741823,1073741823,1073733631,1072545791,1073700863,1073725439,1073479679,1073741823,1073741823,1073741823,1073741823,1073741823:g5
