1073741823,1073741823,1073741823,1073741823,1073741823,1073741823,1073594367,1073700863,1073741567,1073479679,1073741823,1073741823,1073741823,1073741823,1073741823:g6
1073741823,1073741823,1073741823,1073741567,1073741823,1073733631,1073594367,1073700863,1073741567,1073479679,1073741823,1073741823,1073741823,1073741823,1073741823:g5
1073741823,1073741823,1073741823,1073737727,1073741823,1073733631,1073594367,1073700863,1073741567,1073479679,1073741823,1073741823,1073741823,1073741823,1073741823:g9
1073741823,1073741823,1073741823,1073676287,1073741823,1073733631,1073594367,1073700863,1073741567,1073479679,1073741823,1073741823,1073741823,1073741823,1073741823:g5
1073741823,1073741823,1073741823,1073741823,1073741823,1073733631,1073594367,1073700863,1073741567,1073479679,1073741807,1073741823,1073741823,1073741823,1073741823:g9
1073741823,1073741823,1073741823,1073741823,1073741823,1073733631,1073594367,1073700863,1073741567,1073479615,1073741823,1073741823,1073741823,1073741823,1073741823:g9
1073741823,1073741823,1073741823,1073741823,1073741823,1073733631,1073594367,1073700863,1073741551,1073479679,1073741823,1073741823,1073741823,1073741823,1073741823:g5
1073741823,1073741823,1073741823,1073741823,1073741823,1073733631,1073594367,1073700863,1073741503,1073479679,1073741823,1073741823,1073741823,1073741823,1073741823:g9
1073741823,1073741823,1073741823,1073741823,1073741823,1073733631,1073594351,1073700863,1073741567,1073479679,1073741823,1073741823,1073741823,1073741823,1073741823:g5
1073741823,1073741823,1073741823,1073741823,1073741823,1073733631,1073594367,1073700799,1073741567,1073479679,1073741823,1073741823,1073741823,1073741823,1073741823:g5
1073741823,1073741823,1073741823,1073741823,1073741823,1073733631,1073594111,1073700863,1073741567,1073479679,1073741823,1073741823,1073741823,1073741823,1073741823:g9
1073741823,1073741823,1073741823,1073741823,1073741823,1073733631,1073594367,1073700863,1073741567,1073479679,1073737727,1073741823,1073741823,1073741823,1073741823:g5
1073741823,1073741823,1073741823,1073741823,1073741823,1073733631,1073594367,1073700863,1073741567,1073479679,1073741567,1073741823,1073741823,1073741823,1073741823:g5
1073741823,1073741823,1073741823,1073741823,1073741823,1073733631,1073594367,1073700863,1073741567,1073479423,1073741823,1073741823,1073741823,1073741823,1073741823:g5
1073741823,1073741823,1073741823,1073741823,1073741823,1073733631,1073594367,1073700607,1073741567,1073479679,1073741823,1073741823,1073741823,1073741823,1073741823:g5
1073741823,1073741823,1073741823,1073741823,1073741823,1073733375,1073594367,1073700863,1073741567,1073479679,1073741823,1073741823,1073741823,1073741823,1073741823:g5
1073741823,1073741823,1073741823,1073741823,1073741823,1073733631,1073594367,1073700863,1073741567,1073475583,1073741823,1073741823,1073741823,1073741823,1073741823:g5
1073741823,1073741823,1073741823,1073741823,1073741823,1073733631,1073594367,1073700863,1073741567,1073479679,1073741823,1073725439,1073741823,1073741823,1073741823:g5
1073741823,1073741823,1073741823,1073741823,1073741823,1073733631,1073594367,1073700863,1073741567,1073479679,1073676287,1073741823,1073741823,1073741823,1073741823:g5
1073741823,1073741823,1073741823,1073741823,1073741823,1073733631,1073594367,1073700863,1073741567,1073414143,1073741823,1073741823,1073741823,1073741823,1073741823:g5
1073741823,1073741823,1073741823,1073741823,1073741823,1073733631,1073594367,1069506559,1073741567,1073479679,1073741823,1073741823,1073741823,1073741823,1073741823:g5
1073741823,1073741823,1073741823,1073741823,1073741823,1073733631,1073594367,1073700863,1073741567,1069285375,1073741823,1073741823,1073741823,1073741823,1073741823:g5
1073741823,1073741823,1073741823,1073741823,1073741823,1073733631,1073594367,1073700863,1073741567,1072431103,1073741823,1073741823,1073741823,1073741823,1073741823:g5
1073741823,1073741823,1073741823,1073741823,1073741823,1073733631,1073594367,1073700863,1073741567,1073479679,1073741823,1069547519,1073741823,1073741823,1073741823:g5
1073741823,1073741823,1073741823,1073741823,1073741823,1073733631,1073594367,1073700863,1073741567,1073479679,1072693247,1073741823,1073741823,1073741823,1073741823:g5
1073741823,1073741823,1073741823,1073741823,1073741823,1073733631,1073594367,1073700863,1073741567,1073479679,1073741823,1073479679,1073741823,1073741823,1073741823:g5
1073741823,1073741823,1073741823,1073741823,1073741823,1073733631,1073594367,1073700863,1073741567,1073479679,1073479679,1073741823,1073741823,1073741823,1073741823:g5
1073741823,1073741823,1073741823,1073741823,1073737727,1073733631,1073594367,1073700863,1073741567,1073479679,1073741823,1073741823,1073741823,1073741823,1073741823:j6
1073741823,1073741823,1073741823,1073741823,1073676287,1073733631,1073594367,1073700863,1073741567,1073479679,1073741823,1073741823,1073741823,1073741823,1073741823:g9
1073741823,1073741823,1073741823,1073741823,1072693247,1073733631,1073594367,1073700863,1073741567,1073479679,1073741823,1073741823,1073741823,1073741823,1073741823:g5
1073741823,1073741823,1073741823,1073741823,1073741823,1073733631,1072545791,1073700863,1073741567,1073479679,1073741823,1073741823,1073741823,1073741823,1073741823:g5
1073741823,1073741823,1073741823,1073741823,1073741823,1073733631,1073594367,1073700863,1072692991,1073479679,1073741823,1073741823,1073741823,1073741823,1073741823:g9
1073741823,1073741823,1073741823,1073741823,1073741823,1073733631,1073594367,1073700863,1073740543,1073479679,1073741823,1073741823,1073741823,1073741823,1073741823:g9
1073741823,1073741823,1073741823,1073741823,1073741823,1073733631,1073593343,1073700863,1073741567,1073479679,1073741823,1073741823,1073741823,1073741823,1073741823:g9
1073741823,1073741823,1073741823,1073741823,1073740799,1073733631,1073594367,1073700863,1073741567,1073479679,1073741823,1073741823,1073741823,1073741823,1073741823:g5
1073741823,1073741823,1073741823,1073741823,1073725439,1073733631,1073594367,1073700863,1073741567,1073479679,1073741823,1073741823,1073741823,1073741823,1073741823:g5
1073741823,1073741823,1073741823,1073741823,1073479679,1073733631,1073594367,1073700863,1073741567,1073479679,1073741823,1073741823,1073741823,1073741823,1073741823:g5
1073741823,1073741823,1073741823,1073741823,1073741823,1073668095,1073594367,1073700863,1073741567,1073479679,1073741823,1073741823,1073741823,1073741823,1073741823:g5
1073741823,1073741823,1073741823,1073741823,1073741823,1073733631,1073332223,1073700863,1073741567,1073479679,1073741823,1073741823,1073741823,1073741823,1073741823:g5
1073741823,1073741823,1073741823,1073741823,1073741823,1073733631,1073594367,1073700863,1073479423,1073479679,1073741823,1073741823,1073741823,1073741823,1073741823:g5
1073741823,1073741823,1073741823,1073741823,1073741823,1073733631,1073594367,1073700863,1073741567,1073478655,1073741823,1073741823,1073741823,1073741823,1073741823:g5
1073741823,1073741823,1073741823,1073741823,1073741823,1073733631,1073594367,1073700863,1073737471,1073479679,1073741823,1073741823,1073741823,1073741823,1073741823:i8
1073741823,1073741823,1073741823,1073741823,1073741823,1072685055,1073594367,1073569791,1073737471,1073479679,1073741823,1073741823,1073741823,1073741823,1073741823:f8
1073741823,1073741823,1073741823,1073741823,1073741823,1073733631,1073594367,1072521215,1073737471,1073479679,1073741823,1073741823,1073741823,1073741823,1073741823:f8
1073741823,1073741823,1073741823,1073741567,1073741823,1073733631,1073594367,1073569791,1073737471,1073479679,1073741823,1073741823,1073741823,1073741823,1073741823:f8
1073741823,1073741823,1073741823,1073737727,1073741823,1073733631,1073594367,1073569791,1073737471,1073479679,1073741823,1073741823,1073741823,1073741823,1073741823:f8
1073741823,1073741823,1073741823,1073676287,1073741823,1073733631,1073594367,1073569791,1073737471,1073479679,1073741823,1073741823,1073741823,1073741823,1073741823:f8
1073741823,1073741823,1073741823,1073741823,1073741823,1073733631,1073594367,1073569791,1073737471,1073479679,1073741807,1073741823,1073741823,1073741823,1073741823:f8
1073741823,1073741823,1073741823,1073741823,1073741823,1073733631,1073594367,1073569791,1073737471,1073479615,1073741823,1073741823,1073741823,1073741823,1073741823:f8
1073741823,1073741823,1073741823,1073741823,1073741823,1073733631,1073594367,1073569791,1073737455,1073479679,1073741823,1073741823,1073741823,1073741823,1073741823:f8
1073741823,1073741823,1073741823,1073741823,1073741823,1073733631,1073594367,1073569791,1073737407,1073479679,1073741823,1073741823,1073741823,1073741823,1073741823:f8
1073741823,1073741823,1073741823,1073741823,1073741823,1073733631,1073594351,1073569791,1073737471,1073479679,1073741823,1073741823,1073741823,1073741823,1073741823:f8
1073741823,1073741823,1073741823,1073741823,1073741823,1073733631,1073594367,1073569727,1073737471,1073479679,1073741823,1073741823,1073741823,1073741823,1073741823:f8
1073741823,1073741823,1073741823,1073741823,1073741823,1073733631,1073594111,1073569791,1073737471,1073479679,1073741823,1073741823,1073741823,1073741823,1073741823:f8
1073741823,1073741823,1073741823,1073741823,1073741823,1073733631,1073594367,1073569791,1073737471,1073479679,1073737727,1073741823,1073741823,1073741823,1073741823:f8
1073741823,1073741823,1073741823,1073741823,1073741823,1073733631,1073594367,1073569791,1073737471,1073479679,1073741567,1073741823,1073741823,1073741823,1073741823:f8
1073741823,1073741823,1073741823,1073741823,1073741823,1073733631,1073594367,1073569791,1073737471,1073479423,1073741823,1073741823,1073741823,1073741823,1073741823:f8
1073741823,1073741823,1073741823,1073741823,1073741823,1073733631,1073594367,1073569535,1073737471,1073479679,1073741823,1073741823,1073741823,1073741823,1073741823:j8
1073741823,1073741823,1073741823,1073741823,1073741823,1073733375,1073594367,1073569791,1073737471,1073479679,1073741823,1073741823,1073741823,1073741823,1073741823:f8
1073741823,1073741823,1073741823,1073741823,1073741823,1073733631,1073594367,1073569791,1073737471,1073475583,1073741823,1073741823,1073741823,1073741823,1073741823:f8
1073741823,1073741823,1073741823,1073741823,1073741823,1073733631,1073594367,1073569791,1073737471,1073479679,1073741823,1073725439,1073741823,1073741823,1073741823:f8
1073741823,1073741823,1073741823,1073741823,1073741823,1073733631,1073594367,1073569791,1073737471,1073479679,1073676287,1073741823,1073741823,1073741823,1073741823:f8
1073741823,1073741823,1073741823,1073741823,1073741823,1073733631,1073594367,1073569791,1073737471,1073414143,1073741823,1073741823,1073741823,1073741823,1073741823:f8
1073741823,1073741823,1073741823,1073741823,1073741823,1073733631,1073594367,1069375487,1073737471,1073479679,1073741823,1073741823,1073741823,1073741823,1073741823:f8
1073741823,1073741823,1073741823,1073741823,1073741823,1073733631,1073594367,1073569791,1073737471,1069285375,1073741823,1073741823,1073741823,1073741823,1073741823:f8
1073741823,1073741823,1073741823,1073741823,1073741823,1073733631,1073594367,1073569791,1073737471,1072431103,1073741823,1073741823,1073741823,1073741823,1073741823:f8
1073741823,1073741823,1073741823,1073741823,1073741823,1073733631,1073594367,1073569791,1073737471,1073479679,1073741823,1069547519,1073741823,1073741823,1073741823:f8
1073741823,1073741823,1073741823,1073741823,1073741823,1073733631,1073594367,1073569791,1073737471,1073479679,1072693247,1073741823,1073741823,1073741823,1073741823:f8
1073741823,1073741823,1073741823,1073741823,1073741823,1073733631,1073594367,1073569791,1073737471,1073479679,1073741823,1073479679,1073741823,1073741823,1073741823:f8
1073741823,1073741823,1073741823,1073741823,1073741823,1073733631,1073594367,1073569791,1073737471,1073479679,1073479679,1073741823,1073741823,1073741823,1073741823:f8
1073741823,1073741823,1073741823,1073741823,1073737727,1073733631,1073594367,1073569791,1073737471,1073479679,1073741823,1073741823,1073741823,1073741823,1073741823:f8
1073741823,1073741823,1073741823,1073741823,1073676287,1073733631,1073594367,1073569791,1073737471,1073479679,1073741823,1073741823,1073741823,1073741823,1073741823:f8
1073741823,1073741823,1073741823,1073741823,1072693247,1073733631,1073594367,1073569791,1073737471,1073479679,1073741823,1073741823,1073741823,1073741823,1073741823:f8
1073741823,1073741823,1073741823,1073741823,1073741823,1073733631,1072545791,1073569791,1073737471,1073479679,1073741823,1073741823,1073741823,1073741823,1073741823:f8
1073741823,1073741823,1073741823,1073741823,1073741823,1073733631,1073594367,1073569791,1072688895,1073479679,1073741823,1073741823,1073741823,1073741823,1073741823:f8
1073741823,1073741823,1073741823,1073741823,1073741823,1073733631,1073594367,1073569791,1073736447,1073479679,1073741823,1073741823,1073741823,1073741823,1073741823:f8
1073741823,1073741823,1073741823,1073741823,1073741823,1073733631,1073593343,1073569791,1073737471,1073479679,1073741823,1073741823,1073741823,1073741823,1073741823:f8
1073741823,1073741823,1073741823,1073741823,1073740799,1073733631,1073594367,1073569791,1073737471,1073479679,1073741823,1073741823,1073741823,1073741823,1073741823:f8
1073741823,1073741823,1073741823,1073741823,1073725439,1073733631,1073594367,1073569791,1073737471,1073479679,1073741823,1073741823,1073741823,1073741823,1073741823:f8
1073741823,1073741823,1073741823,1073741823,1073479679,1073733631,1073594367,1073569791,1073737471,1073479679,1073741823,1073741823,1073741823,1073741823,1073741823:f8
1073741823,1073741823,1073741823,1073741823,1073741823,1073668095,1073594367,1073569791,1073737471,1073479679,1073741823,1073741823,1073741823,1073741823,1073741823:f8
1073741823,1073741823,1073741823,1073741823,1073741823,1073733631,1073332223,1073569791,1073737471,1073479679,1073741823,1073741823,1073741823,1073741823,1073741823:f8
1073741823,1073741823,1073741823,1073741823,1073741823,1073733631,1073594367,1073569791,1073475327,1073479679,1073741823,1073741823,1073741823,1073741823,1073741823:f8
1073741823,1073741823,1073741823,1073741823,1073741823,1073733631,1073594367,1073569791,1073737471,1073478655,1073741823,1073741823,1073741823,1073741823,1073741823:f8
1073741823,1073741823,1073741823,1073741823,1073741823,1073733631,1073594367,1073568767,1073737471,1073479679,1073741823,1073741823,1073741823,1073741823,1073741823:j8
1073741823,1073741823,1073741823,1073741823,1073741823,1073732607,1073594367,1073569791,1073737471,1073479679,1073741823,1073741823,1073741823,1073741823,1073741823:f8
1073741823,1073741823,1073741823,1073741823,1073741823,1073733631,1073590271,1073569791,1073737471,1073479679,1073741823,1073741823,1073741823,1073741823,1073741823:f8
1073741823,1073741823,1073741823,1073741823,1073741823,1073717247,1073594367,1073569791,1073737471,1073479679,1073741823,1073741823,1073741823,1073741823,1073741823:f8
1073741823,1073741823,1073741823,1073741823,1073741823,1073471487,1073594367,1073569791,1073737471,1073479679,1073741823,1073741823,1073741823,1073741823,1073741823:f8
1073741823,1073741823,1073741823,1073741823,1073741823,1073733631,1073594367,1073307647,1073737471,1073479679,1073741823,1073741823,1073741823,1073741823,1073741823:f7
1073741823,1073741823,1073741823,1073741823,1073741823,1073733631,1073592255,1073307647,1073737471,1073479679,1073741823,1073741823,1073741823,1073741823,1073741823:i4
1073741823,1073741823,1073741823,1073741823,1073741759,1073733631,1073592319,1073307647,1073737471,1073479679,1073741823,1073741823,1073741823,1073741823,1073741823:i4
1073741823,1073741823,1073741823,1073741823,1073741823,1069539327,1073592319,1073307647,1073737471,1073479679,1073741823,1073741823,1073741823,1073741823,1073741823:i4
1073741823,1073741823,1073741823,1073741823,1073741823,1072685055,1073592319,1073307647,1073737471,1073479679,1073741823,1073741823,1073741823,1073741823,1073741823:i4
1073741823,1073741823,1073741823,1073741823,1073741823,1073733631,1073592319,1072259071,1073737471,1073479679,1073741823,1073741823,1073741823,1073741823,1073741823:i4
1073741823,1073741823,1073741823,1073741567,1073741823,1073733631,1073592319,1073307647,1073737471,1073479679,1073741823,1073741823,1073741823,1073741823,1073741823:i4
1073741823,1073741823,1073741823,1073737727,1073741823,1073733631,1073592319,1073307647,1073737471,1073479679,1073741823,1073741823,1073741823,1073741823,1073741823:i4
1073741823,1073741823,1073741823,1073676287,1073741823,1073733631,1073592319,1073307647,1073737471,1073479679,1073741823,1073741823,1073741823,1073741823,1073741823:e8
1073741823,1073741823,1073741823,1073741823,1073741823,1073733631,1073592319,1073307647,1073737471,1073479679,1073741807,1073741823,1073741823,1073741823,1073741823:i4
1073741823,1073741823,1073741823,1073741823,1073741823,1073733631,1073592319,1073307647,1073737471,1073479615,1073741823,1073741823,1073741823,1073741823,1073741823:i4
1073741823,1073741823,1073741823,1073741823,1073741823,1073733631,1073592319,1073307647,1073737455,1073479679,1073741823,1073741823,1073741823,1073741823,1073741823:e8
1073741823,1073741823,1073741823,1073741823,1073741823,1073733631,1073592319,1073307647,1073737407,1073479679,1073741823,1073741823,1073741823,1073741823,1073741823:e8
1073741823,1073741823,1073741823,1073741823,1073741823,1073733631,1073592303,1073307647,1073737471,1073479679,1073741823,1073741823,1073741823,1073741823,1073741823:i4
1073741823,1073741823,1073741823,1073741823,1073741823,1073733631,1073592319,1073307583,1073737471,1073479679,1073741823,1073741823,1073741823,1073741823,1073741823:i4
1073741823,1073741823,1073741823,1073741823,1073741823,1073733631,1073592063,1073307647,1073737471,1073479679,1073741823,1073741823,1073741823,1073741823,1073741823:i4
1073741823,1073741823,1073741823,1073741823,1073741823,1073733631,1073592319,1073307647,1073737471,1073479679,1073737727,1073741823,1073741823,1073741823,1073741823:i4
1073741823,1073741823,1073741823,1073741823,1073741823,1073733631,1073592319,1073307647,1073737471,1073479679,1073741567,1073741823,1073741823,1073741823,1073741823:i4
1073741823,1073741823,1073741823,1073741823,1073741823,1073733631,1073592319,1073307647,1073737471,1073479423,1073741823,1073741823,1073741823,1073741823,1073741823:i4
1073741823,1073741823,1073741823,1073741823,1073741823,1073733631,1073592319,1073307391,1073737471,1073479679,1073741823,1073741823,1073741823,1073741823,1073741823:i10
1073741823,1073741823,1073741823,1073741823,1073741823,1073733375,1073592319,1073307647,1073737471,1073479679,1073741823,1073741823,1073741823,1073741823,1073741823:e8
1073741823,1073741823,1073741823,1073741823,1073741823,1073733631,1073592319,1073307647,1073737471,1073475583,1073741823,1073741823,1073741823,1073741823,1073741823:i4
1073741823,1073741823,1073741823,1073741823,1073741823,1073733631,1073592319,1073307647,1073737471,1073479679,1073741823,1073725439,1073741823,1073741823,1073741823:i4
1073741823,1073741823,1073741823,1073741823,1073741823,1073733631,1073592319,1073307647,1073737471,1073479679,1073676287,1073741823,1073741823,1073741823,1073741823:i4
1073741823,1073741823,1073741823,1073741823,1073741823,1073733631,1073592319,1073307647,1073737471,1073414143,1073741823,1073741823,1073741823,1073741823,1073741823:e8
1073741823,1073741823,1073741823,1073741823,1073741823,1073733631,1073592319,1069113343,1073737471,1073479679,1073741823,1073741823,1073741823,1073741823,1073741823:i4
1073741823,1073741823,1073741823,1073741823,1073741823,1073733631,1073592319,1073307647,1073737471,1069285375,1073741823,1073741823,1073741823,1073741823,1073741823:i4
1073741823,1073741823,1073741823,1073741823,1073741823,1073733631,1073592319,1073307647,1073737471,1072431103,1073741823,1073741823,1073741823,1073741823,1073741823:i4
1073741823,1073741823,1073741823,1073741823,1073741823,1073733631,1073592319,1073307647,1073737471,1073479679,1073741823,1069547519,1073741823,1073741823,1073741823:i4
1073741823,1073741823,1073741823,1073741823,1073741823,1073733631,1073592319,1073307647,1073737471,1073479679,1072693247,1073741823,1073741823,1073741823,1073741823:i4
1073741823,1073741823,1073741823,1073741823,1073741823,1073733631,1073592319,1073307647,1073737471,1073479679,1073741823,1073479679,1073741823,1073741823,1073741823:e8
1073741823,1073741823,1073741823,1073741823,1073741823,1073733631,1073592319,1073307647,1073737471,1073479679,1073479679,1073741823,1073741823,1073741823,1073741823:e8
1073741823,1073741823,1073741823,1073741823,1073737727,1073733631,1073592319,1073307647,1073737471,1073479679,1073741823,1073741823,1073741823,1073741823,1073741823:i4
1073741823,1073741823,1073741823,1073741823,1073676287,1073733631,1073592319,1073307647,1073737471,1073479679,1073741823,1073741823,1073741823,1073741823,1073741823:e8
1073741823,1073741823,1073741823,1073741823,1072693247,1073733631,1073592319,1073307647,1073737471,1073479679,1073741823,1073741823,1073741823,1073741823,1073741823:i4
1073741823,1073741823,1073741823,1073741823,1073741823,1073733631,1072543743,1073307647,1073737471,1073479679,1073741823,1073741823,1073741823,1073741823,1073741823:i4
1073741823,1073741823,1073741823,1073741823,1073741823,1073733631,1073592319,1073307647,1072688895,1073479679,1073741823,1073741823,1073741823,1073741823,1073741823:i4
1073741823,1073741823,1073741823,1073741823,1073741823,1073733631,1073592319,1073307647,1073736447,1073479679,1073741823,1073741823,1073741823,1073741823,1073741823:e8
1073741823,1073741823,1073741823,1073741823,1073740799,1073733631,1073592319,1073307647,1073737471,1073479679,1073741823,1073741823,1073741823,1073741823,1073741823:i4
1073741823,1073741823,1073741823,1073741823,1073725439,1073733631,1073592319,1073307647,1073737471,1073479679,1073741823,1073741823,1073741823,1073741823,1073741823:i10
1073741823,1073741823,1073741823,1073741823,1073479679,1073733631,1073592319,1073307647,1073737471,1073479679,1073741823,1073741823,1073741823,1073741823,1073741823:i4
1073741823,1073741823,1073741823,1073741823,1073741823,1073668095,1073592319,1073307647,1073737471,1073479679,1073741823,1073741823,1073741823,1073741823,1073741823:e8
1073741823,1073741823,1073741823,1073741823,1073741823,1073733631,1073330175,1073307647,1073737471,1073479679,1073741823,1073741823,1073741823,1073741823,1073741823:e8
1073741823,1073741823,1073741823,1073741823,1073741823,1073733631,1073592319,1073307647,1073475327,1073479679,1073741823,1073741823,1073741823,1073741823,1073741823:e8
1073741823,1073741823,1073741823,1073741823,1073741823,1073733631,1073592319,1073307647,1073737471,1073478655,1073741823,1073741823,1073741823,1073741823,1073741823:i4
1073741823,1073741823,1073741823,1073741823,1073741823,1073733631,1073592319,1073306623,1073737471,1073479679,1073741823,1073741823,1073741823,1073741823,1073741823:i4
1073741823,1073741823,1073741823,1073741823,1073741823,1073732607,1073592319,1073307647,1073737471,1073479679,1073741823,1073741823,1073741823,1073741823,1073741823:i4
1073741823,1073741823,1073741823,1073741823,1073741823,1073733631,1073588223,1073307647,1073737471,1073479679,1073741823,1073741823,1073741823,1073741823,1073741823:i4
1073741823,1073741823,1073741823,1073741823,1073741823,1073717247,1073592319,1073307647,1073737471,1073479679,1073741823,1073741823,1073741823,1073741823,1073741823:i4
1073741823,1073741823,1073741823,1073741823,1073741823,1073471487,1073592319,1073307647,1073737471,1073479679,1073741823,1073741823,1073741823,1073741823,1073741823:e8
1073741823,1073741823,1073741823,1073741823,1073741823,1073733631,1073592319,1073307647,1073671935,1073479679,1073741823,1073741823,1073741823,1073741823,1073741823:e8
1073741823,1073741823,1073741823,1073741823,1073741823,1073733631,1073592319,1073307647,1073737471,1073463295,1073741823,1073741823,1073741823,1073741823,1073741823:i4
1073741823,1073741823,1073741823,1073741823,1073741823,1073733631,1073592319,1073307647,1073721087,1073479679,1073741823,1073741823,1073741823,1073741823,1073741823:e8
1073741823,1073741823,1073741823,1073741823,1073741823,1073733631,1073594367,1073569791,1073671935,1073479679,1073741823,1073741823,1073741823,1073741823,1073741823:f8
1073741823,1073741823,1073741823,1073741823,1073741823,1073733631,1073594367,1073569791,1073737471,1073463295,1073741823,1073741823,1073741823,1073741823,1073741823:f8
1073741823,1073741823,1073741823,1073741823,1073741823,1073733631,1073594367,1073569791,1073721087,1073479679,1073741823,1073741823,1073741823,1073741823,1073741823:f8
1073741823,1073741823,1073741823,1073741823,1073741823,1073733631,1073594367,1073699839,1073741567,1073479679,1073741823,1073741823,1073741823,1073741823,1073741823:g9
1073741823,1073741823,1073741823,1073741823,1073741823,1073732607,1073594367,1073700863,1073741567,1073479679,1073741823,1073741823,1073741823,1073741823,1073741823:g5
1073741823,1073741823,1073741823,1073741823,1073741823,1073733631,1073590271,1073700863,1073741567,1073479679,1073741823,1073741823,1073741823,1073741823,1073741823:j6
1073741823,1073741823,1073741823,1073741823,1073741823,1073717247,1073594367,1073700863,1073741567,1073479679,1073741823,1073741823,1073741823,1073741823,1073741823:g9
1073741823,1073741823,1073741823,1073741823,1073741823,1073471487,1073594367,1073700863,1073741567,1073479679,1073741823,1073741823,1073741823,1073741823,1073741823:g5
1073741823,1073741823,1073741823,1073741823,1073741823,1073733631,1073594367,1073438719,1073741567,1073479679,1073741823,1073741823,1073741823,1073741823,1073741823:g9
1073741823,1073741823,1073741823,1073741823,1073741823,1073733631,1073594367,1073635327,1073741567,1073479679,1073741823,1073741823,1073741823,1073741823,1073741823:g9
1073741823,1073741823,1073741823,1073741823,1073741823,1073733631,1073594367,1073700863,1073676031,1073479679,1073741823,1073741823,1073741823,1073741823,1073741823:g9
1073741823,1073741823,1073741823,1073741823,1073741823,1073733631,1073594367,1073700863,1073741567,1073463295,1073741823,1073741823,1073741823,1073741823,1073741823:g5
1073741823,1073741823,1073741823,1073741823,1073741823,1073733631,1073594367,1073700863,1073725183,1073479679,1073741823,1073741823,1073741823,1073741823,1073741823:g9
