1073741823,1073741823,1073741823,1073741823,1073676287,1073478655,1073594367,1073700863,1073733631,1073741823,1073741823,1073741823,1073741823,1073741823,1073741823:f8
1073741823,1073741823,1073741823,1073741823,1073676287,1073478655,1073594367,1073698815,1073733631,1073741759,1073741823,1073741823,1073741823,1073741823,1073741823:e8
1073741823,1073741823,1073741823,1073741823,1073676287,1073478655,1073594367,1073698751,1073733631,1073741823,1073741823,1073741823,1073741823,1073741823,1073741823:f10
1073741823,1073741823,1073741823,1073741823,1073676287,1073478591,1073594367,1073698815,1073733631,1073741823,1073741823,1073741823,1073741823,1073741823,1073741823:f10
1073741823,1073741823,1073741823,1073741759,1073676287,1073478655,1073594367,1073698815,1073733631,1073741823,1073741823,1073741823,1073741823,1073741823,1073741823:f10
1073741823,1073741823,1073741823,1073741823,1073676031,1073478655,1073594367,1073698815,1073733631,1073741823,1073741823,1073741823,1073741823,1073741823,1073741823:f10
1073741823,1073741823,1073741823,1073740799,1073676287,1073478655,1073594367,1073698815,1073733631,1073741823,1073741823,1073741823,1073741823,1073741823,1073741823:e8
1073741823,1073741823,1073741823,1073741823,1073676287,1073478655,1073594367,1073698815,1073733631,1073741567,1073741823,1073741823,1073741823,1073741823,1073741823:f10
1073741823,1073741823,1073741823,1073741823,1073676287,1073478655,1073594367,1073698559,1073733631,1073741823,1073741823,1073741823,1073741823,1073741823,1073741823:f10
1073741823,1073741823,1073741823,1073741823,1073676287,1073478399,1073594367,1073698815,1073733631,1073741823,1073741823,1073741823,1073741823,1073741823,1073741823:f10
1073741823,1073741823,1073741823,1073741823,1073676287,1073478655,1073594367,1073698815,1073733631,1073676287,1073741823,1073741823,1073741823,1073741823,1073741823:f10
1073741823,1073741823,1073737727,1073741823,1073676287,1073478655,1073594367,1073698815,1073733631,1073741823,1073741823,1073741823,1073741823,1073741823,1073741823:e8
1073741823,1073741823,1073676287,1073741823,1073676287,1073478655,1073594367,1073698815,1073733631,1073741823,1073741823,1073741823,1073741823,1073741823,1073741823:f10
1073741823,1073741823,1073741823,1073676287,1073676287,1073478655,1073594367,1073698815,1073733631,1073741823,1073741823,1073741823,1073741823,1073741823,1073741823:f10
1073741823,1073741823,1072693247,1073741823,1073676287,1073478655,1073594367,1073698815,1073733631,1073741823,1073741823,1073741823,1073741823,1073741823,1073741823:f10
1073741823,1073741823,1073741823,1073741823,1073676287,1073478655,1073594367,1073698815,1073733631,1073741823,1073741567,1073741823,1073741823,1073741823,1073741823:e8
1073741823,1073741823,1073741823,1073741823,1073676287,1073478655,1073594367,1073698815,1073733375,1073741823,1073741823,1073741823,1073741823,1073741823,1073741823:e8
1073741823,1073741823,1073741823,1073741823,1073676287,1073478655,1073594111,1073698815,1073733631,1073741823,1073741823,1073741823,1073741823,1073741823,1073741823:f10
1073741823,1073741823,1073741823,1073741823,1073676287,1073478655,1073594367,1073698815,1073733631,1073741823,1073676287,1073741823,1073741823,1073741823,1073741823:e8
1073741823,1073741823,1073741823,1073741823,1073676287,1073478655,1073594367,1073698815,1073733631,1073741823,1073737727,1073741823,1073741823,1073741823,1073741823:e8
1073741823,1073741823,1073741823,1073741823,1073676287,1073478655,1073594367,1073698815,1073733631,1073737727,1073741823,1073741823,1073741823,1073741823,1073741823:f10
1073741823,1073741823,1073741823,1073725439,1073676287,1073478655,1073594367,1073698815,1073733631,1073741823,1073741823,1073741823,1073741823,1073741823,1073741823:e8
1073741823,1073741823,1073741823,1073479679,1073676287,1073478655,1073594367,1073698815,1073733631,1073741823,1073741823,1073741823,1073741823,1073741823,1073741823:f10
1073741823,1073741823,1073741823,1069547519,1073676287,1073478655,1073594367,1073698815,1073733631,1073741823,1073741823,1073741823,1073741823,1073741823,1073741823:f10
1073741823,1073741823,1073741823,1073741823,1073676287,1069284351,1073594367,1073698815,1073733631,1073741823,1073741823,1073741823,1073741823,1073741823,1073741823:f10
1073741823,1073741823,1073741823,1073741823,1073676287,1072430079,1073594367,1073698815,1073733631,1073741823,1073741823,1073741823,1073741823,1073741823,1073741823:f10
1073741823,1073741823,1073741823,1073741823,1073676287,1073478655,1073594367,1069504511,1073733631,1073741823,1073741823,1073741823,1073741823,1073741823,1073741823:e8
1073741823,1073741823,1073741823,1073741823,1073672191,1073478655,1073594367,1073698815,1073733631,1073741823,1073741823,1073741823,1073741823,1073741823,1073741823:f10
1073741823,1073741823,1073741823,1073741823,1072627711,1073478655,1073594367,1073698815,1073733631,1073741823,1073741823,1073741823,1073741823,1073741823,1073741823:f10
1073741823,1073741823,1073741823,1073741823,1073676287,1073478655,1072545791,1073698815,1073733631,1073741823,1073741823,1073741823,1073741823,1073741823,1073741823:e8
1073741823,1073741823,1073741823,1073741823,1073676287,1073478655,1073594367,1073698815,1072685055,1073741823,1073741823,1073741823,1073741823,1073741823,1073741823:f10
1073741823,1073741823,1073741823,1073741823,1073676287,1073478655,1073594367,1073698815,1073732607,1073741823,1073741823,1073741823,1073741823,1073741823,1073741823:e8
1073741823,1073741823,1073741823,1073741823,1073676287,1073478655,1073593343,1073698815,1073733631,1073741823,1073741823,1073741823,1073741823,1073741823,1073741823:e8
1073741823,1073741823,1073741823,1073741823,1073675263,1073478655,1073594367,1073698815,1073733631,1073741823,1073741823,1073741823,1073741823,1073741823,1073741823:f10
1073741823,1073741823,1073741823,1073741823,1073676287,1073474559,1073594367,1073698815,1073733631,1073741823,1073741823,1073741823,1073741823,1073741823,1073741823:e8
1073741823,1073741823,1073741823,1073741823,1073659903,1073478655,1073594367,1073698815,1073733631,1073741823,1073741823,1073741823,1073741823,1073741823,1073741823:f10
1073741823,1073741823,1073741823,1073741823,1073414143,1073478655,1073594367,1073698815,1073733631,1073741823,1073741823,1073741823,1073741823,1073741823,1073741823:f10
1073741823,1073741823,1073741823,1073741823,1073676287,1073413119,1073594367,1073698815,1073733631,1073741823,1073741823,1073741823,1073741823,1073741823,1073741823:e8
1073741823,1073741823,1073741823,1073741823,1073676287,1073478655,1073332223,1073698815,1073733631,1073741823,1073741823,1073741823,1073741823,1073741823,1073741823:f10
1073741823,1073741823,1073741823,1073741823,1073676287,1073478655,1073594367,1073698815,1073471487,1073741823,1073741823,1073741823,1073741823,1073741823,1073741823:f10
1073741823,1073741823,1073741823,1073741823,1073676287,1073478655,1073594367,1073698815,1073733631,1073740799,1073741823,1073741823,1073741823,1073741823,1073741823:e8
1073741823,1073741823,1073741823,1073741823,1073676287,1073478655,1073590271,1073698815,1073733631,1073741823,1073741823,1073741823,1073741823,1073741823,1073741823:e8
1073741823,1073741823,1073741823,1073741823,1073676287,1073462271,1073594367,1073698815,1073733631,1073741823,1073741823,1073741823,1073741823,1073741823,1073741823:e8
1073741823,1073741823,1073741823,1073741823,1073676287,1073478655,1073594367,1073436671,1073733631,1073741823,1073741823,1073741823,1073741823,1073741823,1073741823:f10
1073741823,1073741823,1073741823,1073741823,1073676287,1073478655,1073594367,1073633279,1073733631,1073741823,1073741823,1073741823,1073741823,1073741823,1073741823:f10
1073741823,1073741823,1073741823,1073741823,1073676287,1073478655,1073594367,1073698815,1073733631,1073479679,1073741823,1073741823,1073741823,1073741823,1073741823:f10
1073741823,1073741823,1073741823,1073741823,1073676287,1073478655,1073594367,1073698815,1073668095,1073741823,1073741823,1073741823,1073741823,1073741823,1073741823:f10
1073741823,1073741823,1073741823,1073741823,1073676287,1073478655,1073594367,1073698815,1073733631,1073725439,1073741823,1073741823,1073741823,1073741823,1073741823:f10
1073741823,1073741823,1073741823,1073741823,1073676287,1073478655,1073594367,1073698815,1073717247,1073741823,1073741823,1073741823,1073741823,1073741823,1073741823:e8
