1073741823,1073741823,1073741823,1073741823,1073741823,1073479679,1073676287,1073700863,1073610751,1073479679,1073741823,1073741823,1073741823,1073741823,1073741823:j8
1073741823,1073741823,1073741823,1073741823,1073741823,1073479679,1073676287,1072127999,1073610751,1073479679,1073741823,1073741823,1073741823,1073741823,1073741823:h10
1073741823,1073741823,1073741823,1073741823,1073741823,1073479679,1073676287,1072127999,1073610751,1073446911,1073741823,1073740799,1073741823,1073741823,1073741823:f8
1073741823,1073741823,1073741823,1073741823,1073741823,1073479679,1073676287,1072127999,1073610751,1073446911,1073725439,1073741823,1073741823,1073741823,1073741823:f8
1073741823,1073741823,1073741823,1073741823,1073741823,1056702463,1073676287,1072127999,1073610751,1073446911,1073741823,1073741823,1073741823,1073741823,1073741823:f8
1073741823,1073741823,1073741823,1073741823,1073741823,1073479679,1069481983,1072127999,1073610751,1073446911,1073741823,1073741823,1073741823,1073741823,1073741823:f8
1073741823,1073741823,1073741823,1073741823,1073741823,1073479679,1073676287,1055350783,1073610751,1073446911,1073741823,1073741823,1073741823,1073741823,1073741823:f8
1073741823,1073741823,1073741823,1073741823,1073741823,1073479679,1073676287,1072127999,1073610751,1056669695,1073741823,1073741823,1073741823,1073741823,1073741823:f8
1073741823,1073741823,1073741823,1073741823,1073741823,1073479679,1073676287,1072127999,1069416447,1073446911,1073741823,1073741823,1073741823,1073741823,1073741823:f8
1073741823,1073741823,1073741823,1073725439,1073741823,1073479679,1073676287,1072127999,1073610751,1073446911,1073741823,1073741823,1073741823,1073741823,1073741823:f8
1073741823,1073741823,1073741823,1073479679,1073741823,1073479679,1073676287,1072127999,1073610751,1073446911,1073741823,1073741823,1073741823,1073741823,1073741823:f8
1073741823,1073741823,1073741823,1073741823,1073479679,1073479679,1073676287,1072127999,1073610751,1073446911,1073741823,1073741823,1073741823,1073741823,1073741823:f8
1073741823,1073741823,1073741823,1069547519,1073741823,1073479679,1073676287,1072127999,1073610751,1073446911,1073741823,1073741823,1073741823,1073741823,1073741823:k7
1073741823,1073741823,1073741823,1073741823,1073741823,1069285375,1073676287,1072127999,1073610751,1073446911,1073741823,1073741823,1073741823,1073741823,1073741823:f8
1073741823,1073741823,1073741823,1073741823,1073741823,1072431103,1073676287,1072127999,1073610751,1073446911,1073741823,1073741823,1073741823,1073741823,1073741823:f8
1073741823,1073741823,1073741823,1073741823,1073741823,1073479679,1073676287,1072127999,1073610751,1073446655,1073741823,1073741823,1073741823,1073741823,1073741823:f8
1073741823,1073741823,1073741823,1073741823,1073741823,1073479679,1073676287,1072127999,1073609727,1073446911,1073741823,1073741823,1073741823,1073741823,1073741823:f8
1073741823,1073741823,1073741823,1073741823,1073741823,1073479679,1073676287,1072127743,1073610751,1073446911,1073741823,1073741823,1073741823,1073741823,1073741823:f8
1073741823,1073741823,1073741823,1073741823,1073741823,1073479423,1073676287,1072127999,1073610751,1073446911,1073741823,1073741823,1073741823,1073741823,1073741823:f8
1073741823,1073741823,1073741823,1073741823,1073741823,1073479679,1073675263,1072127999,1073610751,1073446911,1073741823,1073741823,1073741823,1073741823,1073741823:f8
1073741823,1073741823,1073741823,1073741823,1073741823,1073475583,1073676287,1072127999,1073610751,1073446911,1073741823,1073741823,1073741823,1073741823,1073741823:f8
1073741823,1073741823,1073741823,1073741823,1073741823,1073479679,1073676287,1072127999,1073610751,1073442815,1073741823,1073741823,1073741823,1073741823,1073741823:f8
1073741823,1073741823,1073741823,1073741823,1073741823,1073479679,1073676287,1072127999,1073610751,1073446911,1073741823,1073725439,1073741823,1073741823,1073741823:f8
1073741823,1073741823,1073741823,1073741823,1073741823,1073479679,1073676287,1067933695,1073610751,1073446911,1073741823,1073741823,1073741823,1073741823,1073741823:f8
1073741823,1073741823,1073741823,1073741823,1073741823,1073479679,1073676287,1072127999,1073610751,1069252607,1073741823,1073741823,1073741823,1073741823,1073741823:f8
1073741823,1073741823,1073741823,1073741823,1073741823,1073479679,1073676287,1072127999,1073610751,1072398335,1073741823,1073741823,1073741823,1073741823,1073741823:f8
1073741823,1073741823,1073741823,1073741823,1073741823,1073479679,1073676287,1072127999,1073610751,1073446911,1073741823,1069547519,1073741823,1073741823,1073741823:f8
1073741823,1073741823,1073741823,1073741823,1073741823,1073479679,1073676287,1072127999,1073610751,1073446911,1073741823,1073479679,1073741823,1073741823,1073741823:f8
1073741823,1073741823,1073741823,1073741823,1073741823,1073479679,1073676287,1072127999,1073610751,1073446911,1073479679,1073741823,1073741823,1073741823,1073741823:f8
1073741823,1073741823,1073741823,1073741823,1073741823,1073479679,1073676287,1072127999,1073610751,1073446911,1073737727,1073741823,1073741823,1073741823,1073741823:f8
1073741823,1073741823,1073741823,1073741823,1073741823,1073479679,1073676287,1072127999,1073348607,1073446911,1073741823,1073741823,1073741823,1073741823,1073741823:f8
1073741823,1073741823,1073741823,1073741823,1073741823,1073479679,1073676287,1072127999,1073610751,1073446911,1072693247,1073741823,1073741823,1073741823,1073741823:f8
1073741823,1073741823,1073741823,1073741823,1073741823,1073479679,1073676287,1072127999,1073610751,1073446911,1073676287,1073741823,1073741823,1073741823,1073741823:h9
1073741823,1073741823,1073741823,1073741823,1073741823,1073479679,1073676287,1072127999,1073610751,1073381375,1073741823,1073741823,1073741823,1073741823,1073741823:f8
1073741823,1073741823,1073741823,1073741823,1073737727,1073479679,1073676287,1072127999,1073610751,1073446911,1073741823,1073741823,1073741823,1073741823,1073741823:f8
1073741823,1073741823,1073741823,1073741823,1073676287,1073479679,1073676287,1072127999,1073610751,1073446911,1073741823,1073741823,1073741823,1073741823,1073741823:h9
1073741823,1073741823,1073741823,1073741823,1073741823,1073414143,1073676287,1072127999,1073610751,1073446911,1073741823,1073741823,1073741823,1073741823,1073741823:h9
1073741823,1073741823,1073741823,1073741823,1072693247,1073479679,1073676287,1072127999,1073610751,1073446911,1073741823,1073741823,1073741823,1073741823,1073741823:f8
1073741823,1073741823,1073741823,1073741823,1073741823,1073479679,1072627711,1072127999,1073610751,1073446911,1073741823,1073741823,1073741823,1073741823,1073741823:f8
1073741823,1073741823,1073741823,1073741823,1073741823,1073479679,1073414143,1072127999,1073610751,1073446911,1073741823,1073741823,1073741823,1073741823,1073741823:f8
1073741823,1073741823,1073741823,1073741823,1073741823,1073479679,1073676287,1072127999,1072562175,1073446911,1073741823,1073741823,1073741823,1073741823,1073741823:f8
1073741823,1073741823,1073741823,1073741823,1073741823,1073479679,1073676287,1072127999,1073610751,1073445887,1073741823,1073741823,1073741823,1073741823,1073741823:f8
1073741823,1073741823,1073741823,1073741823,1073741823,1073479679,1073676287,1072127999,1073606655,1073446911,1073741823,1073741823,1073741823,1073741823,1073741823:k7
1073741823,1073741823,1073741823,1073741823,1073741823,1073479679,1073676287,1072126975,1073610751,1073446911,1073741823,1073741823,1073741823,1073741823,1073741823:h9
1073741823,1073741823,1073741823,1073741823,1073741823,1073478655,1073676287,1072127999,1073610751,1073446911,1073741823,1073741823,1073741823,1073741823,1073741823:f8
1073741823,1073741823,1073741823,1073741823,1073741823,1073479679,1073672191,1072127999,1073610751,1073446911,1073741823,1073741823,1073741823,1073741823,1073741823:k7
1073741823,1073741823,1073741823,1073741823,1073741823,1073463295,1073676287,1072127999,1073610751,1073446911,1073741823,1073741823,1073741823,1073741823,1073741823:f8
1073741823,1073741823,1073741823,1073741823,1073741823,1073479679,1073659903,1072127999,1073610751,1073446911,1073741823,1073741823,1073741823,1073741823,1073741823:f8
1073741823,1073741823,1073741823,1073741823,1073741823,1073479679,1073676287,1072062463,1073610751,1073446911,1073741823,1073741823,1073741823,1073741823,1073741823:h9
1073741823,1073741823,1073741823,1073741823,1073741823,1073479679,1073676287,1072127999,1073594367,1073446911,1073741823,1073741823,1073741823,1073741823,1073741823:f8
1073741823,1073741823,1073741823,1073725439,1073741823,1073479679,1073676287,1073176575,1073610751,1073479679,1073741823,1073741823,1073741823,1073741823,1073741823:i8
1073741823,1073741823,1073741823,1073479679,1073741823,1073479679,1073676287,1073176575,1073610751,1073479679,1073741823,1073741823,1073741823,1073741823,1073741823:i8
1073741823,1073741823,1073741823,1073741823,1073479679,1073479679,1073676287,1073176575,1073610751,1073479679,1073741823,1073741823,1073741823,1073741823,1073741823:i8
1073741823,1073741823,1073741823,1069547519,1073741823,1073479679,1073676287,1073176575,1073610751,1073479679,1073741823,1073741823,1073741823,1073741823,1073741823:i8
1073741823,1073741823,1073741823,1073741823,1073741823,1069285375,1073676287,1073176575,1073610751,1073479679,1073741823,1073741823,1073741823,1073741823,1073741823:i8
1073741823,1073741823,1073741823,1073741823,1073741823,1072431103,1073676287,1073176575,1073610751,1073479679,1073741823,1073741823,1073741823,1073741823,1073741823:i8
1073741823,1073741823,1073741823,1073741823,1073741823,1073479679,1073676287,1073176575,1073610751,1073479423,1073741823,1073741823,1073741823,1073741823,1073741823:i8
1073741823,1073741823,1073741823,1073741823,1073741823,1073479679,1073676287,1073176575,1073609727,1073479679,1073741823,1073741823,1073741823,1073741823,1073741823:i8
1073741823,1073741823,1073741823,1073741823,1073741823,1073479679,1073676287,1073176319,1073610751,1073479679,1073741823,1073741823,1073741823,1073741823,1073741823:i8
1073741823,1073741823,1073741823,1073741823,1073741823,1073479423,1073676287,1073176575,1073610751,1073479679,1073741823,1073741823,1073741823,1073741823,1073741823:i8
1073741823,1073741823,1073741823,1073741823,1073741823,1073479679,1073675263,1073176575,1073610751,1073479679,1073741823,1073741823,1073741823,1073741823,1073741823:i8
1073741823,1073741823,1073741823,1073741823,1073741823,1073475583,1073676287,1073176575,1073610751,1073479679,1073741823,1073741823,1073741823,1073741823,1073741823:i8
1073741823,1073741823,1073741823,1073741823,1073741823,1073479679,1073676287,1073176575,1073610751,1073475583,1073741823,1073741823,1073741823,1073741823,1073741823:i8
1073741823,1073741823,1073741823,1073741823,1073741823,1073479679,1073676287,1073176575,1073610751,1073479679,1073741823,1073725439,1073741823,1073741823,1073741823:i8
1073741823,1073741823,1073741823,1073741823,1073741823,1073479679,1073676287,1068982271,1073610751,1073479679,1073741823,1073741823,1073741823,1073741823,1073741823:i8
1073741823,1073741823,1073741823,1073741823,1073741823,1073479679,1073676287,1073176575,1073610751,1069285375,1073741823,1073741823,1073741823,1073741823,1073741823:i8
1073741823,1073741823,1073741823,1073741823,1073741823,1073479679,1073676287,1073176575,1073610751,1072431103,1073741823,1073741823,1073741823,1073741823,1073741823:i8
1073741823,1073741823,1073741823,1073741823,1073741823,1073479679,1073676287,1073176575,1073610751,1073479679,1073741823,1069547519,1073741823,1073741823,1073741823:i8
1073741823,1073741823,1073741823,1073741823,1073741823,1073479679,1073676287,1073176575,1073610751,1073479679,1073741823,1073479679,1073741823,1073741823,1073741823:i8
1073741823,1073741823,1073741823,1073741823,1073741823,1073479679,1073676287,1073176575,1073610751,1073479679,1073479679,1073741823,1073741823,1073741823,1073741823:i8
1073741823,1073741823,1073741823,1073741823,1073741823,1073479679,1073676287,1073176575,1073610751,1073479679,1073737727,1073741823,1073741823,1073741823,1073741823:i8
1073741823,1073741823,1073741823,1073741823,1073741823,1073479679,1073676287,1073176575,1073348607,1073479679,1073741823,1073741823,1073741823,1073741823,1073741823:i8
1073741823,1073741823,1073741823,1073741823,1073741823,1073479679,1073676287,1073176575,1073610751,1073479679,1072693247,1073741823,1073741823,1073741823,1073741823:i8
1073741823,1073741823,1073741823,1073741823,1073741823,1073479679,1073676287,1073176575,1073610751,1073479679,1073676287,1073741823,1073741823,1073741823,1073741823:i8
1073741823,1073741823,1073741823,1073741823,1073741823,1073479679,1073676287,1073176575,1073610751,1073414143,1073741823,1073741823,1073741823,1073741823,1073741823:i8
1073741823,1073741823,1073741823,1073741823,1073737727,1073479679,1073676287,1073176575,1073610751,1073479679,1073741823,1073741823,1073741823,1073741823,1073741823:i8
1073741823,1073741823,1073741823,1073741823,1073676287,1073479679,1073676287,1073176575,1073610751,1073479679,1073741823,1073741823,1073741823,1073741823,1073741823:i8
1073741823,1073741823,1073741823,1073741823,1073741823,1073414143,1073676287,1073176575,1073610751,1073479679,1073741823,1073741823,1073741823,1073741823,1073741823:i8
1073741823,1073741823,1073741823,1073741823,1072693247,1073479679,1073676287,1073176575,1073610751,1073479679,1073741823,1073741823,1073741823,1073741823,1073741823:i8
1073741823,1073741823,1073741823,1073741823,1073741823,1073479679,1072627711,1073176575,1073610751,1073479679,1073741823,1073741823,1073741823,1073741823,1073741823:i8
1073741823,1073741823,1073741823,1073741823,1073741823,1073479679,1073414143,1073176575,1073610751,1073479679,1073741823,1073741823,1073741823,1073741823,1073741823:i8
1073741823,1073741823,1073741823,1073741823,1073741823,1073479679,1073676287,1073176575,1072562175,1073479679,1073741823,1073741823,1073741823,1073741823,1073741823:i8
1073741823,1073741823,1073741823,1073741823,1073741823,1073479679,1073676287,1073176575,1073610751,1073478655,1073741823,1073741823,1073741823,1073741823,1073741823:i8
1073741823,1073741823,1073741823,1073741823,1073741823,1073479679,1073676287,1073176575,1073606655,1073479679,1073741823,1073741823,1073741823,1073741823,1073741823:i8
1073741823,1073741823,1073741823,1073741823,1073741823,1073479679,1073676287,1073175551,1073610751,1073479679,1073741823,1073741823,1073741823,1073741823,1073741823:g9
1073741823,1073741823,1073741823,1073741823,1073741823,1073479679,1073676287,1073175551,1073602559,1073479679,1073741567,1073741823,1073741823,1073741823,1073741823:g11
1073741823,1073741823,1073741823,1073741823,1073741823,1073479679,1073676287,1073175551,1073602559,1073479615,1073741823,1073741823,1073741823,1073741823,1073741823:g11
1073741823,1073741823,1073741823,1073741823,1073741823,1073479679,1073676287,1073175551,1073602303,1073479679,1073741823,1073741823,1073741823,1073741823,1073741823:g11
1073741823,1073741823,1073741823,1073741823,1073741823,1073479679,1073676287,1073175487,1073602559,1073479679,1073741823,1073741823,1073741823,1073741823,1073741823:g11
1073741823,1073741823,1073741823,1073741823,1073741823,1073479615,1073676287,1073175551,1073602559,1073479679,1073741823,1073741823,1073741823,1073741823,1073741823:g11
1073741823,1073741823,1073741823,1073741823,1073741823,1073479679,1073676031,1073175551,1073602559,1073479679,1073741823,1073741823,1073741823,1073741823,1073741823:g11
1073741823,1073741823,1073741823,1073741823,1073741823,1073479679,1073676287,1072126975,1073602559,1073479679,1073741823,1073741823,1073741823,1073741823,1073741823:g11
1073741823,1073741823,1073741823,1073725439,1073741823,1073479679,1073676287,1073175551,1073602559,1073479679,1073741823,1073741823,1073741823,1073741823,1073741823:g11
1073741823,1073741823,1073741823,1073479679,1073741823,1073479679,1073676287,1073175551,1073602559,1073479679,1073741823,1073741823,1073741823,1073741823,1073741823:g11
1073741823,1073741823,1073741823,1073741823,1073479679,1073479679,1073676287,1073175551,1073602559,1073479679,1073741823,1073741823,1073741823,1073741823,1073741823:g11
1073741823,1073741823,1073741823,1069547519,1073741823,1073479679,1073676287,1073175551,1073602559,1073479679,1073741823,1073741823,1073741823,1073741823,1073741823:g11
1073741823,1073741823,1073741823,1073741823,1073741823,1069285375,1073676287,1073175551,1073602559,1073479679,1073741823,1073741823,1073741823,1073741823,1073741823:g11
1073741823,1073741823,1073741823,1073741823,1073741823,1072431103,1073676287,1073175551,1073602559,1073479679,1073741823,1073741823,1073741823,1073741823,1073741823:g11
1073741823,1073741823,1073741823,1073741823,1073741823,1073479679,1073676287,1073175551,1073602559,1073479423,1073741823,1073741823,1073741823,1073741823,1073741823:g11
1073741823,1073741823,1073741823,1073741823,1073741823,1073479679,1073676287,1073175551,1073601535,1073479679,1073741823,1073741823,1073741823,1073741823,1073741823:g11
1073741823,1073741823,1073741823,1073741823,1073741823,1073479679,1073676287,1073175295,1073602559,1073479679,1073741823,1073741823,1073741823,1073741823,1073741823:g11
1073741823,1073741823,1073741823,1073741823,1073741823,1073479423,1073676287,1073175551,1073602559,1073479679,1073741823,1073741823,1073741823,1073741823,1073741823:g11
1073741823,1073741823,1073741823,1073741823,1073741823,1073479679,1073675263,1073175551,1073602559,1073479679,1073741823,1073741823,1073741823,1073741823,1073741823:g11
1073741823,1073741823,1073741823,1073741823,1073741823,1073475583,1073676287,1073175551,1073602559,1073479679,1073741823,1073741823,1073741823,1073741823,1073741823:g11
1073741823,1073741823,1073741823,1073741823,1073741823,1073479679,1073676287,1073175551,1073602559,1073475583,1073741823,1073741823,1073741823,1073741823,1073741823:h10
1073741823,1073741823,1073741823,1073741823,1073741823,1073479679,1073676287,1073175551,1073602559,1073479679,1073741823,1073725439,1073741823,1073741823,1073741823:g11
1073741823,1073741823,1073741823,1073741823,1073741823,1073479679,1073676287,1068981247,1073602559,1073479679,1073741823,1073741823,1073741823,1073741823,1073741823:g11
1073741823,1073741823,1073741823,1073741823,1073741823,1073479679,1073676287,1073175551,1073602559,1069285375,1073741823,1073741823,1073741823,1073741823,1073741823:g11
1073741823,1073741823,1073741823,1073741823,1073741823,1073479679,1073676287,1073175551,1073602559,1072431103,1073741823,1073741823,1073741823,1073741823,1073741823:g11
1073741823,1073741823,1073741823,1073741823,1073741823,1073479679,1073676287,1073175551,1073602559,1073479679,1073741823,1069547519,1073741823,1073741823,1073741823:g11
1073741823,1073741823,1073741823,1073741823,1073741823,1073479679,1073676287,1073175551,1073602559,1073479679,1073741823,1073479679,1073741823,1073741823,1073741823:g11
1073741823,1073741823,1073741823,1073741823,1073741823,1073479679,1073676287,1073175551,1073602559,1073479679,1073479679,1073741823,1073741823,1073741823,1073741823:g11
1073741823,1073741823,1073741823,1073741823,1073741823,1073479679,1073676287,1073175551,1073602559,1073479679,1073737727,1073741823,1073741823,1073741823,1073741823:i8
1073741823,1073741823,1073741823,1073741823,1073741823,1073479679,1073676287,1073175551,1073340415,1073479679,1073741823,1073741823,1073741823,1073741823,1073741823:g11
1073741823,1073741823,1073741823,1073741823,1073741823,1073479679,1073676287,1073175551,1073602559,1073479679,1072693247,1073741823,1073741823,1073741823,1073741823:g11
1073741823,1073741823,1073741823,1073741823,1073741823,1073479679,1073676287,1073175551,1073602559,1073479679,1073676287,1073741823,1073741823,1073741823,1073741823:g11
1073741823,1073741823,1073741823,1073741823,1073741823,1073479679,1073676287,1073175551,1073602559,1073414143,1073741823,1073741823,1073741823,1073741823,1073741823:g11
1073741823,1073741823,1073741823,1073741823,1073737727,1073479679,1073676287,1073175551,1073602559,1073479679,1073741823,1073741823,1073741823,1073741823,1073741823:g11
1073741823,1073741823,1073741823,1073741823,1073676287,1073479679,1073676287,1073175551,1073602559,1073479679,1073741823,1073741823,1073741823,1073741823,1073741823:g11
1073741823,1073741823,1073741823,1073741823,1073741823,1073414143,1073676287,1073175551,1073602559,1073479679,1073741823,1073741823,1073741823,1073741823,1073741823:g11
1073741823,1073741823,1073741823,1073741823,1072693247,1073479679,1073676287,1073175551,1073602559,1073479679,1073741823,1073741823,1073741823,1073741823,1073741823:g11
1073741823,1073741823,1073741823,1073741823,1073741823,1073479679,1072627711,1073175551,1073602559,1073479679,1073741823,1073741823,1073741823,1073741823,1073741823:h9
1073741823,1073741823,1073741823,1073741823,1073741823,1073479679,1073414143,1073175551,1073602559,1073479679,1073741823,1073741823,1073741823,1073741823,1073741823:g11
1073741823,1073741823,1073741823,1073741823,1073741823,1073479679,1073676287,1073175551,1072553983,1073479679,1073741823,1073741823,1073741823,1073741823,1073741823:g11
1073741823,1073741823,1073741823,1073741823,1073741823,1073479679,1073676287,1073175551,1073602559,1073478655,1073741823,1073741823,1073741823,1073741823,1073741823:g11
1073741823,1073741823,1073741823,1073741823,1073741823,1073478655,1073676287,1073175551,1073602559,1073479679,1073741823,1073741823,1073741823,1073741823,1073741823:g11
1073741823,1073741823,1073741823,1073741823,1073741823,1073479679,1073672191,1073175551,1073602559,1073479679,1073741823,1073741823,1073741823,1073741823,1073741823:h9
1073741823,1073741823,1073741823,1073741823,1073741823,1073463295,1073676287,1073175551,1073602559,1073479679,1073741823,1073741823,1073741823,1073741823,1073741823:g11
1073741823,1073741823,1073741823,1073741823,1073741823,1073479679,1073659903,1073175551,1073602559,1073479679,1073741823,1073741823,1073741823,1073741823,1073741823:g11
1073741823,1073741823,1073741823,1073741823,1073741823,1073479679,1073676287,1073110015,1073602559,1073479679,1073741823,1073741823,1073741823,1073741823,1073741823:g11
1073741823,1073741823,1073741823,1073741823,1073741823,1073479679,1073676287,1073175551,1073602559,1073463295,1073741823,1073741823,1073741823,1073741823,1073741823:i8
1073741823,1073741823,1073741823,1073741823,1073741823,1073479679,1073676287,1073175551,1073586175,1073479679,1073741823,1073741823,1073741823,1073741823,1073741823:g11
1073741823,1073741823,1073741823,1073741823,1073741823,1073478655,1073676287,1073176575,1073610751,1073479679,1073741823,1073741823,1073741823,1073741823,1073741823:i8
1073741823,1073741823,1073741823,1073741823,1073741823,1073479679,1073672191,1073176575,1073610751,1073479679,1073741823,1073741823,1073741823,1073741823,1073741823:i8
1073741823,1073741823,1073741823,1073741823,1073741823,1073463295,1073676287,1073176575,1073610751,1073479679,1073741823,1073741823,1073741823,1073741823,1073741823:i8
1073741823,1073741823,1073741823,1073741823,1073741823,1073479679,1073659903,1073176575,1073610751,1073479679,1073741823,1073741823,1073741823,1073741823,1073741823:i8
1073741823,1073741823,1073741823,1073741823,1073741823,1073479679,1073676287,1073111039,1073610751,1073479679,1073741823,1073741823,1073741823,1073741823,1073741823:h10
1073741823,1073741823,1073741823,1073741823,1073741823,1073479679,1073676287,1073111039,1073610751,1073446911,1073741823,1073740799,1073741823,1073741823,1073741823:h9
1073741823,1073741823,1073741823,1073741823,1073741823,1073479679,1073676287,1073111039,1073610751,1073446911,1073725439,1073741823,1073741823,1073741823,1073741823:k7
1073741823,1073741823,1073741823,1073741823,1073741823,1073479679,1073676287,1072062463,1073610751,1073446911,1073741823,1073741823,1073741823,1073741823,1073741823:h9
1073741823,1073741823,1073741823,1073725439,1073741823,1073479679,1073676287,1073111039,1073610751,1073446911,1073741823,1073741823,1073741823,1073741823,1073741823:h9
1073741823,1073741823,1073741823,1073479679,1073741823,1073479679,1073676287,1073111039,1073610751,1073446911,1073741823,1073741823,1073741823,1073741823,1073741823:h9
1073741823,1073741823,1073741823,1073741823,1073479679,1073479679,1073676287,1073111039,1073610751,1073446911,1073741823,1073741823,1073741823,1073741823,1073741823:h9
1073741823,1073741823,1073741823,1069547519,1073741823,1073479679,1073676287,1073111039,1073610751,1073446911,1073741823,1073741823,1073741823,1073741823,1073741823:h9
1073741823,1073741823,1073741823,1073741823,1073741823,1069285375,1073676287,1073111039,1073610751,1073446911,1073741823,1073741823,1073741823,1073741823,1073741823:h9
1073741823,1073741823,1073741823,1073741823,1073741823,1072431103,1073676287,1073111039,1073610751,1073446911,1073741823,1073741823,1073741823,1073741823,1073741823:h9
1073741823,1073741823,1073741823,1073741823,1073741823,1073479679,1073676287,1073111039,1073610751,1073446655,1073741823,1073741823,1073741823,1073741823,1073741823:h9
1073741823,1073741823,1073741823,1073741823,1073741823,1073479679,1073676287,1073111039,1073609727,1073446911,1073741823,1073741823,1073741823,1073741823,1073741823:k7
1073741823,1073741823,1073741823,1073741823,1073741823,1073479679,1073676287,1073110783,1073610751,1073446911,1073741823,1073741823,1073741823,1073741823,1073741823:h9
1073741823,1073741823,1073741823,1073741823,1073741823,1073479423,1073676287,1073111039,1073610751,1073446911,1073741823,1073741823,1073741823,1073741823,1073741823:h9
1073741823,1073741823,1073741823,1073741823,1073741823,1073479679,1073675263,1073111039,1073610751,1073446911,1073741823,1073741823,1073741823,1073741823,1073741823:k7
1073741823,1073741823,1073741823,1073741823,1073741823,1073475583,1073676287,1073111039,1073610751,1073446911,1073741823,1073741823,1073741823,1073741823,1073741823:k7
1073741823,1073741823,1073741823,1073741823,1073741823,1073479679,1073676287,1073111039,1073610751,1073442815,1073741823,1073741823,1073741823,1073741823,1073741823:k7
1073741823,1073741823,1073741823,1073741823,1073741823,1073479679,1073676287,1073111039,1073610751,1073446911,1073741823,1073725439,1073741823,1073741823,1073741823:h9
1073741823,1073741823,1073741823,1073741823,1073741823,1073479679,1073676287,1068916735,1073610751,1073446911,1073741823,1073741823,1073741823,1073741823,1073741823:h9
1073741823,1073741823,1073741823,1073741823,1073741823,1073479679,1073676287,1073111039,1073610751,1069252607,1073741823,1073741823,1073741823,1073741823,1073741823:h9
1073741823,1073741823,1073741823,1073741823,1073741823,1073479679,1073676287,1073111039,1073610751,1072398335,1073741823,1073741823,1073741823,1073741823,1073741823:k7
1073741823,1073741823,1073741823,1073741823,1073741823,1073479679,1073676287,1073111039,1073610751,1073446911,1073741823,1069547519,1073741823,1073741823,1073741823:h9
1073741823,1073741823,1073741823,1073741823,1073741823,1073479679,1073676287,1073111039,1073610751,1073446911,1073741823,1073479679,1073741823,1073741823,1073741823:h9
1073741823,1073741823,1073741823,1073741823,1073741823,1073479679,1073676287,1073111039,1073610751,1073446911,1073479679,1073741823,1073741823,1073741823,1073741823:h9
1073741823,1073741823,1073741823,1073741823,1073741823,1073479679,1073676287,1073111039,1073610751,1073446911,1073737727,1073741823,1073741823,1073741823,1073741823:h9
1073741823,1073741823,1073741823,1073741823,1073741823,1073479679,1073676287,1073111039,1073577983,1073446911,1073737727,1073741823,1073741567,1073741823,1073741823:h7
1073741823,1073741823,1073741823,1073741823,1073741823,1073479679,1073676287,1073111039,1073577983,1073446911,1073737471,1073741823,1073741823,1073741823,1073741823:h7
1073741823,1073741823,1073741823,1073741823,1073741823,1073479679,1073676287,1073111039,1073577983,1073446911,1073736703,1073741823,1073741823,1073741823,1073741823:h7
1073741823,1073741823,1073741823,1073741823,1073741823,1073479679,1073676287,1073111039,1073577727,1073446911,1073737727,1073741823,1073741823,1073741823,1073741823:h7
1073741823,1073741823,1073741823,1073741823,1073741823,1073479679,1073676287,1073111039,1073577983,1073446911,1073737727,1073741823,1073676287,1073741823,1073741823:h7
1073741823,1073741823,1073741823,1073741823,1073741823,1073479679,1073676287,1073111039,1073577983,1073446911,1073737727,1073741823,1073737727,1073741823,1073741823:h7
1073741823,1073741823,1073741823,1073741823,1073741823,1073479679,1073676287,1073111039,1073577983,1073446911,1073737727,1073737727,1073741823,1073741823,1073741823:h7
1073741823,1073741823,1073741823,1073741823,1073741823,1073479679,1073676287,1072062463,1073577983,1073446911,1073737727,1073741823,1073741823,1073741823,1073741823:h7
1073741823,1073741823,1073741823,1073741823,1073741823,1073479679,1073676287,1073111039,1073577983,1073446911,1073737727,1073740799,1073741823,1073741823,1073741823:h7
1073741823,1073741823,1073741823,1073741823,1073741823,1073479679,1073676287,1073111039,1073577983,1073446911,1073721343,1073741823,1073741823,1073741823,1073741823:h7
1073741823,1073741823,1073741823,1073725439,1073741823,1073479679,1073676287,1073111039,1073577983,1073446911,1073737727,1073741823,1073741823,1073741823,1073741823:h7
1073741823,1073741823,1073741823,1073479679,1073741823,1073479679,1073676287,1073111039,1073577983,1073446911,1073737727,1073741823,1073741823,1073741823,1073741823:h7
1073741823,1073741823,1073741823,1073741823,1073479679,1073479679,1073676287,1073111039,1073577983,1073446911,1073737727,1073741823,1073741823,1073741823,1073741823:h7
1073741823,1073741823,1073741823,1069547519,1073741823,1073479679,1073676287,1073111039,1073577983,1073446911,1073737727,1073741823,1073741823,1073741823,1073741823:h7
1073741823,1073741823,1073741823,1073741823,1073741823,1069285375,1073676287,1073111039,1073577983,1073446911,1073737727,1073741823,1073741823,1073741823,1073741823:h7
1073741823,1073741823,1073741823,1073741823,1073741823,1072431103,1073676287,1073111039,1073577983,1073446911,1073737727,1073741823,1073741823,1073741823,1073741823:h7
1073741823,1073741823,1073741823,1073741823,1073741823,1073479679,1073676287,1073111039,1073577983,1073446655,1073737727,1073741823,1073741823,1073741823,1073741823:h7
1073741823,1073741823,1073741823,1073741823,1073741823,1073479679,1073676287,1073111039,1073576959,1073446911,1073737727,1073741823,1073741823,1073741823,1073741823:h7
1073741823,1073741823,1073741823,1073741823,1073741823,1073479679,1073676287,1073110783,1073577983,1073446911,1073737727,1073741823,1073741823,1073741823,1073741823:h7
1073741823,1073741823,1073741823,1073741823,1073741823,1073479423,1073676287,1073111039,1073577983,1073446911,1073737727,1073741823,1073741823,1073741823,1073741823:h7
1073741823,1073741823,1073741823,1073741823,1073741823,1073479679,1073675263,1073111039,1073577983,1073446911,1073737727,1073741823,1073741823,1073741823,1073741823:h7
1073741823,1073741823,1073741823,1073741823,1073741823,1073475583,1073676287,1073111039,1073577983,1073446911,1073737727,1073741823,1073741823,1073741823,1073741823:h7
1073741823,1073741823,1073741823,1073741823,1073741823,1073479679,1073676287,1073111039,1073577983,1073442815,1073737727,1073741823,1073741823,1073741823,1073741823:h7
1073741823,1073741823,1073741823,1073741823,1073741823,1073479679,1073676287,1073111039,1073577983,1073446911,1073737727,1073725439,1073741823,1073741823,1073741823:h7
1073741823,1073741823,1073741823,1073741823,1073741823,1073479679,1073676287,1068916735,1073577983,1073446911,1073737727,1073741823,1073741823,1073741823,1073741823:h7
1073741823,1073741823,1073741823,1073741823,1073741823,1073479679,1073676287,1073111039,1073577983,1069252607,1073737727,1073741823,1073741823,1073741823,1073741823:h7
1073741823,1073741823,1073741823,1073741823,1073741823,1073479679,1073676287,1073111039,1073577983,1072398335,1073737727,1073741823,1073741823,1073741823,1073741823:h7
1073741823,1073741823,1073741823,1073741823,1073741823,1073479679,1073676287,1073111039,1073577983,1073446911,1073737727,1069547519,1073741823,1073741823,1073741823:h7
1073741823,1073741823,1073741823,1073741823,1073741823,1073479679,1073676287,1073111039,1073577983,1073446911,1073737727,1073479679,1073741823,1073741823,1073741823:h7
1073741823,1073741823,1073741823,1073741823,1073741823,1073479679,1073676287,1073111039,1073577983,1073446911,1073475583,1073741823,1073741823,1073741823,1073741823:h7
1073741823,1073741823,1073741823,1073741823,1073741823,1073479679,1073676287,1073111039,1073315839,1073446911,1073737727,1073741823,1073741823,1073741823,1073741823:h7
1073741823,1073741823,1073741823,1073741823,1073741823,1073479679,1073676287,1073111039,1073577983,1073446911,1072689151,1073741823,1073741823,1073741823,1073741823:h7
1073741823,1073741823,1073741823,1073741823,1073741823,1073479679,1073676287,1073111039,1073577983,1073446911,1073672191,1073741823,1073741823,1073741823,1073741823:h7
1073741823,1073741823,1073741823,1073741823,1073741823,1073479679,1073676287,1073111039,1073577983,1073381375,1073737727,1073741823,1073741823,1073741823,1073741823:h7
1073741823,1073741823,1073741823,1073741823,1073737727,1073479679,1073676287,1073111039,1073577983,1073446911,1073737727,1073741823,1073741823,1073741823,1073741823:h7
1073741823,1073741823,1073741823,1073741823,1073676287,1073479679,1073676287,1073111039,1073577983,1073446911,1073737727,1073741823,1073741823,1073741823,1073741823:h7
1073741823,1073741823,1073741823,1073741823,1073741823,1073414143,1073676287,1073111039,1073577983,1073446911,1073737727,1073741823,1073741823,1073741823,1073741823:h7
1073741823,1073741823,1073741823,1073741823,1072693247,1073479679,1073676287,1073111039,1073577983,1073446911,1073737727,1073741823,1073741823,1073741823,1073741823:h7
1073741823,1073741823,1073741823,1073741823,1073741823,1073479679,1072627711,1073111039,1073577983,1073446911,1073737727,1073741823,1073741823,1073741823,1073741823:h7
1073741823,1073741823,1073741823,1073741823,1073741823,1073479679,1073414143,1073111039,1073577983,1073446911,1073737727,1073741823,1073741823,1073741823,1073741823:h7
1073741823,1073741823,1073741823,1073741823,1073741823,1073479679,1073676287,1073111039,1072529407,1073446911,1073737727,1073741823,1073741823,1073741823,1073741823:h7
1073741823,1073741823,1073741823,1073741823,1073741823,1073479679,1073676287,1073111039,1073577983,1073445887,1073737727,1073741823,1073741823,1073741823,1073741823:h7
1073741823,1073741823,1073741823,1073741823,1073741823,1073479679,1073676287,1073111039,1073573887,1073446911,1073737727,1073741823,1073741823,1073741823,1073741823:h7
1073741823,1073741823,1073741823,1073741823,1073741823,1073479679,1073676287,1073110015,1073577983,1073446911,1073737727,1073741823,1073741823,1073741823,1073741823:h7
1073741823,1073741823,1073741823,1073741823,1073741823,1073478655,1073676287,1073111039,1073577983,1073446911,1073737727,1073741823,1073741823,1073741823,1073741823:h7
1073741823,1073741823,1073741823,1073741823,1073741823,1073479679,1073672191,1073111039,1073577983,1073446911,1073737727,1073741823,1073741823,1073741823,1073741823:h7
1073741823,1073741823,1073741823,1073741823,1073741823,1073463295,1073676287,1073111039,1073577983,1073446911,1073737727,1073741823,1073741823,1073741823,1073741823:h7
1073741823,1073741823,1073741823,1073741823,1073741823,1073479679,1073659903,1073111039,1073577983,1073446911,1073737727,1073741823,1073741823,1073741823,1073741823:j9
1073741823,1073741823,1073741823,1073741823,1073741823,1073479679,1069465599,1073111039,1073053695,1073446911,1073737727,1073741823,1073741823,1073741823,1073741823:g9
1073741823,1073741823,1073741823,1073741823,1073741823,1073479679,1073659903,1073111039,1068859391,1073446911,1073737727,1073741823,1073741823,1073741823,1073741823:i10
1073741823,1073741823,1073741823,1073741823,1073741823,1073479679,1073659903,1073111039,1073053695,1073446911,1069543423,1073741823,1073741823,1073741823,1073741823:i10
1073741823,1073741823,1073741823,1073741823,1073740799,1073479679,1073659903,1073111039,1073053695,1073446911,1073737727,1073741823,1073741823,1073741823,1073741823:g9
1073741823,1073741823,1073741823,1073741823,1073725439,1073479679,1073659903,1073111039,1073053695,1073446911,1073737727,1073741823,1073741823,1073741823,1073741823:i10
1073741823,1073741823,1073741823,1073741823,1073741823,1073479679,1073659903,1073111039,1073053695,1073446911,1073737727,1073741823,1073741567,1073741823,1073741823:i10
1073741823,1073741823,1073741823,1073741823,1073741823,1073479679,1073659903,1073111039,1073053695,1073446911,1073737471,1073741823,1073741823,1073741823,1073741823:i10
1073741823,1073741823,1073741823,1073741823,1073741823,1073479679,1073659903,1073111039,1073053695,1073446911,1073736703,1073741823,1073741823,1073741823,1073741823:i10
1073741823,1073741823,1073741823,1073741823,1073741823,1073479679,1073659903,1073111039,1073053439,1073446911,1073737727,1073741823,1073741823,1073741823,1073741823:i10
1073741823,1073741823,1073741823,1073741823,1073741823,1073479679,1073659903,1073111039,1073053695,1073446911,1073737727,1073741823,1073676287,1073741823,1073741823:i10
1073741823,1073741823,1073741823,1073741823,1073741823,1073479679,1073659903,1073111039,1073053695,1073446911,1073737727,1073741823,1073737727,1073741823,1073741823:i10
1073741823,1073741823,1073741823,1073741823,1073741823,1073479679,1073659903,1073111039,1073053695,1073446911,1073737727,1073737727,1073741823,1073741823,1073741823:g9
1073741823,1073741823,1073741823,1073741823,1073741823,1073479679,1073659903,1073111039,1073053695,1073446911,1073737727,1073740799,1073741823,1073741823,1073741823:i10
1073741823,1073741823,1073741823,1073741823,1073741823,1073479679,1073659903,1073111039,1073053695,1073446911,1073721343,1073741823,1073741823,1073741823,1073741823:g9
1073741823,1073741823,1073741823,1073741823,1073741823,1073479679,1073659903,1072062463,1073053695,1073446911,1073737727,1073741823,1073741823,1073741823,1073741823:g9
1073741823,1073741823,1073741823,1073725439,1073741823,1073479679,1073659903,1073111039,1073053695,1073446911,1073737727,1073741823,1073741823,1073741823,1073741823:i10
1073741823,1073741823,1073741823,1073479679,1073741823,1073479679,1073659903,1073111039,1073053695,1073446911,1073737727,1073741823,1073741823,1073741823,1073741823:i10
1073741823,1073741823,1073741823,1073741823,1073479679,1073479679,1073659903,1073111039,1073053695,1073446911,1073737727,1073741823,1073741823,1073741823,1073741823:i10
1073741823,1073741823,1073741823,1069547519,1073741823,1073479679,1073659903,1073111039,1073053695,1073446911,1073737727,1073741823,1073741823,1073741823,1073741823:i10
1073741823,1073741823,1073741823,1073741823,1073741823,1069285375,1073659903,1073111039,1073053695,1073446911,1073737727,1073741823,1073741823,1073741823,1073741823:i10
1073741823,1073741823,1073741823,1073741823,1073741823,1072431103,1073659903,1073111039,1073053695,1073446911,1073737727,1073741823,1073741823,1073741823,1073741823:i10
1073741823,1073741823,1073741823,1073741823,1073741823,1073479679,1073659903,1073111039,1073053695,1073446655,1073737727,1073741823,1073741823,1073741823,1073741823:i10
1073741823,1073741823,1073741823,1073741823,1073741823,1073479679,1073659903,1073111039,1073052671,1073446911,1073737727,1073741823,1073741823,1073741823,1073741823:i10
1073741823,1073741823,1073741823,1073741823,1073741823,1073479679,1073659903,1073110783,1073053695,1073446911,1073737727,1073741823,1073741823,1073741823,1073741823:i10
1073741823,1073741823,1073741823,1073741823,1073741823,1073479423,1073659903,1073111039,1073053695,1073446911,1073737727,1073741823,1073741823,1073741823,1073741823:i10
1073741823,1073741823,1073741823,1073741823,1073741823,1073479679,1073658879,1073111039,1073053695,1073446911,1073737727,1073741823,1073741823,1073741823,1073741823:g9
1073741823,1073741823,1073741823,1073741823,1073741823,1073475583,1073659903,1073111039,1073053695,1073446911,1073737727,1073741823,1073741823,1073741823,1073741823:i10
1073741823,1073741823,1073741823,1073741823,1073741823,1073479679,1073659903,1073111039,1073053695,1073442815,1073737727,1073741823,1073741823,1073741823,1073741823:i10
1073741823,1073741823,1073741823,1073741823,1073741823,1073479679,1073659903,1073111039,1073053695,1073446911,1073737727,1073725439,1073741823,1073741823,1073741823:g9
1073741823,1073741823,1073741823,1073741823,1073741823,1073479679,1073659903,1068916735,1073053695,1073446911,1073737727,1073741823,1073741823,1073741823,1073741823:i10
1073741823,1073741823,1073741823,1073741823,1073741823,1073479679,1073659903,1073111039,1073053695,1069252607,1073737727,1073741823,1073741823,1073741823,1073741823:i10
1073741823,1073741823,1073741823,1073741823,1073741823,1073479679,1073659903,1073111039,1073053695,1072398335,1073737727,1073741823,1073741823,1073741823,1073741823:i10
1073741823,1073741823,1073741823,1073741823,1073741823,1073479679,1073659903,1073111039,1073053695,1073446911,1073737727,1069547519,1073741823,1073741823,1073741823:i10
1073741823,1073741823,1073741823,1073741823,1073741823,1073479679,1073659903,1073111039,1073053695,1073446911,1073737727,1073479679,1073741823,1073741823,1073741823:i10
1073741823,1073741823,1073741823,1073741823,1073741823,1073479679,1073659903,1073111039,1073053695,1073446911,1073475583,1073741823,1073741823,1073741823,1073741823:g9
1073741823,1073741823,1073741823,1073741823,1073741823,1073479679,1073659903,1073111039,1073053695,1073446911,1072689151,1073741823,1073741823,1073741823,1073741823:i10
1073741823,1073741823,1073741823,1073741823,1073741823,1073479679,1073659903,1073111039,1073053695,1073446911,1073672191,1073741823,1073741823,1073741823,1073741823:i10
1073741823,1073741823,1073741823,1073741823,1073741823,1073479679,1073659903,1073111039,1073053695,1073381375,1073737727,1073741823,1073741823,1073741823,1073741823:g9
1073741823,1073741823,1073741823,1073741823,1073737727,1073479679,1073659903,1073111039,1073053695,1073446911,1073737727,1073741823,1073741823,1073741823,1073741823:i10
1073741823,1073741823,1073741823,1073741823,1073676287,1073479679,1073659903,1073111039,1073053695,1073446911,1073737727,1073741823,1073741823,1073741823,1073741823:g9
1073741823,1073741823,1073741823,1073741823,1073741823,1073414143,1073659903,1073111039,1073053695,1073446911,1073737727,1073741823,1073741823,1073741823,1073741823:g9
1073741823,1073741823,1073741823,1073741823,1072693247,1073479679,1073659903,1073111039,1073053695,1073446911,1073737727,1073741823,1073741823,1073741823,1073741823:i10
1073741823,1073741823,1073741823,1073741823,1073741823,1073479679,1072611327,1073111039,1073053695,1073446911,1073737727,1073741823,1073741823,1073741823,1073741823:g9
1073741823,1073741823,1073741823,1073741823,1073741823,1073479679,1073397759,1073111039,1073053695,1073446911,1073737727,1073741823,1073741823,1073741823,1073741823:g9
1073741823,1073741823,1073741823,1073741823,1073741823,1073479679,1073659903,1073111039,1072005119,1073446911,1073737727,1073741823,1073741823,1073741823,1073741823:i10
1073741823,1073741823,1073741823,1073741823,1073741823,1073479679,1073659903,1073111039,1073053695,1073445887,1073737727,1073741823,1073741823,1073741823,1073741823:i10
1073741823,1073741823,1073741823,1073741823,1073741823,1073479679,1073659903,1073111039,1073049599,1073446911,1073737727,1073741823,1073741823,1073741823,1073741823:i10
1073741823,1073741823,1073741823,1073741823,1073741823,1073479679,1073659903,1073110015,1073053695,1073446911,1073737727,1073741823,1073741823,1073741823,1073741823:i10
1073741823,1073741823,1073741823,1073741823,1073741823,1073478655,1073659903,1073111039,1073053695,1073446911,1073737727,1073741823,1073741823,1073741823,1073741823:i10
1073741823,1073741823,1073741823,1073741823,1073741823,1073479679,1073655807,1073111039,1073053695,1073446911,1073737727,1073741823,1073741823,1073741823,1073741823:g9
1073741823,1073741823,1073741823,1073741823,1073741823,1073463295,1073659903,1073111039,1073053695,1073446911,1073737727,1073741823,1073741823,1073741823,1073741823:i10
1073741823,1073741823,1073741823,1073741823,1073741823,1073479679,1073676287,1073111039,1073348607,1073446911,1073741823,1073741823,1073741823,1073741823,1073741823:k7
1073741823,1073741823,1073741823,1073741823,1073741823,1073479679,1073676287,1073111039,1073610751,1073446911,1072693247,1073741823,1073741823,1073741823,1073741823:h9
1073741823,1073741823,1073741823,1073741823,1073741823,1073479679,1073676287,1073111039,1073610751,1073446911,1073676287,1073741823,1073741823,1073741823,1073741823:h9
1073741823,1073741823,1073741823,1073741823,1073741823,1073479679,1073676287,1073111039,1073610751,1073381375,1073741823,1073741823,1073741823,1073741823,1073741823:h9
1073741823,1073741823,1073741823,1073741823,1073737727,1073479679,1073676287,1073111039,1073610751,1073446911,1073741823,1073741823,1073741823,1073741823,1073741823:h9
1073741823,1073741823,1073741823,1073741823,1073676287,1073479679,1073676287,1073111039,1073610751,1073446911,1073741823,1073741823,1073741823,1073741823,1073741823:k7
1073741823,1073741823,1073741823,1073741823,1073741823,1073414143,1073676287,1073111039,1073610751,1073446911,1073741823,1073741823,1073741823,1073741823,1073741823:k7
1073741823,1073741823,1073741823,1073741823,1072693247,1073479679,1073676287,1073111039,1073610751,1073446911,1073741823,1073741823,1073741823,1073741823,1073741823:h9
1073741823,1073741823,1073741823,1073741823,1073741823,1073479679,1072627711,1073111039,1073610751,1073446911,1073741823,1073741823,1073741823,1073741823,1073741823:h7
1073741823,1073741823,1073741823,1073741823,1073740799,1073479679,1072594943,1073111039,1073610751,1073446911,1073741823,1073741823,1073741823,1073741823,1073741823:h9
1073741823,1073741823,1073741823,1073741823,1073725439,1073479679,1072594943,1073111039,1073610751,1073446911,1073741823,1073741823,1073741823,1073741823,1073741823:h9
1073741823,1073741823,1073741823,1073741823,1056964607,1073479679,1072594943,1073111039,1073610751,1073446911,1073741823,1073741823,1073741823,1073741823,1073741823:h9
1073741823,1073741823,1073741823,1073741823,1073741823,1073479679,1055817727,1073111039,1073610751,1073446911,1073741823,1073741823,1073741823,1073741823,1073741823:h9
1073741823,1073741823,1073741823,1073741823,1073741823,1073479679,1068400639,1073111039,1073610751,1073446911,1073741823,1073741823,1073741823,1073741823,1073741823:h9
1073741823,1073741823,1073741823,1073741823,1073741823,1073479679,1072594943,1073111039,1056833535,1073446911,1073741823,1073741823,1073741823,1073741823,1073741823:h9
1073741823,1073741823,1073741823,1073741823,1073741823,1073479679,1072594943,1072062463,1073610751,1073446911,1073741823,1073741823,1073741823,1073741823,1073741823:h9
1073741823,1073741823,1073741823,1073741823,1073741823,1073479679,1072594943,1073111039,1073610751,1073446911,1073741823,1073740799,1073741823,1073741823,1073741823:h9
1073741823,1073741823,1073741823,1073741823,1073741823,1073479679,1072594943,1073111039,1073610751,1073446911,1073725439,1073741823,1073741823,1073741823,1073741823:h9
1073741823,1073741823,1073741823,1073725439,1073741823,1073479679,1072594943,1073111039,1073610751,1073446911,1073741823,1073741823,1073741823,1073741823,1073741823:h9
1073741823,1073741823,1073741823,1073479679,1073741823,1073479679,1072594943,1073111039,1073610751,1073446911,1073741823,1073741823,1073741823,1073741823,1073741823:h9
1073741823,1073741823,1073741823,1073741823,1073479679,1073479679,1072594943,1073111039,1073610751,1073446911,1073741823,1073741823,1073741823,1073741823,1073741823:h9
1073741823,1073741823,1073741823,1069547519,1073741823,1073479679,1072594943,1073111039,1073610751,1073446911,1073741823,1073741823,1073741823,1073741823,1073741823:h9
1073741823,1073741823,1073741823,1073741823,1073741823,1069285375,1072594943,1073111039,1073610751,1073446911,1073741823,1073741823,1073741823,1073741823,1073741823:h9
1073741823,1073741823,1073741823,1073741823,1073741823,1072431103,1072594943,1073111039,1073610751,1073446911,1073741823,1073741823,1073741823,1073741823,1073741823:h9
1073741823,1073741823,1073741823,1073741823,1073741823,1073479679,1072594943,1073111039,1073610751,1073446655,1073741823,1073741823,1073741823,1073741823,1073741823:h9
1073741823,1073741823,1073741823,1073741823,1073741823,1073479679,1072594943,1073111039,1073609727,1073446911,1073741823,1073741823,1073741823,1073741823,1073741823:h9
1073741823,1073741823,1073741823,1073741823,1073741823,1073479679,1072594943,1073110783,1073610751,1073446911,1073741823,1073741823,1073741823,1073741823,1073741823:h9
1073741823,1073741823,1073741823,1073741823,1073741823,1073479423,1072594943,1073111039,1073610751,1073446911,1073741823,1073741823,1073741823,1073741823,1073741823:h9
1073741823,1073741823,1073741823,1073741823,1073741823,1073479679,1072593919,1073111039,1073610751,1073446911,1073741823,1073741823,1073741823,1073741823,1073741823:h9
1073741823,1073741823,1073741823,1073741823,1073741823,1073475583,1072594943,1073111039,1073610751,1073446911,1073741823,1073741823,1073741823,1073741823,1073741823:h9
1073741823,1073741823,1073741823,1073741823,1073741823,1073479679,1072594943,1073111039,1073610751,1073442815,1073741823,1073741823,1073741823,1073741823,1073741823:h9
1073741823,1073741823,1073741823,1073741823,1073741823,1073479679,1072594943,1073111039,1073610751,1073446911,1073741823,1073725439,1073741823,1073741823,1073741823:h9
1073741823,1073741823,1073741823,1073741823,1073741823,1073479679,1072594943,1068916735,1073610751,1073446911,1073741823,1073741823,1073741823,1073741823,1073741823:h9
1073741823,1073741823,1073741823,1073741823,1073741823,1073479679,1072594943,1073111039,1073610751,1069252607,1073741823,1073741823,1073741823,1073741823,1073741823:h9
1073741823,1073741823,1073741823,1073741823,1073741823,1073479679,1072594943,1073111039,1073610751,1072398335,1073741823,1073741823,1073741823,1073741823,1073741823:h9
1073741823,1073741823,1073741823,1073741823,1073741823,1073479679,1072594943,1073111039,1073610751,1073446911,1073741823,1069547519,1073741823,1073741823,1073741823:h9
1073741823,1073741823,1073741823,1073741823,1073741823,1073479679,1072594943,1073111039,1073610751,1073446911,1073741823,1073479679,1073741823,1073741823,1073741823:h9
1073741823,1073741823,1073741823,1073741823,1073741823,1073479679,1072594943,1073111039,1073610751,1073446911,1073479679,1073741823,1073741823,1073741823,1073741823:h9
1073741823,1073741823,1073741823,1073741823,1073741823,1073479679,1072594943,1073111039,1073610751,1073446911,1073737727,1073741823,1073741823,1073741823,1073741823:h9
1073741823,1073741823,1073741823,1073741823,1073741823,1073479679,1072594943,1073111039,1073348607,1073446911,1073741823,1073741823,1073741823,1073741823,1073741823:h9
1073741823,1073741823,1073741823,1073741823,1073741823,1073479679,1072594943,1073111039,1073610751,1073446911,1072693247,1073741823,1073741823,1073741823,1073741823:h9
1073741823,1073741823,1073741823,1073741823,1073741823,1073479679,1072594943,1073111039,1073610751,1073446911,1073676287,1073741823,1073741823,1073741823,1073741823:h9
1073741823,1073741823,1073741823,1073741823,1073741823,1073479679,1072594943,1073111039,1073610751,1073381375,1073741823,1073741823,1073741823,1073741823,1073741823:h9
1073741823,1073741823,1073741823,1073741823,1073737727,1073479679,1072594943,1073111039,1073610751,1073446911,1073741823,1073741823,1073741823,1073741823,1073741823:h9
1073741823,1073741823,1073741823,1073741823,1073676287,1073479679,1072594943,1073111039,1073610751,1073446911,1073741823,1073741823,1073741823,1073741823,1073741823:h9
1073741823,1073741823,1073741823,1073741823,1073741823,1073414143,1072594943,1073111039,1073610751,1073446911,1073741823,1073741823,1073741823,1073741823,1073741823:h9
1073741823,1073741823,1073741823,1073741823,1072693247,1073479679,1072594943,1073111039,1073610751,1073446911,1073741823,1073741823,1073741823,1073741823,1073741823:h9
1073741823,1073741823,1073741823,1073741823,1073741823,1073479679,1072332799,1073111039,1073610751,1073446911,1073741823,1073741823,1073741823,1073741823,1073741823:h9
1073741823,1073741823,1073741823,1073741823,1073741823,1073479679,1072594943,1073111039,1072562175,1073446911,1073741823,1073741823,1073741823,1073741823,1073741823:h9
1073741823,1073741823,1073741823,1073741823,1073741823,1073479679,1072594943,1073111039,1073610751,1073445887,1073741823,1073741823,1073741823,1073741823,1073741823:h9
1073741823,1073741823,1073741823,1073741823,1073741823,1073479679,1072594943,1073111039,1073606655,1073446911,1073741823,1073741823,1073741823,1073741823,1073741823:h9
1073741823,1073741823,1073741823,1073741823,1073741823,1073479679,1072594943,1073110015,1073610751,1073446911,1073741823,1073741823,1073741823,1073741823,1073741823:h9
1073741823,1073741823,1073741823,1073741823,1073741823,1073478655,1072594943,1073111039,1073610751,1073446911,1073741823,1073741823,1073741823,1073741823,1073741823:h9
1073741823,1073741823,1073741823,1073741823,1073741823,1073479679,1072590847,1073111039,1073610751,1073446911,1073741823,1073741823,1073741823,1073741823,1073741823:h9
1073741823,1073741823,1073741823,1073741823,1073741823,1073463295,1072594943,1073111039,1073610751,1073446911,1073741823,1073741823,1073741823,1073741823,1073741823:h9
1073741823,1073741823,1073741823,1073741823,1073741823,1073479679,1072594943,1073111039,1073594367,1073446911,1073741823,1073741823,1073741823,1073741823,1073741823:g11
1073741823,1073741823,1073741823,1073741823,1073741823,1073479679,1073414143,1073111039,1073610751,1073446911,1073741823,1073741823,1073741823,1073741823,1073741823:k7
1073741823,1073741823,1073741823,1073741823,1073741823,1073479679,1073676287,1073111039,1072562175,1073446911,1073741823,1073741823,1073741823,1073741823,1073741823:h9
1073741823,1073741823,1073741823,1073741823,1073741823,1073479679,1073676287,1073111039,1073610751,1073445887,1073741823,1073741823,1073741823,1073741823,1073741823:h9
1073741823,1073741823,1073741823,1073741823,1073741823,1073479679,1073676287,1073111039,1073606655,1073446911,1073741823,1073741823,1073741823,1073741823,1073741823:k7
1073741823,1073741823,1073741823,1073741823,1073741823,1073479679,1073676287,1073110015,1073610751,1073446911,1073741823,1073741823,1073741823,1073741823,1073741823:h9
1073741823,1073741823,1073741823,1073741823,1073741823,1073478655,1073676287,1073111039,1073610751,1073446911,1073741823,1073741823,1073741823,1073741823,1073741823:h9
1073741823,1073741823,1073741823,1073741823,1073741823,1073479679,1073672191,1073111039,1073610751,1073446911,1073741823,1073741823,1073741823,1073741823,1073741823:k7
1073741823,1073741823,1073741823,1073741823,1073741823,1073463295,1073676287,1073111039,1073610751,1073446911,1073741823,1073741823,1073741823,1073741823,1073741823:h9
1073741823,1073741823,1073741823,1073741823,1073741823,1073479679,1073659903,1073111039,1073610751,1073446911,1073741823,1073741823,1073741823,1073741823,1073741823:k7
1073741823,1073741823,1073741823,1073741823,1073741823,1073479679,1073676287,1073111039,1073594367,1073446911,1073741823,1073741823,1073741823,1073741823,1073741823:k7
1073741823,1073741823,1073741823,1073741823,1073741823,1073479679,1073676287,1073176575,1073610751,1073463295,1073741823,1073741823,1073741823,1073741823,1073741823:i8
1073741823,1073741823,1073741823,1073741823,1073741823,1073479679,1073676287,1073176575,1073594367,1073479679,1073741823,1073741823,1073741823,1073741823,1073741823:i8
