1073741823,1073741823,1073741823,1073741823,1073737727,1073740799,1072693247,1073184767,1073610751,1073741823,1073741823,1073741823,1073741823,1073741823,1073741823:j10
1073741823,1073741823,1073741823,1073741823,1073737727,1073740799,1072693247,1073184767,1073610751,1073217535,1073741823,1073725439,1073741823,1073741823,1073741823:i8
1073741823,1073741823,1073741823,1073741823,1073737727,1073740799,1072693247,1073184767,1073610751,1072168959,1073741823,1073741823,1073741823,1073741823,1073741823:k11
1073741823,1073741823,1073741823,1073741823,1073737727,1073740799,1072693247,1073184767,1073610751,1073217535,1073741823,1069547519,1073741823,1073741823,1073741823:i8
1073741823,1073741823,1073741823,1073741823,1073737727,1073740799,1072693247,1073184767,1073610751,1073217535,1073741823,1073479679,1073741823,1073741823,1073741823:k11
1073741823,1073741823,1073741823,1073741823,1073737727,1073740799,1072693247,1073184767,1073610751,1073217535,1073479679,1073741823,1073741823,1073741823,1073741823:k11
1073741823,1073741823,1073741823,1073741823,1072689151,1073740799,1072693247,1073184767,1073610751,1073217535,1073741823,1073741823,1073741823,1073741823,1073741823:k11
1073741823,1073741823,1073741823,1073741823,1073737727,1072692223,1072693247,1073184767,1073610751,1073217535,1073741823,1073741823,1073741823,1073741823,1073741823:k11
1073741823,1073741823,1073741823,1073741823,1056960511,1073740799,1072693247,1073184767,1073610751,1073217535,1073741823,1073741823,1073741823,1073741823,1073741823:i8
1073741823,1073741823,1073741823,1073741823,1073737727,1073740799,1055916031,1073184767,1073610751,1073217535,1073741823,1073741823,1073741823,1073741823,1073741823:k11
1073741823,1073741823,1073741823,1073741823,1073737727,1073740799,1068498943,1073184767,1073610751,1073217535,1073741823,1073741823,1073741823,1073741823,1073741823:k11
1073741823,1073741823,1073741823,1073741823,1073737727,1073740799,1072693247,1073184767,1056833535,1073217535,1073741823,1073741823,1073741823,1073741823,1073741823:i8
1073741823,1073741823,1073741823,1073741823,1073737727,1073740799,1072431103,1073184767,1073610751,1073217535,1073741823,1073741823,1073741823,1073741823,1073741823:k11
1073741823,1073741823,1073741823,1073741823,1073737727,1069546495,1072693247,1073184767,1073610751,1073217535,1073741823,1073741823,1073741823,1073741823,1073741823:i8
1073741823,1073741823,1073741823,1073741823,1073737727,1073740799,1072693247,1068990463,1073610751,1073217535,1073741823,1073741823,1073741823,1073741823,1073741823:k11
1073741823,1073741823,1073741823,1073741823,1073737727,1073740799,1072693247,1072136191,1073610751,1073217535,1073741823,1073741823,1073741823,1073741823,1073741823:k11
1073741823,1073741823,1073741823,1073741823,1073737727,1073740799,1072693247,1073184767,1073610751,1069023231,1073741823,1073741823,1073741823,1073741823,1073741823:i8
1073741823,1073741823,1073741823,1073741823,1073737727,1073740799,1072693247,1073184703,1073610751,1073217535,1073741823,1073741823,1073741823,1073741823,1073741823:k11
1073741823,1073741823,1073741823,1073741823,1073737727,1073740735,1072693247,1073184767,1073610751,1073217535,1073741823,1073741823,1073741823,1073741823,1073741823:i8
1073741823,1073741823,1073741823,1073741823,1073737727,1073740543,1072693247,1073184767,1073610751,1073217535,1073741823,1073741823,1073741823,1073741823,1073741823:i8
1073741823,1073741823,1073741823,1073741759,1073737727,1073740799,1072693247,1073184767,1073610751,1073217535,1073741823,1073741823,1073741823,1073741823,1073741823:i8
1073741823,1073741823,1073741823,1073741823,1073737727,1073740799,1072692223,1073184767,1073610751,1073217535,1073741823,1073741823,1073741823,1073741823,1073741823:i8
1073741823,1073741823,1073741823,1073741823,1073737727,1073740799,1072693247,1073184767,1073610751,1073217535,1073737727,1073741823,1073741823,1073741823,1073741823:i8
1073741823,1073741823,1073741823,1073741823,1073737727,1073740799,1072693247,1073184767,1072562175,1073217535,1073741823,1073741823,1073741823,1073741823,1073741823:k11
1073741823,1073741823,1073741823,1073741823,1073737727,1073740799,1072693247,1073184767,1073348607,1073217535,1073741823,1073741823,1073741823,1073741823,1073741823:k11
1073741823,1073741823,1073741823,1073741823,1073737727,1073740799,1072693247,1073184767,1073610751,1073217535,1072693247,1073741823,1073741823,1073741823,1073741823:j9
1073741823,1073741823,1073741823,1073741823,1073737727,1073740799,1072693247,1073184767,1073610751,1073217535,1073676287,1073741823,1073741823,1073741823,1073741823:k11
1073741823,1073741823,1073741823,1073741823,1073737727,1073740799,1072693247,1073184767,1073610751,1073151999,1073741823,1073741823,1073741823,1073741823,1073741823:k11
1073741823,1073741823,1073741823,1073741823,1073737727,1073740799,1072692991,1073184767,1073610751,1073217535,1073741823,1073741823,1073741823,1073741823,1073741823:k11
1073741823,1073741823,1073741823,1073741823,1073737471,1073740799,1072693247,1073184767,1073610751,1073217535,1073741823,1073741823,1073741823,1073741823,1073741823:i8
1073741823,1073741823,1073741823,1073741823,1073736703,1073740799,1072693247,1073184767,1073610751,1073217535,1073741823,1073741823,1073741823,1073741823,1073741823:i8
1073741823,1073741823,1073741567,1073741823,1073737727,1073740799,1072693247,1073184767,1073610751,1073217535,1073741823,1073741823,1073741823,1073741823,1073741823:k11
1073741823,1073741823,1073741823,1073740799,1073737727,1073740799,1072693247,1073184767,1073610751,1073217535,1073741823,1073741823,1073741823,1073741823,1073741823:k11
1073741823,1073741823,1073737727,1073741823,1073737727,1073740799,1072693247,1073184767,1073610751,1073217535,1073741823,1073741823,1073741823,1073741823,1073741823:i8
1073741823,1073741823,1073741823,1073737727,1073737727,1073740799,1072693247,1073184767,1073610751,1073217535,1073741823,1073741823,1073741823,1073741823,1073741823:k11
1073741823,1073741823,1073676287,1073741823,1073737727,1073740799,1072693247,1073184767,1073610751,1073217535,1073741823,1073741823,1073741823,1073741823,1073741823:k11
1073741823,1073741823,1073741823,1073725439,1073737727,1073740799,1072693247,1073184767,1073610751,1073217535,1073741823,1073741823,1073741823,1073741823,1073741823:k11
1073741823,1073741823,1073741823,1073741823,1073672191,1073740799,1072693247,1073184767,1073610751,1073217535,1073741823,1073741823,1073741823,1073741823,1073741823:i8
1073741823,1073741823,1073741823,1073741823,1073721343,1073740799,1072693247,1073184767,1073610751,1073217535,1073741823,1073741823,1073741823,1073741823,1073741823:i8
1073741823,1073741823,1073741823,1073741823,1073737727,1073736703,1072693247,1073184767,1073610751,1073217535,1073741823,1073741823,1073741823,1073741823,1073741823:k11
1073741823,1073741823,1073741823,1073741823,1073737727,1073740799,1072693247,1073184767,1073610751,1073216511,1073741823,1073741823,1073741823,1073741823,1073741823:i8
1073741823,1073741823,1073741823,1073741823,1073737727,1073740799,1072693247,1073184767,1073606655,1073217535,1073741823,1073741823,1073741823,1073741823,1073741823:k11
1073741823,1073741823,1073741823,1073741823,1073737727,1073740799,1072693247,1073183743,1073610751,1073217535,1073741823,1073741823,1073741823,1073741823,1073741823:k11
1073741823,1073741823,1073741823,1073741823,1073737727,1073740799,1072693247,1073180671,1073610751,1073217535,1073741823,1073741823,1073741823,1073741823,1073741823:k11
1073741823,1073741823,1073741823,1073741823,1073737727,1073740799,1072689151,1073184767,1073610751,1073217535,1073741823,1073741823,1073741823,1073741823,1073741823:j11
1073741823,1073741823,1073741823,1073741823,1073737727,1073740799,1072689151,1073184767,1073610751,1073217535,1073217535,1073741823,1073725439,1073741823,1073741823:g8
1073741823,1073741823,1073741823,1073741823,1073737727,1073740799,1072689151,1073184767,1073610751,1073217535,1073217535,1073676287,1073741823,1073741823,1073741823:g8
1073741823,1073741823,1073741823,1073741823,1073737727,1073740799,1072689151,1073184767,1073610751,1073217535,1073201151,1073741823,1073741823,1073741823,1073741823:g8
1073741823,1073741823,1073741823,1073741823,1073737727,1073740799,1072689151,1073184767,1069416447,1073217535,1073217535,1073741823,1073741823,1073741823,1073741823:g8
1073741823,1073741823,1073741823,1073741823,1073737727,1073740799,1072689151,1073184767,1073610751,1073217535,1069023231,1073741823,1073741823,1073741823,1073741823:g8
1073741823,1073741823,1073741823,1073741823,1073737727,1073740799,1072689151,1073184767,1073610751,1073217535,1073217535,1073741823,1069547519,1073741823,1073741823:g8
1073741823,1073741823,1073741823,1073741823,1073737727,1073740799,1072689151,1073184767,1073610751,1073217535,1073217535,1072693247,1073741823,1073741823,1073741823:k11
1073741823,1073741823,1073741823,1073741823,1073737727,1073740799,1072689151,1073184767,1073610751,1073217535,1073217535,1073741823,1073479679,1073741823,1073741823:g8
1073741823,1073741823,1073741823,1073741823,1073737727,1073740799,1072689151,1073184767,1073610495,1073217535,1073217535,1073741823,1073741823,1073741823,1073741823:k11
1073741823,1073741823,1073741823,1073741823,1073737727,1073740799,1072689151,1073184767,1073610751,1073217535,1073217535,1073725439,1073741823,1073741823,1073741823:g8
1073741823,1073741823,1073741823,1073741823,1073737727,1073740799,1072689151,1073184767,1073610751,1072168959,1073217535,1073741823,1073741823,1073741823,1073741823:k11
1073741823,1073741823,1073741823,1073741823,1073737727,1073740799,1072689151,1073184767,1073610751,1073217535,1073217535,1069547519,1073741823,1073741823,1073741823:g8
1073741823,1073741823,1073741823,1073741823,1073737727,1073740799,1072689151,1073184767,1073610751,1073217535,1073217535,1073479679,1073741823,1073741823,1073741823:g8
1073741823,1073741823,1073741823,1073741823,1072689151,1073740799,1072689151,1073184767,1073610751,1073217535,1073217535,1073741823,1073741823,1073741823,1073741823:k11
1073741823,1073741823,1073741823,1073741823,1073737727,1072692223,1072689151,1073184767,1073610751,1073217535,1073217535,1073741823,1073741823,1073741823,1073741823:k11
1073741823,1073741823,1073741823,1073741823,1056960511,1073740799,1072689151,1073184767,1073610751,1073217535,1073217535,1073741823,1073741823,1073741823,1073741823:g8
1073741823,1073741823,1073741823,1073741823,1073737727,1073740799,1055911935,1073184767,1073610751,1073217535,1073217535,1073741823,1073741823,1073741823,1073741823:g8
1073741823,1073741823,1073741823,1073741823,1073737727,1073740799,1068494847,1073184767,1073610751,1073217535,1073217535,1073741823,1073741823,1073741823,1073741823:g8
1073741823,1073741823,1073741823,1073741823,1073737727,1073740799,1072689151,1073184767,1056833535,1073217535,1073217535,1073741823,1073741823,1073741823,1073741823:g8
1073741823,1073741823,1073741823,1073741823,1073737727,1073740799,1072427007,1073184767,1073610751,1073217535,1073217535,1073741823,1073741823,1073741823,1073741823:k11
1073741823,1073741823,1073741823,1073741823,1073737727,1069546495,1072689151,1073184767,1073610751,1073217535,1073217535,1073741823,1073741823,1073741823,1073741823:g8
1073741823,1073741823,1073741823,1073741823,1073737727,1073740799,1072689151,1068990463,1073610751,1073217535,1073217535,1073741823,1073741823,1073741823,1073741823:g8
1073741823,1073741823,1073741823,1073741823,1073737727,1073740799,1072689151,1072136191,1073610751,1073217535,1073217535,1073741823,1073741823,1073741823,1073741823:k11
1073741823,1073741823,1073741823,1073741823,1073737727,1073740799,1072689151,1073184767,1073610751,1069023231,1073217535,1073741823,1073741823,1073741823,1073741823:g8
1073741823,1073741823,1073741823,1073741823,1073737727,1073740799,1072689151,1073184703,1073610751,1073217535,1073217535,1073741823,1073741823,1073741823,1073741823:j9
1073741823,1073741823,1073741823,1073741823,1073737727,1073740735,1072689151,1073184767,1073610751,1073217535,1073217535,1073741823,1073741823,1073741823,1073741823:g8
1073741823,1073741823,1073741823,1073741823,1073737727,1073740543,1072689151,1073184767,1073610751,1073217535,1073217535,1073741823,1073741823,1073741823,1073741823:g8
1073741823,1073741823,1073741823,1073741759,1073737727,1073740799,1072689151,1073184767,1073610751,1073217535,1073217535,1073741823,1073741823,1073741823,1073741823:j9
1073741823,1073741823,1073741823,1073741823,1073737727,1073740799,1072688127,1073184767,1073610751,1073217535,1073217535,1073741823,1073741823,1073741823,1073741823:k11
1073741823,1073741823,1073741823,1073741823,1073737727,1073740799,1072689151,1073184767,1073610751,1073217535,1073213439,1073741823,1073741823,1073741823,1073741823:g8
1073741823,1073741823,1073741823,1073741823,1073737727,1073740799,1072689151,1073184767,1072562175,1073217535,1073217535,1073741823,1073741823,1073741823,1073741823:k11
1073741823,1073741823,1073741823,1073741823,1073737727,1073740799,1072689151,1073184767,1073348607,1073217535,1073217535,1073741823,1073741823,1073741823,1073741823:k11
1073741823,1073741823,1073741823,1073741823,1073737727,1073740799,1072689151,1073184767,1073610751,1073217535,1072168959,1073741823,1073741823,1073741823,1073741823:j9
1073741823,1073741823,1073741823,1073741823,1073737727,1073740799,1072689151,1073184767,1073610751,1073217535,1073151999,1073741823,1073741823,1073741823,1073741823:g8
1073741823,1073741823,1073741823,1073741823,1073737727,1073740799,1072689151,1073184767,1073610751,1073151999,1073217535,1073741823,1073741823,1073741823,1073741823:k11
1073741823,1073741823,1073741823,1073741823,1073737727,1073740799,1072688895,1073184767,1073610751,1073217535,1073217535,1073741823,1073741823,1073741823,1073741823:j9
1073741823,1073741823,1073741823,1073741823,1073737471,1073740799,1072689151,1073184767,1073610751,1073217535,1073217535,1073741823,1073741823,1073741823,1073741823:g8
1073741823,1073741823,1073741823,1073741823,1073736703,1073740799,1072689151,1073184767,1073610751,1073217535,1073217535,1073741823,1073741823,1073741823,1073741823:k11
1073741823,1073741823,1073741567,1073741823,1073737727,1073740799,1072689151,1073184767,1073610751,1073217535,1073217535,1073741823,1073741823,1073741823,1073741823:g8
1073741823,1073741823,1073741823,1073740799,1073737727,1073740799,1072689151,1073184767,1073610751,1073217535,1073217535,1073741823,1073741823,1073741823,1073741823:k11
1073741823,1073741823,1073737727,1073741823,1073737727,1073740799,1072689151,1073184767,1073610751,1073217535,1073217535,1073741823,1073741823,1073741823,1073741823:j9
1073741823,1073741823,1073741823,1073737727,1073737727,1073740799,1072689151,1073184767,1073610751,1073217535,1073217535,1073741823,1073741823,1073741823,1073741823:j9
1073741823,1073741823,1073676287,1073741823,1073737727,1073740799,1072689151,1073184767,1073610751,1073217535,1073217535,1073741823,1073741823,1073741823,1073741823:j9
1073741823,1073741823,1073741823,1073725439,1073737727,1073740799,1072689151,1073184767,1073610751,1073217535,1073217535,1073741823,1073741823,1073741823,1073741823:j9
1073741823,1073741823,1073741823,1073741823,1073672191,1073740799,1072689151,1073184767,1073610751,1073217535,1073217535,1073741823,1073741823,1073741823,1073741823:k11
1073741823,1073741823,1073741823,1073741823,1073721343,1073740799,1072689151,1073184767,1073610751,1073217535,1073217535,1073741823,1073741823,1073741823,1073741823:g8
1073741823,1073741823,1073741823,1073741823,1073737727,1073736703,1072689151,1073184767,1073610751,1073217535,1073217535,1073741823,1073741823,1073741823,1073741823:j9
1073741823,1073741823,1073741823,1073741823,1073737727,1073740799,1072689151,1073184767,1073610751,1073216511,1073217535,1073741823,1073741823,1073741823,1073741823:k11
1073741823,1073741823,1073741823,1073741823,1073737727,1073740799,1072689151,1073184767,1073606655,1073217535,1073217535,1073741823,1073741823,1073741823,1073741823:j9
1073741823,1073741823,1073741823,1073741823,1073737727,1073740799,1072689151,1073183743,1073610751,1073217535,1073217535,1073741823,1073741823,1073741823,1073741823:k11
1073741823,1073741823,1073741823,1073741823,1073737727,1073740799,1072689151,1073180671,1073610751,1073217535,1073217535,1073741823,1073741823,1073741823,1073741823:j9
1073741823,1073741823,1073741823,1073741823,1073737727,1073724415,1072689151,1073184767,1073610751,1073217535,1073217535,1073741823,1073741823,1073741823,1073741823:k11
1073741823,1073741823,1073741823,1073741823,1073737727,1073740799,1072672767,1073184767,1073610751,1073217535,1073217535,1073741823,1073741823,1073741823,1073741823:j9
1073741823,1073741823,1073741823,1073741823,1073737727,1073478655,1072689151,1073184767,1073610751,1073217535,1073217535,1073741823,1073741823,1073741823,1073741823:g8
1073741823,1073741823,1073741823,1073741823,1073737727,1073740799,1072623615,1073184767,1073610751,1073217535,1073217535,1073741823,1073741823,1073741823,1073741823:j9
1073741823,1073741823,1073741823,1073741823,1073737727,1073740799,1072689151,1073119231,1073610751,1073217535,1073217535,1073741823,1073741823,1073741823,1073741823:k11
1073741823,1073741823,1073741823,1073741823,1073737727,1073740799,1072689151,1073184767,1073610751,1073201151,1073217535,1073741823,1073741823,1073741823,1073741823:g8
1073741823,1073741823,1073741823,1073741823,1073737727,1073740799,1072689151,1073184767,1073594367,1073217535,1073217535,1073741823,1073741823,1073741823,1073741823:k11
1073741823,1073741823,1073741823,1073741823,1073737727,1073724415,1072693247,1073184767,1073610751,1073217535,1073741823,1073741823,1073741823,1073741823,1073741823:k11
1073741823,1073741823,1073741823,1073741823,1073737727,1073740799,1072676863,1073184767,1073610751,1073217535,1073741823,1073741823,1073741823,1073741823,1073741823:k11
1073741823,1073741823,1073741823,1073741823,1073737727,1073478655,1072693247,1073184767,1073610751,1073217535,1073741823,1073741823,1073741823,1073741823,1073741823:i8
1073741823,1073741823,1073741823,1073741823,1073737727,1073740799,1072627711,1073184767,1073610751,1073217535,1073741823,1073741823,1073741823,1073741823,1073741823:k11
1073741823,1073741823,1073741823,1073741823,1073737727,1073740799,1072693247,1073119231,1073610751,1073217535,1073741823,1073741823,1073741823,1073741823,1073741823:k11
1073741823,1073741823,1073741823,1073741823,1073737727,1073740799,1072693247,1073184767,1073610751,1073201151,1073741823,1073741823,1073741823,1073741823,1073741823:i8
1073741823,1073741823,1073741823,1073741823,1073737727,1073740799,1072693247,1073184767,1073594367,1073217535,1073741823,1073741823,1073741823,1073741823,1073741823:i8
