1073741823,1073741823,1073741759,1073741823,1073741823,1073741823,1073741823,1073709055,1073610751,1073741823,1073741823,1073741823,1073741823,1073741823,805306367:g7
1073741823,1073741823,1073741759,1073741823,1073741823,1073741823,1073733631,1073709055,1073610495,1073741823,1073741823,1073741823,1073741823,1073741823,805306367:f6
1073741823,1073741823,1073741759,1073741823,1073741823,1073741823,1073733375,1073709055,1073610751,1073741823,1073741823,1073741823,1073741823,1073741823,805306367:f6
1073741823,1073741823,1073741759,1073741823,1073741823,1073741823,1073732607,1073709055,1073610751,1073741823,1073741823,1073741823,1073741823,1073741823,805306367:f6
1073741823,1073741823,1073741759,1073741823,1073741567,1073741823,1073733631,1073709055,1073610751,1073741823,1073741823,1073741823,1073741823,1073741823,805306367:j10
1073741823,1073741823,1073741759,1073741823,1073737727,1073741823,1073733631,1073709055,1073610751,1073741823,1073741823,1073741823,1073741823,1073741823,805306367:f6
1073741823,1073741823,1073741759,1073741823,1073741823,1073737727,1073733631,1073709055,1073610751,1073741823,1073741823,1073741823,1073741823,1073741823,805306367:f6
1073741823,1073741823,1073741759,1073741823,1073676287,1073741823,1073733631,1073709055,1073610751,1073741823,1073741823,1073741823,1073741823,1073741823,805306367:f6
1073741823,1073741823,1073741759,1073741823,1073741823,1073741823,1073733631,1073709055,1073610751,1073741823,1073741823,1073741823,1073741823,1073741823,788529151:f6
1073741823,1073741823,1073741759,1073741823,1073741823,1073741823,1073733631,1073709055,1073610751,1073741823,1073741823,1073741823,1073741823,1073741823,738197503:f6
1073741823,1073741823,1073741759,1073741823,1073741823,1073741823,1073733631,1073709055,1073610751,1073741823,1073741823,1073741823,1056964607,1073741823,805306367:f6
1073741823,1073741823,1073741759,1073741823,1073741823,1073741823,1073733631,1073709055,1073610751,1073741823,1073741823,1073741823,1073741823,1006632959,805306367:f6
1073741823,1073741823,1073741759,1073741823,1073741823,1073741823,1073733631,1073709055,1073610751,1073741823,1073741823,1073741823,805306367,1073741823,805306367:f6
1073741823,1073741823,1073741759,1073741823,1073741823,1073741823,1073733631,1073709055,1073610751,1073741823,1073741823,1073741823,1073741823,805306367,805306367:f6
1073741823,1073741823,1073741759,1073741823,1073741823,1073741823,1073733631,1073709055,1073610751,1073741823,1073737727,1073741823,1073741823,1073741823,805306367:f6
1073741823,1073741823,1073741759,1073741823,1073741823,1073741823,1072685055,1073709055,1073610751,1073741823,1073741823,1073741823,1073741823,1073741823,805306367:f6
1073741823,1073741823,1073741759,1073741823,1073741823,1073741823,1073733631,1073709055,1072562175,1073741823,1073741823,1073741823,1073741823,1073741823,805306367:f6
1073741823,1073741823,1073741759,1073741823,1073741823,1073741823,1073733631,1073709055,1073348607,1073741823,1073741823,1073741823,1073741823,1073741823,805306367:f6
1073741823,1073741823,1073741759,1073741823,1073741823,1073741823,1073733631,1073709055,1073610751,1073741823,1072693247,1073741823,1073741823,1073741823,805306367:f6
1073741823,1073741823,1073741759,1073741823,1073741823,1073741823,1073733631,1073709055,1073610751,1073741823,1073676287,1073741823,1073741823,1073741823,805306367:f6
1073741823,1073741823,1073741759,1073741823,1073741823,1073741823,1073733631,1073709055,1073610751,1073676287,1073741823,1073741823,1073741823,1073741823,805306367:f6
1073741823,1073741823,1073741759,1073741823,1073741819,1073741823,1073733631,1073709055,1073610751,1073741823,1073741823,1073741823,1073741823,1073741823,805306367:f6
1073741823,1073741823,1073741759,1073741807,1073741823,1073741823,1073733631,1073709055,1073610751,1073741823,1073741823,1073741823,1073741823,1073741823,805306367:f6
1073741823,1073741823,1073741755,1073741823,1073741823,1073741823,1073733631,1073709055,1073610751,1073741823,1073741823,1073741823,1073741823,1073741823,805306367:f6
1073741823,1073741823,1073741743,1073741823,1073741823,1073741823,1073733631,1073709055,1073610751,1073741823,1073741823,1073741823,1073741823,1073741823,805306367:f6
1073741819,1073741823,1073741759,1073741823,1073741823,1073741823,1073733631,1073709055,1073610751,1073741823,1073741823,1073741823,1073741823,1073741823,805306367:f6
1073741823,1073741807,1073741759,1073741823,1073741823,1073741823,1073733631,1073709055,1073610751,1073741823,1073741823,1073741823,1073741823,1073741823,805306367:f6
1073741759,1073741823,1073741759,1073741823,1073741823,1073741823,1073733631,1073709055,1073610751,1073741823,1073741823,1073741823,1073741823,1073741823,805306367:f6
1073741823,1073741759,1073741759,1073741823,1073741823,1073741823,1073733631,1073709055,1073610751,1073741823,1073741823,1073741823,1073741823,1073741823,805306367:f6
1073740799,1073741823,1073741759,1073741823,1073741823,1073741823,1073733631,1073709055,1073610751,1073741823,1073741823,1073741823,1073741823,1073741823,805306367:f6
1073741823,1073741567,1073741759,1073741823,1073741823,1073741823,1073733631,1073709055,1073610751,1073741823,1073741823,1073741823,1073741823,1073741823,805306367:f6
1073741823,1073741823,1073740735,1073741823,1073741823,1073741823,1073733631,1073709055,1073610751,1073741823,1073741823,1073741823,1073741823,1073741823,805306367:f6
1073741823,1073741823,1073741503,1073741823,1073741823,1073741823,1073733631,1073709055,1073610751,1073741823,1073741823,1073741823,1073741823,1073741823,805306367:f6
1073741823,1073741823,1073741759,1073741823,1073740799,1073741823,1073733631,1073709055,1073610751,1073741823,1073741823,1073741823,1073741823,1073741823,805306367:f6
1073741823,1073741823,1073741759,1073741567,1073741823,1073741823,1073733631,1073709055,1073610751,1073741823,1073741823,1073741823,1073741823,1073741823,805306367:f6
1073741823,1073741823,1073741759,1073741823,1073741759,1073741823,1073733631,1073709055,1073610751,1073741823,1073741823,1073741823,1073741823,1073741823,805306367:f6
1073741823,1073741823,1073741759,1073741759,1073741823,1073741823,1073733631,1073709055,1073610751,1073741823,1073741823,1073741823,1073741823,1073741823,805306367:f6
1073741823,1073741823,1073741759,1073741823,1073741823,1073741823,1073733631,1073709055,1073610751,1073740799,1073741823,1073741823,1073741823,1073741823,805306367:f6
1073741823,1073741823,1073741759,1073741823,1073741823,1073741823,1073733631,1073709055,1073606655,1073741823,1073741823,1073741823,1073741823,1073741823,805306367:f6
1073741823,1073741823,1073741759,1073741823,1073741823,1073741823,1073733631,1073708031,1073610751,1073741823,1073741823,1073741823,1073741823,1073741823,805306367:f6
1073741823,1073741823,1073741759,1073741823,1073741823,1073741823,1073733631,1073704959,1073610751,1073741823,1073741823,1073741823,1073741823,1073741823,805306367:f6
1073741823,1073741823,1073741759,1073741823,1073741823,1073740799,1073733631,1073709055,1073610751,1073741823,1073741823,1073741823,1073741823,1073741823,805306367:i10
1073741823,1073741823,1073741759,1073741823,1073741823,1073725439,1073733631,1073709055,1073610751,1073741823,1073741823,1073741823,1073741823,1073741823,805306367:f6
1073741823,1073741823,1073741759,1073741823,1073741823,1073741823,1073717247,1073709055,1073610751,1073741823,1073741823,1073741823,1073741823,1073741823,805306367:f6
1073741823,1073741823,1073741759,1073741823,1073741823,1073479679,1073733631,1073709055,1073610751,1073741823,1073741823,1073741823,1073741823,1073741823,805306367:f6
1073741823,1073741823,1073741759,1073741823,1073741823,1073741823,1073668095,1073709055,1073610751,1073741823,1073741823,1073741823,1073741823,1073741823,805306367:f6
1073741823,1073741823,1073741759,1073741823,1073741823,1073741823,1073733631,1073446911,1073610751,1073741823,1073741823,1073741823,1073741823,1073741823,805306367:f6
1073741823,1073741823,1073741759,1073741823,1073741823,1073741823,1073733631,1073643519,1073610751,1073741823,1073741823,1073741823,1073741823,1073741823,805306367:f6
1073741823,1073741823,1073741759,1073741823,1073741823,1073741823,1073733631,1073709055,1073610751,1073479679,1073741823,1073741823,1073741823,1073741823,805306367:g6
1073741823,1073741823,1073741759,1073741823,1073741823,1073741823,1073733631,1073709055,1073610751,1073725439,1073741823,1073741823,1073741823,1073741823,805306367:f6
1073741823,1073741823,1073741759,1073741823,1073741823,1073741823,1073733631,1073709055,1073594367,1073741823,1073741823,1073741823,1073741823,1073741823,805306367:f6
