1073741823,1073741823,1073741823,1073741823,1073479679,1073086463,1073594367,1073643519,1073737727,1073741823,1073741823,1073741823,1073741823,1073741823,1073741823:k6
1073741823,1073741823,1073741823,1056964607,1073479679,1070989311,1073594367,1073643519,1073737727,1073741823,1073741823,1073741823,1073741823,1073741823,1073741823:h6
1073741823,1073741823,1073741823,1073741823,1073479679,1054212095,1073594367,1073643519,1073737727,1073741823,1073741823,1073741823,1073741823,1073741823,1073741823:h6
1073741823,1073741823,1073741823,1073741823,1073479679,1070989311,1073594367,1056866303,1073737727,1073741823,1073741823,1073741823,1073741823,1073741823,1073741823:h6
1073741823,1073741823,1073725439,1073741823,1073479679,1070989311,1073594367,1073643519,1073737727,1073741823,1073741823,1073741823,1073741823,1073741823,1073741823:h6
1073741823,1073741823,1073479679,1073741823,1073479679,1070989311,1073594367,1073643519,1073737727,1073741823,1073741823,1073741823,1073741823,1073741823,1073741823:h6
1073741823,1073741823,1069547519,1073741823,1073479679,1070989311,1073594367,1073643519,1073737727,1073741823,1073741823,1073741823,1073741823,1073741823,1073741823:h6
1073741823,1073741823,1073741823,1073741823,1069285375,1070989311,1073594367,1073643519,1073737727,1073741823,1073741823,1073741823,1073741823,1073741823,1073741823:h6
1073741823,1073741823,1073741823,1073741823,1073479679,1070989311,1069400063,1073643519,1073737727,1073741823,1073741823,1073741823,1073741823,1073741823,1073741823:h6
1073741823,1073741823,1073741823,1073725439,1073479679,1070989311,1073594367,1073643519,1073737727,1073741823,1073741823,1073741823,1073741823,1073741823,1073741823:h6
1073741823,1073741823,1073741823,1073479679,1073479679,1070989311,1073594367,1073643519,1073737727,1073741823,1073741823,1073741823,1073741823,1073741823,1073741823:h6
1073741823,1073741823,1073741823,1069547519,1073479679,1070989311,1073594367,1073643519,1073737727,1073741823,1073741823,1073741823,1073741823,1073741823,1073741823:h6
1073741823,1073741823,1073741823,1073741823,1073479679,1066795007,1073594367,1073643519,1073737727,1073741823,1073741823,1073741823,1073741823,1073741823,1073741823:k5
1073741823,1073741823,1073676287,1073741823,1071382527,1066795007,1073594367,1073643519,1073737727,1073741823,1073741823,1073741823,1073741823,1073741823,1073741823:l4
1073741823,1073741823,1072693247,1073741823,1071382527,1066795007,1073594367,1073643519,1073737727,1073741823,1073741823,1073741823,1073741823,1073741823,1073741823:l4
1073741823,1073741823,1056964607,1073741823,1071382527,1066795007,1073594367,1073643519,1073737727,1073741823,1073741823,1073741823,1073741823,1073741823,1073741823:l4
1073741823,1073741823,1073741823,1006632959,1071382527,1066795007,1073594367,1073643519,1073737727,1073741823,1073741823,1073741823,1073741823,1073741823,1073741823:l4
1073741823,1073741823,1073741823,1073741823,1054605311,1066795007,1073594367,1073643519,1073737727,1073741823,1073741823,1073741823,1073741823,1073741823,1073741823:l4
1073741823,1073741823,1073741823,1073741823,1071382527,999686143,1073594367,1073643519,1073737727,1073741823,1073741823,1073741823,1073741823,1073741823,1073741823:l4
1073741823,1073741823,1073741823,1073741823,1071382527,1066795007,1073594367,1006534655,1073737727,1073741823,1073741823,1073741823,1073741823,1073741823,1073741823:l4
1073741823,1073741823,1073741823,1073741823,1071382527,1066795007,1056817151,1073643519,1073737727,1073741823,1073741823,1073741823,1073741823,1073741823,1073741823:l4
1073741823,1073741823,1073741823,1056964607,1071382527,1066795007,1073594367,1073643519,1073737727,1073741823,1073741823,1073741823,1073741823,1073741823,1073741823:l4
1073741823,1073741823,1073741823,1073741823,1071382527,1050017791,1073594367,1073643519,1073737727,1073741823,1073741823,1073741823,1073741823,1073741823,1073741823:l4
1073741823,1073741823,1073741823,1073741823,1071382527,1066795007,1073594367,1056866303,1073737727,1073741823,1073741823,1073741823,1073741823,1073741823,1073741823:l4
1073741823,1073741823,1073725439,1073741823,1071382527,1066795007,1073594367,1073643519,1073737727,1073741823,1073741823,1073741823,1073741823,1073741823,1073741823:l4
1073741823,1073741823,1073479679,1073741823,1071382527,1066795007,1073594367,1073643519,1073737727,1073741823,1073741823,1073741823,1073741823,1073741823,1073741823:l4
1073741823,1073741823,1069547519,1073741823,1071382527,1066795007,1073594367,1073643519,1073737727,1073741823,1073741823,1073741823,1073741823,1073741823,1073741823:l4
1073741823,1073741823,1073741823,1073741823,1067188223,1066795007,1073594367,1073643519,1073737727,1073741823,1073741823,1073741823,1073741823,1073741823,1073741823:l4
1073741823,1073741823,1073741823,1073741823,1071382527,1066795007,1069400063,1073643519,1073737727,1073741823,1073741823,1073741823,1073741823,1073741823,1073741823:l4
1073741823,1073741823,1073741823,1073725439,1071382527,1066795007,1073594367,1073643519,1073737727,1073741823,1073741823,1073741823,1073741823,1073741823,1073741823:l4
1073741823,1073741823,1073741823,1073479679,1071382527,1066795007,1073594367,1073643519,1073737727,1073741823,1073741823,1073741823,1073741823,1073741823,1073741823:l4
1073741823,1073741823,1073741823,1069547519,1071382527,1066795007,1073594367,1073643519,1073737727,1073741823,1073741823,1073741823,1073741823,1073741823,1073741823:k7
1073741823,1073741823,1073676287,1069547519,1071382527,1066795007,1071497215,1073643519,1073737727,1073741823,1073741823,1073741823,1073741823,1073741823,1073741823:k4
1073741823,1073479679,1073741823,1069547519,1071382527,1066795007,1071497215,1073643519,1073737727,1073741823,1073741823,1073741823,1073741823,1073741823,1073741823:k4
1073741823,1073741823,1072693247,1069547519,1071382527,1066795007,1071497215,1073643519,1073737727,1073741823,1073741823,1073741823,1073741823,1073741823,1073741823:k8
1073741823,1069547519,1073741823,1069547519,1071382527,1066795007,1071497215,1073643519,1073737727,1073741823,1073741823,1073741823,1073741823,1073741823,1073741823:k4
1073741823,1006632959,1073741823,1069547519,1071382527,1066795007,1071497215,1073643519,1073737727,1073741823,1073741823,1073741823,1073741823,1073741823,1073741823:k4
1073741823,1073741823,1056964607,1069547519,1071382527,1066795007,1071497215,1073643519,1073737727,1073741823,1073741823,1073741823,1073741823,1073741823,1073741823:k4
1073741823,1073741823,1073741823,1069547519,1071382527,1066795007,1071497215,1073643519,1056960511,1073741823,1073741823,1073741823,1073741823,1073741823,1073741823:k4
1073741823,1073741823,1073741823,1002438655,1071382527,1066795007,1071497215,1073643519,1073737727,1073741823,1073741823,1073741823,1073741823,1073741823,1073741823:k4
1073741823,1073741823,1073741823,1069547519,1054605311,1066795007,1071497215,1073643519,1073737727,1073741823,1073741823,1073741823,1073741823,1073741823,1073741823:k4
1073741823,1073741823,1073741823,1069547519,1071382527,999686143,1071497215,1073643519,1073737727,1073741823,1073741823,1073741823,1073741823,1073741823,1073741823:k4
1073741823,1073741823,1073741823,1069547519,1071382527,1066795007,1071497215,1006534655,1073737727,1073741823,1073741823,1073741823,1073741823,1073741823,1073741823:k4
1073741823,1073741823,1073741823,1069547519,1071382527,1066795007,1054719999,1073643519,1073737727,1073741823,1073741823,1073741823,1073741823,1073741823,1073741823:k4
1073741823,1073741823,1073741823,1052770303,1071382527,1066795007,1071497215,1073643519,1073737727,1073741823,1073741823,1073741823,1073741823,1073741823,1073741823:k4
1073741823,1073741823,1073741823,1069547519,1071382527,1050017791,1071497215,1073643519,1073737727,1073741823,1073741823,1073741823,1073741823,1073741823,1073741823:k4
1073741823,1073741823,1073741823,1069547519,1071382527,1066795007,1071497215,1056866303,1073737727,1073741823,1073741823,1073741823,1073741823,1073741823,1073741823:k4
1073741823,1073741823,1073725439,1069547519,1071382527,1066795007,1071497215,1073643519,1073737727,1073741823,1073741823,1073741823,1073741823,1073741823,1073741823:k4
1073741823,1073741823,1073479679,1069547519,1071382527,1066795007,1071497215,1073643519,1073737727,1073741823,1073741823,1073741823,1073741823,1073741823,1073741823:k4
1073741823,1073741823,1069547519,1069547519,1071382527,1066795007,1071497215,1073643519,1073737727,1073741823,1073741823,1073741823,1073741823,1073741823,1073741823:k4
1073741823,1073741823,1073741823,1069547519,1067188223,1066795007,1071497215,1073643519,1073737727,1073741823,1073741823,1073741823,1073741823,1073741823,1073741823:k4
1073741823,1073741823,1073741823,1069547519,1071382527,1066795007,1067302911,1073643519,1073737727,1073741823,1073741823,1073741823,1073741823,1073741823,1073741823:k4
1073741823,1073741823,1073741823,1069531135,1071382527,1066795007,1071497215,1073643519,1073737727,1073741823,1073741823,1073741823,1073741823,1073741823,1073741823:k4
1073741823,1073741823,1073741823,1069285375,1071382527,1066795007,1071497215,1073643519,1073737727,1073741823,1073741823,1073741823,1073741823,1073741823,1073741823:k4
1073741823,1073741823,1073741823,1069547519,1071382527,1066795007,1071497215,1069449215,1073737727,1073741823,1073741823,1073741823,1073741823,1073741823,1073741823:k4
1073741823,1073741823,1073741823,1069547519,1071382527,1066795007,1071497215,1073643519,1073737727,1072693247,1073741823,1073741823,1073741823,1073741823,1073741823:k4
1073741823,1073741823,1073741823,1069547519,1071382527,1066795007,1071497215,1073643519,1073737727,1073676287,1073741823,1073741823,1073741823,1073741823,1073741823:k4
1073741823,1073741823,1073741823,1069543423,1071382527,1066795007,1071497215,1073643519,1073737727,1073741823,1073741823,1073741823,1073741823,1073741823,1073741823:k4
1073741823,1073741823,1073741823,1069481983,1071382527,1066795007,1071497215,1073643519,1073737727,1073741823,1073741823,1073741823,1073741823,1073741823,1073741823:k4
1073741823,1073741823,1073741823,1068498943,1071382527,1066795007,1071497215,1073643519,1073737727,1073741823,1073741823,1073741823,1073741823,1073741823,1073741823:k9
1073741823,1073741823,1073741823,1069547519,1071382527,1066795007,1071497215,1072594943,1073737727,1073741823,1073741823,1073741823,1073741823,1073741823,1073741823:k3
1073741823,1073741823,1073741823,1069547519,1071382527,1066795007,1071497215,1073643519,1073737727,1073741823,1073741567,1073741823,1073741823,1073741823,1073741823:k4
1073741823,1073741823,1073741823,1069547519,1071382527,1066795007,1071497215,1073643519,1073737471,1073741823,1073741823,1073741823,1073741823,1073741823,1073741823:k4
1073741823,1073741823,1073741823,1069547519,1071382527,1066795007,1071496959,1073643519,1073737727,1073741823,1073741823,1073741823,1073741823,1073741823,1073741823:k4
1073741823,1073741823,1073741823,1069547519,1071382527,1066795007,1071497215,1073643519,1073737727,1073741823,1073676287,1073741823,1073741823,1073741823,1073741823:k4
1073741823,1073741823,1073741823,1069547519,1071382527,1066795007,1071497215,1073643519,1073737727,1073741823,1073737727,1073741823,1073741823,1073741823,1073741823:k4
1073741823,1073741823,1073741823,1069547519,1071382527,1066795007,1071497215,1073643519,1073737727,1073737727,1073741823,1073741823,1073741823,1073741823,1073741823:k4
1073741823,1073741823,1073741823,1069547519,1071378431,1066795007,1071497215,1073643519,1073737727,1073741823,1073741823,1073741823,1073741823,1073741823,1073741823:k4
1073741823,1073741823,1073741823,1069547519,1071316991,1066795007,1071497215,1073643519,1073737727,1073741823,1073741823,1073741823,1073741823,1073741823,1073741823:k4
1073741823,1073741823,1073741823,1069547519,1071382527,1066795007,1071497215,1073643519,1072689151,1073741823,1073741823,1073741823,1073741823,1073741823,1073741823:k4
1073741823,1073741823,1073741823,1069547519,1071382527,1066795007,1071497215,1073643519,1073736703,1073741823,1073741823,1073741823,1073741823,1073741823,1073741823:k4
1073741823,1073741823,1073741823,1069547519,1071382527,1066795007,1071496191,1073643519,1073737727,1073741823,1073741823,1073741823,1073741823,1073741823,1073741823:k4
1073741823,1073741823,1073741823,1069547519,1071381503,1066795007,1071497215,1073643519,1073737727,1073741823,1073741823,1073741823,1073741823,1073741823,1073741823:k4
1073741823,1073741823,1073741823,1069547519,1071382527,1066790911,1071497215,1073643519,1073737727,1073741823,1073741823,1073741823,1073741823,1073741823,1073741823:k4
1073741823,1073741823,1073741823,1069547519,1071366143,1066795007,1071497215,1073643519,1073737727,1073741823,1073741823,1073741823,1073741823,1073741823,1073741823:k4
1073741823,1073741823,1073741823,1069547519,1071382527,1066795007,1071235071,1073643519,1073737727,1073741823,1073741823,1073741823,1073741823,1073741823,1073741823:k4
1073741823,1073741823,1073741823,1069547519,1071382527,1066795007,1071497215,1073643519,1073475583,1073741823,1073741823,1073741823,1073741823,1073741823,1073741823:k4
1073741823,1073741823,1073741823,1069547519,1071382527,1066795007,1071497215,1073643519,1073737727,1073740799,1073741823,1073741823,1073741823,1073741823,1073741823:k4
1073741823,1073741823,1073741823,1069547519,1071382527,1066795007,1071497215,1073642495,1073737727,1073741823,1073741823,1073741823,1073741823,1073741823,1073741823:k4
1073741823,1073741823,1073741823,1069547519,1071382527,1066795007,1071497215,1073639423,1073737727,1073741823,1073741823,1073741823,1073741823,1073741823,1073741823:k4
1073741823,1073741823,1073741823,1069547519,1071382527,1066793983,1071497215,1073643519,1073737727,1073741823,1073741823,1073741823,1073741823,1073741823,1073741823:k4
1073741823,1073741823,1073741823,1069547519,1071382527,1066795007,1071493119,1073643519,1073737727,1073741823,1073741823,1073741823,1073741823,1073741823,1073741823:k4
1073741823,1073741823,1073741823,1069547519,1071382527,1066778623,1071497215,1073643519,1073737727,1073741823,1073741823,1073741823,1073741823,1073741823,1073741823:k4
1073741823,1073741823,1073741823,1069547519,1071382527,1066795007,1071497215,1073381375,1073737727,1073741823,1073741823,1073741823,1073741823,1073741823,1073741823:k4
1073741823,1073741823,1073741823,1069547519,1071382527,1066795007,1071497215,1073643519,1073737727,1073479679,1073741823,1073741823,1073741823,1073741823,1073741823:k4
1073741823,1073741823,1073741823,1069547519,1071382527,1066795007,1071497215,1073643519,1073672191,1073741823,1073741823,1073741823,1073741823,1073741823,1073741823:k4
1073741823,1073741823,1073741823,1069547519,1071382527,1066795007,1071497215,1073643519,1073737727,1073725439,1073741823,1073741823,1073741823,1073741823,1073741823:k4
1073741823,1073741823,1073741823,1069547519,1071382527,1066795007,1071497215,1073643519,1073721343,1073741823,1073741823,1073741823,1073741823,1073741823,1073741823:k4
1073741823,1073741823,1073741823,1073741823,1071382527,1066795007,1073594367,1069449215,1073737727,1073741823,1073741823,1073741823,1073741823,1073741823,1073741823:l4
1073741823,1073741823,1073741823,1073741823,1071382527,1066795007,1073594367,1073643519,1073737727,1072693247,1073741823,1073741823,1073741823,1073741823,1073741823:l4
1073741823,1073741823,1073741823,1073741823,1071382527,1066795007,1073594367,1073643519,1073737727,1073676287,1073741823,1073741823,1073741823,1073741823,1073741823:l4
1073741823,1073741823,1073741823,1073737727,1071382527,1066795007,1073594367,1073643519,1073737727,1073741823,1073741823,1073741823,1073741823,1073741823,1073741823:l4
1073741823,1073741823,1073741823,1073676287,1071382527,1066795007,1073594367,1073643519,1073737727,1073741823,1073741823,1073741823,1073741823,1073741823,1073741823:l4
1073741823,1073741823,1073741823,1072693247,1071382527,1066795007,1073594367,1073643519,1073737727,1073741823,1073741823,1073741823,1073741823,1073741823,1073741823:l4
1073741823,1073741823,1073741823,1073741823,1071382527,1066795007,1073594367,1072594943,1073737727,1073741823,1073741823,1073741823,1073741823,1073741823,1073741823:l4
1073741823,1073741823,1073741823,1073741823,1071382527,1066795007,1073594367,1073643519,1073737727,1073741823,1073741567,1073741823,1073741823,1073741823,1073741823:l4
1073741823,1073741823,1073741823,1073741823,1071382527,1066795007,1073594367,1073643519,1073737471,1073741823,1073741823,1073741823,1073741823,1073741823,1073741823:l4
1073741823,1073741823,1073741823,1073741823,1071382527,1066795007,1073594111,1073643519,1073737727,1073741823,1073741823,1073741823,1073741823,1073741823,1073741823:l4
1073741823,1073741823,1073741823,1073741823,1071382527,1066795007,1073594367,1073643519,1073737727,1073741823,1073676287,1073741823,1073741823,1073741823,1073741823:l4
1073741823,1073741823,1073741823,1073741823,1071382527,1066795007,1073594367,1073643519,1073737727,1073741823,1073737727,1073741823,1073741823,1073741823,1073741823:l4
1073741823,1073741823,1073741823,1073741823,1071382527,1066795007,1073594367,1073643519,1073737727,1073737727,1073741823,1073741823,1073741823,1073741823,1073741823:l4
1073741823,1073741823,1073741823,1073741823,1071378431,1066795007,1073594367,1073643519,1073737727,1073741823,1073741823,1073741823,1073741823,1073741823,1073741823:l4
1073741823,1073741823,1073741823,1073741823,1071316991,1066795007,1073594367,1073643519,1073737727,1073741823,1073741823,1073741823,1073741823,1073741823,1073741823:l4
1073741823,1073741823,1073741823,1073741823,1071382527,1066795007,1072545791,1073643519,1073737727,1073741823,1073741823,1073741823,1073741823,1073741823,1073741823:l4
1073741823,1073741823,1073741823,1073741823,1071382527,1066795007,1073594367,1073643519,1072689151,1073741823,1073741823,1073741823,1073741823,1073741823,1073741823:l4
1073741823,1073741823,1073741823,1073741823,1071382527,1066795007,1073594367,1073643519,1073736703,1073741823,1073741823,1073741823,1073741823,1073741823,1073741823:l4
1073741823,1073741823,1073741823,1073741823,1071382527,1066795007,1073593343,1073643519,1073737727,1073741823,1073741823,1073741823,1073741823,1073741823,1073741823:l4
1073741823,1073741823,1073741823,1073741823,1071381503,1066795007,1073594367,1073643519,1073737727,1073741823,1073741823,1073741823,1073741823,1073741823,1073741823:l4
1073741823,1073741823,1073741823,1073741823,1071382527,1066790911,1073594367,1073643519,1073737727,1073741823,1073741823,1073741823,1073741823,1073741823,1073741823:l4
1073741823,1073741823,1073741823,1073741823,1071366143,1066795007,1073594367,1073643519,1073737727,1073741823,1073741823,1073741823,1073741823,1073741823,1073741823:l4
1073741823,1073741823,1073741823,1073741823,1071382527,1066795007,1073332223,1073643519,1073737727,1073741823,1073741823,1073741823,1073741823,1073741823,1073741823:l4
1073741823,1073741823,1073741823,1073741823,1071382527,1066795007,1073594367,1073643519,1073475583,1073741823,1073741823,1073741823,1073741823,1073741823,1073741823:l4
1073741823,1073741823,1073741823,1073741823,1071382527,1066795007,1073594367,1073643519,1073737727,1073740799,1073741823,1073741823,1073741823,1073741823,1073741823:l4
1073741823,1073741823,1073741823,1073741823,1071382527,1066795007,1073594367,1073642495,1073737727,1073741823,1073741823,1073741823,1073741823,1073741823,1073741823:l4
1073741823,1073741823,1073741823,1073741823,1071382527,1066795007,1073594367,1073639423,1073737727,1073741823,1073741823,1073741823,1073741823,1073741823,1073741823:l4
1073741823,1073741823,1073741823,1073741823,1071382527,1066793983,1073594367,1073643519,1073737727,1073741823,1073741823,1073741823,1073741823,1073741823,1073741823:l4
1073741823,1073741823,1073741823,1073741823,1071382527,1066795007,1073590271,1073643519,1073737727,1073741823,1073741823,1073741823,1073741823,1073741823,1073741823:l4
1073741823,1073741823,1073741823,1073741823,1071382527,1066778623,1073594367,1073643519,1073737727,1073741823,1073741823,1073741823,1073741823,1073741823,1073741823:l4
1073741823,1073741823,1073741823,1073741823,1071382527,1066795007,1073594367,1073381375,1073737727,1073741823,1073741823,1073741823,1073741823,1073741823,1073741823:l4
1073741823,1073741823,1073741823,1073741823,1071382527,1066795007,1073594367,1073643519,1073737727,1073479679,1073741823,1073741823,1073741823,1073741823,1073741823:l4
1073741823,1073741823,1073741823,1073741823,1071382527,1066795007,1073594367,1073643519,1073672191,1073741823,1073741823,1073741823,1073741823,1073741823,1073741823:l4
1073741823,1073741823,1073741823,1073741823,1071382527,1066795007,1073594367,1073643519,1073737727,1073725439,1073741823,1073741823,1073741823,1073741823,1073741823:l4
1073741823,1073741823,1073741823,1073741823,1071382527,1066795007,1073594367,1073643519,1073721343,1073741823,1073741823,1073741823,1073741823,1073741823,1073741823:l4
1073741823,1073741823,1073741823,1073741823,1073479679,1070989311,1073594367,1069449215,1073737727,1073741823,1073741823,1073741823,1073741823,1073741823,1073741823:h6
1073741823,1073741823,1073741823,1073741823,1073479679,1070989311,1073594367,1073643519,1073737727,1072693247,1073741823,1073741823,1073741823,1073741823,1073741823:h6
1073741823,1073741823,1073741823,1073741823,1073479679,1070989311,1073594367,1073643519,1073737727,1073676287,1073741823,1073741823,1073741823,1073741823,1073741823:h6
1073741823,1073741823,1073741823,1073737727,1073479679,1070989311,1073594367,1073643519,1073737727,1073741823,1073741823,1073741823,1073741823,1073741823,1073741823:h6
1073741823,1073741823,1073741823,1073676287,1073479679,1070989311,1073594367,1073643519,1073737727,1073741823,1073741823,1073741823,1073741823,1073741823,1073741823:h6
1073741823,1073741823,1073741823,1072693247,1073479679,1070989311,1073594367,1073643519,1073737727,1073741823,1073741823,1073741823,1073741823,1073741823,1073741823:h6
1073741823,1073741823,1073741823,1073741823,1073479679,1070989311,1073594367,1072594943,1073737727,1073741823,1073741823,1073741823,1073741823,1073741823,1073741823:h6
1073741823,1073741823,1073741823,1073741823,1073479679,1070989311,1073594367,1073643519,1073737727,1073741823,1073741567,1073741823,1073741823,1073741823,1073741823:h6
1073741823,1073741823,1073741823,1073741823,1073479679,1070989311,1073594367,1073643519,1073737471,1073741823,1073741823,1073741823,1073741823,1073741823,1073741823:h6
1073741823,1073741823,1073741823,1073741823,1073479679,1070989311,1073594111,1073643519,1073737727,1073741823,1073741823,1073741823,1073741823,1073741823,1073741823:h6
1073741823,1073741823,1073741823,1073741823,1073479679,1070989311,1073594367,1073643519,1073737727,1073741823,1073676287,1073741823,1073741823,1073741823,1073741823:h6
1073741823,1073741823,1073741823,1073741823,1073479679,1070989311,1073594367,1073643519,1073737727,1073741823,1073737727,1073741823,1073741823,1073741823,1073741823:h6
1073741823,1073741823,1073741823,1073741823,1073479679,1070989311,1073594367,1073643519,1073737727,1073737727,1073741823,1073741823,1073741823,1073741823,1073741823:h6
1073741823,1073741823,1073741823,1073741823,1073475583,1070989311,1073594367,1073643519,1073737727,1073741823,1073741823,1073741823,1073741823,1073741823,1073741823:h6
1073741823,1073741823,1073741823,1073741823,1073414143,1070989311,1073594367,1073643519,1073737727,1073741823,1073741823,1073741823,1073741823,1073741823,1073741823:h6
1073741823,1073741823,1073741823,1073741823,1072431103,1070989311,1073594367,1073643519,1073737727,1073741823,1073741823,1073741823,1073741823,1073741823,1073741823:h6
1073741823,1073741823,1073741823,1073741823,1073479679,1070989311,1072545791,1073643519,1073737727,1073741823,1073741823,1073741823,1073741823,1073741823,1073741823:h6
1073741823,1073741823,1073741823,1073741823,1073479679,1070989311,1073594367,1073643519,1072689151,1073741823,1073741823,1073741823,1073741823,1073741823,1073741823:h6
1073741823,1073741823,1073741823,1073741823,1073479679,1070989311,1073594367,1073643519,1073736703,1073741823,1073741823,1073741823,1073741823,1073741823,1073741823:h6
1073741823,1073741823,1073741823,1073741823,1073479679,1070989311,1073593343,1073643519,1073737727,1073741823,1073741823,1073741823,1073741823,1073741823,1073741823:h6
1073741823,1073741823,1073741823,1073741823,1073478655,1070989311,1073594367,1073643519,1073737727,1073741823,1073741823,1073741823,1073741823,1073741823,1073741823:h6
1073741823,1073741823,1073741823,1073741823,1073479679,1070985215,1073594367,1073643519,1073737727,1073741823,1073741823,1073741823,1073741823,1073741823,1073741823:l6
1073741823,1073741823,1073741823,1073741823,1073463295,1070989311,1073594367,1073643519,1073737727,1073741823,1073741823,1073741823,1073741823,1073741823,1073741823:h6
1073741823,1073741823,1073741823,1073741823,1073479679,1070989311,1073332223,1073643519,1073737727,1073741823,1073741823,1073741823,1073741823,1073741823,1073741823:h6
1073741823,1073741823,1073741823,1073741823,1073479679,1070989311,1073594367,1073643519,1073475583,1073741823,1073741823,1073741823,1073741823,1073741823,1073741823:h6
1073741823,1073741823,1073741823,1073741823,1073479679,1070989311,1073594367,1073643519,1073737727,1073740799,1073741823,1073741823,1073741823,1073741823,1073741823:h6
1073741823,1073741823,1073741823,1073741823,1073479679,1070989311,1073594367,1073642495,1073737727,1073741823,1073741823,1073741823,1073741823,1073741823,1073741823:h6
1073741823,1073741823,1073741823,1073741823,1073479679,1070989311,1073594367,1073639423,1073737727,1073741823,1073741823,1073741823,1073741823,1073741823,1073741823:h6
1073741823,1073741823,1073741823,1073741823,1073479679,1070988287,1073594367,1073643519,1073737727,1073741823,1073741823,1073741823,1073741823,1073741823,1073741823:h6
1073741823,1073741823,1073741823,1073741823,1073479679,1070989311,1073590271,1073643519,1073737727,1073741823,1073741823,1073741823,1073741823,1073741823,1073741823:h6
1073741823,1073741823,1073741823,1073741823,1073479679,1070972927,1073594367,1073643519,1073737727,1073741823,1073741823,1073741823,1073741823,1073741823,1073741823:l6
1073741823,1073741823,1073741823,1073741823,1073479679,1070989311,1073594367,1073381375,1073737727,1073741823,1073741823,1073741823,1073741823,1073741823,1073741823:h6
1073741823,1073741823,1073741823,1073741823,1073479679,1070989311,1073594367,1073643519,1073737727,1073479679,1073741823,1073741823,1073741823,1073741823,1073741823:h6
1073741823,1073741823,1073741823,1073741823,1073479679,1070989311,1073594367,1073643519,1073672191,1073741823,1073741823,1073741823,1073741823,1073741823,1073741823:h6
1073741823,1073741823,1073741823,1073741823,1073479679,1070989311,1073594367,1073643519,1073737727,1073725439,1073741823,1073741823,1073741823,1073741823,1073741823:h6
1073741823,1073741823,1073741823,1073741823,1073479679,1070989311,1073594367,1073643519,1073721343,1073741823,1073741823,1073741823,1073741823,1073741823,1073741823:h6
